galstreams/tracks/track.st.Fimbulthul.ibata2021.ecsv
# %ECSV 1.0
# ---
# datatype:
# - {name: ra, unit: deg, datatype: float64}
# - {name: dec, unit: deg, datatype: float64}
# - {name: distance, unit: kpc, datatype: float64}
# - {name: pm_ra_cosdec, unit: mas / yr, datatype: float64}
# - {name: pm_dec, unit: mas / yr, datatype: float64}
# - {name: radial_velocity, unit: km / s, datatype: float64}
# delimiter: ','
# meta: !!omap
# - __serialized_columns__:
#     dec:
#       __class__: astropy.coordinates.angles.Latitude
#       unit: &id001 !astropy.units.Unit {unit: deg}
#       value: !astropy.table.SerializedColumn {name: dec}
#     distance:
#       __class__: astropy.coordinates.distances.Distance
#       unit: !astropy.units.Unit {unit: kpc}
#       value: !astropy.table.SerializedColumn {name: distance}
#     pm_dec:
#       __class__: astropy.units.quantity.Quantity
#       unit: !astropy.units.Unit {unit: mas / yr}
#       value: !astropy.table.SerializedColumn {name: pm_dec}
#     pm_ra_cosdec:
#       __class__: astropy.units.quantity.Quantity
#       unit: !astropy.units.Unit {unit: mas / yr}
#       value: !astropy.table.SerializedColumn {name: pm_ra_cosdec}
#     ra:
#       __class__: astropy.coordinates.angles.Longitude
#       unit: *id001
#       value: !astropy.table.SerializedColumn {name: ra}
#       wrap_angle: !astropy.coordinates.Angle
#         unit: *id001
#         value: 360.0
#     radial_velocity:
#       __class__: astropy.units.quantity.Quantity
#       unit: !astropy.units.Unit {unit: km / s}
#       value: !astropy.table.SerializedColumn {name: radial_velocity}
# schema: astropy-2.0
ra,dec,distance,pm_ra_cosdec,pm_dec,radial_velocity
[from data line 854]
195.35112612212632,-32.28536059137685,5.1158446565428,-6.558343212432486,-7.613488252531785,156.0503953242542
195.358520899481,-32.2764988604077,5.114963612819234,-6.561995523199069,-7.615293336823587,156.01893837110526
195.3659157510868,-32.267638690643714,5.114081126747383,-6.565653861070519,-7.61709963474155,155.98761964982484
195.37331068062468,-32.258780086422,5.113197200269832,-6.5693182211039725,-7.6189071457947275,155.9564388969538
195.38070569177563,-32.249923052078955,5.112311835329166,-6.5729885983569325,-7.6207158694911135,155.92539584903298
195.38810078822053,-32.24106759195028,5.11142503386797,-6.576664987887253,-7.622525805337635,155.89449024260327
195.39549597364012,-32.232213710370935,5.110536797828832,-6.580347384753161,-7.624336952840164,155.86372181420552
195.40289125171523,-32.22336141167518,5.109647129154336,-6.584035784013241,-7.626149311503519,155.83309030038052
195.4102866261263,-32.21451070019661,5.108756029787067,-6.587730180726452,-7.627962880831451,155.80259543766914
195.41768210055392,-32.2056615802681,5.107863501669613,-6.591430569952101,-7.629777660326668,155.7722369626124
195.42507767867858,-32.196814056221754,5.106969546744558,-6.595136946749867,-7.631593649490822,155.74201461175105
195.4324733641806,-32.18796813238901,5.106074166954489,-6.598849306179789,-7.633410847824507,155.71192812162587
195.43986916074033,-32.1791238131006,5.10517736424199,-6.602567643302273,-7.635229254827281,155.6819772287779
195.44726507203802,-32.17028110268651,5.104279140549648,-6.606291953178086,-7.637048869997651,155.6521616697478
195.4546611017537,-32.16144000547611,5.103379497820049,-6.610022230868353,-7.638869692833049,155.62248118107664
195.4620572535675,-32.15260052579795,5.102478437995778,-6.613758471434576,-7.640691722829901,155.59293549930513
195.46945353115942,-32.143762667979935,5.10157596301942,-6.6175006699386,-7.642514959483563,155.56352436097418
195.4768499382094,-32.13492643634923,5.100672074833562,-6.621248821442655,-7.644339402288356,155.53424750262454
195.48424647839727,-32.126091835232295,5.099766775380788,-6.625002921009316,-7.646165050737566,155.50510466079723
195.49164315540284,-32.11725886895491,5.098860066603686,-6.62876296370153,-7.647991904323414,155.47609557203313
195.49903997290585,-32.108427541842076,5.097951950444842,-6.632528944582599,-7.649819962537116,155.44721997287292
195.50643693458585,-32.09959785821819,5.097042428846841,-6.636300858716206,-7.651649224868819,155.4184775998576
195.51383404412246,-32.090769822406855,5.096131503752266,-6.640078701166378,-7.653479690807652,155.3898681895281
195.52123130519522,-32.08194343873099,5.095219177103704,-6.643862466997517,-7.6553113598417095,155.36139147842508
195.52862872148359,-32.07311871151278,5.094305450843745,-6.647652151274376,-7.657144231458037,155.33304720308945
195.53602629666693,-32.06429564507375,5.093390326914968,-6.651447749062081,-7.658978305142665,155.30483510006218
195.5434240344246,-32.05547424373467,5.092473807259964,-6.65524925542612,-7.660813580380584,155.27675490588408
195.55082193843592,-32.04665451181559,5.091555893821317,-6.659056665432334,-7.662650056655753,155.24880635709596
195.55822001237996,-32.037836453635926,5.09063658854161,-6.662869974146945,-7.664487733451113,155.2209891902387
195.56561825993592,-32.02902007351433,5.089715893363433,-6.666689176636522,-7.666326610248553,155.19330314185325
195.57301668478294,-32.02020537576872,5.088793810229371,-6.670514267968,-7.668166686528972,155.16574794848034
195.5804152906,-32.01139236471633,5.087870341082006,-6.674345243208682,-7.6700079617722166,155.1383233466609
195.58781408106617,-32.0025810446737,5.086945487863929,-6.67818209742623,-7.671850435457122,155.11102907293585
195.59521305986033,-31.993771419956587,5.086019252517722,-6.6820248256886625,-7.6736941070615,155.083864863846
195.60261223066132,-31.984963494880176,5.085091636985969,-6.685873423064383,-7.675538976062137,155.05683045593196
195.61001159714797,-31.97615727375882,5.084162643211261,-6.689727884622126,-7.677385041934802,155.02992558573507
195.61741116299913,-31.967352760906184,5.083232273136182,-6.693588205431013,-7.679232304154255,155.00314998979584
195.62481093189348,-31.958549960635263,5.082300528703316,-6.6974543805605204,-7.681080762194219,154.97650340465523
195.6322109075097,-31.94974887725829,5.081367411855249,-6.701326405080486,-7.68293041552743,154.9499855668541
195.6396110935264,-31.940949515086814,5.080432924534568,-6.705204274061112,-7.684781263625585,154.92359621293332
195.64701149362227,-31.932151878431654,5.079497068683858,-6.709087982572957,-7.686633305959375,154.8973350794338
195.65441211147572,-31.923355971602977,5.078559846245704,-6.712977525686954,-7.688486541998481,154.8712019028963
195.66181295076532,-31.91456179891017,5.077621259162694,-6.716872898474388,-7.690340971211571,154.8451964198617
195.66921401516953,-31.905769364661943,5.076681309377411,-6.720774096006914,-7.6921965930663125,154.819318366871
195.67661530836676,-31.896978673166274,5.075739998832442,-6.724681113356544,-7.694053407029356,154.79356748046482
195.6840168340354,-31.888189728730428,5.074797329470373,-6.72859394559566,-7.695911412566342,154.76794349718418
195.69141859585386,-31.87940253566097,5.073853303233789,-6.732512587796995,-7.697770609141921,154.74244615356992
195.69882059750032,-31.870617098263782,5.072907922065277,-6.736437035033651,-7.699630996219718,154.71707518616282
195.70622284265306,-31.861833420844004,5.07196118790742,-6.740367282379101,-7.701492573262374,154.69183033150392
195.7136253349904,-31.853051507706034,5.071013102702808,-6.744303324907167,-7.7033553397315115,154.66671132613385
195.72102807819053,-31.844271363153624,5.070063668394023,-6.748245157692038,-7.705219295087766,154.6417179065937
195.72843107593155,-31.83549299148975,5.0691128869236515,-6.752192775808262,-7.707084438790766,154.6168498094242
195.7358343318917,-31.826716397016725,5.068160760234281,-6.756146174330764,-7.708950770299148,154.59210677116621
195.74323784974908,-31.817941584036085,5.0672072902684935,-6.760105348334809,-7.710818289070546,154.56748852836057
195.7506416331817,-31.809168556848757,5.066252478968879,-6.7640702928960454,-7.712686994561592,154.54299481754822
195.75804568586761,-31.80039731975489,5.065296328278021,-6.768041003090475,-7.714556886227938,154.51862537526995
195.7654500114849,-31.79162787705389,5.064338840138506,-6.772017473994457,-7.716427963524231,154.49437993806666
195.77285461371153,-31.782860233044534,5.063380016492918,-6.775999700684723,-7.7183002259041285,154.4702582424792
195.78025949622554,-31.774094392024804,5.062419859283844,-6.779987678238359,-7.720173672820299,154.44626002504845
195.7876646627048,-31.765330358292008,5.061458370453871,-6.783981401732817,-7.72204830372442,154.4223850223153
195.79507011682742,-31.75656813614272,5.060495551945583,-6.787980866245911,-7.723924118067187,154.39863297082042
195.8024758622711,-31.747807729872875,5.0595314057015655,-6.791986066855818,-7.725801115298286,154.375003607105
195.80988190271387,-31.739049143777613,5.058565933664405,-6.795996998641081,-7.727679294866443,154.35149666770957
195.81728824183358,-31.730292382151383,5.057599137776687,-6.800013656680595,-7.72955865621938,154.3281118891752
195.8246948833081,-31.721537449287922,5.056631019980997,-6.804036036053628,-7.731439198803844,154.3048490080427
195.83210183081525,-31.712784349480255,5.055661582219923,-6.808064131839802,-7.733320922065596,154.28170776085284
195.83950908803288,-31.704033087020708,5.054690826436047,-6.812097939119109,-7.7352038254494175,154.25868788414667
195.84691665863892,-31.695283666200833,5.053718754571957,-6.816137452971892,-7.737087908399107,154.2357891144649
195.85432454631103,-31.686536091311595,5.052745368570237,-6.820182668478875,-7.7389731703574824,154.21301118834833
195.8617327547271,-31.67779036664312,5.051770670373474,-6.824233580721132,-7.740859610766383,154.19035384233794
195.86914128756484,-31.669046496484867,5.050794661924254,-6.828290184780095,-7.742747229066671,154.16781681297462
195.8765501485021,-31.6603044851256,5.049817345165163,-6.832352475737566,-7.744636024698238,154.14539983679927
195.8839593412167,-31.651564336853326,5.048838722038786,-6.836420448675703,-7.746525997099987,154.12310265035254
195.89136886938638,-31.64282605595534,5.0478587944877065,-6.840494098677037,-7.748417145709871,154.10092499017534
195.89877873668883,-31.634089646718312,5.046877564454515,-6.844573420824453,-7.750309469964838,154.07886659280874
195.90618894680188,-31.625355113428093,5.045895033881795,-6.848658410201201,-7.752202969300886,154.0569271947935
195.91359950340333,-31.616622460369857,5.04491120471213,-6.852749061890894,-7.754097643153039,154.0351065326702
195.9210104101709,-31.607891691828073,5.0439260788881075,-6.856845370977508,-7.755993490955346,154.01340434298018
195.92842167078237,-31.599162812086462,5.042939658352315,-6.860947332545369,-7.757890512140895,153.9918203622639
195.9358332889155,-31.590435825428074,5.041951945047336,-6.865054941679183,-7.759788706141799,153.97035432706247
195.94324526824812,-31.581710736135204,5.040962940915756,-6.869168193464006,-7.761688072389209,153.94900597391666
195.9506576124579,-31.572987548489497,5.03997264790016,-6.873287082985271,-7.7635886103133105,153.92777503936736
195.95807032522265,-31.564266266771803,5.038981067943137,-6.8774116053287555,-7.765490319343317,153.90666125995534
195.9654834102202,-31.555546895262307,5.037988202987272,-6.881541755580605,-7.76739319890749,153.88566437222158
195.97289687112834,-31.54682943824045,5.036994054975148,-6.885677528827337,-7.769297248433123,153.86478411270681
195.98031071162487,-31.538113899985,5.035998625849353,-6.88981892015582,-7.771202467346551,153.84402021795202
195.98772493538766,-31.529400284773924,5.0350019175524725,-6.893965924653286,-7.7731088550731515,153.82337242449802
195.9951395460944,-31.52068859688461,5.034003932027089,-6.8981185374073375,-7.775016411037331,153.80284046888562
196.00255454742305,-31.51197884059361,5.033004671215793,-6.902276753505925,-7.776925134662543,153.78242408765578
196.0099699430514,-31.50327102017681,5.03200413706117,-6.9064405680373815,-7.778835025371295,153.76212301734927
196.0173857366574,-31.494565139909355,5.031002331505804,-6.910609976090381,-7.780746082585133,153.74193699450697
196.02480193191886,-31.48586120406573,5.029999256492277,-6.914784972753978,-7.78265830572464,153.72186575566977
196.03221853251372,-31.477159216919638,5.028994913963181,-6.918965553117574,-7.784571694209452,153.7019090373786
196.03963554211998,-31.468459182744084,5.027989305861096,-6.92315171227094,-7.786486247458255,153.68206657617415
196.04705296441543,-31.4597611058114,5.026982434128614,-6.927343445304212,-7.788401964888772,153.6623381085974
196.05447080307815,-31.45106499039315,5.025974300708317,-6.931540747307884,-7.790318845917792,153.64272337118916
196.06188906178613,-31.44237084076022,5.024964907542791,-6.935743613372816,-7.792236889961135,153.62322210049032
196.06930774421733,-31.43367866118274,5.023954256574622,-6.939952038590221,-7.794156096433688,153.60383403304172
196.07672685404984,-31.424988455930148,5.022942349746394,-6.94416601805169,-7.796076464749386,153.58455890538423
196.08414639496175,-31.41630022927117,5.021929189000696,-6.948385546849162,-7.797997994321214,153.56539645405874
196.09156637063114,-31.407613985473755,5.0209147762801125,-6.952610620074939,-7.799920684561213,153.54634641560602
196.09898678473607,-31.398929728805264,5.019899113527229,-6.956841232821704,-7.801844534880477,153.52740852656717
196.10640764095479,-31.390247463532237,5.01888220268463,-6.961077380182476,-7.8037695446891595,153.5085825234826
196.11382894296543,-31.381567193920514,5.0178640456949015,-6.965319057250657,-7.805695713396477,153.48986814289367
196.12125069444622,-31.37288892423523,5.016844644500631,-6.969566259119995,-7.807623040410688,153.4712651213409
196.12867289907544,-31.36421265874079,5.015824001044404,-6.973818980884613,-7.80955152513912,153.45277319536532
196.13609556053146,-31.35553840170088,5.014802117268803,-6.978077217638993,-7.811481166988174,153.43439210150763
196.14351868249244,-31.34686615737853,5.013778995116419,-6.982340964477979,-7.813411965363282,153.41612157630888
196.15094226863684,-31.33819593003598,5.0127546365298326,-6.986610216496776,-7.815343919668962,153.39796135630985
196.15836632264308,-31.329527723934756,5.011729043451632,-6.9908849687909465,-7.817277029308787,153.3799111780513
196.1657908481896,-31.32086154333571,5.010702217824403,-6.995165216456425,-7.819211293685394,153.36197077807435
196.17321584895484,-31.31219739249893,5.009674161590731,-6.999450954589506,-7.821146712200486,153.34413989291963
196.18064132861744,-31.303535275683814,5.008644876693203,-7.003742178286841,-7.823083284254831,153.32641825912793
196.1880672908559,-31.294875197149018,5.007614365074401,-7.008038882645447,-7.825021009248269,153.30880561324045
196.19549373934888,-31.286217161152525,5.006582628676914,-7.012341062762709,-7.826959886579695,153.2913016917977
196.20292067777498,-31.277561171951568,5.005549669443329,-7.016648713736362,-7.828899915647079,153.2739062313408
196.210348109813,-31.268907233802658,5.004515489316226,-7.020961830664522,-7.830841095847475,153.25661896841046
196.21777603914165,-31.260255350961593,5.003480090238197,-7.025280408645644,-7.832783426576981,153.23943963954756
196.2252044694398,-31.25160552768345,5.002443474151824,-7.029604442778561,-7.834726907230786,153.22236798129302
196.23263340438632,-31.24295776822259,5.001405642999694,-7.0339339281624715,-7.836671537203153,153.20540373018764
196.24006284766014,-31.23431207683262,5.000366598724392,-7.038268859896919,-7.838617315887403,153.1885466227723
196.24749280294017,-31.225668457766535,4.999326343268505,-7.042609233081832,-7.840564242675937,153.17179639558785
196.25492327390552,-31.217026915276502,4.9982848785746175,-7.0469550428174825,-7.8425123169602395,153.1551527851752
196.26235426423526,-31.208387453613998,4.997242206585314,-7.051306284204519,-7.844461538130864,153.1386155280751
196.2697857776085,-31.19975007702981,4.9961983292431835,-7.055662952343938,-7.846411905577437,153.12218436082858
196.27721781770452,-31.191114789773962,4.995153248490809,-7.06002504233711,-7.848363418688671,153.1058590199763
196.28465038820264,-31.182481596095755,4.994106966270778,-7.064392549285766,-7.85031607685236,153.08963924205926
196.29208349278204,-31.17385050024386,4.993059484525674,-7.068765468291998,-7.85226987945536,153.07352476361828
196.29951713512222,-31.16522150646611,4.992010805198087,-7.073143794458256,-7.854224825883625,153.05751532119416
196.30695131890258,-31.1565946190097,4.990960930230598,-7.0775275228873635,-7.856180915522184,153.04161065132794
196.3143860478027,-31.147969842121068,4.9899098615657955,-7.081916648682497,-7.858138147755145,153.0258104905604
196.32182132550219,-31.13934718004593,4.988857601146263,-7.0863111669472,-7.860096521965711,153.01011457543228
196.3292571556807,-31.130726637029294,4.987804150914589,-7.0907110727853775,-7.862056037536153,152.99452264248458
196.336693542018,-31.12210821731541,4.986749512813357,-7.095116361301294,-7.864016693847843,152.97903442825802
196.3441304881938,-31.113491925147905,4.985693688785154,-7.09952702759958,-7.865978490281215,152.96364966929352
196.35156799788803,-31.104877764769597,4.984636680772564,-7.103943066785236,-7.867941426215818,152.94836810213215
196.35900607478067,-31.09626574042259,4.983578490718176,-7.108364473963612,-7.869905501030273,152.93318946331445
196.3664447225517,-31.087655856348313,4.982519120564571,-7.112791244240432,-7.87187071410229,152.91811348938145
196.37388394488127,-31.079048116787412,4.981458572254339,-7.1172233727217655,-7.873837064808664,152.9031399168739
196.38132374544955,-31.07044252597986,4.980396847730064,-7.1216608545140625,-7.8758045525252935,152.8882684823329
