galstreams/tracks/track.st.C-7.ibata2021.ecsv
# %ECSV 0.9
# ---
# datatype:
# - {name: ra, unit: deg, datatype: float64}
# - {name: dec, unit: deg, datatype: float64}
# - {name: distance, unit: kpc, datatype: float64}
# - {name: pm_ra_cosdec, unit: mas / yr, datatype: float64}
# - {name: pm_dec, unit: mas / yr, datatype: float64}
# - {name: radial_velocity, unit: km / s, datatype: float64}
# delimiter: ','
# meta: !!omap
# - __serialized_columns__:
#     dec:
#       __class__: astropy.coordinates.angles.Latitude
#       unit: &id001 !astropy.units.Unit {unit: deg}
#       value: !astropy.table.SerializedColumn {name: dec}
#     distance:
#       __class__: astropy.coordinates.distances.Distance
#       unit: !astropy.units.Unit {unit: kpc}
#       value: !astropy.table.SerializedColumn {name: distance}
#     pm_dec:
#       __class__: astropy.units.quantity.Quantity
#       unit: !astropy.units.Unit {unit: mas / yr}
#       value: !astropy.table.SerializedColumn {name: pm_dec}
#     pm_ra_cosdec:
#       __class__: astropy.units.quantity.Quantity
#       unit: !astropy.units.Unit {unit: mas / yr}
#       value: !astropy.table.SerializedColumn {name: pm_ra_cosdec}
#     ra:
#       __class__: astropy.coordinates.angles.Longitude
#       unit: *id001
#       value: !astropy.table.SerializedColumn {name: ra}
#       wrap_angle: !astropy.coordinates.Angle
#         unit: *id001
#         value: 360.0
#     radial_velocity:
#       __class__: astropy.units.quantity.Quantity
#       unit: !astropy.units.Unit {unit: km / s}
#       value: !astropy.table.SerializedColumn {name: radial_velocity}
# schema: astropy-2.0
ra,dec,distance,pm_ra_cosdec,pm_dec,radial_velocity
[from data line 1795]
297.10627983061676,-46.6931252609639,5.853775955484723,-11.688967576513656,-14.71245627255469,-3.368306851948935e-14
297.11859929402993,-46.68777023565699,5.854000362489364,-11.685920755317294,-14.714407093317842,-1.0104920555846805e-13
297.13091600459865,-46.68241353792644,5.854224544848859,-11.682873657847454,-14.716354117509837,-1.347322740779574e-13
297.14322996240907,-46.67705516826309,5.85444850149498,-11.67982628581612,-14.718297342843027,0.0
297.15554116754805,-46.671695127157705,5.854672231359502,-11.676778640935675,-14.720236767030567,3.368306851948935e-14
297.1678496201031,-46.66633341510099,5.8548957333742,-11.673730724918853,-14.722172387786395,0.0
297.1801553201623,-46.66097003258351,5.85511900647085,-11.670682539478804,-14.7241042028252,-6.73661370389787e-14
297.19245826781463,-46.65560498009581,5.855342049581223,-11.667634086329052,-14.726032209862474,-1.6841534259744677e-13
297.20475846314963,-46.65023825812832,5.855564861637096,-11.664585367183452,-14.727956406614474,-1.347322740779574e-13
297.2170559062575,-46.64486986717138,5.855787441570243,-11.661536383756294,-14.72987679079824,0.0
297.22935059722914,-46.639499807715225,5.856009788312437,-11.658487137762208,-14.73179336013159,-1.347322740779574e-13
297.2416425361562,-46.63412808025006,5.856231900795455,-11.655437630916207,-14.733706112333113,-3.368306851948935e-14
297.2539317231309,-46.62875468526596,5.856453777951073,-11.652387864933667,-14.735615045122174,3.368306851948935e-14
297.2662181582462,-46.623379623252916,5.85667541871106,-11.64933784153035,-14.737520156218924,0.0
297.2785018415958,-46.61800289470085,5.8568968220071955,-11.646287562422366,-14.739421443344286,-1.347322740779574e-13
297.2907827732739,-46.6126245000996,5.857117986771251,-11.643237029326233,-14.741318904219941,0.0
297.3030609533756,-46.60724443993889,5.857338911935003,-11.64018624395878,-14.743212536568356,-1.0104920555846805e-13
297.3153363819964,-46.6018627147084,5.857559596430225,-11.637135208037261,-14.745102338112774,1.0104920555846805e-13
297.3276090592328,-46.596479324897665,5.8577800391886905,-11.634083923279254,-14.746988306577222,6.73661370389787e-14
297.33987898518177,-46.59109427099618,5.8580002391421795,-11.6310323914027,-14.748870439686462,6.73661370389787e-14
297.35214615994096,-46.58570755349334,5.85822019522246,-11.627980614125931,-14.750748735166077,-2.3578147963642546e-13
297.3644105836086,-46.580319172878454,5.8584399063613075,-11.624928593167638,-14.75262319074237,-1.347322740779574e-13
297.37667225628394,-46.574929129640736,5.8586593714905,-11.621876330246836,-14.754493804142452,-1.0104920555846805e-13
297.3889311780665,-46.569537424269306,5.85887858954181,-11.618823827082949,-14.756360573094192,6.73661370389787e-14
297.40118734905684,-46.56414405725322,5.859097559447012,-11.61577108539571,-14.75822349532624,-6.73661370389787e-14
297.41344076935576,-46.55874902908144,5.859316280137881,-11.612718106905241,-14.760082568567977,0.0
297.42569143906513,-46.55335234024281,5.859534750546191,-11.60966489333201,-14.76193779054961,-3.368306851948935e-14
297.4379393582873,-46.547953991226116,5.859752969603716,-11.606611446396844,-14.763789159002073,-3.368306851948935e-14
297.45018452712526,-46.54255398252005,5.859970936242233,-11.60355776782091,-14.765636671657075,-6.73661370389787e-14
297.46242694568275,-46.53715231461322,5.860188649393514,-11.600503859325752,-14.767480326247103,0.0
297.4746666140642,-46.531748987994135,5.860406107989334,-11.597449722633227,-14.769320120505396,-3.368306851948935e-14
297.4869035323746,-46.526344003151216,5.86062331096147,-11.59439535946558,-14.77115605216598,-1.0104920555846805e-13
297.4991377007196,-46.52093736057279,5.860840257241694,-11.591340771545399,-14.77298811896362,0.0
297.51136911920565,-46.5155290607471,5.86105694576178,-11.58828596059559,-14.774816318633874,-1.0104920555846805e-13
297.5235977879398,-46.51011910416233,5.861273375453504,-11.585230928339433,-14.776640648913034,0.0
297.5358237070297,-46.5047074913065,5.86148954524864,-11.582175676500542,-14.778461107538188,-1.0104920555846805e-13
297.54804687658367,-46.499294222667615,5.861705454078963,-11.57912020680289,-14.780277692247164,-1.347322740779574e-13
297.56026729671083,-46.49387929873357,5.861921100876247,-11.576064520970766,-14.78209040077856,6.73661370389787e-14
297.57248496752084,-46.48846271999215,5.862136484572268,-11.573008620728809,-14.783899230871743,-3.368306851948935e-14
297.58469988912395,-46.48304448693105,5.862351604098798,-11.56995250780204,-14.785704180266832,-3.368306851948935e-14
297.59691206163126,-46.4776246000379,5.862566458387615,-11.566896183915748,-14.787505246704711,-6.73661370389787e-14
297.6091214851544,-46.472203059800215,5.86278104637049,-11.563839650795613,-14.789302427927026,0.0
297.62132815980567,-46.466779866705444,5.8629953669792005,-11.560782910167635,-14.791095721676186,0.0
297.6335320856981,-46.46135502124091,5.863209419145519,-11.557725963758152,-14.792885125695365,-1.0104920555846805e-13
297.64573326294527,-46.4559285238939,5.8634232018012185,-11.554668813293837,-14.794670637728473,0.0
297.6579316916615,-46.45050037515155,5.863636713878077,-11.55161146050169,-14.7964522555202,-6.73661370389787e-14
297.6701273719616,-46.445070575500935,5.863849954307869,-11.548553907109056,-14.798229976815978,6.73661370389787e-14
297.68232030396143,-46.439639125429025,5.8640629220223675,-11.545496154843594,-14.800003799362031,-1.0104920555846805e-13
297.694510487777,-46.43420602542272,5.864275615953346,-11.54243820543332,-14.80177372090529,-6.73661370389787e-14
297.70669792352527,-46.42877127596883,5.86448803503258,-11.539380060606549,-14.803539739193493,-1.347322740779574e-13
297.71888261132386,-46.42333487755403,5.864700178191847,-11.536321722091948,-14.80530185197508,-3.368306851948935e-14
297.7310645512909,-46.41789683066495,5.864912044362917,-11.5332631916185,-14.807060056999306,-6.73661370389787e-14
297.74324374354535,-46.412457135788124,5.865123632477568,-11.5302044709155,-14.808814352016135,-6.73661370389787e-14
297.7554201882066,-46.40701579340995,5.865334941467571,-11.527145561712608,-14.810564734776307,3.368306851948935e-14
297.76759388539494,-46.40157280401679,5.865545970264705,-11.524086465739746,-14.812311203031314,-1.0104920555846805e-13
297.77976483523105,-46.396128168094855,5.865756717800741,-11.52102718472723,-14.814053754533386,-1.0104920555846805e-13
297.79193303783643,-46.39068188613033,5.865967183007455,-11.517967720405645,-14.815792387035533,-6.73661370389787e-14
297.8040984933332,-46.38523395860926,5.866177364816621,-11.514908074505918,-14.817527098291492,3.368306851948935e-14
297.81626120184404,-46.37978438601761,5.866387262160015,-11.511848248759273,-14.819257886055766,-1.347322740779574e-13
297.8284211634924,-46.37433316884126,5.866596873969408,-11.508788244897294,-14.82098474808361,3.368306851948935e-14
297.8405783784023,-46.368880307565966,5.866806199176578,-11.505728064651839,-14.822707682131025,3.368306851948935e-14
297.85273284669853,-46.36342580267743,5.8670152367133,-11.502667709755093,-14.824426685954759,-3.368306851948935e-14
297.8648845685063,-46.357969654661254,5.8672239855113455,-11.499607181939577,-14.826141757312318,3.368306851948935e-14
297.87703354395154,-46.352511864002906,5.86743244450249,-11.496546482938097,-14.827852893961953,-1.0104920555846805e-13
297.88917977316095,-46.34705243118782,5.867640612618512,-11.49348561448378,-14.829560093662653,-1.0104920555846805e-13
297.9013232562618,-46.341591356701294,5.8678484887911795,-11.490424578310082,-14.83126335417418,-6.73661370389787e-14
297.91346399338187,-46.33612864102852,5.868056071952271,-11.487363376150753,-14.832962673257015,-1.0104920555846805e-13
297.9256019846498,-46.33066428465468,5.868263361033562,-11.484302009739839,-14.834658048672413,6.73661370389787e-14
297.9377372301947,-46.325198288064755,5.868470354966822,-11.481240480811712,-14.836349478182356,0.0
297.94986973014653,-46.319730651743676,5.868677052683832,-11.478178791101051,-14.838036959549584,-1.347322740779574e-13
297.9619994846355,-46.31426137617629,5.8688834531163625,-11.475116942342845,-14.839720490537566,0.0
297.9741264937929,-46.30879046184735,5.869089555196187,-11.472054936272373,-14.841400068910545,3.368306851948935e-14
297.9862507577504,-46.3033179092415,5.8692953578550835,-11.468992774625203,-14.84307569243348,0.0
297.99837227664034,-46.29784371884329,5.869500860024826,-11.46593045913724,-14.844747358872077,-1.347322740779574e-13
298.01049105059565,-46.292367891137175,5.869706060637187,-11.46286799154468,-14.8464150659928,3.368306851948935e-14
298.0226070797501,-46.28689042660752,5.869910958623943,-11.45980537358401,-14.848078811562848,-1.0104920555846805e-13
298.0347203642379,-46.281411325738596,5.870115552916867,-11.456742606992021,-14.84973859335016,0.0
298.04683090419394,-46.275930589014564,5.870319842447734,-11.453679693505793,-14.851394409123426,-6.73661370389787e-14
298.05893869975375,-46.27044821691951,5.87052382614832,-11.450616634862715,-14.853046256652057,3.368306851948935e-14
298.0710437510535,-46.2649642099374,5.870727502950397,-11.447553432800468,-14.854694133706229,0.0
298.08314605823,-46.25947856855214,5.870930871785742,-11.444490089057021,-14.856338038056847,-3.368306851948935e-14
298.0952456214207,-46.253991293247495,5.871133931586128,-11.441426605370642,-14.857977967475547,-1.347322740779574e-13
298.1073424407635,-46.248502384507155,5.8713366812833305,-11.4383629834799,-14.859613919734707,3.368306851948935e-14
298.1194365163973,-46.24301184281474,5.871539119809122,-11.43529922512364,-14.861245892607467,0.0
298.1315278484613,-46.23751966865372,5.87174124609528,-11.432235332040989,-14.862873883867671,-6.73661370389787e-14
298.14361643709543,-46.232025862507506,5.871943059073578,-11.429171305971403,-14.864497891289918,1.0104920555846805e-13
298.1557022824403,-46.22653042485939,5.872144557675789,-11.426107148654571,-14.866117912649552,-1.347322740779574e-13
298.1677853846371,-46.2210333561926,5.87234574083369,-11.423042861830519,-14.867733945722623,-1.6841534259744677e-13
298.1798657438276,-46.21553465699023,5.8725466074790535,-11.419978447239533,-14.869345988285946,-6.73661370389787e-14
298.1919433601543,-46.2100343277353,5.872747156543655,-11.416913906622167,-14.870954038117059,0.0
298.2040182337603,-46.20453236891071,5.87294738695927,-11.413849241719307,-14.872558092994245,-3.368306851948935e-14
298.2160903647892,-46.19902878099929,5.87314729765767,-11.410784454272074,-14.874158150696502,-1.6841534259744677e-13
298.2281597533853,-46.193523564483755,5.873346887570633,-11.40771954602191,-14.87575420900357,-3.368306851948935e-14
298.24022639969365,-46.18801671984671,5.873546155629931,-11.404654518710501,-14.877346265695932,0.0
298.2522903038598,-46.18250824757071,5.873745100767341,-11.401589374079816,-14.878934318554794,-1.347322740779574e-13
298.26435146602984,-46.17699814813816,5.873943721914634,-11.398524113872135,-14.880518365362096,-1.6841534259744677e-13
298.27640988635056,-46.17148642203138,5.874142018003589,-11.395458739829994,-14.882098403900496,-6.73661370389787e-14
298.2884655649695,-46.16597306973261,5.874339987965976,-11.392393253696191,-14.883674431953413,-3.368306851948935e-14
298.3005185020346,-46.160458091723974,5.874537630733575,-11.38932765721382,-14.885246447304963,0.0
298.3125686976946,-46.15494148848748,5.874734945238155,-11.386261952126237,-14.886814447740012,-1.347322740779574e-13
298.3246161520986,-46.1494232605051,5.874931930411491,-11.383196140177084,-14.888378431044151,-6.73661370389787e-14
298.33666086539665,-46.14390340825865,5.875128585185362,-11.380130223110259,-14.889938395003693,0.0
298.34870283773927,-46.138381932229855,5.8753249084915415,-11.377064202669926,-14.891494337405687,6.73661370389787e-14
298.3607420692775,-46.13285883290035,5.8755208992618,-11.373998080600554,-14.893046256037916,0.0
298.372778560163,-46.12733411075167,5.875716556427915,-11.370931858646845,-14.894594148688865,-3.368306851948935e-14
298.3848123105483,-46.121807766265256,5.875911878921662,-11.367865538553765,-14.896138013147766,-6.73661370389787e-14
298.39684332058624,-46.11627979992244,5.876106865674813,-11.364799122066579,-14.897677847204577,0.0
298.40887159043046,-46.110750212204444,5.876301515619144,-11.361732610930785,-14.899213648649965,6.73661370389787e-14
298.42089712023505,-46.10521900359242,5.876495827686429,-11.358666006892163,-14.900745415275338,3.368306851948935e-14
298.4329199101549,-46.09968617456739,5.876689800808443,-11.355599311696754,-14.902273144872824,-6.73661370389787e-14
298.4449399603454,-46.09415172561031,5.87688343391696,-11.352532527090862,-14.903796835235266,3.368306851948935e-14
298.45695727096256,-46.08861565720198,5.8770767259437555,-11.349465654821035,-14.905316484156248,-1.0104920555846805e-13
298.468971842163,-46.08307796982315,5.877269675820602,-11.346398696634104,-14.90683208943005,-2.3578147963642546e-13
298.48098367410387,-46.07753866395447,5.877462282479277,-11.343331654277158,-14.908343648851694,0.0
298.49299276694313,-46.07199774007645,5.877654544851554,-11.340264529497512,-14.90985116021692,6.73661370389787e-14
298.5049991208392,-46.06645519866953,5.877846461869206,-11.337197324042762,-14.911354621322188,-3.368306851948935e-14
298.5170027359511,-46.06091104021403,5.878038032464009,-11.334130039660774,-14.912854029964674,-6.73661370389787e-14
298.5290036124385,-46.0553652651902,5.878229255567739,-11.331062678099643,-14.914349383942273,6.73661370389787e-14
298.5410017504617,-46.04981787407814,5.8784201301121675,-11.32799524110772,-14.915840681053613,-1.0104920555846805e-13
298.55299715018157,-46.044268867357886,5.878610655029069,-11.324927730433629,-14.917327919098017,0.0
298.5649898117595,-46.03871824550937,5.878800829250222,-11.32186014782622,-14.918811095875553,0.0
298.5769797353576,-46.033166009012405,5.878990651707395,-11.318792495034614,-14.920290209186982,-6.73661370389787e-14
298.58896692113865,-46.02761215834672,5.879180121332369,-11.315724773808151,-14.921765256833798,-1.6841534259744677e-13
298.6009513692657,-46.02205669399193,5.879369237056914,-11.312656985896473,-14.92323623661819,0.0
298.61293307990286,-46.016499616427545,5.879557997812806,-11.309589133049409,-14.924703146343102,-1.0104920555846805e-13
298.62491205321453,-46.01094092613299,5.87974640253182,-11.306521217017062,-14.92616598381215,-6.73661370389787e-14
298.63688828936574,-46.00538062358758,5.879934450145732,-11.303453239549789,-14.92762474682969,-6.73661370389787e-14
298.6488617885222,-45.99981870927049,5.8801221395863115,-11.300385202398186,-14.929079433200787,-3.368306851948935e-14
298.66083255085016,-45.99425518366087,5.880309469785337,-11.29731710731307,-14.930530040731213,-3.368306851948935e-14
298.6728005765166,-45.988690047237704,5.880496439674585,-11.29424895604552,-14.931976567227473,-1.0104920555846805e-13
298.6847658656888,-45.98312330047989,5.880683048185824,-11.29118075034687,-14.933419010496753,-1.347322740779574e-13
298.6967284185349,-45.97755494386623,5.880869294250834,-11.28811249196866,-14.934857368346965,-3.368306851948935e-14
298.70868823522363,-45.97198497787542,5.881055176801387,-11.285044182662695,-14.936291638586747,6.73661370389787e-14
298.72064531592423,-45.96641340298604,5.881240694769256,-11.281975824180996,-14.93772181902543,-1.0104920555846805e-13
298.73259966080644,-45.9608402196766,5.88142584708622,-11.278907418275836,-14.93914790747306,3.368306851948935e-14
298.7445512700408,-45.95526542842546,5.881610632684049,-11.275838966699737,-14.940569901740396,-3.368306851948935e-14
298.7565001437983,-45.94968902971092,5.881795050494521,-11.272770471205408,-14.941987799638888,-3.368306851948935e-14
298.7684462822506,-45.94411102401114,5.881979099449411,-11.269701933545853,-14.94340159898072,6.73661370389787e-14
298.78038968556984,-45.9385314118042,5.882162778480489,-11.266633355474253,-14.94481129757878,-1.0104920555846805e-13
