galstreams/tracks/track.st.Orphan-Chenab.koposov2019.ecsv
# %ECSV 0.9
# ---
# datatype:
# - {name: ra, unit: deg, datatype: float64}
# - {name: dec, unit: deg, datatype: float64}
# - {name: distance, unit: kpc, datatype: float64}
# - {name: pm_ra_cosdec, unit: mas / yr, datatype: float64}
# - {name: pm_dec, unit: mas / yr, datatype: float64}
# - {name: radial_velocity, unit: km / s, datatype: float64}
# delimiter: ','
# meta: !!omap
# - __serialized_columns__:
#     dec:
#       __class__: astropy.coordinates.angles.Latitude
#       unit: &id001 !astropy.units.Unit {unit: deg}
#       value: !astropy.table.SerializedColumn {name: dec}
#     distance:
#       __class__: astropy.coordinates.distances.Distance
#       unit: !astropy.units.Unit {unit: kpc}
#       value: !astropy.table.SerializedColumn {name: distance}
#     pm_dec:
#       __class__: astropy.units.quantity.Quantity
#       unit: !astropy.units.Unit {unit: mas / yr}
#       value: !astropy.table.SerializedColumn {name: pm_dec}
#     pm_ra_cosdec:
#       __class__: astropy.units.quantity.Quantity
#       unit: !astropy.units.Unit {unit: mas / yr}
#       value: !astropy.table.SerializedColumn {name: pm_ra_cosdec}
#     ra:
#       __class__: astropy.coordinates.angles.Longitude
#       unit: *id001
#       value: !astropy.table.SerializedColumn {name: ra}
#       wrap_angle: !astropy.coordinates.Angle
#         unit: *id001
#         value: 360.0
#     radial_velocity:
#       __class__: astropy.units.quantity.Quantity
#       unit: !astropy.units.Unit {unit: km / s}
#       value: !astropy.table.SerializedColumn {name: radial_velocity}
# schema: astropy-2.0
ra,dec,distance,pm_ra_cosdec,pm_dec,radial_velocity
[from data line 20647]
146.5600879189963,37.46008634291236,39.54674365066972,-0.6655677707688651,-0.6758077881200205,147.58751516531376
146.55630322150637,37.46962156164362,39.553481454431996,-0.665304163756143,-0.6760161951633953,147.53853943518772
146.55255516379623,37.47916781473681,39.56022879227584,-0.6650408556756616,-0.6762242610397022,147.48915002613015
146.5488312639862,37.48872140418928,39.56698250743176,-0.6647777374285568,-0.67643209466604,147.43948390875735
146.54510628733033,37.498274852305094,39.573736222587684,-0.6645145878041026,-0.6766399159849196,147.38981779138433
146.54138023324515,37.50782815900541,39.58048993774361,-0.6642514067859461,-0.6768477249871273,147.3401516740115
146.53765310114684,37.51738132421145,39.58724365289953,-0.6639881943577232,-0.6770555216634453,147.29048555663846
146.53392489045117,37.52693434784426,39.59399736805544,-0.6637249505030587,-0.6772633060046432,147.24081943926564
146.53019560057353,37.53648722982491,39.60075108321137,-0.663461675205566,-0.6774710780014849,147.19115332189259
146.5264652309289,37.54603997007437,39.60750479836729,-0.6631983684488502,-0.6776788376447236,147.14148720451973
146.52273378093184,37.55559256851357,39.61425851352322,-0.6629350302165014,-0.6778865849251059,147.09182108714666
146.51900124999653,37.5651450250634,39.621012228679135,-0.6626716604921037,-0.678094319833368,147.04215496977375
146.51526763753685,37.57469733964468,39.627765943835065,-0.6624082592592262,-0.6783020423602394,146.9924888524007
146.51153294296608,37.58424951217818,39.63451965899099,-0.6621448265014287,-0.6785097524964397,146.94282273502756
146.5077971656973,37.59380154258457,39.641273374146905,-0.6618813622022605,-0.6787174502326794,146.89315661765463
146.50406030514307,37.60335343078457,39.648027089302836,-0.6616178663452593,-0.678925135559662,146.84349050028152
146.50032236071567,37.61290517669869,39.654780804458746,-0.6613543389139542,-0.6791328084680808,146.79382438290853
146.49658333182677,37.62245678024759,39.661534519614676,-0.6610907798918578,-0.6793404689486225,146.7441582655354
146.49284321788792,37.63200824135163,39.66828823477059,-0.660827189262478,-0.6795481169919622,146.69449214816237
146.48910201831006,37.641559559931345,39.67504194992652,-0.6605635670093079,-0.6797557525887697,146.6448260307892
146.4853597325038,37.65111073590703,39.68179566508244,-0.6602999131158312,-0.6799633757297029,146.59515991341624
146.48161635987935,37.66066176919908,39.68854938023836,-0.66003622756552,-0.6801709864054138,146.545493796043
146.47787189984658,37.670212659727696,39.695303095394266,-0.659772510341837,-0.6803785846065438,146.4958276786699
146.47412635181482,37.67976340741313,39.702056810550204,-0.6595087614282302,-0.6805861703237267,146.44616156129675
146.47037971519313,37.68931401217551,39.70881052570614,-0.6592449808081409,-0.6807937435475874,146.3964954439235
146.46663198939015,37.698864473934904,39.715564240862044,-0.6589811684649984,-0.6810013042687407,146.34682932655036
146.462883173814,37.7084147926114,39.722317956017974,-0.6587173243822173,-0.6812088524777954,146.2971632091772
146.4591332678726,37.717964968124946,39.729071671173884,-0.6584534485432075,-0.6814163881653488,146.24749709180398
146.45538227097327,37.72751500039549,39.73582538632982,-0.6581895409313614,-0.6816239113219917,146.1978309744308
146.45163018252305,37.7370648893429,39.74257910148572,-0.6579256015300654,-0.6818314219383048,146.14816485705762
146.4478770019286,37.746614634886974,39.749332816641655,-0.6576616303226923,-0.6820389200048602,146.09849873968426
146.444122728596,37.75616423694749,39.75608653179756,-0.6573976272926048,-0.6822464055122218,146.0488326223111
146.44036736193115,37.765713695444134,39.762840246953495,-0.6571335924231532,-0.6824538784509445,145.9991665049378
146.4366109013394,37.775263010296534,39.7695939621094,-0.6568695256976795,-0.6826613388115734,145.94950038756454
146.43285334622576,37.78481218142433,39.776347677265335,-0.6566054270995105,-0.6828687865846471,145.89983427019123
146.4290946959948,37.79436120874699,39.78310139242124,-0.656341296611967,-0.6830762217606927,145.85016815281801
146.4253349500507,37.80391009218404,39.78985510757717,-0.6560771342183541,-0.6832836443302308,145.8005020354446
146.42157410779726,37.813458831654884,39.7966088227331,-0.6558129399019679,-0.6834910542837719,145.75083591807126
146.41781216863788,37.82300742707885,39.803362537889,-0.6555487136460948,-0.6836984516118171,145.70116980069793
146.41404913197547,37.83255587837528,39.81011625304494,-0.6552844554340073,-0.6839058363048605,145.65150368332453
146.4102849972126,37.84210418546339,39.81686996820085,-0.6550201652489684,-0.6841132083533853,145.60183756595123
146.40651976375148,37.85165234826242,39.82362368335677,-0.6547558430742294,-0.6843205677478689,145.5521714485778
146.4027534309938,37.861200366691435,39.83037739851268,-0.6544914888930311,-0.6845279144787754,145.5025053312045
146.39898599834095,37.87074824066958,39.83713111366861,-0.6542271026886018,-0.684735248536564,145.45283921383103
146.39521746519387,37.88029597011581,39.843884828824514,-0.6539626844441613,-0.6849425699116829,145.40317309645764
146.391447830953,37.88984355494917,39.850638543980445,-0.6536982341429143,-0.6851498785945725,145.35350697908416
146.3876770950186,37.89939099508845,39.85739225913636,-0.6534337517680591,-0.6853571745756626,145.3038408617108
146.38390525679029,37.90893829045262,39.86414597429228,-0.653169237302778,-0.6855644578453765,145.25417474433723
146.38016539247235,37.91849525343672,39.870907310628326,-0.6529049808847538,-0.6857714651025518,145.20415516172255
146.3764563403451,37.92806154015331,39.87767599810263,-0.6526409726731446,-0.6859782057285222,145.1537946382256
146.37274619856674,37.93762768699571,39.884444685576966,-0.6523769329266575,-0.6861849336963952,145.10343411472854
146.36903496654412,37.947193693885175,39.89121337305128,-0.6521128616287799,-0.6863916489969045,145.05307359123157
146.36532264368373,37.956759560743016,39.89798206052562,-0.6518487587629846,-0.6865983516207754,145.00271306773456
146.36160922939175,37.96632528749039,39.90475074799993,-0.6515846243127394,-0.6868050415587236,144.95235254423758
146.3578947230738,37.97589087404855,39.911519435474254,-0.6513204582614944,-0.6870117188014574,144.90199202074044
146.3541791241352,37.985456320338486,39.918288122948574,-0.6510562605926924,-0.6872183833396742,144.8516314972435
146.3504624319808,37.99502162628134,39.92505681042291,-0.6507920312897633,-0.6874250351640655,144.80127097374634
146.34674464601505,38.004586791798026,39.93182549789722,-0.6505277703361283,-0.6876316742653117,144.75091045024934
146.3430257656421,38.01415181680953,39.93859418537156,-0.6502634777151943,-0.6878383006340851,144.70054992675222
146.3393057902655,38.023716701236694,39.94536287284587,-0.6499991534103595,-0.6880449142610493,144.65018940325515
146.33558471928856,38.03328144500039,39.95213156032019,-0.6497347974050085,-0.6882515151368601,144.59982887975795
146.33186255211405,38.042846048021346,39.958900247794524,-0.6494704096825168,-0.6884581032521624,144.54946835626072
146.32813928814446,38.05241051022024,39.96566893526886,-0.6492059902262488,-0.6886646785975925,144.49910783276374
146.32441492678177,38.06197483151779,39.97243762274318,-0.6489415390195552,-0.6888712411637805,144.44874730926645
146.32068946742757,38.07153901183455,39.97920631021749,-0.6486770560457791,-0.6890777909413445,144.3983867857694
146.31696290948307,38.081103051091084,39.98597499769182,-0.6484125412882484,-0.689284327920896,144.34802626227213
146.31323525234907,38.090666949207865,39.99274368516614,-0.6481479947302834,-0.6894908520930356,144.29766573877504
146.30950649542592,38.100230706105336,39.999512372640474,-0.6478834163551899,-0.6896973634483576,144.24730521527772
146.30577663811357,38.10979432170383,40.00628106011478,-0.6476188061462662,-0.6899038619774446,144.19694469178063
146.30204567981156,38.11935779592373,40.01304974758911,-0.6473541640867944,-0.6901103476708724,144.1465841682833
146.29831361991907,38.12892112868522,40.01981843506343,-0.647089490160051,-0.6903168205192061,144.09622364478614
146.29458045783474,38.138484319908585,40.026587122537755,-0.6468247843492954,-0.6905232805130048,144.04586312128885
146.29084619295696,38.14804736951392,40.03335581001208,-0.646560046637781,-0.6907297276428153,143.99550259779147
146.28711082468362,38.15761027742127,40.04012449748639,-0.6462952770087473,-0.6909361618991766,143.94514207429427
146.28337435241215,38.167173043550754,40.04689318496073,-0.6460304754454211,-0.6911425832726199,143.89478155079692
146.27963677553964,38.176735667822285,40.05366187243504,-0.6457656419310214,-0.6913489917536664,143.84442102729963
146.27589809346273,38.18629815015584,40.06043055990936,-0.6455007764487521,-0.6915553873328291,143.79406050380234
146.2721583055777,38.19586049047121,40.067199247383684,-0.6452358789818097,-0.6917617700006105,143.7436999803051
146.26841741128035,38.20542268868828,40.07396793485802,-0.6449709495133754,-0.6919681397475055,143.69333945680762
146.2646754099661,38.21498474472671,40.080736622332324,-0.6447059880266222,-0.6921744965639998,143.6429789333104
146.26093230102987,38.2245466585063,40.08750530980665,-0.6444409945047092,-0.6923808404405704,143.59261840981299
146.25718808386634,38.23410842994656,40.094273997280965,-0.6441759689307873,-0.6925871713676831,143.54225788631564
146.25344275786958,38.24367005896718,40.10104268475529,-0.6439109112879922,-0.6927934893357985,143.49189736281826
146.2496963224334,38.253231545487594,40.10781137222961,-0.6436458215594519,-0.6929997943353639,143.4415368393208
146.24594877695108,38.26279288942733,40.11458005970394,-0.6433806997282794,-0.6932060863568218,143.39117631582334
146.24220012081554,38.272354090705754,40.12134874717826,-0.643115545777579,-0.6934123653906024,143.34081579232588
146.2384503534193,38.28191514924221,40.12811743465257,-0.642850359690443,-0.6936186314271272,143.29045526882854
146.23469947415435,38.29147606495602,40.13488612212691,-0.6425851414499513,-0.6938248844568109,143.24009474533102
146.23094748241246,38.30103683776639,40.14165480960123,-0.6423198910391746,-0.6940311244700562,143.18973422183365
146.22719437758477,38.31059746759252,40.14842349707555,-0.6420546084411687,-0.6942373514572596,143.13937369833602
146.22344015906208,38.32015795435349,40.155192184549854,-0.6417892936389809,-0.6944435654088058,143.08901317483867
146.21968482623487,38.329718297968405,40.16196087202418,-0.6415239466156455,-0.6946497663150725,143.03865265134112
146.21592837849306,38.339278498356244,40.16872955949849,-0.6412585673541865,-0.6948559541664266,142.9882921278437
146.21217081522622,38.34883855543596,40.17549824697282,-0.640993155837615,-0.6950621289532269,142.93793160434606
146.20844020725247,38.35840680475736,40.182272812098084,-0.6407279587953187,-0.69526808680307,142.88727855326118
146.20474744407935,38.36798648054546,40.189055532815594,-0.6404630722851319,-0.6954737487625665,142.83621960265276
146.20105357872382,38.37756601807105,40.1958382535331,-0.6401981540975795,-0.6956793977208396,142.78516065204442
146.19735861058305,38.38714541725557,40.20262097425058,-0.6399332042159869,-0.6958850336685715,142.7341017014362
146.1936625390538,38.39672467802053,40.20940369496808,-0.6396682226236654,-0.6960906565964374,142.68304275082778
146.1899653635325,38.40630380028723,40.21618641568557,-0.6394032093039189,-0.6962962664951013,142.63198380021953
146.18626708341498,38.415882783977075,40.222969136403066,-0.6391381642400362,-0.6965018633552218,142.5809248496111
146.1825676980968,38.425461629011245,40.229751857120554,-0.6388730874152955,-0.6967074471674439,142.5298658990028
146.17886720697302,38.435040335311015,40.236534577838064,-0.6386079788129648,-0.6969130179224075,142.47880694839435
146.17516560943835,38.44461890279747,40.243317298555546,-0.6383428384163004,-0.6971185756107411,142.42774799778607
146.17146290488702,38.454197331391796,40.25010001927304,-0.6380776662085447,-0.6973241202230663,142.3766890471776
146.16775909271288,38.463775621014925,40.25688273999053,-0.6378124621729331,-0.6975296517499929,142.3256300965692
146.16405417230928,38.47335377158794,40.26366546070803,-0.6375472262926849,-0.6977351701821244,142.27457114596075
146.16034814306929,38.48293178303171,40.270448181425536,-0.6372819585510108,-0.6979406755100545,142.2235121953522
146.15664100438542,38.4925096552671,40.277230902143025,-0.637016658931109,-0.6981461677243657,142.17245324474388
146.1529327556498,38.50208738821496,40.28401362286052,-0.636751327416166,-0.6983516468156353,142.12139429413537
146.1492233962542,38.51166498179602,40.29079634357801,-0.6364859639893583,-0.6985571127744279,142.070335343527
146.1455129255899,38.521242435930986,40.29757906429551,-0.636220568633848,-0.6987625655913016,142.0192763929184
146.1418013430478,38.53081975054049,40.30436178501299,-0.6359551413327896,-0.6989680052568035,141.96821744230996
146.13808864801825,38.540396925545146,40.31114450573051,-0.6356896820693201,-0.6991734317614737,141.91715849170143
146.1343748398914,38.549973960865465,40.317927226447985,-0.6354241908265728,-0.6993788450958415,141.86609954109298
146.13065991805678,38.55955085642192,40.32470994716548,-0.6351586675876622,-0.6995842452504276,141.81504059048441
146.12694388190357,38.569127612134935,40.33149266788297,-0.6348931123356956,-0.6997896322157433,141.76398163987594
146.12322673082056,38.578704227924874,40.338275388600465,-0.6346275250537664,-0.6999950059822921,141.7129226892673
146.11950846419603,38.588280703712016,40.345058109317954,-0.634361905724959,-0.700200366540566,141.6618637386588
146.11578908141794,38.597857039416624,40.35184083003546,-0.6340962543323432,-0.7004057138810502,141.61080478805016
146.11206858187367,38.60743323495892,40.35862355075295,-0.633830570858978,-0.7006110479942201,141.5597458374416
146.10834696495036,38.61700929025894,40.365406271470434,-0.6335648552879134,-0.70081636887054,141.50868688683303
146.10462423003457,38.62658520523686,40.372188992187944,-0.6332991076021833,-0.7010216765004681,141.45762793622433
146.10090037651256,38.63616097981261,40.378971712905425,-0.6330333277848152,-0.7012269708744506,141.4065689856158
146.09717540377002,38.64573661390623,40.38575443362293,-0.6327675158188188,-0.7014322519829271,141.35551003500706
146.0934493111923,38.65531210743755,40.39253715434041,-0.6325016716871981,-0.7016375198163258,141.30445108439855
146.08972209816434,38.66488746032648,40.3993198750579,-0.6322357953729405,-0.7018427743650675,141.2533921337898
146.08599376407062,38.67446267249275,40.406102595775394,-0.6319698868590264,-0.7020480156195615,141.2023331831812
146.08226430829518,38.684037743856145,40.41288531649289,-0.6317039461284202,-0.702253243570211,141.15127423257246
146.07853373022164,38.69361267433627,40.41966803721037,-0.6314379731640775,-0.7024584582074062,141.1002152819638
146.07480202923315,38.7031874638528,40.42645075792787,-0.6311719679489398,-0.7026636595215314,141.04915633135508
146.07106920471256,38.71276211232529,40.43323347864538,-0.6309059304659395,-0.7028688475029603,140.99809738074623
146.06733525604216,38.722336619673165,40.44001619936285,-0.6306398606979966,-0.7030740221420558,140.94703843013764
146.0636001826038,38.73191098581595,40.44679892008036,-0.6303737586280167,-0.7032791834291745,140.89597947952885
146.05986398377902,38.74148521067296,40.45358164079784,-0.6301076242388984,-0.7034843313546613,140.8449205289202
146.05612665894878,38.7510592941636,40.46036436151533,-0.6298414575135236,-0.7036894659088537,140.79386157831132
146.05238820749378,38.760633236207056,40.46714708223282,-0.6295752584347656,-0.7038945870820773,140.74280262770264
146.0486486287941,38.77020703672261,40.47392980295033,-0.6293090269854851,-0.704099694864651,140.6917436770938
146.04490792222956,38.77978069562935,40.4807125236678,-0.6290427631485318,-0.704304789246883,140.64068472648506
146.0411660871794,38.789354212846426,40.4874952443853,-0.628776466906741,-0.7045098702190727,140.58962577587621
