galstreams/tracks/track.st.C-23.ibata2024.ecsv
# %ECSV 1.0
# ---
# datatype:
# - {name: ra, unit: deg, datatype: float64}
# - {name: dec, unit: deg, datatype: float64}
# - {name: distance, unit: kpc, datatype: float64}
# - {name: pm_ra_cosdec, unit: mas / yr, datatype: float64}
# - {name: pm_dec, unit: mas / yr, datatype: float64}
# - {name: radial_velocity, unit: km / s, datatype: float64}
# delimiter: ','
# meta: !!omap
# - __serialized_columns__:
#     dec:
#       __class__: astropy.coordinates.angles.Latitude
#       unit: &id001 !astropy.units.Unit {unit: deg}
#       value: !astropy.table.SerializedColumn {name: dec}
#     distance:
#       __class__: astropy.coordinates.distances.Distance
#       unit: !astropy.units.Unit {unit: kpc}
#       value: !astropy.table.SerializedColumn {name: distance}
#     pm_dec:
#       __class__: astropy.units.quantity.Quantity
#       unit: !astropy.units.Unit {unit: mas / yr}
#       value: !astropy.table.SerializedColumn {name: pm_dec}
#     pm_ra_cosdec:
#       __class__: astropy.units.quantity.Quantity
#       unit: !astropy.units.Unit {unit: mas / yr}
#       value: !astropy.table.SerializedColumn {name: pm_ra_cosdec}
#     ra:
#       __class__: astropy.coordinates.angles.Longitude
#       unit: *id001
#       value: !astropy.table.SerializedColumn {name: ra}
#       wrap_angle: !astropy.coordinates.Angle
#         unit: *id001
#         value: 360.0
#     radial_velocity:
#       __class__: astropy.units.quantity.Quantity
#       unit: !astropy.units.Unit {unit: km / s}
#       value: !astropy.table.SerializedColumn {name: radial_velocity}
# schema: astropy-2.0
ra,dec,distance,pm_ra_cosdec,pm_dec,radial_velocity
[from data line 2002]
200.04338380794903,35.21320848409084,0.9999999999999997,-5.136151495475207,-0.05659822063417863,-163.04371126605054
200.04682531534277,35.203558272379034,0.9999999999999997,-5.135807454826924,-0.0571854359381021,-162.91617649413502
200.05026263083303,35.19390680712745,0.9999999999999996,-5.135464305629197,-0.05777436609592357,-162.78844195628923
200.05369575173074,35.184254087247034,0.9999999999999997,-5.135122048938289,-0.05836501303808106,-162.6605075116718
200.05712467534758,35.17460011164869,0.9999999999999997,-5.134780685810334,-0.05895737869492024,-162.53237301944097
200.06054939899607,35.1649448792433,0.9999999999999997,-5.134440217301302,-0.0595514649966411,-162.40403833875533
200.06396991998966,35.15528838894169,0.9999999999999997,-5.1341006444669635,-0.06014727387329799,-162.27550332877308
200.06738623564246,35.14563063965468,0.9999999999999997,-5.133761968362974,-0.06074480725481379,-162.14676784865293
200.07079834326947,35.13597163029301,0.9999999999999998,-5.13342419004481,-0.06134406707101547,-162.01783175755304
200.07420624018658,35.12631135976738,0.9999999999999996,-5.1330873105677775,-0.06194505525156657,-161.888694914632
200.07760992371038,35.11664982698848,0.9999999999999996,-5.132751330987023,-0.0625477737260347,-161.75935717904807
200.0810093911584,35.106987030866904,0.9999999999999998,-5.132416252357524,-0.06315222442382762,-161.62981840995988
200.08440463984888,35.09732297031328,0.9999999999999996,-5.132082075734093,-0.06375840927425003,-161.50007846652574
200.08779566710095,35.08765764423812,0.9999999999999996,-5.131748802171389,-0.06436633020645388,-161.370137207904
200.09118247023454,35.0779910515519,0.9999999999999996,-5.131416432723869,-0.06497598914950409,-161.23999449325316
200.0945650465704,35.068323191165085,0.9999999999999997,-5.131084968445858,-0.06558738803231456,-161.10965018173175
200.09794339343006,35.05865406198806,0.9999999999999997,-5.130754410391502,-0.06620052878367488,-160.979104132498
200.10131750813593,35.048983662931164,0.9999999999999997,-5.1304247596147565,-0.06681541333226981,-160.84835620471048
200.1046873880112,35.03931199290471,0.9999999999999994,-5.130096017169434,-0.06743204360661714,-160.7174062575275
200.10805303037984,35.02963905081892,0.9999999999999994,-5.129768184109164,-0.06805042153516361,-160.58625415010752
200.11141443256665,35.019964835584005,0.9999999999999997,-5.129441261487406,-0.06867054904620673,-160.454899741609
200.11477159189735,35.01028934611009,0.9999999999999994,-5.129115250357422,-0.06929242806793035,-160.3233428911903
200.1181245056983,35.00061258130728,0.9999999999999996,-5.12879015177235,-0.06991606052837973,-160.19158345800992
200.12147317129674,34.99093454008559,0.9999999999999997,-5.128465966785102,-0.07054144835550957,-160.0596213012262
200.1248175860208,34.981255221355006,0.9999999999999993,-5.128142696448453,-0.07116859347713067,-159.9274562799976
200.12815774719937,34.97157462402546,0.9999999999999996,-5.127820341814964,-0.07179749782092948,-159.79508825348253
200.13149365216205,34.96189274700678,0.9999999999999994,-5.127498903937072,-0.07242816331451252,-159.66251708083945
200.13482529823938,34.952209589208806,0.9999999999999994,-5.127178383866976,-0.0730605918853211,-159.5297426212268
200.13815268276264,34.94252514954126,0.9999999999999996,-5.126858782656736,-0.07369478546070596,-159.39676473380285
200.1414758030639,34.93283942691386,0.9999999999999997,-5.126540101358234,-0.07433074596788458,-159.26358327772624
200.14479465647617,34.92315242023621,0.9999999999999994,-5.126222341023146,-0.074968475333975,-159.1301981121552
200.14810924033307,34.913464128417864,0.9999999999999996,-5.125905502702988,-0.0756079754859762,-158.9966090962483
200.15141955196913,34.90377455036834,0.9999999999999996,-5.125589587449086,-0.07624924835076108,-158.86281608916383
200.15472558871974,34.89408368499707,0.9999999999999996,-5.125274596312579,-0.0768922958550835,-158.72881895006032
200.15802734792095,34.88439153121344,0.9999999999999994,-5.124960530344433,-0.07753711992560142,-158.59461753809614
200.16132482690972,34.87469808792675,0.9999999999999994,-5.124647390595433,-0.07818372248884131,-158.4602117124297
200.1646180230238,34.86500335404625,0.9999999999999997,-5.124335178116162,-0.07883210547123021,-158.32560133221946
200.16790693360167,34.85530732848111,0.9999999999999996,-5.12402389395703,-0.07948227079907788,-158.19078625662377
200.17119155598274,34.84561001014044,0.9999999999999994,-5.123713539168262,-0.08013422039857332,-158.05576634480119
200.17447188750705,34.83591139793327,0.9999999999999996,-5.123404114799895,-0.08078795619580781,-157.92054145591
200.17774792551558,34.82621149076859,0.9999999999999996,-5.12309562190177,-0.08144348011673763,-157.78511144910874
200.18101966735003,34.81651028755531,0.9999999999999994,-5.122788061523556,-0.08210079408724447,-157.64947618355572
200.18428711035295,34.80680778720223,0.9999999999999997,-5.122481434714718,-0.08275990003307143,-157.51363551840942
200.18755025186766,34.79710398861812,0.9999999999999994,-5.122175742524524,-0.08342079987986217,-157.3775893128283
200.19080908923826,34.787398890711664,0.9999999999999996,-5.121870986002076,-0.0840834955531431,-157.2413374259707
