galstreams/tracks/track.st.LMS-1.malhan2021.ecsv
# %ECSV 1.0
# ---
# datatype:
# - {name: ra, unit: deg, datatype: float64}
# - {name: dec, unit: deg, datatype: float64}
# - {name: distance, unit: kpc, datatype: float64}
# - {name: pm_ra_cosdec, unit: mas / yr, datatype: float64}
# - {name: pm_dec, unit: mas / yr, datatype: float64}
# - {name: radial_velocity, unit: km / s, datatype: float64}
# delimiter: ','
# meta: !!omap
# - __serialized_columns__:
#     dec:
#       __class__: astropy.coordinates.angles.Latitude
#       unit: &id001 !astropy.units.Unit {unit: deg}
#       value: !astropy.table.SerializedColumn {name: dec}
#     distance:
#       __class__: astropy.coordinates.distances.Distance
#       unit: !astropy.units.Unit {unit: kpc}
#       value: !astropy.table.SerializedColumn {name: distance}
#     pm_dec:
#       __class__: astropy.units.quantity.Quantity
#       unit: !astropy.units.Unit {unit: mas / yr}
#       value: !astropy.table.SerializedColumn {name: pm_dec}
#     pm_ra_cosdec:
#       __class__: astropy.units.quantity.Quantity
#       unit: !astropy.units.Unit {unit: mas / yr}
#       value: !astropy.table.SerializedColumn {name: pm_ra_cosdec}
#     ra:
#       __class__: astropy.coordinates.angles.Longitude
#       unit: *id001
#       value: !astropy.table.SerializedColumn {name: ra}
#       wrap_angle: !astropy.coordinates.Angle
#         unit: *id001
#         value: 360.0
#     radial_velocity:
#       __class__: astropy.units.quantity.Quantity
#       unit: !astropy.units.Unit {unit: km / s}
#       value: !astropy.table.SerializedColumn {name: radial_velocity}
# schema: astropy-2.0
ra,dec,distance,pm_ra_cosdec,pm_dec,radial_velocity
[from data line 2421]
217.43147832956316,26.5539298785352,18.999999999999996,-0.04138538558218384,-1.311908769210854,-86.79402723383775
217.44188405328543,26.55792229806147,18.999999999999996,-0.04111832605804584,-1.3120165002779687,-86.8302977007986
217.45229118591337,26.561912531615416,18.999999999999996,-0.040851303251901366,-1.3121242305756022,-86.86652363877714
217.46269972805837,26.565900577002466,18.999999999999996,-0.04058431717958971,-1.3122319604589427,-86.90270506817258
217.4731096803301,26.56988643202933,19.0,-0.04031736785698317,-1.3123396902834223,-86.93884200944532
217.48352104333657,26.573870094504038,18.999999999999993,-0.040050455299986215,-1.3124474204047205,-86.9749344831165
217.49393381768402,26.577851562235878,18.999999999999996,-0.039783579524537815,-1.312555151178754,-87.01098250976838
217.50434800397713,26.58183083303547,18.999999999999996,-0.03951674054660877,-1.3126628829616849,-87.04698611004405
217.51476360281873,26.585807904714734,18.999999999999996,-0.0392499383822047,-1.3127706161099113,-87.0829453046475
217.52518061481004,26.58978277508692,18.999999999999996,-0.0389831730473659,-1.3128783509800694,-87.11886011434369
217.53559904055052,26.59375544196658,19.0,-0.03871644455816685,-1.3129860879290318,-87.15473055995838
217.54601888063797,26.597725903169607,18.999999999999996,-0.0384497529307172,-1.3130938273139048,-87.19055666237807
217.55644013566845,26.601694156513247,19.0,-0.03818309818116203,-1.313201569492027,-87.22633844255024
217.5668628062363,26.605660199816064,19.0,-0.03791648032568276,-1.3133093148209687,-87.26207592148305
217.57728689293407,26.609624030897994,19.0,-0.0376498993804969,-1.3134170636585296,-87.29776912024549
217.58771239635274,26.613585647580315,18.999999999999996,-0.0373833553618584,-1.313524816362737,-87.33341805996726
217.59813931708146,26.617545047685663,18.999999999999996,-0.037116848286058934,-1.3136325732918452,-87.36902276183872
217.60856765570767,26.621502229038068,18.999999999999993,-0.03685037816942677,-1.3137403348043306,-87.40458324711109
217.61899741281704,26.625457189462914,18.999999999999996,-0.036583945028328915,-1.3138481012588963,-87.4400995370961
217.6294285889936,26.62940992678697,18.999999999999996,-0.03631754887917042,-1.3139558730144638,-87.4755716531662
217.6398611848195,26.6333604388384,18.999999999999996,-0.03605118973839416,-1.3140636504301773,-87.51099961675448
217.6502952008753,26.63730872344677,18.999999999999996,-0.03578486762248348,-1.314171433865396,-87.54638344935465
217.6607306377397,26.641254778443027,19.0,-0.0355185825479601,-1.3142792236796987,-87.58172317252095
217.6711674959897,26.645198601659548,18.999999999999993,-0.035252334531385904,-1.3143870202328785,-87.61701880786818
217.6816057762005,26.649140190930115,18.999999999999996,-0.03498612358936312,-1.3144948238849397,-87.6522703770718
217.6920454789457,26.65307954408993,18.999999999999996,-0.03471994973853389,-1.3146026349961024,-87.68747790186765
217.70248660479686,26.657016658975618,18.999999999999996,-0.03445381299558256,-1.314710453926794,-87.72264140405206
217.71292915432403,26.66095153342527,18.999999999999993,-0.03418771337723364,-1.3148182810376523,-87.75776090548197
217.72337312809537,26.664884165278373,18.999999999999996,-0.033921650900254036,-1.3149261166895205,-87.79283642807464
217.7338185266774,26.66881455237589,19.0,-0.033655625581452436,-1.3150339612434492,-87.82786799380783
217.74426535063463,26.672742692560238,19.0,-0.03338963743768028,-1.3151418150606913,-87.86285562471961
217.75471360053004,26.676668583675276,18.999999999999996,-0.033123686485832166,-1.3152496785027037,-87.89779934290854
217.76516327692468,26.680592223566357,18.999999999999996,-0.03285777274284536,-1.3153575519311422,-87.93269917053348
217.77561438037793,26.68451361008028,18.999999999999993,-0.03259189622570098,-1.3154654357078635,-87.96755512981365
217.78606691144725,26.688432741065334,18.999999999999996,-0.03232605695142454,-1.31557333019492,-88.00236724302853
217.79652087068843,26.69234961437129,19.0,-0.03206025493708456,-1.3156812357545609,-88.03713553251798
217.8069762586554,26.696264227849458,19.0,-0.03179449019979731,-1.3157891527492303,-88.07186002068201
217.8174330759004,26.70017657935259,19.0,-0.03152876275672162,-1.3158970815415643,-88.10654072998098
217.8278913229737,26.704086666734952,18.999999999999993,-0.031263072625062505,-1.3160050224943907,-88.14117768293536
217.83835100042393,26.707994487852353,19.0,-0.03099741982207077,-1.3161129759707246,-88.175770902126
217.84881210879786,26.71190004056211,18.999999999999996,-0.030731804365044912,-1.3162209423337736,-88.21032041019377
217.8592746486404,26.71580332272303,18.999999999999993,-0.030466226271327723,-1.316328921946927,-88.24482622983973
217.8697386204947,26.7197043321955,18.999999999999996,-0.03020068555831057,-1.3164369151737612,-88.27928838382503
217.88020402490216,26.723603066841427,18.999999999999996,-0.029935182243432695,-1.3165449223780348,-88.31370689497108
217.8906708624022,26.72749952452426,18.999999999999996,-0.029669716344179975,-1.3166529439236894,-88.34808178615918
217.90113913353258,26.731393703109003,18.999999999999996,-0.029404287878086716,-1.3167609801748446,-88.38241308033088
217.91160883882918,26.73528560046223,18.999999999999996,-0.02913889686273624,-1.3168690314957994,-88.41670080048756
217.92207997882605,26.739175214452068,18.999999999999996,-0.028873543315760475,-1.3169770982510292,-88.45094496969081
217.9325525540554,26.743062542948227,19.0,-0.028608227254840635,-1.317085180805184,-88.48514561106214
217.94302656504766,26.74694758382197,18.999999999999996,-0.028342948697707593,-1.3171932795230898,-88.51930274778302
217.95350201233134,26.750830334946176,18.999999999999996,-0.028077707662142237,-1.3173013947697407,-88.55341640309484
217.96397889643322,26.754710794195287,18.999999999999993,-0.027812504165976165,-1.3174095269103043,-88.58748660029902
217.97445721787815,26.758588959445373,19.0,-0.02754733822709096,-1.317517676310115,-88.6215133627568
217.98493697718914,26.76246482857408,18.999999999999996,-0.027282209863420476,-1.3176258433346755,-88.6554967138893
217.99541817488745,26.76633839946068,19.0,-0.027017119092948794,-1.3177340283496528,-88.68943667717753
218.00590081149238,26.770209669986063,18.999999999999996,-0.02675206593371285,-1.3178422317208793,-88.72333327616232
218.0163848875214,26.77407863803275,19.0,-0.026487050403801032,-1.3179504538143483,-88.75718653444436
218.02687040349022,26.777945301484877,18.999999999999996,-0.0262220725213555,-1.3180586949962145,-88.79099647568405
218.03735735991253,26.781809658228212,18.999999999999996,-0.025957132304569447,-1.3181669556327922,-88.8247631236016
218.04784575730034,26.785671706150197,19.0,-0.025692229771691527,-1.318275236090551,-88.85848650197701
218.05833559616357,26.78953144313989,19.0,-0.025427364941022185,-1.3183835367361196,-88.89216663464987
218.06882687701048,26.793388867088044,18.999999999999993,-0.025162537830917625,-1.3184918579362794,-88.9258035455196
218.07931960034742,26.79724397588703,18.999999999999996,-0.024897748459786595,-1.318600200057963,-88.9593972585453
218.08981376667873,26.801096767430934,19.0,-0.0246329968460946,-1.3187085634682558,-88.99294779774564
218.100309376507,26.804947239615476,18.999999999999996,-0.024368283008360914,-1.3188169485343937,-89.02645518719892
218.11080643033296,26.80879539033811,19.0,-0.02410360696516048,-1.3189253556237572,-89.05991945104317
218.12130492865535,26.812641217497923,18.999999999999993,-0.023838968735124366,-1.319033785103877,-89.09334061347583
218.13180487197107,26.816484718995753,18.999999999999996,-0.02357436833693949,-1.3191422373424238,-89.12671869875409
218.1423062607752,26.82032589273409,18.999999999999993,-0.023309805789349852,-1.3192507127072164,-89.16005373119451
218.15280909556083,26.824164736617167,19.0,-0.023045281111156085,-1.319359211566211,-89.19334573517331
218.16331337681916,26.828001248550944,18.999999999999996,-0.022780794321215547,-1.3194677342875059,-89.2265947351261
218.17381910503957,26.831835426443064,18.999999999999993,-0.02251634543844419,-1.3195762812393368,-89.25980075554801
218.18432628070946,26.835667268202926,18.999999999999996,-0.0222519344818152,-1.3196848527900757,-89.29296382099368
218.1948349043144,26.839496771741654,19.0,-0.021987561470360822,-1.3197934493082304,-89.32608395607704
218.20534497633798,26.843323934972137,18.999999999999996,-0.021723226423170594,-1.319902071162442,-89.35916118547152
218.2158564972619,26.847148755808977,18.999999999999996,-0.021458929359394807,-1.320010718721483,-89.3921955339099
218.22636946756597,26.850971232168558,19.0,-0.021194670298242235,-1.320119392354255,-89.42518702618437
218.23688388772806,26.854791361969014,19.0,-0.020930449258981132,-1.320228092429792,-89.45813568714637
218.24739975822413,26.858609143130277,18.999999999999996,-0.02066626626094034,-1.3203368193172496,-89.49104154170676
218.25791707952826,26.86242457357401,18.999999999999996,-0.020402121323508937,-1.3204455733859126,-89.5239046148356
218.2684358521125,26.86623765122367,18.999999999999993,-0.020138014466136916,-1.320554355005189,-89.5567249315622
218.27895607644712,26.870048374004543,18.999999999999996,-0.019873945708334922,-1.3206631645446076,-89.5895025169753
218.28947775300026,26.873856739843646,19.0,-0.019609915069675854,-1.3207720023738188,-89.62223739622259
218.3000008822383,26.87766274666986,19.0,-0.019345922569793533,-1.3208808688625913,-89.65492959451116
218.31052546462564,26.88146639241383,18.999999999999993,-0.01908196822838512,-1.3209897643808126,-89.68757913710726
218.32105150062466,26.88526767500804,18.999999999999996,-0.018818052065209256,-1.3210986892984828,-89.72018604933623
218.33157899069596,26.889066592386783,19.0,-0.018554174100087167,-1.3212076439857194,-89.75275035658252
218.34210793529797,26.892863142486195,18.999999999999993,-0.018290334352904752,-1.3213166288127522,-89.7852720842898
218.3526383348874,26.896657323244227,18.999999999999996,-0.018026532843609916,-1.3214256441499177,-89.81775125796077
218.36317018991883,26.900449132600688,19.0,-0.01776276959221565,-1.321534690367667,-89.85018790315713
218.37370350084498,26.904238568497227,18.999999999999996,-0.01749904461879806,-1.3216437678365556,-89.8825820454997
218.3842382681166,26.908025628877347,18.999999999999996,-0.017235357943498925,-1.3217528769272462,-89.91493371066831
218.39477449218248,26.911810311686434,19.0,-0.01697170958652411,-1.3218620180105045,-89.9472429244018
218.4053121734894,26.915592614871713,18.999999999999993,-0.016708099568144757,-1.3219711914572028,-89.97950971249796
218.41585131248223,26.919372536382284,19.0,-0.01644452790869827,-1.322080397638309,-90.01173410081347
218.42639190960384,26.923150074169165,18.999999999999996,-0.01618099462858741,-1.3221896369248958,-90.04391611526408
218.4369339652951,26.926925226185222,18.999999999999993,-0.01591749974828119,-1.3222989096881304,-90.07605578182435
218.44747747999503,26.930697990385227,18.999999999999996,-0.01565404328831521,-1.322408216299278,-90.10815312652771
218.45802245414052,26.934468364725873,18.999999999999996,-0.01539062526929233,-1.3225175571296977,-90.1402081754665
218.46856888816654,26.93823634716573,18.999999999999993,-0.015127245711882426,-1.3226269325508435,-90.17222095479187
218.4791167825061,26.942001935665296,19.0,-0.014863904636822745,-1.322736342934258,-90.20419149071377
218.48966613759018,26.945765128187002,19.0,-0.014600602064919421,-1.3228457886515759,-90.23611980950099
218.5002169538478,26.94952592269519,18.999999999999993,-0.014337338017045509,-1.3229552700745206,-90.26800593748106
218.51076923170598,26.953284317156154,18.999999999999996,-0.014074112514143533,-1.3230647875749,-90.2998499010403
218.5213229715897,26.957040309538105,18.999999999999993,-0.013810925577224797,-1.3231743415246089,-90.33165172662365
218.53187817392208,26.96079389781123,18.999999999999996,-0.013547777227369606,-1.3232839322956242,-90.3634114407349
218.54243483912407,26.964545079947637,19.0,-0.013284667485728374,-1.3233935602600055,-90.39512906993635
218.5529929676147,26.96829385392143,18.999999999999993,-0.013021596373520627,-1.3235032257898942,-90.42680464084907
218.56355255981097,26.972040217708646,18.999999999999996,-0.012758563912036891,-1.3236129292575063,-90.45843818015277
218.5741136161279,26.97578416928734,18.999999999999996,-0.012495570122637856,-1.3237226710351375,-90.49002971458566
218.5846761369785,26.9795257066375,19.0,-0.012232615026755322,-1.3238324514951596,-90.52157927094473
218.59524012277367,26.983264827741138,19.0,-0.011969698645892535,-1.3239422710100166,-90.55308687608535
218.60580557392242,26.98700153058225,18.999999999999996,-0.011706821001623152,-1.3240521299522248,-90.5845525569215
218.61637249083168,26.990735813146813,18.999999999999996,-0.011443982115594414,-1.324162028694371,-90.61597634042563
218.6269408739064,26.994467673422843,18.999999999999996,-0.011181182009523893,-1.3242719676091124,-90.64735825362888
218.63751072354933,26.998197109400348,18.999999999999996,-0.010918420705203796,-1.3243819470691711,-90.67869832362067
218.64808204016143,27.001924119071365,18.999999999999996,-0.010655698224497523,-1.324491967447336,-90.70999657754884
218.6586548241415,27.00564870042997,19.0,-0.010393014589342137,-1.3246020291164613,-90.74125304261986
218.6692290758863,27.00937085147224,19.0,-0.010130369821748003,-1.324712132449462,-90.77246774609841
218.6798047957906,27.013090570196344,19.0,-0.009867763943799818,-1.324822277819314,-90.80364071530772
218.6903819842471,27.016807854602447,18.999999999999993,-0.009605196977656466,-1.3249324655990535,-90.83477197762923
218.70096064164645,27.02052270269279,18.999999999999996,-0.009342668945550081,-1.3250426961617732,-90.86586156050282
218.71154076837723,27.024235112471686,18.999999999999993,-0.009080179869789068,-1.3251529698806226,-90.89690949142663
218.72212236482605,27.027945081945496,18.999999999999993,-0.008817729772756216,-1.3252632871288046,-90.92791579795713
218.73270543137744,27.031652609122677,18.999999999999996,-0.00855531867690898,-1.3253736482795753,-90.95888050770904
218.7432899684138,27.035357692013744,19.0,-0.008292946604782386,-1.3254840537062427,-90.98980364835532
218.75387597631556,27.039060328631315,18.999999999999996,-0.008030613578985463,-1.3255945037821633,-91.02068524762724
218.76446345546105,27.042760516990096,18.999999999999996,-0.007768319622204839,-1.3257049988807421,-91.05152533331415
218.77505240622654,27.046458255106895,18.999999999999993,-0.007506064757203862,-1.3258155393754296,-91.08232393326357
218.78564282898623,27.050153541000633,18.999999999999993,-0.007243849006822067,-1.3259261256397208,-91.11308107538133
218.79623472411228,27.05384637269233,18.999999999999993,-0.0069816723939768455,-1.326036758047156,-91.14379678763133
218.80682809197472,27.057536748205155,18.999999999999993,-0.006719534941663163,-1.3261474369713138,-91.17447109803543
218.81742293294155,27.061224665564364,19.0,-0.006457436672953426,-1.326258162785814,-91.20510403467375
218.82801924737873,27.06491012279739,18.999999999999996,-0.006195377610998504,-1.3263689358643158,-91.23569562568453
218.83861703565006,27.068593117933776,19.0,-0.00593335777902837,-1.3264797565805124,-91.26624589926385
218.84921629811728,27.07227364900524,18.999999999999996,-0.0056713772003506024,-1.326590625308134,-91.29675488366594
218.85981703514008,27.075951714045626,18.999999999999996,-0.005409435898353521,-1.3267015424209427,-91.32722260720298
218.87041924707603,27.07962731109096,18.999999999999996,-0.005147533896503298,-1.326812508292733,-91.35764909824522
218.88102293428057,27.083300438179414,18.999999999999996,-0.004885671218347043,-1.3269235232973298,-91.38803438522069
218.89162809710717,27.086971093351377,18.999999999999996,-0.004623847887511273,-1.3270345878085852,-91.4183784966155
218.9022347359071,27.09063927464937,18.999999999999996,-0.004362063927703025,-1.3271457022003788,-91.44868146097369
