galstreams/tracks/track.st.C-12.ibata2024.ecsv
# %ECSV 1.0
# ---
# datatype:
# - {name: ra, unit: deg, datatype: float64}
# - {name: dec, unit: deg, datatype: float64}
# - {name: distance, unit: kpc, datatype: float64}
# - {name: pm_ra_cosdec, unit: mas / yr, datatype: float64}
# - {name: pm_dec, unit: mas / yr, datatype: float64}
# - {name: radial_velocity, unit: km / s, datatype: float64}
# delimiter: ','
# meta: !!omap
# - __serialized_columns__:
#     dec:
#       __class__: astropy.coordinates.angles.Latitude
#       unit: &id001 !astropy.units.Unit {unit: deg}
#       value: !astropy.table.SerializedColumn {name: dec}
#     distance:
#       __class__: astropy.coordinates.distances.Distance
#       unit: !astropy.units.Unit {unit: kpc}
#       value: !astropy.table.SerializedColumn {name: distance}
#     pm_dec:
#       __class__: astropy.units.quantity.Quantity
#       unit: !astropy.units.Unit {unit: mas / yr}
#       value: !astropy.table.SerializedColumn {name: pm_dec}
#     pm_ra_cosdec:
#       __class__: astropy.units.quantity.Quantity
#       unit: !astropy.units.Unit {unit: mas / yr}
#       value: !astropy.table.SerializedColumn {name: pm_ra_cosdec}
#     ra:
#       __class__: astropy.coordinates.angles.Longitude
#       unit: *id001
#       value: !astropy.table.SerializedColumn {name: ra}
#       wrap_angle: !astropy.coordinates.Angle
#         unit: *id001
#         value: 360.0
#     radial_velocity:
#       __class__: astropy.units.quantity.Quantity
#       unit: !astropy.units.Unit {unit: km / s}
#       value: !astropy.table.SerializedColumn {name: radial_velocity}
# schema: astropy-2.0
ra,dec,distance,pm_ra_cosdec,pm_dec,radial_velocity
[from data line 2033]
104.1468436398365,-30.711299300177274,1.0000000000000007,-1.2988341089257567,-1.2106564708604388,298.6824503939436
104.15851204297654,-30.713219431203882,1.0000000000000007,-1.2993128683038577,-1.210133581970787,298.73351287824033
104.17018073347573,-30.71514204718038,1.0000000000000004,-1.2997898867557645,-1.2096101082873716,298.7846715516957
104.18184971218739,-30.71706715185939,1.0000000000000007,-1.300265161845191,-1.2090860486865722,298.8359265316272
104.19351897996678,-30.718994748993396,1.0000000000000004,-1.3007386911362246,-1.2085614020437667,298.8872779353524
104.20518853767109,-30.720924842334846,1.0000000000000007,-1.3012104721932918,-1.208036167233196,298.93872588018894
104.21685838615939,-30.722857435636005,1.0000000000000007,-1.3016805025811795,-1.207510343128174,298.9902704834541
104.22852852629268,-30.72479253264913,1.0000000000000004,-1.3021487798650213,-1.2069839286008488,299.0419118624652
104.2401989589339,-30.726730137126307,1.0000000000000007,-1.3026153016103112,-1.2064569225224133,299.09365013454
104.25186968494792,-30.72867025281957,1.0000000000000007,-1.3030800653829342,-1.2059293237629554,299.14548541699577
104.26354070520149,-30.730612883480834,1.0000000000000009,-1.3035430687490681,-1.2054011311915218,299.19741782715005
104.27521202056334,-30.732558032861927,1.0000000000000004,-1.304004309275312,-1.204872343676115,299.24944748232025
104.28688363190408,-30.73450570471455,1.0000000000000004,-1.3044637845285827,-1.2043429600836966,299.3015744998239
104.29855554009622,-30.736455902790343,1.0000000000000007,-1.3049214920761596,-1.203812979280169,299.3537989969786
104.31022774601428,-30.73840863084082,1.0000000000000004,-1.3053774294856986,-1.2032824001303979,299.40612109110145
104.32190025053461,-30.740363892617378,1.0000000000000007,-1.3058315943252001,-1.2027512214981755,299.45854089951035
104.33357305453556,-30.742321691871354,1.0000000000000007,-1.3062839841630307,-1.2022194422462817,299.51105853952254
104.34524615889738,-30.744282032353958,1.0000000000000004,-1.3067345965679316,-1.201687061236406,299.56367412845543
104.3569195645022,-30.746244917816306,1.0000000000000004,-1.3071834291089548,-1.2011540773292104,299.6163877836266
104.36859327223418,-30.748210352009387,1.0000000000000004,-1.3076304793555718,-1.2006204893843204,299.6691996223534
104.3802672829793,-30.750178338684133,1.0000000000000004,-1.3080757448775966,-1.2000862962602596,299.72210976195345
104.3919415976255,-30.75214888159132,1.0000000000000007,-1.3085192232451668,-1.1995514968145962,299.77511831974414
104.4036162170627,-30.75412198448167,1.0000000000000004,-1.3089609120288426,-1.1990160899037328,299.8282254130429
104.4152911421827,-30.756097651105758,1.0000000000000007,-1.3094008087994933,-1.19848007438312,299.8814311591673
104.42696637387921,-30.75807588521407,1.0000000000000007,-1.309838911128395,-1.197943449107104,299.9347356754348
104.43864191304793,-30.760056690557008,1.0000000000000007,-1.3102752165871596,-1.1974062129289997,299.9881390791627
104.45031776058644,-30.762040070884833,1.0000000000000007,-1.3107097227477755,-1.1968683647010785,300.04164148766864
104.46199391739428,-30.76402602994772,1.0000000000000007,-1.3111424271825722,-1.1963299032745418,300.0952430182699
104.4736703843729,-30.766014571495724,1.0000000000000004,-1.3115733274642736,-1.195790827499561,300.1489437882842
104.48534716242567,-30.76800569927882,1.0000000000000004,-1.312002421165941,-1.195251136225231,300.2027439150289
104.49702425245796,-30.769999417046833,1.0000000000000007,-1.3124297058610406,-1.1947108282996588,300.2566435158215
104.50870165537701,-30.77199572854953,1.0000000000000004,-1.3128551791233622,-1.1941699025698043,300.3106427079793
104.52037937209198,-30.773994637536536,1.0000000000000007,-1.3132788385270633,-1.19362835788165,300.36474160882
104.53205740351402,-30.775996147757358,1.0000000000000004,-1.3137006816467025,-1.1930861930801342,300.4189403356609
104.54373575055617,-30.778000262961434,1.0000000000000004,-1.3141207060571585,-1.1925434070090795,300.4732390058195
104.55541441413344,-30.78000698689806,1.0000000000000007,-1.3145389093337396,-1.1919999985113314,300.5276377366133
104.56709339516274,-30.782016323316423,1.0000000000000004,-1.314955289052051,-1.191455966428645,300.58213664535975
104.57877269456293,-30.78402827596563,1.0000000000000004,-1.31536984278811,-1.1909113096017023,300.63673584937635
104.59045231325481,-30.786042848594633,1.0000000000000007,-1.3157825681182889,-1.1903660268702012,300.69143546598053
104.60213225216113,-30.7880600449523,1.0000000000000004,-1.3161934626193386,-1.189820117072756,300.7462356124898
104.61381251220655,-30.79007986878738,1.0000000000000004,-1.3166025238683599,-1.1892735790469011,300.8011364062216
104.62549309431768,-30.79210232384853,1.0000000000000007,-1.3170097494428301,-1.1887264116291547,300.8561379644934
104.63717399942306,-30.79412741388425,1.0000000000000004,-1.3174151369206086,-1.1881786136550012,300.9112404046226
104.64885522845319,-30.796155142642974,1.0000000000000007,-1.3178186838799082,-1.1876301839588024,300.9664438439269
104.66053678234046,-30.798185513872994,1.0000000000000004,-1.3182203878993164,-1.1870811213739572,301.0217483997234
104.67221866201929,-30.800218531322482,1.0000000000000007,-1.3186202465578098,-1.186531424732781,301.0771541893298
104.68390086842594,-30.80225419873953,1.0000000000000004,-1.3190182574347062,-1.1859810928664984,301.1326613300636
104.69558340249868,-30.80429251987208,1.0000000000000004,-1.3194144181097105,-1.185430124605329,301.1882699392422
104.7072662651777,-30.80633349846799,1.0000000000000007,-1.3198087261629112,-1.1848785187784188,301.24398013418306
104.7189494574051,-30.808377138274963,1.0000000000000007,-1.32020117917474,-1.1843262742138982,301.2997920322036
104.73063298012498,-30.81042344304063,1.0000000000000007,-1.3205917747260223,-1.1837733897387928,301.35570575062144
104.74231683428334,-30.812472416512477,1.0000000000000007,-1.3209805103979537,-1.1832198641791152,301.4117214067539
104.75400102082814,-30.814524062437894,1.0000000000000004,-1.3213673837720972,-1.1826656963598126,301.4678391179185
104.7656855407093,-30.816578384564107,1.0000000000000007,-1.32175239243041,-1.1821108851048088,301.5240590014327
104.77737039487866,-30.818635386638277,1.0000000000000007,-1.322135533955196,-1.1815554292369193,301.5803811746139
104.78905558428998,-30.820695072407442,1.0000000000000004,-1.3225168059291423,-1.1809993275779718,301.6368057547798
104.80074110989902,-30.822757445618493,1.0000000000000004,-1.322896205935315,-1.1804425789486608,301.69333285924756
104.81242697266347,-30.8248225100182,1.0000000000000004,-1.3232737315571566,-1.179885182168757,301.74996260533493
104.82411317354295,-30.82689026935326,1.0000000000000004,-1.3236493803784892,-1.1793271360568376,301.80669511035916
104.83579971349906,-30.828960727370198,1.0000000000000007,-1.3240231499835033,-1.178768439430531,301.86353049163785
104.84748659349528,-30.83103388781545,1.0000000000000007,-1.324395037956764,-1.1782090911063463,301.9204688664884
104.85917381449713,-30.833109754435323,1.0000000000000007,-1.3247650418832269,-1.1776490898997984,301.97751035222825
104.870861377472,-30.835188330976003,1.0000000000000007,-1.3251331593482156,-1.1770884346253148,302.034655066175
104.88254928338927,-30.83726962118354,1.0000000000000007,-1.3254993879374304,-1.1765271240962711,302.09190312564596
104.89423753322025,-30.839353628803895,1.0000000000000007,-1.3258637252369283,-1.1759651571250238,302.1492546479587
104.90592612793823,-30.841440357582858,1.0000000000000007,-1.3262261688332018,-1.1754025325228277,302.20670975043066
104.91761506851844,-30.84352981126617,1.0000000000000004,-1.3265867163130824,-1.1748392490999073,302.26426855037914
104.92930435593804,-30.845621993599355,1.0000000000000007,-1.326945365263784,-1.1742753056654642,302.321931165122
104.94099399117614,-30.847716908327893,1.0000000000000007,-1.3273021132728893,-1.1737107010275984,302.37969771197646
104.95268397521386,-30.8498145591971,1.0000000000000007,-1.327656957928399,-1.1731454339933904,302.4375683082599
104.9643743090342,-30.851914949952175,1.0000000000000007,-1.328009896818653,-1.1725795033688655,302.49554307129
104.97606499362215,-30.854018084338197,1.0000000000000007,-1.328360927532401,-1.1720129079589867,302.553622118384
104.98775602996466,-30.856123966100114,1.0000000000000007,-1.328710047658765,-1.1714456465676548,302.6118055668596
104.99944741905063,-30.858232598982752,1.0000000000000007,-1.3290572547872461,-1.170877717997751,302.67009353403404
105.01113916187087,-30.860343986730804,1.0000000000000004,-1.3294025465077208,-1.1703091210510728,302.72848613722505
105.02283125941825,-30.862458133088854,1.0000000000000007,-1.3297459204104758,-1.1697398545283626,302.7869834937499
105.0345237126875,-30.864575041801324,1.0000000000000007,-1.330087374086137,-1.1691699172293646,302.84558572092607
105.04621652267532,-30.866694716612557,1.0000000000000007,-1.3304269051257496,-1.1685993079526718,302.9042929360711
105.05790969038044,-30.868817161266715,1.0000000000000004,-1.330764511120739,-1.168028025495932,302.9631052565024
105.06960321680346,-30.870942379507884,1.0000000000000009,-1.3311001896629016,-1.1674560686556603,303.02202279953747
105.08129710294699,-30.87307037507998,1.0000000000000009,-1.3314339383444231,-1.1668834362273586,303.08104568249377
105.09299134981556,-30.87520115172681,1.0000000000000007,-1.3317657547578694,-1.1663101270054632,303.14017402268877
105.10468595841573,-30.87733471319205,1.0000000000000007,-1.3320956364962147,-1.1657361397833519,303.1994079374399
105.11638092975593,-30.879471063219224,1.0000000000000009,-1.332423581152785,-1.1651614733533613,303.2587475440648
105.12807626484664,-30.881610205551766,1.0000000000000007,-1.3327495863213201,-1.1645861265067659,303.31819295988066
105.13977196470023,-30.883752143932952,1.0000000000000009,-1.3330736495959385,-1.164010098033792,303.3777443022052
105.15146803033107,-30.885896882105932,1.0000000000000009,-1.3333957685711297,-1.1634333867236037,303.4374016883557
105.16316446275547,-30.888044423813707,1.0000000000000009,-1.3337159408417953,-1.1628559913643386,303.4971652356496
105.17486126299175,-30.890194772799195,1.0000000000000007,-1.3340341640032154,-1.1622779107430148,303.5570350614046
105.18655843206014,-30.892347932805116,1.0000000000000007,-1.33435043565105,-1.1616991436456807,303.61701128293805
105.19825597098284,-30.89450390757411,1.0000000000000009,-1.3346647533813503,-1.16111968885728,303.67709401756736
105.20995388078406,-30.896662700848665,1.0000000000000009,-1.3349771147905756,-1.1605395451617007,303.73728338261
105.22165216248993,-30.898824316371122,1.0000000000000009,-1.3352875174755479,-1.1599587113417904,303.79757949538356
105.23335081712858,-30.900988757883688,1.0000000000000009,-1.335595959033487,-1.159377186179384,303.85798247320537
105.24504984573008,-30.90315602912847,1.0000000000000007,-1.3359024370620336,-1.1587949684551653,303.9184924333929
105.25674924932648,-30.905326133847407,1.0000000000000007,-1.3362069491591644,-1.1582120569488374,303.9791094932637
105.2684490289518,-30.9074990757823,1.0000000000000009,-1.3365094929232963,-1.1576284504390202,304.03983377013543
105.28014918564203,-30.90967485867485,1.0000000000000009,-1.3368100659531965,-1.1570441477033064,304.10066538132514
105.29184972043511,-30.911853486266573,1.0000000000000009,-1.3371086658480689,-1.156459147518195,304.16160444415056
105.30355063437098,-30.914034962298874,1.0000000000000009,-1.337405290207462,-1.1558734486591717,304.222651075929
105.31525192849152,-30.91621929051303,1.0000000000000009,-1.3376999366313527,-1.1552870499006112,304.28380539397807
105.32695360384061,-30.91840647465016,1.0000000000000009,-1.3379926027200995,-1.1546999500158996,304.3450675156152
105.33865566146409,-30.92059651845125,1.0000000000000009,-1.3382832860744642,-1.154112147777333,304.4064375581579
105.35035810240977,-30.922789425657164,1.0000000000000007,-1.3385719842955712,-1.1535236419561414,304.46791563892333
105.36206092772743,-30.924985200008592,1.0000000000000009,-1.3388586949849746,-1.152934431322528,304.5295018752295
105.37376413846881,-30.927183845246123,1.0000000000000007,-1.3391434157446103,-1.1523445146455948,304.5911963843935
105.38546773568768,-30.929385365110186,1.0000000000000007,-1.339426144176798,-1.151753890693442,304.65299928373287
105.39717172043973,-30.93158976334106,1.0000000000000009,-1.3397068778842733,-1.1511625582331142,304.71491069056503
105.40887609378262,-30.933797043678894,1.0000000000000007,-1.3399856144701552,-1.1505705160305517,304.7769307222076
105.42058085677606,-30.936007209863714,1.0000000000000007,-1.3402623515379712,-1.1499777628506536,304.83905949597795
105.43228601048163,-30.93822026563538,1.0000000000000007,-1.3405370866916186,-1.149384297457285,304.9012971291936
105.44399155596298,-30.940436214733605,1.0000000000000009,-1.3408098175354208,-1.1487901186132738,304.96364373917186
105.45569749428569,-30.942655060897984,1.0000000000000007,-1.3410805416741027,-1.1481952250803147,305.02609944323035
105.46740382651733,-30.944876807867963,1.0000000000000009,-1.3413492567127498,-1.1475996156191073,305.0886643586866
105.47911055372742,-30.947101459382814,1.0000000000000007,-1.341615960256874,-1.147003288989314,305.15133860285783
105.49081767698756,-30.94932901918171,1.0000000000000009,-1.341880649912401,-1.1464062439494604,305.2141222930617
105.50252519737117,-30.95155949100364,1.0000000000000009,-1.3421433232856117,-1.1458084792571022,305.27701554661564
105.51423311595381,-30.953792878587485,1.0000000000000009,-1.3424039779832277,-1.1452099936686793,305.34001848083716
105.5259414338129,-30.95602918567195,1.0000000000000009,-1.3426626116123455,-1.144610785939598,305.40313121304354
105.53765015202794,-30.958268415995608,1.0000000000000009,-1.3429192217804804,-1.1440108548242058,305.4663538605525
105.54935927168033,-30.960510573296897,1.0000000000000007,-1.3431738060955336,-1.1434101990757846,305.5296865406813
105.56106879385352,-30.962755661314063,1.0000000000000007,-1.34342636216582,-1.142808817446607,305.5931293707476
105.5727787196329,-30.965003683785284,1.0000000000000007,-1.3436768876000453,-1.1422067086877767,305.65668246806865
105.58448905010584,-30.96725464444851,1.0000000000000009,-1.343925380007331,-1.1416038715494636,305.7203459499621
105.59619978636175,-30.969508547041592,1.0000000000000009,-1.3441718369971856,-1.1410003047807145,305.7841199337454
105.60791092949198,-30.971765395302214,1.0000000000000007,-1.3444162561795387,-1.1403960071295316,305.84800453673597
105.61962248058987,-30.97402519296792,1.0000000000000009,-1.344658635164702,-1.1397909773428623,305.9119998762512
105.63133444075076,-30.976287943776093,1.0000000000000009,-1.3448989715634063,-1.1391852141665808,305.97610606960865
105.64304681107197,-30.978553651463987,1.0000000000000009,-1.3451372629867766,-1.1385787163455348,306.04032323412565
105.65475959265281,-30.98082231976868,1.0000000000000009,-1.3453735070463662,-1.1379714826234846,306.10465148711995
105.6664727865946,-30.983093952427122,1.0000000000000009,-1.3456077013541048,-1.1373635117431604,306.1690909459089
105.6781863940006,-30.9853685531761,1.0000000000000007,-1.3458398435223486,-1.1367548024461875,306.2336417278098
105.68990041597613,-30.98764612575225,1.0000000000000009,-1.3460699311638429,-1.1361453534731858,306.2983039501403
105.70161485362843,-30.989926673892057,1.0000000000000009,-1.3462979618917537,-1.1355351635636772,306.3630777302178
105.7133297080668,-30.992210201331865,1.0000000000000009,-1.3465239333196521,-1.1349242314561714,306.4279631853598
105.72504498040247,-30.994496711807848,1.0000000000000007,-1.346747843061502,-1.1343125558880445,306.49296043288365
105.7367606717487,-30.99678620905604,1.0000000000000009,-1.34696968873169,-1.1337001355956993,306.558069590107
105.74847678322072,-30.999078696812315,1.0000000000000009,-1.3471894679450127,-1.1330869693144159,306.6232907743472
