galstreams/tracks/track.st.NGC7492.ibata2024.ecsv
# %ECSV 1.0
# ---
# datatype:
# - {name: ra, unit: deg, datatype: float64}
# - {name: dec, unit: deg, datatype: float64}
# - {name: distance, unit: kpc, datatype: float64}
# - {name: pm_ra_cosdec, unit: mas / yr, datatype: float64}
# - {name: pm_dec, unit: mas / yr, datatype: float64}
# - {name: radial_velocity, unit: km / s, datatype: float64}
# delimiter: ','
# meta: !!omap
# - __serialized_columns__:
#     dec:
#       __class__: astropy.coordinates.angles.Latitude
#       unit: &id001 !astropy.units.Unit {unit: deg}
#       value: !astropy.table.SerializedColumn {name: dec}
#     distance:
#       __class__: astropy.coordinates.distances.Distance
#       unit: !astropy.units.Unit {unit: kpc}
#       value: !astropy.table.SerializedColumn {name: distance}
#     pm_dec:
#       __class__: astropy.units.quantity.Quantity
#       unit: !astropy.units.Unit {unit: mas / yr}
#       value: !astropy.table.SerializedColumn {name: pm_dec}
#     pm_ra_cosdec:
#       __class__: astropy.units.quantity.Quantity
#       unit: !astropy.units.Unit {unit: mas / yr}
#       value: !astropy.table.SerializedColumn {name: pm_ra_cosdec}
#     ra:
#       __class__: astropy.coordinates.angles.Longitude
#       unit: *id001
#       value: !astropy.table.SerializedColumn {name: ra}
#       wrap_angle: !astropy.coordinates.Angle
#         unit: *id001
#         value: 360.0
#     radial_velocity:
#       __class__: astropy.units.quantity.Quantity
#       unit: !astropy.units.Unit {unit: km / s}
#       value: !astropy.table.SerializedColumn {name: radial_velocity}
# schema: astropy-2.0
ra,dec,distance,pm_ra_cosdec,pm_dec,radial_velocity
[from data line 439]
348.084125591735,-14.986790736165679,0.9999999999999998,0.819148619730278,-2.2303289889699087,1000.0
348.0912534796893,-14.9801121519433,0.9999999999999996,0.8194154491684884,-2.2290691307240778,999.9999999999997
348.09838309550884,-14.973435618905892,0.9999999999999998,0.8196833430743737,-2.2278168221327306,999.9999999999999
348.10551438801525,-14.966761083179827,0.9999999999999998,0.8199523126997619,-2.226572114840593,999.9999999999997
348.11264730603,-14.960088490898034,0.9999999999999997,0.8202223693038633,-2.2253350604908775,1000.0
348.11978179837337,-14.95341778819998,0.9999999999999997,0.8204935241553812,-2.2241057107252757,1000.0
348.12691781386496,-14.946748921231677,0.9999999999999996,0.8207657885309629,-2.2228841171840727,999.9999999999995
348.1340553013236,-14.94008183614571,0.9999999999999998,0.8210391737159526,-2.221670331505848,999.9999999999997
348.14119420956735,-14.933416479101167,0.9999999999999997,0.821313691003752,-2.220464405327853,999.9999999999999
348.14833448741314,-14.92675279626369,0.9999999999999997,0.8215893516968364,-2.2192663902857603,999.9999999999997
348.1554760836775,-14.920090733805475,0.9999999999999996,0.8218661671053553,-2.218076338013738,999.9999999999995
348.1626189471758,-14.913430237905215,0.9999999999999996,0.8221441485483822,-2.2168943001444816,999.9999999999997
348.16976302672276,-14.906771254748163,0.9999999999999996,0.8224233073529135,-2.215720328309189,999.9999999999997
348.17690827113205,-14.900113730526078,0.9999999999999996,0.8227036548546707,-2.214554474137607,999.9999999999997
348.18405462921675,-14.89345761143726,0.9999999999999997,0.8229852023973052,-2.213396789257864,999.9999999999995
348.1912020497889,-14.886802843686505,0.9999999999999997,0.8232679613326042,-2.212247325296808,999.9999999999997
348.19835048165965,-14.880149373485152,0.9999999999999996,0.8235519430212861,-2.2111061338796034,1000.0
348.20549987363944,-14.873497147051026,0.9999999999999997,0.8238371588313669,-2.2099732666300795,999.9999999999999
348.2126501745377,-14.866846110608487,0.9999999999999997,0.8241236201397228,-2.2088487751704733,999.9999999999999
348.21980133316305,-14.860196210388374,0.9999999999999998,0.8244113383309966,-2.207732711121679,1000.0
348.2269532983232,-14.853547392628041,0.9999999999999997,0.8247003247982434,-2.206625126102999,1000.0000000000001
348.234106018825,-14.846899603571337,0.9999999999999997,0.824990590942349,-2.205526071732365,999.9999999999997
348.2412594434744,-14.840252789468597,0.9999999999999999,0.8252821481722208,-2.2044355996261302,1000.0000000000001
348.24841352107643,-14.833606896576644,0.9999999999999998,0.8255750079052078,-2.20335376139937,999.9999999999999
348.2555682004352,-14.826961871158787,0.9999999999999997,0.8258691815662544,-2.202280608665518,1000.0
348.26272343035413,-14.820317659484818,0.9999999999999998,0.8261646805885121,-2.201216193036636,1000.0
348.2698791596356,-14.813674207830985,0.9999999999999998,0.8264615164127989,-2.200160566123337,1000.0000000000001
348.2770353370809,-14.807031462480024,0.9999999999999998,0.8267597004882603,-2.199113779534798,1000.0
348.2841919114907,-14.800389369721117,0.9999999999999999,0.8270592442718225,-2.1980758848787048,999.9999999999999
348.2913488316647,-14.79374787584992,0.9999999999999999,0.8273601592279647,-2.1970469337613494,1000.0
348.29850604640166,-14.787106927168526,0.9999999999999997,0.8276624568294153,-2.1960269777875823,999.9999999999999
348.3056635044994,-14.78046646998548,1.0,0.8279661485563494,-2.195016068560811,1000.0000000000001
348.31282115475494,-14.77382645061579,0.9999999999999998,0.8282712458969925,-2.1940142576829587,1000.0
348.31997894596424,-14.767186815380859,0.9999999999999999,0.8285777603473008,-2.193021596754619,1000.0000000000001
348.3271368269226,-14.760547510608552,0.9999999999999997,0.8288857034106769,-2.1920381373749294,999.9999999999999
348.33429474642406,-14.753908482633152,1.0,0.8291950865985598,-2.191063931141592,1000.0000000000001
348.3414526532621,-14.747269677795352,0.9999999999999999,0.8295059214299485,-2.1900990296509306,1000.0
348.34861049622907,-14.740631042442264,0.9999999999999999,0.829818219431111,-2.189143484497748,1000.0
348.35576822411656,-14.733992522927409,0.9999999999999998,0.8301319921365504,-2.1881973472756044,999.9999999999997
348.36292578571516,-14.727354065610701,0.9999999999999998,0.8304472510877687,-2.1872606695765455,1000.0
348.37008312981465,-14.720715616858444,0.9999999999999999,0.8307640078341194,-2.186333502991239,1000.0000000000001
348.37724020520375,-14.714077123043339,0.9999999999999999,0.8310822739324735,-2.185415899108989,1000.0
348.3843969606705,-14.707438530544463,0.9999999999999998,0.8314020609468571,-2.18450790951767,999.9999999999999
348.3915533450018,-14.700799785747265,0.9999999999999997,0.8317233804490556,-2.1836095858037936,999.9999999999997
348.3987093069839,-14.694160835043558,0.9999999999999999,0.8320462440182936,-2.1827209795524993,1000.0
348.40586479540207,-14.687521624831522,0.9999999999999998,0.8323706632407877,-2.1818421423474845,999.9999999999999
348.41301975904054,-14.680882101515685,0.9999999999999997,0.8326966497106909,-2.1809731257711036,999.9999999999999
348.4201741466829,-14.674242211506911,0.9999999999999999,0.8330242150290559,-2.180113981404425,999.9999999999997
348.4273279071117,-14.667601901222417,0.9999999999999998,0.8333533708041685,-2.17926476082701,999.9999999999997
348.4344809891087,-14.660961117085732,0.9999999999999998,0.8336841286517256,-2.1784255156171852,1000.0
348.4416333414547,-14.654319805526733,0.9999999999999997,0.834016500194771,-2.1775962973517906,1000.0
348.4487849129297,-14.647677912981585,0.9999999999999998,0.8343504970633546,-2.1767771576064234,999.9999999999999
348.4559356523128,-14.641035385892776,0.9999999999999998,0.8346861308946742,-2.175968147955267,1000.0
348.46308550838233,-14.634392170709088,0.9999999999999998,0.8350234133330687,-2.1751693199712037,999.9999999999997
348.4702344299156,-14.627748213885585,0.9999999999999999,0.8353623560300392,-2.174380725225724,1000.0
348.47738236568915,-14.621103461883644,0.9999999999999998,0.8357029706441139,-2.1736024152890465,1000.0
348.48452926447874,-14.614457861170877,0.9999999999999997,0.8360452688409978,-2.1728344417299965,999.9999999999995
348.49167507505916,-14.60781135822119,0.9999999999999998,0.8363892622929114,-2.1720768561160995,999.9999999999995
348.49881974620456,-14.601163899514734,0.9999999999999998,0.8367349626794862,-2.1713297100135307,1000.0
348.50596322668804,-14.594515431537909,0.9999999999999998,0.837082381687253,-2.1705930549872363,999.9999999999999
348.5131054652821,-14.587865900783362,0.9999999999999998,0.8374315310092229,-2.1698669426007555,1000.0
348.5202464107581,-14.581215253749969,0.9999999999999999,0.837782422345839,-2.1691514244163415,1000.0
348.527386011887,-14.574563436942833,0.9999999999999999,0.8381350674038046,-2.168446551994947,999.9999999999999
348.5345242174387,-14.567910396873257,0.9999999999999998,0.8384894778972338,-2.1677523768962317,1000.0000000000001
348.5416609761823,-14.561256080058753,0.9999999999999999,0.838845665546323,-2.167068950678619,1000.0
348.5487962368863,-14.55460043302305,0.9999999999999998,0.8392036420782887,-2.1663963248990896,1000.0
348.55592994831824,-14.547943402296024,0.9999999999999999,0.8395634192273107,-2.1657345511134736,1000.0
348.5630620592449,-14.541284934413772,0.9999999999999997,0.8399250087338359,-2.1650836808763074,999.9999999999997
348.5701925184324,-14.534624975918515,0.9999999999999998,0.8402884223449689,-2.1644437657407707,1000.0
348.57732127464607,-14.527963473358662,0.9999999999999999,0.8406536718145219,-2.1638148572588918,1000.0
348.58444827665045,-14.521300373288755,0.9999999999999997,0.8410207689028368,-2.1631970069813065,1000.0
348.59157347320934,-14.514635622269475,0.9999999999999998,0.8413897253767786,-2.162590266457528,999.9999999999997
348.5986968130859,-14.507969166867644,0.9999999999999999,0.8417605530094718,-2.161994687235648,1000.0
348.6058182450425,-14.501300953656171,0.9999999999999999,0.8421332635806564,-2.161410320862693,1000.0
348.61293771784085,-14.494630929214113,0.9999999999999997,0.8425078688764813,-2.1608372188842893,999.9999999999997
348.6200551802419,-14.487959040126581,1.0,0.8428843806894832,-2.160275432844962,1000.0000000000002
348.6271705810059,-14.481285232984817,0.9999999999999999,0.8432628108184517,-2.1597250142878295,1000.0
348.6342838688925,-14.474609454386105,0.9999999999999999,0.8436431710683934,-2.159186014754958,999.9999999999999
348.6413949926606,-14.467931650933807,0.9999999999999997,0.844025473250916,-2.158658485787072,1000.0
348.6485039010685,-14.461251769237341,0.9999999999999996,0.8444097291835178,-2.158142478923729,999.9999999999997
348.65561054287383,-14.454569755912173,1.0,0.8447959506898783,-2.1576380457032656,1000.0000000000001
348.66271486683365,-14.447885557579784,0.9999999999999998,0.845184149599973,-2.157145237662796,999.9999999999999
348.6698168217043,-14.4411991208677,0.9999999999999998,0.8455743377497669,-2.156664106338255,999.9999999999999
348.67691635624146,-14.43451039240945,0.9999999999999999,0.8459665269813499,-2.1561947032643687,999.9999999999999
348.68401341920037,-14.42781931884456,0.9999999999999999,0.8463607291430506,-2.1557370799746423,1000.0
348.6911079593355,-14.42112584681854,0.9999999999999999,0.8467569560890524,-2.1552912880014574,1000.0
348.69819992540096,-14.414429922982885,0.9999999999999999,0.8471552196791095,-2.1548573788759953,1000.0000000000001
348.7052892661501,-14.407731493995056,0.9999999999999999,0.8475555317796051,-2.1544354041282077,999.9999999999997
348.7123759303357,-14.401030506518472,0.9999999999999999,0.8479579042624081,-2.154025415286924,999.9999999999997
348.71945986671034,-14.394326907222474,0.9999999999999999,0.848362349005015,-2.153627463879843,999.9999999999997
348.72654102402555,-14.387620642782359,0.9999999999999999,0.8487688778911888,-2.1532416014334146,999.9999999999999
348.73361935103276,-14.380911659879327,0.9999999999999999,0.8491775028104129,-2.152867879473014,1000.0
348.74069479648267,-14.374199905200486,0.9999999999999999,0.8495882356576203,-2.1525063495228665,1000.0000000000002
348.7477673091256,-14.367485325438857,0.9999999999999999,0.8500010883336557,-2.1521570631059674,1000.0000000000001
348.7548368377114,-14.360767867293312,1.0,0.8504160727449701,-2.1518200717442966,1000.0000000000001
348.7619033309894,-14.35404747746861,0.9999999999999998,0.8508332008036845,-2.151495426958654,999.9999999999999
348.7689667377085,-14.347324102675374,0.9999999999999999,0.8512524844272704,-2.1511831802687027,999.9999999999999
348.7760270066172,-14.340597689630062,1.0,0.8516739355390897,-2.1508833831930048,1000.0000000000001
348.78308408646353,-14.333868185054975,0.9999999999999999,0.852097566067954,-2.1505960872489567,999.9999999999999
348.79013792599517,-14.327135535678211,0.9999999999999999,0.8525233879477625,-2.1503213439529674,1000.0
348.7971884739594,-14.320399688233708,0.9999999999999998,0.852951413118312,-2.1500592048202023,1000.0
348.8042356791031,-14.313660589461172,0.9999999999999998,0.8533816535245435,-2.149809721364875,1000.0000000000001
348.81127949017275,-14.306918186106099,0.9999999999999998,0.853814121116919,-2.1495729451000116,1000.0
348.8183198559147,-14.300172424919754,0.9999999999999999,0.8542488278507037,-2.149348927537609,1000.0
348.8253567250747,-14.293423252659165,1.0,0.8546857856873018,-2.149137720188506,1000.0
348.83239004639836,-14.286670616087084,1.0,0.8551250065925586,-2.148939374562616,1000.0
348.83941976863093,-14.27991446197201,1.0,0.8555665025379753,-2.148753942168618,1000.0
348.8464458405174,-14.273154737088145,0.9999999999999998,0.8560102854998561,-2.1485814745142804,1000.0
348.8534682108025,-14.266391388215393,1.0,0.8564563674600407,-2.1484220231062494,1000.0
348.8604868282307,-14.259624362139357,0.9999999999999999,0.8569047604050652,-2.1482756394501195,1000.0000000000002
348.86750164154626,-14.2528536056513,0.9999999999999999,0.8573554763268021,-2.14814237505049,999.9999999999999
348.8745125994933,-14.246079065548154,1.0,0.8578085272216995,-2.1480222814108743,1000.0
348.88151965081556,-14.239300688632497,0.9999999999999998,0.8582639250917765,-2.147915410033818,999.9999999999999
348.88852274425676,-14.232518421712534,1.0,0.8587216819432868,-2.147821812420794,1000.0000000000001
348.89552182856045,-14.225732211602104,1.0,0.8591818097876995,-2.147741540072289,1000.0
348.90251685247,-14.218942005120626,1.0,0.8596443206414435,-2.147674644487779,999.9999999999999
348.9095077647286,-14.21214774909313,0.9999999999999999,0.860109226525573,-2.147621177165732,1000.0000000000001
348.9164945140795,-14.205349390350218,1.0,0.8605765394657183,-2.1475811896036276,1000.0000000000001
348.9234770492656,-14.198546875728043,1.0,0.8610462714926541,-2.1475547332979446,1000.0
348.9304553190301,-14.191740152068311,1.0,0.8615184346414111,-2.1475418597442157,1000.0000000000001
348.9374292721159,-14.184929166218266,0.9999999999999999,0.8619930409516243,-2.1475426204369725,1000.0000000000001
348.9443988572658,-14.17811386503066,0.9999999999999999,0.8624701024681514,-2.147557066869794,1000.0
348.9513640232228,-14.17129419536376,1.0,0.8629496312396441,-2.1475852505352293,1000.0000000000001
348.9583247187298,-14.164470104081303,1.0,0.8634316393196002,-2.1476272229249886,1000.0000000000001
348.96528089252973,-14.15764153805252,0.9999999999999999,0.8639161387659726,-2.147683035529724,1000.0
348.97223249336565,-14.15080844415208,1.0,0.8644031416408495,-2.1477527398392198,1000.0000000000001
348.9791794699805,-14.143970769260113,1.0,0.8648926600112006,-2.147836387342302,1000.0
348.98612177111755,-14.13712846026216,1.0,0.8653847059480668,-2.1479340295268514,999.9999999999999
348.99305934551995,-14.130281464049185,0.9999999999999999,0.8658792915268023,-2.148045717879839,999.9999999999997
348.9999921419312,-14.123429727517548,0.9999999999999999,0.8663764288267544,-2.148171503887326,1000.0
349.0069201090947,-14.116573197568984,0.9999999999999999,0.8668761299319812,-2.1483114390344724,1000.0
349.01384319575425,-14.109711821110608,0.9999999999999998,0.8673784069302712,-2.1484655748054777,999.9999999999999
349.0207613506537,-14.102845545054866,0.9999999999999999,0.8678832719138114,-2.1486339626837463,1000.0
349.02767452253715,-14.095974316319554,0.9999999999999999,0.8683907369787462,-2.1488166541517373,1000.0
349.03458266014894,-14.089098081827778,0.9999999999999999,0.8689008142255332,-2.149013700690972,1000.0000000000003
349.0414857122336,-14.082216788507953,1.0,0.869413515758076,-2.1492251537822256,1000.0000000000001
349.0483836275361,-14.075330383293778,1.0,0.8699288536846765,-2.1494510649052856,999.9999999999997
349.05527635480155,-14.068438813124226,1.0000000000000002,0.8704468401173528,-2.149691485539165,1000.0
349.0621638427754,-14.061542024943519,1.0,0.8709674871722299,-2.1499464671619535,1000.0
349.0690460402035,-14.05463996570112,0.9999999999999999,0.8714908069691347,-2.15021606125093,1000.0000000000001
349.075922895832,-14.047732582351719,1.0,0.8720168116314326,-2.1505003192825782,1000.0
349.08279435840745,-14.040819821855205,0.9999999999999999,0.8725455132866529,-2.150799292732451,999.9999999999999
349.0896603766769,-14.033901631176656,0.9999999999999999,0.8730769240656642,-2.1511130330753616,1000.0000000000001
349.09652089938766,-14.026977957286338,1.0,0.8736110561032717,-2.1514415917852006,1000.0
349.1033758752876,-14.020048747159652,1.0,0.8741479215378689,-2.1517850203351756,1000.0000000000002
349.1102252531251,-14.013113947777155,1.0,0.8746875325110963,-2.152143370197628,1000.0000000000002
349.117068981649,-14.006173506124517,1.0,0.8752299011685025,-2.1525166928440527,1000.0
349.1239070096086,-13.999227369192518,1.0,0.8757750396589472,-2.1529050397452636,1000.0000000000001
349.13073928575375,-13.99227548397703,1.0,0.8763229601348854,-2.153308462371186,1000.0000000000001
349.13756575883497,-13.985317797478999,1.0,0.876873674751991,-2.1537270121909984,1000.0
