galstreams/tracks/track.st.New-14.ibata2024.ecsv
# %ECSV 1.0
# ---
# datatype:
# - {name: ra, unit: deg, datatype: float64}
# - {name: dec, unit: deg, datatype: float64}
# - {name: distance, unit: kpc, datatype: float64}
# - {name: pm_ra_cosdec, unit: mas / yr, datatype: float64}
# - {name: pm_dec, unit: mas / yr, datatype: float64}
# - {name: radial_velocity, unit: km / s, datatype: float64}
# delimiter: ','
# meta: !!omap
# - __serialized_columns__:
#     dec:
#       __class__: astropy.coordinates.angles.Latitude
#       unit: &id001 !astropy.units.Unit {unit: deg}
#       value: !astropy.table.SerializedColumn {name: dec}
#     distance:
#       __class__: astropy.coordinates.distances.Distance
#       unit: !astropy.units.Unit {unit: kpc}
#       value: !astropy.table.SerializedColumn {name: distance}
#     pm_dec:
#       __class__: astropy.units.quantity.Quantity
#       unit: !astropy.units.Unit {unit: mas / yr}
#       value: !astropy.table.SerializedColumn {name: pm_dec}
#     pm_ra_cosdec:
#       __class__: astropy.units.quantity.Quantity
#       unit: !astropy.units.Unit {unit: mas / yr}
#       value: !astropy.table.SerializedColumn {name: pm_ra_cosdec}
#     ra:
#       __class__: astropy.coordinates.angles.Longitude
#       unit: *id001
#       value: !astropy.table.SerializedColumn {name: ra}
#       wrap_angle: !astropy.coordinates.Angle
#         unit: *id001
#         value: 360.0
#     radial_velocity:
#       __class__: astropy.units.quantity.Quantity
#       unit: !astropy.units.Unit {unit: km / s}
#       value: !astropy.table.SerializedColumn {name: radial_velocity}
# schema: astropy-2.0
ra,dec,distance,pm_ra_cosdec,pm_dec,radial_velocity
[from data line 572]
170.61797895235443,-20.90786843121772,0.9999999999999999,-27.406194083697677,-2.903198475716856,135.70350832645457
170.62186196791745,-20.917959416105408,0.9999999999999998,-27.404432984763442,-2.8977177295870007,135.68338759671457
170.62573982345572,-20.92805254380208,0.9999999999999998,-27.40267817283774,-2.892237725352439,135.66323685721213
170.62961255520148,-20.93814780019565,0.9999999999999999,-27.400929761273172,-2.8867584946130833,135.64305602644998
170.6334801993939,-20.948245171170306,0.9999999999999998,-27.39918786342251,-2.8812800689908045,135.6228450229307
170.63734279227904,-20.958344642606555,1.0,-27.397452592638533,-2.875802480129396,135.60260376515714
170.64120037011,-20.968446200381226,1.0,-27.39572406227423,-2.8703257596946177,135.58233217163183
170.64505296914672,-20.978549830367477,0.9999999999999998,-27.39400238568266,-2.8648499393741265,135.56203016085763
170.6489006256563,-20.988655518434776,0.9999999999999999,-27.392287676217045,-2.8593750508775155,135.5416976513371
170.6527433759127,-20.998763250448956,1.0,-27.390580047230756,-2.8539011259362823,135.52133456157313
170.6565812561971,-21.008873012272183,0.9999999999999998,-27.388879612077385,-2.8484281963038534,135.50094081006822
170.66041430279748,-21.018984789762968,0.9999999999999998,-27.38718648411066,-2.842956293755538,135.48051631532525
170.66424255200917,-21.029098568776188,0.9999999999999998,-27.385500776684562,-2.8374854500885647,135.46006099584682
170.66806604013445,-21.039214335163077,0.9999999999999998,-27.383822603153256,-2.8320156971220367,135.43957477013564
170.67188480348273,-21.04933207477125,0.9999999999999997,-27.38215207687115,-2.8265470666969623,135.41905755669444
170.6756988783706,-21.05945177344468,0.9999999999999997,-27.380489311192928,-2.821079590676238,135.39850927402594
170.67950830112179,-21.069573417023733,0.9999999999999998,-27.3788344194735,-2.815613300944632,135.37792984063276
170.6833131080672,-21.079696991345163,0.9999999999999997,-27.377187515068066,-2.810148229408801,135.35731917501775
170.68711333554498,-21.089822482242113,0.9999999999999997,-27.375548711332144,-2.8046844079973017,135.3366771956835
170.69090901990046,-21.099949875544137,0.9999999999999998,-27.373918121621514,-2.7992218686605312,135.31600382113277
170.69470019748618,-21.110079157077173,0.9999999999999998,-27.3722958592923,-2.793760643370778,135.29529896986824
170.6984869046621,-21.120210312663602,0.9999999999999998,-27.370682037700966,-2.788300764122221,135.27456256039252
170.70226917779524,-21.130343328122194,0.9999999999999997,-27.3690767702043,-2.7828422629308953,135.2537945112085
170.70604705326014,-21.14047818926816,0.9999999999999998,-27.367480170159453,-2.777385171834718,135.23299474081878
170.70982056743847,-21.15061488191312,0.9999999999999997,-27.365892350923968,-2.771929522893487,135.2121631677261
170.71358975671947,-21.160753391865164,0.9999999999999997,-27.36431342585577,-2.766475348188859,135.19129971043301
170.7173546574995,-21.17089370492879,0.9999999999999998,-27.362743508313148,-2.7610226798243858,135.17040428744252
170.72111530618247,-21.18103580690496,0.9999999999999997,-27.361182711654855,-2.755571549925481,135.14947681725712
170.72487173917966,-21.191179683591063,0.9999999999999997,-27.359631149240045,-2.7501219906394745,135.1285172183794
170.72862399290977,-21.20132532078098,0.9999999999999998,-27.358088934428295,-2.74467403413553,135.10752540931247
170.73237210379898,-21.211472704265038,0.9999999999999997,-27.35655618057968,-2.739227712604741,135.08650130855852
170.73611610828087,-21.221621819830016,0.9999999999999998,-27.35503300105468,-2.7337830582600624,135.06544483462068
170.73985604279653,-21.231772653259206,0.9999999999999998,-27.353519509214287,-2.7283401033363557,135.04435590600147
170.74359194379457,-21.24192519033233,0.9999999999999997,-27.352015818419986,-2.7228988800903924,135.0232344412036
170.7473238477312,-21.252079416825634,0.9999999999999999,-27.35052204203374,-2.717459420800827,135.00208035872978
170.75105179107004,-21.262235318511824,0.9999999999999996,-27.349038293418058,-2.7120217577682464,134.98089357708275
170.75477581028235,-21.272392881160123,0.9999999999999999,-27.34756468593593,-2.706585923315121,134.9596740147651
170.758495941847,-21.282552090536235,0.9999999999999997,-27.346101332950923,-2.7011519497858814,134.93842159027966
170.7622122222504,-21.292712932402384,0.9999999999999999,-27.344648347827132,-2.6957198695468456,134.91713622212916
170.76592468798665,-21.302875392517286,0.9999999999999997,-27.34320584392922,-2.69028971498631,134.89581782881618
170.76963337555748,-21.313039456636186,0.9999999999999997,-27.341773934622424,-2.684861518514481,134.87446632884348
170.77333832147227,-21.32320511051083,0.9999999999999997,-27.340352733272578,-2.679435312563541,134.85308164071378
170.7770395622481,-21.333372339889507,0.9999999999999997,-27.33894235324608,-2.674011129587612,134.83166368292981
170.78073713440975,-21.343541130517032,0.9999999999999997,-27.337542907909963,-2.6685890020627987,134.81021237399412
170.78443107448973,-21.353711468134737,0.9999999999999996,-27.33615451063187,-2.663168962487175,134.78872763240966
170.78812141902833,-21.36388333848049,0.9999999999999998,-27.33477727478005,-2.657751043380829,134.7672093766789
170.7918082045735,-21.374056727288746,0.9999999999999998,-27.333411313723442,-2.6523352772858058,134.74565752530475
170.7954914676811,-21.38423162029044,0.9999999999999998,-27.33205674083161,-2.646921696766217,134.72407199678972
170.7991712449147,-21.394408003213105,0.9999999999999998,-27.33071366947476,-2.6415103344081423,134.70245270963667
170.8028475728458,-21.40458586178081,0.9999999999999997,-27.32938221302381,-2.6361012228197342,134.68079958234824
170.80652048805362,-21.41476518171418,0.9999999999999999,-27.328062484850335,-2.6306943946311883,134.65911253342708
170.8101900271253,-21.42494594873044,0.9999999999999997,-27.326754598326612,-2.625289882494741,134.63739148137594
170.81385622665587,-21.435128148543328,0.9999999999999997,-27.325458666825615,-2.6198877190847227,134.61563634469755
170.81751912324827,-21.4453117668632,0.9999999999999997,-27.324174803721036,-2.614487937097538,134.59384704189463
170.82117875351335,-21.455496789396953,0.9999999999999998,-27.322903122387306,-2.609090569251716,134.57202349146988
170.82483515406986,-21.4656832018481,0.9999999999999997,-27.321643736199576,-2.603695648287882,134.5501656119259
170.82848836154454,-21.47587098991671,0.9999999999999997,-27.320396758533732,-2.598303206968806,134.5282733217655
170.83213841257216,-21.486060139299457,0.9999999999999998,-27.31916230276643,-2.5929132780794113,134.50634653949135
170.8357853437954,-21.496250635689602,0.9999999999999998,-27.317940482275095,-2.5875258944267774,134.48438518360615
170.83942919186498,-21.50644246477699,0.9999999999999999,-27.316731410437882,-2.582141088840178,134.46238917261266
170.8430699934397,-21.516635612248088,0.9999999999999998,-27.31553520063379,-2.576758894171082,134.4403584250135
170.84670778518642,-21.52683006378595,0.9999999999999999,-27.314351966242562,-2.571379343293181,134.41829285931132
170.85034260377998,-21.537025805070247,0.9999999999999998,-27.313181820644765,-2.5660024691024006,134.39619239400906
170.85397448590336,-21.547222821777257,0.9999999999999997,-27.31202487722176,-2.560628304516934,134.3740569476092
170.85760346824773,-21.557421099579866,0.9999999999999997,-27.31088124935575,-2.555256882477247,134.3518864386145
170.8612295875122,-21.567620624147587,0.9999999999999998,-27.309751050429703,-2.549888235946085,134.32968078552778
170.8648528804043,-21.57782138114655,0.9999999999999997,-27.30863439382751,-2.544522397908553,134.30743990685158
170.86847338363953,-21.588023356239507,0.9999999999999998,-27.307531392933857,-2.539159401372059,134.28516372108862
170.87209113394155,-21.598226535085843,0.9999999999999997,-27.306442161134264,-2.533799279366381,134.26285214674178
170.8757061680424,-21.608430903341567,0.9999999999999999,-27.305366811815148,-2.528442064943688,134.24050510231356
170.87931852268218,-21.618636446659337,0.9999999999999999,-27.304305458363782,-2.523087791178561,134.21812250630674
170.8829282346093,-21.628843150688425,0.9999999999999997,-27.3032582141683,-2.517736491167984,134.19570427722414
170.88653534058045,-21.639051001074762,0.9999999999999997,-27.30222519261774,-2.512388198031436,134.17325033356826
170.89013987736058,-21.649259983460908,0.9999999999999998,-27.301206507102016,-2.5070429449108396,134.15076059384185
170.8937418817229,-21.65947008348608,0.9999999999999999,-27.300202271011948,-2.501700764970632,134.12823497654776
170.897341390449,-21.669681286786137,0.9999999999999997,-27.299212597739267,-2.4963616913977926,134.1056734001886
170.90093844032873,-21.679893578993585,0.9999999999999998,-27.2982376006766,-2.4910257574018377,134.08307578326702
170.9045330681604,-21.690106945737607,0.9999999999999999,-27.297277393217506,-2.485692996214871,134.06044204428576
170.90812531075056,-21.700321372644012,0.9999999999999998,-27.29633208875648,-2.4803634410916136,134.0377721017476
170.91171520491426,-21.710536845335287,0.9999999999999998,-27.295401800688918,-2.475037125309413,134.01506587415517
170.91530278747487,-21.720753349430574,0.9999999999999998,-27.2944866424112,-2.469714082168297,133.9923232800112
170.9188880952643,-21.730970870545683,0.9999999999999998,-27.293586727320626,-2.464394344990966,133.96954423781835
170.92247116512274,-21.741189394293087,0.9999999999999999,-27.292702168815442,-2.4590779471228608,133.94672866607934
170.926052033899,-21.75140890628193,0.9999999999999998,-27.29183308029489,-2.4537649219321658,133.92387648329694
170.9296307384503,-21.761629392118028,0.9999999999999996,-27.290979575159145,-2.44845530280986,133.90098760797375
170.9332073156423,-21.771850837403857,0.9999999999999999,-27.290141766809345,-2.4431491231697287,133.8780619586125
170.93678180234926,-21.782073227738593,0.9999999999999997,-27.289319768647644,-2.4378464164483997,133.855099453716
170.94035423545398,-21.792296548718078,0.9999999999999998,-27.288513694077135,-2.432547216105391,133.83210001178685
170.9439246518477,-21.802520785934806,0.9999999999999998,-27.28772365650194,-2.4272515556231333,133.80906355132782
170.9474930884304,-21.81274592497801,0.9999999999999997,-27.28694976932716,-2.421959468506989,133.7859899908415
170.95105958211047,-21.822971951433548,0.9999999999999998,-27.286192145958886,-2.416670988285313,133.76287924883073
170.95462416980502,-21.833198850883992,0.9999999999999998,-27.285450899804204,-2.4113861485094645,133.73973124379816
170.95818688843977,-21.8434266089086,0.9999999999999998,-27.28472614427126,-2.4061049827538596,133.7165458942464
170.96174777494898,-21.853655211083314,0.9999999999999999,-27.28401799276914,-2.400827524615986,133.69332311867834
170.96530686627568,-21.863884642980764,0.9999999999999998,-27.283326558708012,-2.3955538077164675,133.6700628355966
170.96886419937155,-21.874114890170265,0.9999999999999998,-27.282651955499027,-2.3902838656990717,133.64676496350373
170.97241981119694,-21.884345938217837,0.9999999999999998,-27.281994296554394,-2.3850177322307697,133.62342942090268
170.97597373872085,-21.89457777268619,0.9999999999999996,-27.281353695287322,-2.3797554410017536,133.60005612629607
170.97952601892112,-21.90481037913471,0.9999999999999997,-27.280730265112073,-2.3744970257255016,133.57664499818654
170.98307668878428,-21.91504374311952,0.9999999999999997,-27.28012411944395,-2.3692425201387923,133.55319595507683
170.9866257853056,-21.925277850193392,0.9999999999999996,-27.279535371699303,-2.3639919580017583,133.52970891546966
170.99017334548915,-21.935512685905838,0.9999999999999998,-27.278964135295496,-2.358745373097909,133.50618379786775
170.99371940634776,-21.945748235803038,0.9999999999999998,-27.27841052365098,-2.3535027992342084,133.48262052077374
170.99726400490317,-21.955984485427898,0.9999999999999996,-27.27787465018527,-2.3482642702410743,133.4590190026903
171.00080717818577,-21.966221420319997,0.9999999999999997,-27.277356628318874,-2.3430298199724486,133.43537916212034
171.004348963235,-21.97645902601564,0.9999999999999997,-27.27685657147343,-2.337799482305824,133.41170091756638
171.00788939709898,-21.986697288047825,0.9999999999999998,-27.276374593071594,-2.332573291142289,133.3879841875312
171.01142851683485,-21.99693619194624,0.9999999999999997,-27.27591080653711,-2.327351280406603,133.36422889051738
171.01496635950855,-22.00717572323731,0.9999999999999998,-27.275465325294743,-2.3221334840471695,133.34043494502785
171.018502962195,-22.01741586744413,0.9999999999999998,-27.27503826277043,-2.3169199360361805,133.31660226956512
171.02203836197793,-22.027656610086517,0.9999999999999996,-27.27462973239105,-2.3117106703695427,133.29273078263202
171.0255725959502,-22.037897936680974,0.9999999999999997,-27.274239847584656,-2.3065057210670634,133.2688204027311
171.02910570121344,-22.048139832740738,0.9999999999999996,-27.273868721780318,-2.3013051221723515,133.24487104836527
171.03263771487838,-22.058382283775735,0.9999999999999996,-27.27351646840823,-2.296108907752984,133.2208826380371
171.03616867406473,-22.0686252752926,0.9999999999999997,-27.27318320089961,-2.2909171119004927,133.19685509024922
171.03969861590116,-22.078868792794662,0.9999999999999997,-27.272869032686813,-2.2857297687304197,133.17278832350453
171.04322757752539,-22.089112821781956,0.9999999999999998,-27.272574077203213,-2.280546912382377,133.1486822563056
171.04675559608418,-22.09935734775125,0.9999999999999997,-27.272298447883315,-2.275368577020087,133.12453680715515
171.05028270873336,-22.109602356195992,0.9999999999999997,-27.272042258162703,-2.2701947968314613,133.100351894556
171.05380895263787,-22.11984783260632,0.9999999999999994,-27.271805621478027,-2.2650256060286154,133.07612743701057
171.0573343649716,-22.13009376246911,0.9999999999999996,-27.271588651267013,-2.259861038847916,133.05186335302196
171.06085898291775,-22.140340131267923,0.9999999999999998,-27.271391460968495,-2.254701129550094,133.0275595610926
171.06438284366848,-22.15058692448302,0.9999999999999998,-27.271214164022382,-2.249545912420233,133.00321597972524
171.06790598442515,-22.16083412759138,0.9999999999999997,-27.271056873869682,-2.2443954217678357,132.97883252742258
171.0714284423983,-22.17108172606667,0.9999999999999996,-27.270919703952437,-2.2392496919269025,132.95440912268734
171.0749502548075,-22.181329705379262,0.9999999999999997,-27.27080276771383,-2.2341087572559655,132.9299456840223
171.07847145888175,-22.191578050996227,0.9999999999999998,-27.270706178598104,-2.228972652138175,132.90544212993007
171.08199209185904,-22.201826748381343,0.9999999999999996,-27.27063005005058,-2.223841410981297,132.8808983789134
171.08551219098663,-22.21207578299507,0.9999999999999997,-27.27057449551767,-2.218715068217838,132.85631434947493
171.0890317935211,-22.222325140294586,0.9999999999999997,-27.270539628446873,-2.2135936583050473,132.83168996011744
171.09255093672814,-22.232574805733748,0.9999999999999996,-27.270525562286746,-2.208477215725006,132.80702512934366
171.0960696578828,-22.242824764763117,0.9999999999999994,-27.270532410486947,-2.2033657749846824,132.78231977565613
171.09958799426937,-22.253075002829934,0.9999999999999997,-27.27056028649818,-2.1982593706159843,132.75757381755773
171.10310598318145,-22.263325505378162,0.9999999999999996,-27.270609303772265,-2.1931580371758095,132.73278717355103
171.1066236619219,-22.273576257848426,0.9999999999999997,-27.27067957576205,-2.1880618092461326,132.70795976213887
171.11014106780294,-22.283827245678044,0.9999999999999997,-27.27077121592149,-2.1829707214340566,132.6830915018239
171.1136582381462,-22.294078454301033,0.9999999999999998,-27.270884337705596,-2.177884808371875,132.6581823111088
171.1171752102825,-22.304329869148095,0.9999999999999997,-27.271019054570445,-2.1728041047171,132.6332321084962
