galstreams/tracks/track.st.Phoenix.shipp2019.ecsv
# %ECSV 0.9
# ---
# datatype:
# - {name: ra, unit: deg, datatype: float64}
# - {name: dec, unit: deg, datatype: float64}
# - {name: distance, unit: kpc, datatype: float64}
# - {name: pm_ra_cosdec, unit: mas / yr, datatype: float64}
# - {name: pm_dec, unit: mas / yr, datatype: float64}
# - {name: radial_velocity, unit: km / s, datatype: float64}
# delimiter: ','
# meta: !!omap
# - __serialized_columns__:
#     dec:
#       __class__: astropy.coordinates.angles.Latitude
#       unit: &id001 !astropy.units.Unit {unit: deg}
#       value: !astropy.table.SerializedColumn {name: dec}
#     distance:
#       __class__: astropy.coordinates.distances.Distance
#       unit: !astropy.units.Unit {unit: kpc}
#       value: !astropy.table.SerializedColumn {name: distance}
#     pm_dec:
#       __class__: astropy.units.quantity.Quantity
#       unit: !astropy.units.Unit {unit: mas / yr}
#       value: !astropy.table.SerializedColumn {name: pm_dec}
#     pm_ra_cosdec:
#       __class__: astropy.units.quantity.Quantity
#       unit: !astropy.units.Unit {unit: mas / yr}
#       value: !astropy.table.SerializedColumn {name: pm_ra_cosdec}
#     ra:
#       __class__: astropy.coordinates.angles.Longitude
#       unit: *id001
#       value: !astropy.table.SerializedColumn {name: ra}
#       wrap_angle: !astropy.coordinates.Angle
#         unit: *id001
#         value: 360.0
#     radial_velocity:
#       __class__: astropy.units.quantity.Quantity
#       unit: !astropy.units.Unit {unit: km / s}
#       value: !astropy.table.SerializedColumn {name: radial_velocity}
# schema: astropy-2.0
ra,dec,distance,pm_ra_cosdec,pm_dec,radial_velocity
[from data line 674]
24.69999230704237,-49.085902861497885,17.5000000000014,2.6915741992434716,-0.06391475240460691,1.2090830066728466e-08
24.705615339333555,-49.07659526370366,17.5000000000014,2.6915156489935246,-0.06403494343179308,1.2092315279530997e-08
24.71123409684103,-49.067286833816986,17.5000000000014,2.6914573933658597,-0.06415553651648839,1.2093667865251233e-08
24.71684858201398,-49.05797757234352,17.500000000001396,2.691399432387585,-0.06427653144956338,1.2094886244995337e-08
24.722458797299826,-49.04866747978834,17.500000000001396,2.6913417660856904,-0.06439792802209332,1.2095977786934546e-08
24.728064745144177,-49.03935655665589,17.500000000001396,2.6912843944870612,-0.06451972602535885,1.2096946701452427e-08
24.733666427990887,-49.030044803450075,17.500000000001396,2.691227317618467,-0.06464192525084349,1.2097833513490791e-08
24.73926384828198,-49.020732220674155,17.5000000000014,2.6911705355065676,-0.06476452549023867,1.2098561909847526e-08
24.744857008457725,-49.011418808830804,17.500000000001396,2.691114048177914,-0.06488752653543844,1.2099171889166496e-08
24.750445910956604,-49.00210456842215,17.5000000000014,2.6910578556589404,-0.06501092817854173,1.2099652399190845e-08
24.756030558215304,-48.992789499949666,17.500000000001396,2.691001957975976,-0.06513473021185096,1.2099987124684257e-08
24.761610952668725,-48.983473603914256,17.500000000001393,2.690946355155238,-0.06525893242787252,1.2100218695780328e-08
24.76718709675002,-48.97415688081626,17.500000000001393,2.6908910472228316,-0.0653835346193172,1.2100339218009874e-08
24.772758992890516,-48.96483933115538,17.500000000001393,2.6908360342047555,-0.06550853657909994,1.2100322902773561e-08
24.778326643519787,-48.95552095543077,17.500000000001393,2.6907813161268956,-0.0656339381003367,1.2100190275691265e-08
24.783890051065615,-48.946201754140986,17.500000000001393,2.690726893015029,-0.06575973897634971,1.2099918179653381e-08
24.78944921795402,-48.93688172778395,17.500000000001393,2.6906727648948254,-0.06588593900066214,1.209951714061882e-08
24.795004146609223,-48.92756087685706,17.50000000000139,2.6906189317918434,-0.06601253796700149,1.2099006631611572e-08
24.8005548394537,-48.91823920185708,17.500000000001393,2.690565393731534,-0.06613953566929652,1.2098374547778886e-08
24.806101298908118,-48.908916703280234,17.500000000001393,2.690512150739238,-0.06626693190167918,1.2097607205374177e-08
24.81164352739139,-48.89959338162209,17.500000000001386,2.690459202840192,-0.06639472645848489,1.2096707762185118e-08
24.817181527320646,-48.8902692373777,17.50000000000139,2.690406550059517,-0.06652291913424926,1.2095710953876118e-08
24.82271530111125,-48.88094427104151,17.500000000001393,2.6903541924222343,-0.06665150972371156,1.2094568361036183e-08
24.828244851176805,-48.87161848310736,17.500000000001386,2.6903021299532526,-0.0667804980218115,1.2093317877117398e-08
24.83377017992911,-48.862291874068525,17.500000000001386,2.690250362677374,-0.06690988382369215,1.2091933713520425e-08
24.839291289778238,-48.85296444441769,17.50000000000139,2.6901988906192944,-0.06703966692469719,1.209041534394732e-08
24.844808183132464,-48.84363619464697,17.500000000001386,2.6901477138036025,-0.06716984712037045,1.2088784872911798e-08
24.85032086239829,-48.834307125247875,17.500000000001386,2.690096832254778,-0.06730042420645943,1.2086994933598756e-08
24.855829329980494,-48.82497723671135,17.50000000000139,2.690046245997195,-0.06743139797890965,1.2085119207720577e-08
24.861333588282037,-48.815646529527754,17.500000000001382,2.6899959550551285,-0.06756276823386986,1.2083122959612851e-08
24.866833639704154,-48.80631500418688,17.500000000001382,2.689945959452733,-0.06769453476768816,1.208100250518996e-08
24.872329486646276,-48.796982661177914,17.500000000001382,2.6898962592140676,-0.06782669737691359,1.207870784614707e-08
24.877821131506124,-48.78764950098951,17.500000000001382,2.6898468543630845,-0.06795925585829468,1.2076359504713726e-08
24.883308576679617,-48.77831552410967,17.500000000001382,2.689797744923627,-0.06809221000878135,1.2073841169043949e-08
24.88879182456092,-48.7689807310259,17.50000000000138,2.689748930919437,-0.06822555962552199,1.2071216521189157e-08
24.894270877542453,-48.759645122225066,17.500000000001382,2.6897004123741475,-0.06835930450586626,1.2068461877741797e-08
24.89974573801486,-48.75030869819349,17.500000000001382,2.689652189311289,-0.06849344444736136,1.2065571975722414e-08
24.905216408367053,-48.740971459416926,17.50000000000138,2.689604261754289,-0.06862797924775556,1.2062581024497472e-08
24.910682890986145,-48.7316334063805,17.500000000001375,2.6895566297264657,-0.06876290870499562,1.2059432183888845e-08
24.916145188257538,-48.72229453956886,17.500000000001375,2.689509293251036,-0.06889823261722751,1.2056196504119193e-08
24.921603302564844,-48.71295485946595,17.50000000000138,2.6894622523511167,-0.06903395078279617,1.205279977717818e-08
24.927057236289947,-48.70361436655527,17.500000000001375,2.6894155070497128,-0.06917006300024457,1.2049318316267924e-08
24.932506991812957,-48.69427306131966,17.50000000000137,2.6893690573697326,-0.06930656906831445,1.2045672650398635e-08
24.937952571512245,-48.68493094424143,17.50000000000137,2.6893229033339767,-0.06944346878594662,1.2041916988258712e-08
24.943393977764437,-48.67558801580232,17.500000000001364,2.6892770449651455,-0.06958076195227954,1.203803975129335e-08
24.948831212944384,-48.66624427648345,17.500000000001368,2.6892314822858334,-0.06971844836664837,1.2034017782392946e-08
24.954264279425217,-48.656899726765424,17.50000000000137,2.689186215318537,-0.0698565278285884,1.2029913711013025e-08
24.959693179578302,-48.64755436712827,17.500000000001364,2.6891412440856466,-0.0699950001378302,1.202566227620833e-08
24.965117915773252,-48.63820819805141,17.500000000001368,2.6890965686094486,-0.0701338650943037,1.2021261899085025e-08
24.970538490377955,-48.62886122001373,17.500000000001368,2.6890521889121333,-0.07027312249813548,1.2016764683139729e-08
24.97595490575853,-48.619513433493566,17.500000000001368,2.689008105015785,-0.0704127721496484,1.2012133261218298e-08
24.98136716427938,-48.61016483896863,17.500000000001364,2.688964316942386,-0.07055281384936324,1.2007406053070767e-08
24.986775268303134,-48.600815436916115,17.50000000000136,2.6889208247138194,-0.07069324739799673,1.200252569222106e-08
24.9921792201907,-48.591465227812634,17.500000000001357,2.6888776283518654,-0.07083407259646214,1.1997527440631534e-08
24.997579022301238,-48.58211421213423,17.50000000000136,2.6888347278782048,-0.07097528924587104,1.1992408140514517e-08
25.002974676992153,-48.572762390356374,17.50000000000136,2.688792123314415,-0.07111689714752828,1.1987148845143967e-08
25.00836618661915,-48.56340976295399,17.500000000001357,2.6887498146819784,-0.07125889610293605,1.1981781132396619e-08
25.01375355353614,-48.554056330401444,17.500000000001357,2.6887078020022686,-0.0714012859137936,1.1976282897758759e-08
25.01913678009535,-48.54470209317251,17.500000000001357,2.6886660852965667,-0.0715440663819937,1.1970665719785189e-08
25.02451586864724,-48.53534705174042,17.500000000001357,2.68862466458605,-0.07168723730962659,1.196491117804781e-08
25.02989082154054,-48.525991206577864,17.500000000001354,2.6885835398917974,-0.07183079849897642,1.195904190335829e-08
25.03526164112225,-48.51663455815691,17.50000000000135,2.6885427112347884,-0.07197474975252266,1.1953051053843331e-08
25.040628329737626,-48.507277106949125,17.500000000001354,2.6885021786359014,-0.07211909087294013,1.1946919156478948e-08
25.045990889730206,-48.4979188534255,17.500000000001346,2.6884619421159175,-0.07226382166309885,1.1940649369052812e-08
25.05134932344179,-48.48855979805644,17.50000000000135,2.6884220016955176,-0.07240894192606255,1.1934295373955377e-08
25.056703633212443,-48.47919994131183,17.500000000001346,2.6883823573952865,-0.07255445146509007,1.1927810330669485e-08
25.06205382138051,-48.469839283660995,17.500000000001346,2.6883430092357075,-0.07270035008363418,1.1921196870684861e-08
25.067399890282584,-48.46047782557265,17.500000000001343,2.688303957237168,-0.0728466375853426,1.191442710021039e-08
25.072741842253567,-48.45111556751502,17.500000000001346,2.688265201419956,-0.0729933137740556,1.1907542070485828e-08
25.078079679626605,-48.44175250995572,17.500000000001336,2.688226741804261,-0.07314037845380805,1.1900573885685858e-08
25.083413404733125,-48.432388653361855,17.50000000000134,2.688188578410175,-0.07328783142882847,1.189342412809465e-08
25.088743019902846,-48.423023998199945,17.500000000001343,2.688150711257695,-0.07343567250353797,1.188618595244858e-08
25.094068527463726,-48.41365854493598,17.500000000001336,2.688113140366721,-0.07358390148255195,1.1878835149042148e-08
25.099389929742046,-48.40429229403534,17.50000000000134,2.6880758657570496,-0.07373251817067841,1.187133961370067e-08
25.104707229062328,-48.39492524596293,17.500000000001336,2.6880388874483874,-0.07388152237291765,1.1863716187958408e-08
25.11002042774739,-48.38555740118305,17.500000000001336,2.6880022054603416,-0.07403091389446376,1.1855957503644121e-08
25.11532952811833,-48.37618876015946,17.50000000000133,2.687965819812426,-0.07418069254070325,1.1848100401614005e-08
25.120634532494524,-48.36681932335537,17.50000000000133,2.687929730524052,-0.07433085811721338,1.1840119619566668e-08
25.12593544319362,-48.35744909123345,17.50000000000133,2.6878939376145397,-0.07448141042976572,1.1831977790347973e-08
25.131232262531576,-48.3480780642558,17.500000000001325,2.6878584411031134,-0.07463234928432227,1.182375280605387e-08
25.1365249928226,-48.338706242883994,17.50000000000132,2.6878232410088994,-0.07478367448703853,1.181538098463294e-08
25.141813636379215,-48.32933362757901,17.500000000001325,2.6877883373509293,-0.07493538584425927,1.1806868115362586e-08
25.14709819551221,-48.319960218801356,17.50000000000132,2.6877537301481436,-0.07508748316252266,1.179827840659217e-08
25.15237867253067,-48.31058601701091,17.500000000001318,2.6877194194193805,-0.07523996624855842,1.1789498704263386e-08
25.157655069741967,-48.30121102266705,17.50000000000132,2.6876854051833887,-0.07539283490928522,1.1780657425074966e-08
25.162927389451752,-48.29183523622859,17.500000000001315,2.687651687458821,-0.07554608895181543,1.1771661414290533e-08
25.16819563396399,-48.28245865815383,17.50000000000131,2.687618266264236,-0.07569972818344964,1.1762540670892992e-08
25.173459805580897,-48.273081288900464,17.500000000001315,2.6875851416180963,-0.07585375241168131,1.1753299405265902e-08
25.178719906603025,-48.2637031289257,17.500000000001315,2.687552313538773,-0.07600816144419315,1.174389025059416e-08
25.183975939329194,-48.254324178686154,17.50000000000131,2.687519782044543,-0.07616295508885676,1.1734432676511422e-08
25.189227906056516,-48.244944438637944,17.500000000001307,2.6874875471535873,-0.07631813315373752,1.1724818791938836e-08
25.194475809080412,-48.23556390923662,17.500000000001307,2.6874556088839965,-0.07647369544708726,1.1715079648455195e-08
25.199719650694576,-48.22618259093717,17.500000000001307,2.6874239672537663,-0.07662964177734954,1.1705188931163213e-08
25.20495943319103,-48.21680048419409,17.500000000001304,2.6873926222807993,-0.07678597195315681,1.1695194533175945e-08
25.210195158860063,-48.20741758946128,17.500000000001304,2.6873615739829066,-0.07694268578333022,1.1685072244787894e-08
25.215426829990285,-48.19803390719214,17.5000000000013,2.687330822377806,-0.07709978307688126,1.167485048608812e-08
25.220654448868594,-48.18864943783951,17.500000000001297,2.6873003674831213,-0.07725726364301055,1.1664497679199888e-08
25.225878017780193,-48.1792641818557,17.500000000001297,2.6872702093163876,-0.07741512729110636,1.1653990140715644e-08
25.23109753900857,-48.169878139692464,17.500000000001293,2.687240347895045,-0.07757337383074671,1.164336365889569e-08
25.23631301483555,-48.16049131180104,17.500000000001297,2.6872107832364414,-0.07773200307169853,1.1632614023356462e-08
25.241524447541234,-48.15110369863211,17.500000000001293,2.687181515357837,-0.07789101482391483,1.1621768601591134e-08
25.246731839404028,-48.14171530063583,17.50000000000129,2.687152544276397,-0.07805040889754003,1.1610763185250335e-08
25.25193519270066,-48.13232611826182,17.50000000000129,2.687123870009195,-0.07821018510290448,1.159963987816972e-08
25.257134509706155,-48.12293615195915,17.500000000001286,2.687095492573218,-0.07837034325052575,1.1588420258565057e-08
25.26232979269384,-48.11354540217637,17.500000000001283,2.6870674119853555,-0.07853088315111163,1.1577024855446556e-08
25.267521043935353,-48.10415386936148,17.500000000001283,2.687039628262412,-0.07869180461555547,1.1565527350526606e-08
25.272708265700658,-48.094761553961966,17.500000000001275,2.6870121414211012,-0.07885310745493815,1.155394669053125e-08
25.27789146025799,-48.08536845642475,17.50000000000128,2.6869849514780406,-0.07901479148052852,1.1542165511018613e-08
25.283070629873947,-48.075974577196256,17.500000000001275,2.6869580584497657,-0.07917685650378106,1.1530278019320961e-08
25.288245776813405,-48.06657991672235,17.500000000001275,2.6869314623527165,-0.0793393023363379,1.1518294741397207e-08
25.29341690333956,-48.05718447544837,17.500000000001272,2.6869051632032463,-0.07950212879002802,1.1506179362689103e-08
25.298584011713917,-48.04778825381913,17.50000000000127,2.686879161017617,-0.07966533567686625,1.1493937146176105e-08
25.30374710419631,-48.03839125227891,17.50000000000127,2.6868534558120034,-0.07982892280905496,1.1481571775943833e-08
25.308906183044876,-48.02899347127146,17.50000000000127,2.686828047602487,-0.0799928899989806,1.1469068515649811e-08
25.314061250516076,-48.019594911239984,17.50000000000127,2.686802936405067,-0.08015723705921732,1.1456451574999533e-08
25.319212308864707,-48.0101955726272,17.50000000000126,2.6867781222356473,-0.08032196380252352,1.1443731479951917e-08
25.324359360343838,-48.00079545587523,17.50000000000126,2.686753605110046,-0.08048707004184527,1.1430840864369919e-08
25.3295024072049,-47.991394561425736,17.500000000001258,2.6867293850439955,-0.0806525555903119,1.1417848673284417e-08
25.334641451697628,-47.98199288971982,17.500000000001258,2.6867054620531357,-0.08081842026123946,1.1404732802181695e-08
25.339776496070087,-47.972590441198044,17.500000000001254,2.6866818361530216,-0.080984663868128,1.1391479567315167e-08
25.344907542568663,-47.96318721630047,17.50000000000125,2.686658507359117,-0.08115128622466317,1.1378125809541025e-08
25.350034593438053,-47.953783215466615,17.50000000000125,2.6866354756868027,-0.08131828714471544,1.1364607320509907e-08
25.355157650921303,-47.944378439135505,17.500000000001247,2.6866127411513694,-0.08148566644233969,1.1350998834530089e-08
25.36027671725976,-47.93497288774557,17.500000000001243,2.68659030376802,-0.08165342393177452,1.1337245090317278e-08
25.36539179469312,-47.92556656173481,17.500000000001247,2.6865681635518706,-0.08182155942744349,1.1323378192046162e-08
25.37050288545939,-47.91615946154062,17.50000000000124,2.6865463205179547,-0.08199007274395462,1.1309369719627673e-08
25.375609991794914,-47.90675158759991,17.50000000000124,2.6865247746812133,-0.08215896369609843,1.1295233883106344e-08
25.380713115934373,-47.89734294034908,17.500000000001236,2.686503526056504,-0.08232823209885032,1.1281001207763024e-08
25.385812260110757,-47.88793352022397,17.500000000001233,2.6864825746585987,-0.0824978777673695,1.1266621695292875e-08
25.39090742655542,-47.87852332765992,17.500000000001233,2.6864619205021785,-0.08266790051699631,1.1252145344000733e-08
25.39599861749801,-47.86911236309176,17.50000000000123,2.686441563601847,-0.08283830016325713,1.1237503735153669e-08
25.401085835166537,-47.85970062695378,17.50000000000123,2.686421503972114,-0.0830090765218596,1.1222764234888718e-08
25.406169081787343,-47.85028811967976,17.500000000001226,2.68640174162741,-0.08318022940869454,1.1207887897157908e-08
25.4112483595851,-47.840874841702956,17.500000000001226,2.6863822765820755,-0.08335175863983621,1.1192864196002323e-08
