galstreams/tracks/track.st.Gaia-9.ibata2021.ecsv
# %ECSV 0.9
# ---
# datatype:
# - {name: ra, unit: deg, datatype: float64}
# - {name: dec, unit: deg, datatype: float64}
# - {name: distance, unit: kpc, datatype: float64}
# - {name: pm_ra_cosdec, unit: mas / yr, datatype: float64}
# - {name: pm_dec, unit: mas / yr, datatype: float64}
# - {name: radial_velocity, unit: km / s, datatype: float64}
# delimiter: ','
# meta: !!omap
# - __serialized_columns__:
#     dec:
#       __class__: astropy.coordinates.angles.Latitude
#       unit: &id001 !astropy.units.Unit {unit: deg}
#       value: !astropy.table.SerializedColumn {name: dec}
#     distance:
#       __class__: astropy.coordinates.distances.Distance
#       unit: !astropy.units.Unit {unit: kpc}
#       value: !astropy.table.SerializedColumn {name: distance}
#     pm_dec:
#       __class__: astropy.units.quantity.Quantity
#       unit: !astropy.units.Unit {unit: mas / yr}
#       value: !astropy.table.SerializedColumn {name: pm_dec}
#     pm_ra_cosdec:
#       __class__: astropy.units.quantity.Quantity
#       unit: !astropy.units.Unit {unit: mas / yr}
#       value: !astropy.table.SerializedColumn {name: pm_ra_cosdec}
#     ra:
#       __class__: astropy.coordinates.angles.Longitude
#       unit: *id001
#       value: !astropy.table.SerializedColumn {name: ra}
#       wrap_angle: !astropy.coordinates.Angle
#         unit: *id001
#         value: 360.0
#     radial_velocity:
#       __class__: astropy.units.quantity.Quantity
#       unit: !astropy.units.Unit {unit: km / s}
#       value: !astropy.table.SerializedColumn {name: radial_velocity}
# schema: astropy-2.0
ra,dec,distance,pm_ra_cosdec,pm_dec,radial_velocity
[from data line 1393]
239.44883089289556,59.14997383428436,4.322277131660368,-10.80835029285133,7.1057266333059586,-2.5262301389617013e-14
239.45781357433768,59.140924196398906,4.322954670535201,-10.80457953086845,7.103972406346912,3.368306851948935e-14
239.46678906045497,59.13187326978915,4.323633278654648,-10.800811394319922,7.102216397616281,8.420767129872338e-15
239.4757573510314,59.12282105400396,4.324312957434428,-10.797045886063113,7.100458610217311,7.578690416885104e-14
239.48471844585123,59.1137675485924,4.324993708290266,-10.793283008953843,7.09869904725361,-2.5262301389617013e-14
239.49367234469852,59.10471275310377,4.32567553263788,-10.789522765846407,7.096937711829081,-6.73661370389787e-14
239.5026190473576,59.09565666708759,4.326358431892995,-10.78576515959358,7.095174607047981,8.420767129872338e-15
239.51155855361296,59.08659929009364,4.327042407471333,-10.782010193046585,7.093409736014896,8.420767129872338e-15
239.52049086324902,59.07754062167185,4.3277274607886165,-10.778257869055142,7.091643101834716,2.5262301389617013e-14
239.52941597605042,59.06848066137241,4.328413593260566,-10.774508190467436,7.089874707612663,-6.73661370389787e-14
239.53833389180173,59.05941940874571,4.329100806302906,-10.77076116013015,7.088104556454256,-9.262843842859572e-14
239.54724461028778,59.05035686334238,4.329789101331357,-10.767016780888433,7.0863326514653355,-5.894536990910637e-14
239.55614813129338,59.04129302471322,4.330478479761645,-10.763275055585922,7.084558995752034,0.0
239.56504445460357,59.032227892409274,4.331168943009487,-10.75953598706475,7.082783592420807,5.894536990910637e-14
239.5739335800033,59.02316146598175,4.331860492490608,-10.755799578165528,7.0810064445783985,-8.420767129872338e-15
239.58281550727784,59.014093744982155,4.332553129620731,-10.75206583172736,7.079227555331831,-8.420767129872338e-15
239.5916902362123,59.005024728962105,4.333246855815576,-10.748334750587876,7.077446927788433,2.5262301389617013e-14
239.6005577665921,58.99595441747345,4.333941672490867,-10.74460633758315,7.07566456505581,-8.420767129872338e-15
239.60941809820264,58.986882810068266,4.334637581062325,-10.7408805955478,7.073880470241854,0.0
239.61827123082952,58.977809906298795,4.3353345829456735,-10.737157527314931,7.072094646454736,0.0
239.62711716425832,58.96873570571752,4.3360326795566335,-10.733437135716148,7.070307096802899,8.420767129872338e-15
239.63595589827486,58.9596602078771,4.336731872310929,-10.729719423581566,7.06851782439506,-1.6841534259744676e-14
239.6447874326649,58.95058341233035,4.337432162624281,-10.726004393739808,7.066726832340182,0.0
239.65361176721453,58.94150531863037,4.338133551912411,-10.722292049018018,7.064934123747522,-4.210383564936169e-14
239.6624289017097,58.93242592633036,4.338836041591043,-10.718582392241846,7.06313970172657,2.5262301389617013e-14
239.67123883593655,58.92334523498376,4.339539633075897,-10.714875426235462,7.061343569387086,4.210383564936169e-14
239.6800415696815,58.91426324414422,4.340244327782699,-10.71117115382155,7.059545729839077,3.368306851948935e-14
239.68883710273084,58.9051799533655,4.340950127127168,-10.707469577821316,7.057746186192788,-5.894536990910637e-14
239.69762543487107,58.896095362201635,4.341657032525027,-10.703770701054506,7.055944941558721,-1.0104920555846805e-13
239.70640656588876,58.887009470206785,4.342365045391998,-10.700074526339382,7.054141999047593,8.420767129872338e-15
239.71518049557073,58.87792227693534,4.343074167143804,-10.696381056492713,7.052337361770398,-5.894536990910637e-14
239.72394722370368,58.8688337819418,4.343784399196167,-10.692690294329847,7.050531032838311,2.5262301389617013e-14
239.73270675007464,58.85974398478093,4.344495742964811,-10.689002242664618,7.048723015362779,0.0
239.7414590744706,58.85065288500762,4.3452081998654535,-10.685316904309433,7.0469133124554375,5.0524602779234026e-14
239.75020419667888,58.84156048217694,4.345921771313821,-10.681634282075205,7.045101927228183,-7.578690416885104e-14
239.75894211648657,58.832466775844175,4.3466364587256345,-10.677954378771428,7.043288862793073,-5.894536990910637e-14
239.7676728336811,58.823371765564715,4.347352263516617,-10.674277197206106,7.041474122262419,-5.0524602779234026e-14
239.77639634805,58.8142754508942,4.348069187102489,-10.670602740185807,7.0396577087487255,1.6841534259744676e-14
239.78511265938104,58.805177831388384,4.3487872308989735,-10.666931010515631,7.037839625364709,-3.368306851948935e-14
239.79382176746185,58.79607890660321,4.349506396321793,-10.663262010999253,7.03601987522328,-9.262843842859572e-14
239.80252367208027,58.786978676094776,4.35022668478667,-10.659595744438882,7.034198461437541,-7.578690416885104e-14
239.8112183730244,58.77787713941938,4.350948097709326,-10.655932213635303,7.032375387120804,-7.578690416885104e-14
239.8199058700822,58.76877429613344,4.351670636505485,-10.65227142138783,7.030550655386536,-4.210383564936169e-14
239.82858616304205,58.759670145793564,4.352394302590867,-10.648613370494374,7.028724269348436,0.0
239.83725925169227,58.75056468795651,4.353119097381198,-10.644958063751368,7.026896232120352,-8.420767129872338e-15
239.84592513582132,58.74145792217921,4.353845022292193,-10.64130550395386,7.02506654681632,8.420767129872338e-15
239.8545838152178,58.73234984801872,4.354572078739581,-10.637655693895432,7.023235216550543,3.368306851948935e-14
239.8632352896705,58.7232404650323,4.355300268139083,-10.63400863636824,7.021402244437401,4.210383564936169e-14
239.87187955896826,58.714129772777326,4.356029591906419,-10.630364334163026,7.019567633591439,3.368306851948935e-14
239.88051662290002,58.70501777081135,4.356760051457313,-10.626722790069104,7.0177313871273626,0.0
239.88914648125495,58.69590445869204,4.3574916482074855,-10.623084006874365,7.015893508160029,-5.894536990910637e-14
239.8977691338222,58.68678983597727,4.358224383572662,-10.61944798736528,7.014053999804457,4.210383564936169e-14
239.90638458039126,58.67767390222503,4.358958258968563,-10.615814734326904,7.012212865175821,8.420767129872338e-15
239.9149928207516,58.668556656993445,4.359693275810909,-10.612184250542889,7.010370107389433,4.210383564936169e-14
239.92359385469277,58.659438099840784,4.360429435515424,-10.608556538795462,7.008525729560751,2.5262301389617013e-14
239.93218768200467,58.65031823032552,4.36116673949783,-10.604931601865431,7.006679734805378,-8.420767129872338e-15
239.9407743024771,58.64119704800618,4.361905189173849,-10.601309442532234,7.004832126239043,-5.0524602779234026e-14
239.94935371590012,58.632074552441495,4.362644785959205,-10.59769006357387,7.002982906977603,2.5262301389617013e-14
239.95792592206388,58.6229507431903,4.363385531269618,-10.594073467766957,7.001132080137059,4.210383564936169e-14
239.96649092075867,58.613825619811585,4.364127426520811,-10.590459657886713,6.9992796488335305,4.210383564936169e-14
239.975048711775,58.60469918186447,4.364870473128507,-10.586848636706938,6.997425616183248,-1.6841534259744676e-14
239.9835992949034,58.595571428908215,4.365614672508427,-10.583240407000066,6.995569985302571,-9.262843842859572e-14
239.99214266993448,58.586442360502204,4.3663600260762925,-10.579634971537143,6.993712759307947,6.73661370389787e-14
240.0006788366593,58.577311976205955,4.36710653524783,-10.576032333087777,6.991853941315973,8.420767129872338e-15
240.00920779486867,58.56818027557911,4.367854201438757,-10.572432494420253,6.989993534443324,-1.0104920555846805e-13
240.01772954435376,58.559047258181444,4.368603026064798,-10.568835458301443,6.988131541806762,-3.368306851948935e-14
240.02624408490584,58.54991292357287,4.3693530105416745,-10.565241227496832,6.986267966523187,0.0
240.03475141631634,58.54077727131339,4.370104156285109,-10.56164980477054,6.9844028117095664,-6.73661370389787e-14
240.04325153837675,58.531640300963176,4.370856464710824,-10.558061192885305,6.982536080482947,0.0
240.05174445087886,58.52250201208248,4.371609937234542,-10.554475394602486,6.980667775960496,-1.0104920555846805e-13
240.06023015361436,58.51336240423168,4.372364575271984,-10.550892412682092,6.978797901259431,8.420767129872338e-15
240.06870864637537,58.504221476971324,4.373120380238874,-10.547312249882726,6.97692645949707,-7.578690416885104e-14
240.0771799289539,58.495079229861986,4.373877353550933,-10.543734908961675,6.975053453790783,-2.5262301389617013e-14
240.0856440011423,58.48593566246445,4.374635496623884,-10.540160392674817,6.973178887258039,-3.368306851948935e-14
240.09410086273294,58.47679077433953,4.375394810873448,-10.536588703776701,6.971302763016354,-9.262843842859572e-14
240.10255051351834,58.467644565048225,4.376155297715349,-10.533019845020497,6.969425084183303,-8.420767129872338e-15
240.1109929532913,58.45849703415158,4.3769169585653085,-10.529453819158034,6.967545853876549,-1.6841534259744676e-14
240.11942818184457,58.44934818121077,4.377679794839048,-10.525890628939784,6.965665075213779,4.210383564936169e-14
240.12785619897127,58.44019800578712,4.378443807952291,-10.522330277114854,6.963782751312757,-1.6841534259744676e-14
240.1362770044644,58.431046507442,4.379208999320759,-10.51877276643103,6.96189888529127,2.5262301389617013e-14
240.14469059811745,58.421893685736926,4.379975370360174,-10.51521809963473,6.960013480267186,8.420767129872338e-15
240.15309697972373,58.41273954023347,4.380742922486258,-10.511666279471047,6.95812653935838,-3.368306851948935e-14
240.16149614907687,58.40358407049336,4.381511657114735,-10.508117308683715,6.956238065682772,-5.894536990910637e-14
240.1698881059706,58.394427276078396,4.382281575661326,-10.504571190015149,6.954348062358328,-8.420767129872338e-14
240.17827285019885,58.385269156550464,4.383052679541754,-10.501027926206419,6.952456532503019,2.5262301389617013e-14
240.18665038155572,58.376109711471564,4.383824970171738,-10.49748751999726,6.950563479234879,5.0524602779234026e-14
240.19502069983542,58.36694894040377,4.384598448967006,-10.49394997412608,6.948668905671943,0.0
240.20338380483227,58.35778684290931,4.385373117343275,-10.49041529132997,6.946772814932259,5.0524602779234026e-14
240.21173969634089,58.348623418550396,4.386148976716272,-10.486883474344674,6.944875210133905,-6.73661370389787e-14
240.22008837415578,58.33945866688945,4.386926028501715,-10.483354525904637,6.9429760943949415,8.420767129872338e-15
240.22842983807192,58.33029258748888,4.387704274115328,-10.47982844874297,6.94107547083347,5.894536990910637e-14
240.23676408788432,58.321125179911235,4.388483714972833,-10.47630524559147,6.939173342567593,-3.368306851948935e-14
240.24509112338805,58.31195644371914,4.389264352489953,-10.472784919180624,6.9372697127153815,-8.420767129872338e-15
240.2534109443784,58.30278637847532,4.390046188082409,-10.469267472239608,6.935364584394931,6.73661370389787e-14
240.26172355065094,58.29361498374252,4.390829223165925,-10.465752907496274,6.9334579607243265,-2.5262301389617013e-14
240.2700289420013,58.28444225908367,4.391613459156222,-10.462241227677184,6.931549844821643,-7.578690416885104e-14
240.27832711822506,58.27526820406166,4.392398897469021,-10.458732435507606,6.9296402398049075,5.0524602779234026e-14
240.28661807911843,58.26609281823954,4.393185539520046,-10.455226533711466,6.927729148792185,5.894536990910637e-14
240.29490182447742,58.25691610118041,4.39397338672502,-10.451723525011424,6.925816574901478,5.894536990910637e-14
240.3031783540983,58.24773805244744,4.394762440499664,-10.44822341212884,6.923902521250773,-3.368306851948935e-14
240.31144766777746,58.23855867160387,4.3955527022597005,-10.444726197783773,6.921986990958029,-3.368306851948935e-14
240.31970976531153,58.22937795821304,4.396344173420853,-10.441231884694993,6.920069987141158,7.578690416885104e-14
240.32796464649732,58.22019591183831,4.39713685539884,-10.437740475579993,6.918151512918065,5.0524602779234026e-14
240.33621231113173,58.21101253204315,4.397930749609388,-10.434251973154954,6.916231571406597,-5.0524602779234026e-14
240.3444527590118,58.20182781839106,4.398725857468217,-10.430766380134799,6.914310165724537,-3.368306851948935e-14
240.35268598993483,58.19264177044566,4.39952218039105,-10.427283699233158,6.912387298989652,-8.420767129872338e-15
240.36091200369825,58.18345438777058,4.400319719793608,-10.423803933162386,6.910462974319637,-8.420767129872338e-15
240.36913080009964,58.17426566992952,4.401118477091615,-10.420327084633563,6.9085371948321495,-7.578690416885104e-14
240.3773423789367,58.16507561648628,4.401918453700793,-10.416853156356503,6.906609963644756,1.6841534259744676e-14
240.3855467400075,58.155884227004655,4.402719651036863,-10.413382151039723,6.904681283875005,-8.420767129872338e-15
240.39374388310998,58.146691501048544,4.403522070515548,-10.40991407139051,6.902751158640335,8.420767129872338e-15
240.40193380804251,58.13749743818189,4.404325713552571,-10.406448920114858,6.900819591058148,-2.5262301389617013e-14
240.4101165146035,58.12830203796869,4.405130581563652,-10.40298669991751,6.898886584245745,-8.420767129872338e-14
240.41829200259144,58.119105299972965,4.405936675964516,-10.39952741350195,6.896952141320366,-5.0524602779234026e-14
240.4264602718052,58.10990722375885,4.406743998170884,-10.396071063570403,6.895016265399163,-3.368306851948935e-14
240.4346213220437,58.100707808890455,4.407552549598478,-10.392617652823835,6.893078959599201,2.5262301389617013e-14
240.4427751531061,58.091507054932,4.408362331663022,-10.389167183961968,6.891140227037475,2.5262301389617013e-14
240.4509217647917,58.082304961447726,4.409173345780234,-10.385719659683264,6.889200070830879,-4.210383564936169e-14
240.4590611568999,58.073101528001885,4.409985593365842,-10.382275082684952,6.887258494096185,-9.262843842859572e-14
240.46719332923027,58.06389675415884,4.410799075835562,-10.378833455663013,6.88531549995009,-8.420767129872338e-15
240.47531828158276,58.05469063948292,4.411613794605121,-10.375394781312174,6.883371091509195,-6.73661370389787e-14
240.48343601375726,58.045483183538565,4.41242975109024,-10.371959062325939,6.881425271889977,-4.210383564936169e-14
240.49154652555396,58.036274385890216,4.413246946706643,-10.368526301396567,6.879478044208819,-1.0104920555846805e-13
240.49964981677317,58.027064246102334,4.414065382870047,-10.365096501215087,6.877529411581964,-9.262843842859572e-14
240.50774588721535,58.017852763739455,4.414885060996179,-10.361669664471304,6.875579377125552,5.894536990910637e-14
240.5158347366813,58.00863993836612,4.41570598250076,-10.35824579385377,6.873627943955629,-2.5262301389617013e-14
240.52391636497183,57.99942576954692,4.416528148799512,-10.354824892049844,6.871675115188069,-8.420767129872338e-15
240.531990771888,57.99021025684647,4.417351561308156,-10.351406961745635,6.869720893938649,-9.262843842859572e-14
240.5400579572309,57.98099339982939,4.418176221442418,-10.34799200562605,6.867765283322991,-6.73661370389787e-14
240.54811792080204,57.97177519806037,4.419002130618016,-10.344580026374786,6.865808286456591,1.6841534259744676e-14
240.556170662403,57.96255565110409,4.419829290250675,-10.341171026674278,6.863849906454828,-8.420767129872338e-15
240.5642161818355,57.953334758525266,4.420657701756117,-10.337765009205807,6.861890146432912,-4.210383564936169e-14
240.5722544789014,57.944112519888655,4.421487366550063,-10.334361976649411,6.859929009505896,0.0
240.58028555340294,57.934888934759016,4.422318286048235,-10.330961931683927,6.857966498788716,0.0
240.58830940514235,57.92566400270112,4.423150461666356,-10.32756487698699,6.85600261739614,-8.420767129872338e-15
240.59632603392208,57.91643772327977,4.423983894820148,-10.324170815235039,6.854037368442758,7.578690416885104e-14
240.60433543954488,57.90721009605977,4.424818586925336,-10.320779749103282,6.8520707550430355,0.0
240.6123376218135,57.89798112060598,4.425654539397638,-10.317391681265782,6.850102780311245,-4.210383564936169e-14
240.6203325805309,57.88875079648322,4.426491753652779,-10.314006614395382,6.848133447361488,5.894536990910637e-14
