galstreams/tracks/track.st.Ophiuchus.caldwell2020.ecsv
# %ECSV 0.9
# ---
# datatype:
# - {name: ra, unit: deg, datatype: float64}
# - {name: dec, unit: deg, datatype: float64}
# - {name: distance, unit: kpc, datatype: float64}
# - {name: pm_ra_cosdec, unit: mas / yr, datatype: float64}
# - {name: pm_dec, unit: mas / yr, datatype: float64}
# - {name: radial_velocity, unit: km / s, datatype: float64}
# delimiter: ','
# meta: !!omap
# - __serialized_columns__:
#     dec:
#       __class__: astropy.coordinates.angles.Latitude
#       unit: &id001 !astropy.units.Unit {unit: deg}
#       value: !astropy.table.SerializedColumn {name: dec}
#     distance:
#       __class__: astropy.coordinates.distances.Distance
#       unit: !astropy.units.Unit {unit: kpc}
#       value: !astropy.table.SerializedColumn {name: distance}
#     pm_dec:
#       __class__: astropy.units.quantity.Quantity
#       unit: !astropy.units.Unit {unit: mas / yr}
#       value: !astropy.table.SerializedColumn {name: pm_dec}
#     pm_ra_cosdec:
#       __class__: astropy.units.quantity.Quantity
#       unit: !astropy.units.Unit {unit: mas / yr}
#       value: !astropy.table.SerializedColumn {name: pm_ra_cosdec}
#     ra:
#       __class__: astropy.coordinates.angles.Longitude
#       unit: *id001
#       value: !astropy.table.SerializedColumn {name: ra}
#       wrap_angle: !astropy.coordinates.Angle
#         unit: *id001
#         value: 360.0
#     radial_velocity:
#       __class__: astropy.units.quantity.Quantity
#       unit: !astropy.units.Unit {unit: km / s}
#       value: !astropy.table.SerializedColumn {name: radial_velocity}
# schema: astropy-2.0
ra,dec,distance,pm_ra_cosdec,pm_dec,radial_velocity
[from data line 277]
243.8112019236895,-6.856683127434649,8.333333333333332,-7.030118936214638,-4.378226101638478,9.262843842859572e-14
243.82122946569442,-6.857392768156374,8.33333333333333,-7.040282991878341,-4.378668868957489,1.9367764398706378e-13
243.83125586069988,-6.858110751467421,8.33333333333333,-7.050429624274441,-4.379123289294874,2.8209569885072334e-13
243.8412810971751,-6.85883716502906,8.333333333333332,-7.060558289186216,-4.379588949160851,1.8104649329225526e-13
243.85130516352783,-6.859572097005182,8.333333333333332,-7.070668442412268,-4.380065431524105,2.568333974611063e-13
243.8613280481079,-6.860315636036597,8.33333333333333,-7.080759539857989,-4.380552315904179,4.631421921429786e-14
243.87134973921027,-6.861067871215368,8.333333333333332,-7.090831037627026,-4.381049178463856,1.347322740779574e-13
243.88137022507942,-6.8618288920592025,8.333333333333332,-7.1008823921127515,-4.381555592101606,2.442022467662978e-13
243.89138949391238,-6.8625987884857516,8.33333333333333,-7.110913060089677,-4.382071126543991,1.894672604221276e-13
243.90140753386245,-6.8633776507869735,8.333333333333332,-7.120922498804908,-4.3825953484381035,-7.999728773378721e-14
243.91142433304253,-6.864165569603444,8.333333333333329,-7.130910166069569,-4.383127821444024,-7.157652060391487e-14
243.92143987952912,-6.86496263589874,8.333333333333332,-7.140875520350169,-4.383668106327271,1.2631150694808508e-13
243.93145416136582,-6.865768940933759,8.333333333333332,-7.150818020860047,-4.384215761051302,7.157652060391487e-14
243.94146716656627,-6.866584576241027,8.33333333333333,-7.160737127650723,-4.384770340869965,1.2631150694808508e-13
243.95147888311854,-6.867409633599103,8.333333333333332,-7.1706323017032805,-4.385331398420027,2.568333974611063e-13
243.96148929898828,-6.8682442050068735,8.33333333333333,-7.180503005019732,-4.385898483813672,1.3894265764289357e-13
243.97149840212197,-6.869088382657877,8.333333333333334,-7.190348700714353,-4.386471144731016,1.5578419190263825e-13
243.98150618045113,-6.869942258914689,8.33333333333333,-7.200168853105039,-4.387048926512665,-2.1051917824680846e-14
243.99151262189534,-6.870805926283233,8.333333333333332,-7.209962927804603,-4.387631372252239,-3.789345208442552e-14
244.00151771436586,-6.871679477387094,8.33333333333333,-7.219730391812115,-4.388218022888949,2.610437810260425e-13
244.01152144576957,-6.872563004941903,8.33333333333333,-7.229470713604188,-4.3888084173001545,7.157652060391487e-14
244.0215238040118,-6.8734566017296475,8.33333333333333,-7.239183363226278,-4.389402092393961,2.568333974611063e-13
244.0315247770006,-6.874360360573004,8.33333333333333,-7.248867812383944,-4.389998583201813,-1.0946997268834039e-13
244.04152435264942,-6.875274374309663,8.33333333333333,-7.258523534534136,-4.390597422971083,2.73674931720851e-13
244.05152251888168,-6.876198735766701,8.33333333333333,-7.2681500049764285,-4.391198143257726,1.6841534259744676e-14
244.06151926363333,-6.877133537734887,8.33333333333333,-7.277746700944282,-4.391800274018882,9.683882199353189e-14
244.07151457485682,-6.878078872943001,8.333333333333332,-7.287313101696255,-4.392403343705537,7.157652060391487e-14
244.08150844052457,-6.879034834032208,8.333333333333332,-7.296848688607239,-4.393006879355174,2.48412630331234e-13
244.09150084863265,-6.880001513530373,8.33333333333333,-7.306352945259648,-4.393610406684445,8.420767129872338e-15
244.10149178720366,-6.880979003826364,8.333333333333332,-7.315825357534631,-4.3942134501818435,-5.4734986344170195e-14
244.11148124429099,-6.881967397144435,8.33333333333333,-7.325265413703248,-4.394815533200411,-5.894536990910637e-14
244.12146920798187,-6.882966785518528,8.33333333333333,-7.334672604517624,-4.39541617805043,1.0946997268834039e-13
244.13145566640102,-6.883977260766591,8.333333333333332,-7.344046423302138,-4.39601490609215,-3.368306851948935e-14
244.141440607714,-6.884998914464949,8.333333333333332,-7.353386366044556,-4.39661123782851,-4.210383564936169e-15
244.1514240201309,-6.886031837922598,8.333333333333332,-7.362691931487159,-4.397204692997883,1.0946997268834039e-13
244.1614058919098,-6.887076122155563,8.33333333333333,-7.371962621217879,-4.397794790666838,-4.631421921429786e-14
244.1713862113598,-6.88813185786118,8.333333333333332,-7.381197939761406,-4.398381049322881,2.1051917824680845e-13
244.18136496684534,-6.889199135392486,8.333333333333334,-7.390397394670279,-4.398962986967264,-4.210383564936169e-14
244.19134214678894,-6.890278044732523,8.33333333333333,-7.399560496615999,-4.399540121207757,7.157652060391487e-14
244.20131773967495,-6.891368675468627,8.33333333333333,-7.408686759480075,-4.400111969351443,3.368306851948935e-14
244.21129173405305,-6.892471116766817,8.33333333333333,-7.417775700445105,-4.400678048497552,7.578690416885104e-14
244.22126411854174,-6.8935854573460995,8.333333333333332,-7.426826840085823,-4.401237875630272,1.0104920555846805e-13
244.2312348818316,-6.894711785452762,8.33333333333333,-7.435839702460151,-4.401790967711597,-2.1051917824680846e-14
244.24120401268888,-6.895850188834751,8.33333333333333,-7.444813815200206,-4.4023368417741615,1.1368035625327657e-13
244.25117149995918,-6.89700075471598,8.33333333333333,-7.453748709603334,-4.402875015014121,1.4315304120782974e-13
244.26113733257037,-6.8981635697706185,8.333333333333332,-7.462643920723108,-4.403405004884013,1.4315304120782974e-13
244.27110149953657,-6.899338720097477,8.333333333333332,-7.471498987460328,-4.4039263291856505,1.2631150694808506e-14
244.28106398996127,-6.900526291194286,8.33333333333333,-7.480313452653986,-4.404438506163017,5.894536990910637e-14
244.29102479304098,-6.901726367932054,8.333333333333332,-7.489086863172245,-4.404941054595177,5.4734986344170195e-14
244.3009838980684,-6.9029390345293375,8.333333333333332,-7.497818770003412,-4.405433493889193,4.210383564936169e-14
244.31094129443616,-6.904164374526639,8.33333333333333,-7.506508728346848,-4.4059153441730725,9.683882199353189e-14
244.32089697164017,-6.905402470760669,8.33333333333333,-7.515156297703928,-4.406386126388699,-2.5262301389617013e-14
244.33085091928277,-6.906653405338691,8.333333333333332,-7.523761041968956,-4.406845362384799,1.3052189051302125e-13
244.3408031270766,-6.907917259612848,8.33333333333333,-7.532322529520077,-4.407292575009916,6.73661370389787e-14
244.35075358484775,-6.909194114154469,8.33333333333333,-7.540840333310167,-4.407727288205377,-1.2631150694808508e-13
244.3607022825391,-6.910484048728408,8.333333333333332,-7.549314030957722,-4.408149027098292,-1.6841534259744676e-14
244.37064921021405,-6.91178714226735,8.333333333333332,-7.557743204837735,-4.408557318094578,1.347322740779574e-13
244.3805943580598,-6.913103472846133,8.333333333333332,-7.56612744217256,-4.408951688971955,-4.210383564936169e-15
244.39053771639044,-6.914433117656078,8.333333333333332,-7.574466335122754,-4.409331668972972,1.6841534259744677e-13
244.40047927565098,-6.915776152979299,8.33333333333333,-7.582759480877923,-4.4096967888980725,4.631421921429786e-14
244.41041902642016,-6.917132654163017,8.333333333333334,-7.591006481747536,-4.41004658119862,7.157652060391487e-14
244.42035695941416,-6.918502695593897,8.33333333333333,-7.599206945251771,-4.410380580069995,1.1368035625327657e-13
244.43029306549005,-6.919886350672343,8.33333333333333,-7.607360484212267,-4.410698321544632,1.0525958912340423e-13
244.44022733564893,-6.9212836917868295,8.33333333333333,-7.615466716842969,-4.410999343585144,1.2631150694808506e-14
244.45015976103957,-6.9226947902882205,8.333333333333332,-7.623525266840864,-4.4112831861774024,2.5262301389617013e-14
244.46009033296158,-6.924119716464075,8.33333333333333,-7.631535763476781,-4.411549391423663,2.3578147963642546e-13
244.47001904286915,-6.925558539512969,8.33333333333333,-7.639497841686115,-4.411797503635676,5.0524602779234026e-14
244.47994588237387,-6.927011327518817,8.333333333333332,-7.647411142159601,-4.412027069427827,1.221011233831489e-13
244.48987084324867,-6.928478147425181,8.33333333333333,-7.655275311434032,-4.412237637810296,2.9051646598059566e-13
244.49979391743088,-6.929959065009574,8.333333333333332,-7.6630900019829635,-4.412428760282198,2.2315032894161697e-13
244.50971509702566,-6.931454144857805,8.333333333333332,-7.670854872307455,-4.412599990924772,2.48412630331234e-13
244.5196343743095,-6.932963450338265,8.333333333333332,-7.67856958702674,-4.4127508864945515,5.4734986344170195e-14
244.52955174173323,-6.93448704357625,8.33333333333333,-7.686233816968919,-4.412881006516561,2.568333974611063e-13
244.53946719192598,-6.936024985428269,8.33333333333333,-7.693847239261632,-4.412989913377531,-2.5262301389617013e-14
244.5493807176978,-6.937577335456377,8.333333333333332,-7.70140953742272,-4.413077172419108,2.1472956181174462e-13
244.55929231204382,-6.9391441519024575,8.33333333333333,-7.708920401450881,-4.413142352031087,5.894536990910637e-14
244.56920196814687,-6.940725491662557,8.333333333333332,-7.716379527916288,-4.413185023744648,-7.999728773378721e-14
244.5791096793812,-6.94232141026119,8.33333333333333,-7.723786620051241,-4.4132047623256225,2.6525416459097863e-13
244.58901543931603,-6.94393196182564,8.333333333333332,-7.731141387840752,-4.413201145867741,1.7262572616238293e-13
244.59891924171836,-6.945557199060285,8.33333333333333,-7.738443548113175,-4.413173755885928,-4.631421921429786e-14
244.60882108055668,-6.947197173220902,8.33333333333333,-7.745692824630777,-4.413122177409567,5.894536990910637e-14
244.61872095000427,-6.948851934088972,8.33333333333333,-7.752888948180329,-4.4130459990758295,-1.2631150694808506e-14
244.62861884444249,-6.950521529945997,8.333333333333332,-7.760031656663663,-4.412944813222954,-2.1051917824680846e-14
244.63851475846405,-6.952206007547808,8.333333333333332,-7.767120695188236,-4.4128182159836005,2.1051917824680846e-14
244.64840868687648,-6.953905412098861,8.33333333333333,-7.7741558161576645,-4.412665807378161,2.1051917824680846e-14
244.6583006247053,-6.955619787226563,8.333333333333329,-7.781136779362271,-4.4124871914081165,2.947268495455318e-14
244.66819056719748,-6.957349174955567,8.333333333333332,-7.788063352069576,-4.412281976149388,9.683882199353189e-14
244.67807850982473,-6.959093615682086,8.333333333333332,-7.794935309114857,-4.41204977384572,2.1051917824680846e-14
244.68796444828664,-6.960853148148196,8.333333333333332,-7.801752432991588,-4.4117902010020424,1.1789073981821273e-13
244.69784837851432,-6.962627809416143,8.33333333333333,-7.808514513941962,-4.411502878477877,1.0946997268834039e-13
244.70773029667347,-6.964417634842656,8.33333333333333,-7.815221350047346,-4.411187431580731,8.420767129872338e-14
244.71761019916767,-6.966222658053234,8.33333333333333,-7.8218727473187615,-4.410843490159523,1.2631150694808506e-14
244.72748808264183,-6.968042910916472,8.333333333333332,-7.828468519787319,-4.4104706886979965,1.0946997268834039e-13
244.73736394398549,-6.96987842351835,8.33333333333333,-7.835008489594669,-4.410068666408173,-2.1051917824680846e-14
244.74723778033595,-6.971729224136551,8.333333333333332,-7.841492487083405,-4.409637067323785,4.210383564936169e-15
244.75710958908167,-6.973595339214757,8.33333333333333,-7.84792035088752,-4.409175540393752,1.8104649329225526e-13
244.76697936786567,-6.975476793336946,8.33333333333333,-7.854291928022771,-4.408683739575647,3.789345208442552e-14
244.77684711458863,-6.977373609201709,8.333333333333332,-7.860607073977094,-4.408161323929171,-2.1051917824680846e-14
244.7867128274122,-6.979285807596538,8.333333333333332,-7.86686565280098,-4.4076079577096685,1.8525687685719145e-13
244.79657650476253,-6.981213407372147,8.33333333333333,-7.873067537197847,-4.407023310461616,1.2631150694808508e-13
244.80643814533312,-6.98315642541675,8.33333333333333,-7.879212608614381,-4.406407057112147,1.5999457546757442e-13
244.81629774808857,-6.985114876630379,8.333333333333332,-7.885300757330911,-4.405758878064584,1.347322740779574e-13
244.82615531226745,-6.987088773899187,8.333333333333332,-7.891331882551726,-4.405078459291969,2.315710960714893e-13
244.83601083738588,-6.989078128069733,8.333333333333332,-7.897305892495394,-4.404365492430635,-1.0946997268834039e-13
244.84586432324045,-6.991082947923293,8.333333333333332,-7.90322270448509,-4.403619674873742,4.631421921429786e-14
244.85571576991194,-6.993103240150162,8.33333333333333,-7.909082245038886,-4.402840709864883,1.221011233831489e-13
244.86556517776825,-6.995139009323939,8.333333333333332,-7.9148844499600335,-4.402028306591638,6.315575347404254e-14
244.8754125474677,-6.997190257875846,8.33333333333333,-7.920629264427264,-4.401182180279198,-7.999728773378721e-14
244.88525787996232,-6.999256986069005,8.33333333333333,-7.9263166430850305,-4.400302052283957,2.442022467662978e-13
244.89510117650133,-7.0013391919727574,8.333333333333332,-7.931946550133775,-4.3993876501871405,-1.1368035625327657e-13
244.90494243863378,-7.003436871436945,8.333333333333329,-7.937518959420175,-4.398438707888438,1.6841534259744676e-14
244.91478166821258,-7.00555001806621,8.33333333333333,-7.943033854527355,-4.397454965699627,1.1789073981821273e-13
244.92461886739724,-7.007678623194302,8.333333333333332,-7.948491228865139,-4.3964361704382515,-6.73661370389787e-14
244.93445403865707,-7.009822675858358,8.33333333333333,-7.953891085760233,-4.395382075521278,-3.789345208442552e-14
244.94428718477477,-7.011982162773212,8.33333333333333,-7.959233438546436,-4.394292441058765,-7.999728773378721e-14
244.9541183088494,-7.0141570683056855,8.333333333333332,-7.96451831065481,-4.393167033947553,-8.420767129872338e-14
244.96394741429964,-7.0163473744488805,8.333333333333332,-7.96974573570389,-4.392005627964973,9.262843842859572e-14
244.97377450486724,-7.018553060796475,8.33333333333333,-7.974915757589805,-4.390808003862543,6.315575347404254e-14
244.98359958461987,-7.020774104517023,8.333333333333332,-7.98002843057646,-4.3895739494596935,-4.210383564936169e-15
244.9934226579546,-7.023010480328239,8.333333333333332,-7.985083819385659,-4.388303259737506,7.999728773378721e-14
245.00324372960114,-7.025262160471292,8.333333333333332,-7.990081999287258,-4.386995736932447,2.1051917824680846e-14
245.0130628046249,-7.0275291146851115,8.333333333333332,-7.995023056189258,-4.38565119063013,-1.1368035625327657e-13
245.02287988843023,-7.029811310180665,8.33333333333333,-7.999907086727925,-4.384269437859073,1.2631150694808508e-13
245.0326949867639,-7.032108711615255,8.333333333333332,-8.004734198357873,-4.382850303184487,1.3052189051302125e-13
245.0425081057179,-7.034421281066815,8.33333333333333,-8.009504509442184,-4.381393618802054,5.4734986344170195e-14
245.0523192517329,-7.036748978008192,8.33333333333333,-8.014218149342426,-4.3798992246317345,-1.2631150694808508e-13
245.06212843160137,-7.0390917592814475,8.333333333333334,-8.018875258508766,-4.378366968411562,2.3578147963642546e-13
245.0719356524709,-7.0414495790721405,8.33333333333333,-8.02347598857,-4.376796705791496,9.683882199353189e-14
245.08174092184723,-7.043822388883622,8.33333333333333,-8.028020502423574,-4.375188300427214,4.210383564936169e-14
245.09154424759745,-7.046210137511322,8.33333333333333,-8.032508974325651,-4.373541624073992,-1.2631150694808508e-13
245.1013456379533,-7.048612771017032,8.333333333333332,-8.036941589981094,-4.371856556680533,-1.2631150694808506e-14
245.11114510151435,-7.051030232703212,8.333333333333332,-8.04131854663349,-4.370132986482856,5.894536990910637e-14
245.12094264725116,-7.053462463087267,8.33333333333333,-8.04564005315515,-4.368370810098156,0.0
245.13073828450834,-7.055909399875829,8.33333333333333,-8.049906330137063,-4.366569932618694,9.262843842859572e-14
245.14053202300798,-7.058370977939056,8.333333333333332,-8.054117609978892,-4.364730267705711,1.6841534259744676e-14
245.15032387285254,-7.060847129284912,8.333333333333332,-8.058274136978941,-4.362851737683324,-1.347322740779574e-13
245.16011384452818,-7.063337783033463,8.333333333333332,-8.062376167424095,-4.360934273632453,1.642049590325106e-13
