galstreams/tracks/track.st.Eridanus.myeong2017.ecsv
# %ECSV 0.9
# ---
# datatype:
# - {name: ra, unit: deg, datatype: float64}
# - {name: dec, unit: deg, datatype: float64}
# - {name: distance, unit: kpc, datatype: float64}
# - {name: pm_ra_cosdec, unit: mas / yr, datatype: float64}
# - {name: pm_dec, unit: mas / yr, datatype: float64}
# - {name: radial_velocity, unit: km / s, datatype: float64}
# delimiter: ','
# meta: !!omap
# - __serialized_columns__:
#     dec:
#       __class__: astropy.coordinates.angles.Latitude
#       unit: &id001 !astropy.units.Unit {unit: deg}
#       value: !astropy.table.SerializedColumn {name: dec}
#     distance:
#       __class__: astropy.coordinates.distances.Distance
#       unit: !astropy.units.Unit {unit: kpc}
#       value: !astropy.table.SerializedColumn {name: distance}
#     pm_dec:
#       __class__: astropy.units.quantity.Quantity
#       unit: !astropy.units.Unit {unit: mas / yr}
#       value: !astropy.table.SerializedColumn {name: pm_dec}
#     pm_ra_cosdec:
#       __class__: astropy.units.quantity.Quantity
#       unit: !astropy.units.Unit {unit: mas / yr}
#       value: !astropy.table.SerializedColumn {name: pm_ra_cosdec}
#     ra:
#       __class__: astropy.coordinates.angles.Longitude
#       unit: *id001
#       value: !astropy.table.SerializedColumn {name: ra}
#       wrap_angle: !astropy.coordinates.Angle
#         unit: *id001
#         value: 360.0
#     radial_velocity:
#       __class__: astropy.units.quantity.Quantity
#       unit: !astropy.units.Unit {unit: km / s}
#       value: !astropy.table.SerializedColumn {name: radial_velocity}
# schema: astropy-2.0
ra,dec,distance,pm_ra_cosdec,pm_dec,radial_velocity
65.97858431221823,-21.416713332935686,95.00000000000001,0.0,0.0,0.0
65.9855995292392,-21.408918151552136,95.00000000000001,0.0,0.0,0.0
65.99261458442352,-21.40112313768166,94.99999999999999,0.0,0.0,0.0
65.99962947809448,-21.393328291398543,95.00000000000001,0.0,0.0,0.0
66.00664421057508,-21.38553361277725,95.0,0.0,0.0,0.0
66.0136587821884,-21.377739101892075,94.99999999999999,0.0,0.0,0.0
66.02067319325735,-21.369944758817493,94.99999999999999,0.0,0.0,0.0
66.02768744410487,-21.362150583627802,95.00000000000001,0.0,0.0,0.0
66.03470153505376,-21.35435657639748,95.00000000000001,0.0,0.0,0.0
66.04171546642668,-21.346562737200934,95.00000000000003,0.0,0.0,0.0
66.04872923854641,-21.33876906611253,95.00000000000001,0.0,0.0,0.0
66.05574285173546,-21.330975563206774,95.00000000000001,0.0,0.0,0.0
66.06275630631646,-21.323182228557997,95.00000000000001,0.0,0.0,0.0
66.06976960261176,-21.31538906224073,95.00000000000001,0.0,0.0,0.0
66.07678274094383,-21.307596064329335,95.00000000000001,0.0,0.0,0.0
66.08379572163496,-21.299803234898313,95.00000000000001,0.0,0.0,0.0
66.09080854500736,-21.292010574022164,95.00000000000001,0.0,0.0,0.0
66.09782121138328,-21.284218081775272,95.00000000000001,0.0,0.0,0.0
66.1048337210847,-21.2764257582322,95.00000000000001,0.0,0.0,0.0
66.11184607443383,-21.268633603467336,95.00000000000001,0.0,0.0,0.0
66.11885827175249,-21.260841617555275,95.00000000000001,0.0,0.0,0.0
66.12587031336264,-21.253049800570402,95.00000000000004,0.0,0.0,0.0
66.1328821995861,-21.245258152587297,95.00000000000003,0.0,0.0,0.0
66.13989393074459,-21.237466673680494,95.00000000000004,0.0,0.0,0.0
66.14690550715984,-21.229675363924432,95.00000000000001,0.0,0.0,0.0
66.15391692915343,-21.22188422339374,95.00000000000004,0.0,0.0,0.0
66.16092819704694,-21.21409325216285,95.00000000000003,0.0,0.0,0.0
66.16793931116182,-21.20630245030636,95.00000000000003,0.0,0.0,0.0
66.17495027181944,-21.19851181789886,95.00000000000004,0.0,0.0,0.0
66.1819610793412,-21.190721355014826,95.00000000000001,0.0,0.0,0.0
66.18897173404832,-21.1829310617289,95.00000000000004,0.0,0.0,0.0
66.195982236262,-21.175140938115618,95.00000000000001,0.0,0.0,0.0
66.2029925863034,-21.16735098424956,95.00000000000004,0.0,0.0,0.0
66.21000278449354,-21.15956120020533,95.00000000000001,0.0,0.0,0.0
66.21701283115341,-21.151771586057514,95.00000000000001,0.0,0.0,0.0
66.22402272660395,-21.143982141880745,95.00000000000003,0.0,0.0,0.0
66.23103247116596,-21.136192867749607,95.00000000000004,0.0,0.0,0.0
66.23804206516026,-21.128403763738735,95.00000000000001,0.0,0.0,0.0
66.24505150890757,-21.12061482992276,95.00000000000004,0.0,0.0,0.0
66.25206080272847,-21.112826066376314,95.00000000000004,0.0,0.0,0.0
66.25906994694358,-21.105037473174058,95.00000000000004,0.0,0.0,0.0
66.2660789418734,-21.09724905039063,95.00000000000003,0.0,0.0,0.0
66.27308778783834,-21.0894607981007,95.00000000000003,0.0,0.0,0.0
66.28009648515877,-21.081672716378943,95.00000000000003,0.0,0.0,0.0
66.28710503415498,-21.07388480530002,95.00000000000004,0.0,0.0,0.0
66.2941134351472,-21.06609706493864,95.00000000000004,0.0,0.0,0.0
66.3011216884556,-21.05830949536948,95.00000000000004,0.0,0.0,0.0
66.30812979440023,-21.050522096667244,95.00000000000006,0.0,0.0,0.0
66.31513775330114,-21.042734868906667,95.00000000000006,0.0,0.0,0.0
66.3221455654783,-21.034947812162436,95.00000000000004,0.0,0.0,0.0
66.32915323125152,-21.027160926509307,95.00000000000004,0.0,0.0,0.0
66.33616075094068,-21.019374212021994,95.00000000000004,0.0,0.0,0.0
66.34316812486549,-21.011587668775253,95.00000000000006,0.0,0.0,0.0
66.35017535334565,-21.003801296843836,95.00000000000004,0.0,0.0,0.0
66.35718243670074,-20.9960150963025,95.00000000000004,0.0,0.0,0.0
66.3641893752503,-20.988229067226015,95.00000000000004,0.0,0.0,0.0
66.37119616931383,-20.980443209689167,95.00000000000004,0.0,0.0,0.0
66.37820281921071,-20.97265752376673,95.00000000000004,0.0,0.0,0.0
66.38520932526028,-20.964872009533508,95.00000000000004,0.0,0.0,0.0
66.3922156877818,-20.957086667064306,95.00000000000006,0.0,0.0,0.0
