galstreams/tracks/track.st.NGC6397.ibata2021.ecsv
# %ECSV 0.9
# ---
# datatype:
# - {name: ra, unit: deg, datatype: float64}
# - {name: dec, unit: deg, datatype: float64}
# - {name: distance, unit: kpc, datatype: float64}
# - {name: pm_ra_cosdec, unit: mas / yr, datatype: float64}
# - {name: pm_dec, unit: mas / yr, datatype: float64}
# - {name: radial_velocity, unit: km / s, datatype: float64}
# delimiter: ','
# meta: !!omap
# - __serialized_columns__:
#     dec:
#       __class__: astropy.coordinates.angles.Latitude
#       unit: &id001 !astropy.units.Unit {unit: deg}
#       value: !astropy.table.SerializedColumn {name: dec}
#     distance:
#       __class__: astropy.coordinates.distances.Distance
#       unit: !astropy.units.Unit {unit: kpc}
#       value: !astropy.table.SerializedColumn {name: distance}
#     pm_dec:
#       __class__: astropy.units.quantity.Quantity
#       unit: !astropy.units.Unit {unit: mas / yr}
#       value: !astropy.table.SerializedColumn {name: pm_dec}
#     pm_ra_cosdec:
#       __class__: astropy.units.quantity.Quantity
#       unit: !astropy.units.Unit {unit: mas / yr}
#       value: !astropy.table.SerializedColumn {name: pm_ra_cosdec}
#     ra:
#       __class__: astropy.coordinates.angles.Longitude
#       unit: *id001
#       value: !astropy.table.SerializedColumn {name: ra}
#       wrap_angle: !astropy.coordinates.Angle
#         unit: *id001
#         value: 360.0
#     radial_velocity:
#       __class__: astropy.units.quantity.Quantity
#       unit: !astropy.units.Unit {unit: km / s}
#       value: !astropy.table.SerializedColumn {name: radial_velocity}
# schema: astropy-2.0
ra,dec,distance,pm_ra_cosdec,pm_dec,radial_velocity
[from data line 1233]
279.0858238826096,-54.08991952112924,2.551897496323051,5.17762987587406,-15.410380107958527,-1.6841534259744676e-14
279.102722537977,-54.09001743202347,2.55197504115752,5.179987861346251,-15.407906035948372,-5.0524602779234026e-14
279.119621298314,-54.09011090750714,2.5520525547386996,5.1823468493759135,-15.405433001657148,-5.0524602779234026e-14
279.1365201593209,-54.09019993504493,2.552130037204393,5.1847068431264285,-15.402961007063947,-8.420767129872338e-14
279.1534191166775,-54.09028450210271,2.552207488692404,5.187067845759364,-15.400490054146426,-3.368306851948935e-14
279.17031816604316,-54.09036459614742,2.5522849093405386,5.1894298604345295,-15.398020144880757,0.0
279.1872173030565,-54.0904402046471,2.5523622992865995,5.191792890309976,-15.39555128124167,-3.368306851948935e-14
279.20411652333604,-54.090511315070955,2.552439658668392,5.194156938541983,-15.393083465202444,-5.0524602779234026e-14
279.2210158224796,-54.09057791488927,2.552516987623721,5.196522008285106,-15.390616698734885,-3.368306851948935e-14
279.2379151960646,-54.090639991573504,2.5525942862903883,5.19888810269207,-15.388150983809393,-5.0524602779234026e-14
279.2548146396479,-54.09069753259621,2.5526715548062002,5.201255224913917,-15.385686322394886,-6.73661370389787e-14
279.271714148766,-54.09075052543113,2.5527487933089614,5.203623378099879,-15.383222716458842,-5.0524602779234026e-14
279.28861371893504,-54.09079895755316,2.552826001936475,5.205992565397478,-15.380760167967303,-1.6841534259744676e-14
279.30551334565047,-54.090842816438325,2.5529031808265437,5.208362789952457,-15.378298678884898,-8.420767129872338e-14
279.32241302438746,-54.090882089563856,2.5529803301169745,5.210734054908828,-15.375838251174763,-6.73661370389787e-14
279.3393127506007,-54.09091676440816,2.553057449945572,5.21310636340884,-15.373378886798637,-5.0524602779234026e-14
279.35621251972447,-54.090946828450804,2.553134540450138,5.215479718593029,-15.370920587716828,-5.0524602779234026e-14
279.3731123271727,-54.09097226917255,2.5532116017684783,5.217854123600168,-15.368463355888201,-6.73661370389787e-14
279.39001216833867,-54.09099307405539,2.5532886340383962,5.220229581567294,-15.366007193270198,-6.73661370389787e-14
279.4069120385956,-54.0910092305825,2.553365637397698,5.22260609562972,-15.363552101818831,-3.368306851948935e-14
279.4238119332959,-54.09102072623825,2.553442611984186,5.224983668921008,-15.361098083488695,-5.0524602779234026e-14
279.4407118477719,-54.09102754850826,2.553519557935665,5.227362304573003,-15.358645140232968,-8.420767129872338e-14
279.4576117773355,-54.09102968487938,2.553596475389939,5.229742005715834,-15.356193274003388,-5.0524602779234026e-14
279.47451171727806,-54.09102712283967,2.553673364484813,5.232122775477874,-15.353742486750305,-3.368306851948935e-14
279.49141166287063,-54.09101984987844,2.553750225358091,5.234504616985792,-15.35129278042263,-3.368306851948935e-14
279.50831160936394,-54.09100785348627,2.553827058147577,5.236887533364528,-15.348844156967882,-1.6841534259744676e-14
279.52521155198826,-54.09099112115497,2.553903862991076,5.239271527737306,-15.346396618332161,-6.73661370389787e-14
279.5421114859536,-54.090969640377615,2.553980640026391,5.241656603225643,-15.343950166460157,-5.0524602779234026e-14
279.55901140644966,-54.090943398648555,2.554057389391327,5.244042762949329,-15.34150480329517,-6.73661370389787e-14
279.57591130864563,-54.09091238346344,2.554134111223688,5.246430010026462,-15.339060530779072,-6.73661370389787e-14
279.5928111876904,-54.09087658231918,2.55421080566128,5.2488183475734065,-15.336617350852348,-1.6841534259744676e-14
279.60971103871265,-54.090835982713955,2.5542874728419043,5.251207778704821,-15.334175265454117,-6.73661370389787e-14
279.62661085682066,-54.090790572147306,2.5543641129033676,5.253598306533693,-15.331734276522042,-6.73661370389787e-14
279.64351063710234,-54.090740338120014,2.5544407259834716,5.255989934171282,-15.32929438599244,-5.0524602779234026e-14
279.66041037462537,-54.090685268134216,2.5545173122200246,5.258382664727148,-15.326855595800211,-6.73661370389787e-14
279.6773100644371,-54.090625349693354,2.554593871750827,5.260776501309172,-15.324417907878882,-6.73661370389787e-14
279.6942097015646,-54.0905605703022,2.554670404713685,5.26317144702352,-15.321981324160593,-5.0524602779234026e-14
279.7111092810146,-54.090490917466866,2.5547469112464025,5.265567504974692,-15.319545846576093,-5.0524602779234026e-14
279.72800879777367,-54.090416378694776,2.5548233914867833,5.267964678265486,-15.317111477054748,-3.368306851948935e-14
279.7449082468079,-54.09033694149474,2.554899845572632,5.270362969997001,-15.314678217524563,-3.368306851948935e-14
279.7618076230633,-54.09025259337691,2.5549762736417536,5.27276238326868,-15.312246069912145,-3.368306851948935e-14
279.7787069214656,-54.0901633218528,2.555052675831952,5.275162921178259,-15.309815036142737,-3.368306851948935e-14
279.7956061369202,-54.09006911443527,2.5551290522810297,5.27756458682183,-15.307385118140207,-5.0524602779234026e-14
279.8125052643123,-54.089969958638626,2.5552054031267946,5.279967383293763,-15.304956317827054,-3.368306851948935e-14
279.8294042985069,-54.089865841978465,2.5552817285070466,5.2823713136868085,-15.30252863712442,-3.368306851948935e-14
279.84630323434874,-54.08975675197185,2.555358028559594,5.284776381092007,-15.300102077952067,-6.73661370389787e-14
279.8632020666623,-54.089642676137196,2.5554343034222384,5.28718258859875,-15.297676642228396,-6.73661370389787e-14
279.880100790252,-54.089523601994365,2.5555105532327853,5.289589939294755,-15.295252331870463,-3.368306851948935e-14
279.89699939990186,-54.08939951706458,2.555586778129039,5.291998436266076,-15.292829148793956,-5.0524602779234026e-14
279.9138978903758,-54.08927040887053,2.5556629782488027,5.294408082597119,-15.290407094913206,-1.6841534259744676e-14
279.9307962564176,-54.0891362649363,2.555739153729881,5.296818881370629,-15.2879861721412,-6.73661370389787e-14
279.9476944927508,-54.08899707278742,2.5558153047100793,5.2992308356676965,-15.285566382389561,-5.0524602779234026e-14
279.9645925940789,-54.08885281995088,2.5558914313272014,5.3016439485677695,-15.283147727568565,-3.368306851948935e-14
279.981490555085,-54.08870349395507,2.55596753371905,5.304058223148616,-15.280730209587174,-6.73661370389787e-14
279.9983883704323,-54.088549082329884,2.556043612023432,5.306473662486401,-15.278313830352957,-3.368306851948935e-14
280.0152860347636,-54.08838957260662,2.55611966637815,5.3088902696556195,-15.27589859177218,-5.0524602779234026e-14
280.03218354270194,-54.08822495231814,2.5561956969210087,5.311308047729135,-15.27348449574975,-5.0524602779234026e-14
280.04908088884986,-54.08805520899867,2.556271703789812,5.313726999778167,-15.271071544189251,-5.0524602779234026e-14
280.06597806779007,-54.087880330183985,2.5563476871223645,5.316147128872316,-15.268659738992932,-6.73661370389787e-14
280.0828750740849,-54.08770030341136,2.5564236470564703,5.318568438079524,-15.266249082061702,-6.73661370389787e-14
280.09977190227676,-54.087515116219514,2.5564995837299342,5.320990930466134,-15.263839575295147,-3.368306851948935e-14
280.11666854688804,-54.0873247561487,2.55657549728056,5.323414609096837,-15.26143122059153,-6.73661370389787e-14
280.1335650024208,-54.087129210740706,2.556651387846152,5.325839477034713,-15.25902401984778,-3.368306851948935e-14
280.15046126335744,-54.08692846753879,2.556727255564514,5.328265537341241,-15.256617974959518,-5.0524602779234026e-14
280.1673573241599,-54.086722514087775,2.5568031005734513,5.330692793076247,-15.254213087821029,1.6841534259744676e-14
280.18425317927023,-54.08651133793398,2.5568789230107676,5.333121247297949,-15.251809360325309,0.0
280.20114882311043,-54.086294926625285,2.5569547230142677,5.335550903062965,-15.249406794363997,-3.368306851948935e-14
280.2180442500826,-54.086073267711114,2.557030500721755,5.337981763426315,-15.247005391827468,-5.0524602779234026e-14
280.23493945456846,-54.085846348742464,2.557106256271034,5.340413831441377,-15.244605154604763,-3.368306851948935e-14
280.2518344309303,-54.08561415727184,2.5571819897999095,5.342847110159969,-15.242206084583598,-5.0524602779234026e-14
280.2687291735097,-54.08537668085338,2.5572577014461855,5.345281602632259,-15.239808183650423,-6.73661370389787e-14
280.2856236766289,-54.085133907042724,2.5573333913476657,5.347717311906868,-15.23741145369037,-5.0524602779234026e-14
280.30251793458984,-54.08488582339714,2.5574090596421555,5.350154241030793,-15.23501589658726,-8.420767129872338e-14
280.3194119416745,-54.0846324174755,2.557484706467458,5.35259239304945,-15.232621514223625,-5.0524602779234026e-14
280.3363056921449,-54.08437367683822,2.5575603319613784,5.35503177100664,-15.230228308480712,-5.0524602779234026e-14
280.3531991802433,-54.08410958904734,2.5576359362617205,5.357472377944627,-15.22783628123846,-3.368306851948935e-14
280.3700924001917,-54.08384014166653,2.5577115195062885,5.3599142169040555,-15.225445434375532,-3.368306851948935e-14
280.38698534619243,-54.08356532226103,2.557787081832887,5.362357290923981,-15.223055769769296,-3.368306851948935e-14
280.40387801242787,-54.08328511839776,2.55786262337932,5.364801603041939,-15.220667289295836,-1.6841534259744676e-14
280.42077039306037,-54.08299951764523,2.5579381442833915,5.367247156293832,-15.218279994829954,-5.0524602779234026e-14
280.4376624822325,-54.08270850757359,2.558013644682907,5.369693953713998,-15.215893888245175,-5.0524602779234026e-14
280.45455427406694,-54.08241207575465,2.558089124715669,5.372141998335261,-15.213508971413738,-6.73661370389787e-14
280.47144576266635,-54.08211020976186,2.5581645845194836,5.374591293188805,-15.211125246206613,-6.73661370389787e-14
280.4883369421139,-54.08180289717032,2.5582400242321537,5.377041841304326,-15.208742714493503,-1.0104920555846805e-13
280.50522780647236,-54.08149012555682,2.558315443991484,5.379493645709894,-15.20636137814284,-6.73661370389787e-14
280.52211834978516,-54.08117188249979,2.5583908439352783,5.38194670943207,-15.203981239021779,-6.73661370389787e-14
280.5390085660756,-54.08084815557937,2.558466224201343,5.38440103549584,-15.201602298996203,-3.368306851948935e-14
280.55589844934735,-54.080518932377345,2.5585415849274797,5.386856626924653,-15.199224559930766,-8.420767129872338e-14
280.57278799358414,-54.080184200477234,2.5586169262514935,5.38931348674042,-15.196848023688828,-3.368306851948935e-14
280.58967719274995,-54.079843947464234,2.558692248311189,5.391771617963462,-15.194472692132507,-5.0524602779234026e-14
280.60656604078895,-54.07949816092525,2.558767551244371,5.394231023612625,-15.192098567122665,-8.420767129872338e-14
280.6234545316257,-54.0791468284489,2.558842835188843,5.3966917067051865,-15.189725650518898,-6.73661370389787e-14
280.64034265916473,-54.07878993762552,2.5589181002824084,5.399153670256869,-15.187353944179588,-6.73661370389787e-14
280.65723041729103,-54.07842747604721,2.558993346662873,5.401616917281899,-15.18498344996182,-5.0524602779234026e-14
280.67411779986986,-54.07805943130772,2.5590685744680415,5.404081450792974,-15.182614169721461,1.6841534259744676e-14
280.6910048007466,-54.077685791002615,2.559143783835718,5.406547273801242,-15.180246105313138,1.6841534259744676e-14
280.70789141374706,-54.07730654272916,2.559218974903703,5.4090143893163445,-15.177879258590245,-3.368306851948935e-14
280.7247776326773,-54.07692167408644,2.5592941478098057,5.411482800346423,-15.175513631404915,-3.368306851948935e-14
280.74166345132363,-54.07653117267523,2.5593693026918287,5.413952509898064,-15.173149225608048,-5.0524602779234026e-14
280.7585488634529,-54.0761350260981,2.5594444396875753,5.416423520976396,-15.170786043049329,-5.0524602779234026e-14
280.77543386281206,-54.07573322195941,2.5595195589348503,5.418895836584981,-15.168424085577211,-5.0524602779234026e-14
280.7923184431285,-54.07532574786527,2.5595946605714586,5.421369459725923,-15.166063355038899,-5.0524602779234026e-14
280.80920259811006,-54.074912591423626,2.559669744735204,5.423844393399806,-15.163703853280394,-5.0524602779234026e-14
280.8260863214448,-54.07449374024416,2.5597448115638914,5.426320640605704,-15.161345582146467,-5.0524602779234026e-14
280.84296960680126,-54.07406918193839,2.559819861195323,5.42879820434122,-15.158988543480682,-6.73661370389787e-14
280.8598524478285,-54.07363890411967,2.5598948937673063,5.431277087602457,-15.156632739125342,-1.6841534259744676e-14
280.87673483815564,-54.0732028944031,2.5599699094176436,5.433757293384011,-15.154278170921593,-5.0524602779234026e-14
280.89361677139266,-54.072761140405674,2.5600449082841386,5.436238824679024,-15.15192484070933,-3.368306851948935e-14
280.91049824112963,-54.07231362974616,2.5601198905045965,5.438721684479133,-15.149572750327252,-1.6841534259744676e-14
280.92737924093734,-54.071860350045206,2.5601948562168215,5.4412058757745125,-15.147221901612852,-5.0524602779234026e-14
280.9442597643669,-54.07140128892526,2.560269805558618,5.443691401553853,-15.144872296402404,-8.420767129872338e-14
280.96113980494994,-54.07093643401068,2.5603447386677893,5.446178264804377,-15.142523936531,-3.368306851948935e-14
280.9780193561985,-54.07046577292761,2.560419655682142,5.4486664685118225,-15.14017682383251,-6.73661370389787e-14
280.99489841160533,-54.069989293304126,2.560494556739478,5.451156015660495,-15.137830960139627,-3.368306851948935e-14
281.01177696464356,-54.069506982770115,2.5605694419776026,5.453646909233205,-15.135486347283841,-6.73661370389787e-14
281.0286550087668,-54.06901882895736,2.5606443115343196,5.456139152211335,-15.133142987095457,-8.420767129872338e-14
281.04553253740943,-54.068524819499565,2.5607191655474337,5.458632747574805,-15.130800881403564,-1.6841534259744676e-14
281.0624095439862,-54.06802494203228,2.560794004154749,5.461127698302061,-15.1284600320361,-3.368306851948935e-14
281.07928602189236,-54.067519184192975,2.5608688274940703,5.463624007370116,-15.126120440819797,-3.368306851948935e-14
281.09616196450406,-54.06700753362101,2.5609436357032007,5.466121677754563,-15.123782109580212,-1.6841534259744676e-14
281.1130373651778,-54.06648997795766,2.561018428919946,5.468620712429507,-15.121445040141712,-1.6841534259744676e-14
281.1299122172508,-54.06596650484613,2.5610932072821084,5.471121114367664,-15.119109234327503,-1.6841534259744676e-14
281.14678651404097,-54.065437101931515,2.561167970927494,5.473622886540278,-15.116774693959613,-3.368306851948935e-14
281.16366024884667,-54.06490175686091,2.5612427199939067,5.476126031917175,-15.114441420858888,-5.0524602779234026e-14
281.1805334149472,-54.06436045728327,2.56131745461915,5.478630553466777,-15.11210941684501,-6.73661370389787e-14
281.1974060056023,-54.06381319084956,2.5613921749410298,5.4811364541560526,-15.1097786837365,0.0
281.21427801405247,-54.06325994521262,2.5614668810973478,5.483643736950556,-15.107449223350718,-8.420767129872338e-14
281.2311494335191,-54.06270070802735,2.5615415732259113,5.486152404814439,-15.105121037503835,-5.0524602779234026e-14
281.24802025720396,-54.062135466950515,2.561616251464523,5.488662460710429,-15.102794128010897,-5.0524602779234026e-14
281.2648904782899,-54.06156420964093,2.561690915950985,5.491173907599862,-15.100468496685789,-3.368306851948935e-14
281.2817600899403,-54.06098692375932,2.5617655668231065,5.493686748442633,-15.09814414534121,-5.0524602779234026e-14
281.29862908529935,-54.06040359696845,2.561840204218687,5.496200986197272,-15.095821075788752,-6.73661370389787e-14
281.3154974574922,-54.05981421693305,2.5619148282755333,5.498716623820897,-15.093499289838824,-5.0524602779234026e-14
281.33236519962446,-54.05921877131987,2.56198943913145,5.501233664269209,-15.091178789300715,-6.73661370389787e-14
281.3492323047829,-54.05861724779762,2.5620640369242396,5.503752110496573,-15.08885957598255,-3.368306851948935e-14
281.3660987660349,-54.05800963403708,2.562138621791708,5.506271965455911,-15.08654165169132,0.0
