galstreams/tracks/track.st.C-24.ibata2024.ecsv
# %ECSV 1.0
# ---
# datatype:
# - {name: ra, unit: deg, datatype: float64}
# - {name: dec, unit: deg, datatype: float64}
# - {name: distance, unit: kpc, datatype: float64}
# - {name: pm_ra_cosdec, unit: mas / yr, datatype: float64}
# - {name: pm_dec, unit: mas / yr, datatype: float64}
# - {name: radial_velocity, unit: km / s, datatype: float64}
# delimiter: ','
# meta: !!omap
# - __serialized_columns__:
#     dec:
#       __class__: astropy.coordinates.angles.Latitude
#       unit: &id001 !astropy.units.Unit {unit: deg}
#       value: !astropy.table.SerializedColumn {name: dec}
#     distance:
#       __class__: astropy.coordinates.distances.Distance
#       unit: !astropy.units.Unit {unit: kpc}
#       value: !astropy.table.SerializedColumn {name: distance}
#     pm_dec:
#       __class__: astropy.units.quantity.Quantity
#       unit: !astropy.units.Unit {unit: mas / yr}
#       value: !astropy.table.SerializedColumn {name: pm_dec}
#     pm_ra_cosdec:
#       __class__: astropy.units.quantity.Quantity
#       unit: !astropy.units.Unit {unit: mas / yr}
#       value: !astropy.table.SerializedColumn {name: pm_ra_cosdec}
#     ra:
#       __class__: astropy.coordinates.angles.Longitude
#       unit: *id001
#       value: !astropy.table.SerializedColumn {name: ra}
#       wrap_angle: !astropy.coordinates.Angle
#         unit: *id001
#         value: 360.0
#     radial_velocity:
#       __class__: astropy.units.quantity.Quantity
#       unit: !astropy.units.Unit {unit: km / s}
#       value: !astropy.table.SerializedColumn {name: radial_velocity}
# schema: astropy-2.0
ra,dec,distance,pm_ra_cosdec,pm_dec,radial_velocity
[from data line 2887]
162.46699229598224,61.13794116105564,0.9999999999999997,0.7498844155848226,-0.3909824990856565,-56.032432411495606
162.4762420063233,61.147060660925945,0.9999999999999997,0.7500622617105059,-0.3908559718245401,-56.019920506466164
162.48549165420226,61.156181548366675,0.9999999999999996,0.7502406504508241,-0.3907294085302224,-56.00736150090166
162.49474123731662,61.165303825366294,0.9999999999999997,0.7504195822506279,-0.3906028093334495,-55.994755364351775
162.50399075336298,61.17442749391411,0.9999999999999996,0.7505990575547252,-0.3904761743651832,-55.982102066366195
162.51324020003727,61.18355255600033,0.9999999999999997,0.750779076807883,-0.39034950375655075,-55.969401576494555
162.52248957503454,61.19267901361601,0.9999999999999998,0.7509596404548302,-0.3902227976388897,-55.956653864286594
162.53173887604896,61.20180686875308,0.9999999999999998,0.7511407489402471,-0.3900960561437188,-55.94385889929195
162.54098810077414,61.210936123404345,0.9999999999999996,0.7513224027087833,-0.3899692794027505,-55.931016651060304
162.55023724690267,61.22006677956348,0.9999999999999998,0.7515046022050349,-0.3898424675478793,-55.91812708914136
162.5594863121264,61.22919883922504,0.9999999999999997,0.7516873478735673,-0.3897156207111987,-55.90519018308473
162.5687352941364,61.238332304384414,0.9999999999999998,0.7518706401588948,-0.38958873902499125,-55.89220590244016
162.57798419062289,61.2474671770379,0.9999999999999996,0.7520544795054962,-0.389461822621719,-55.879174216757285
162.58723299927533,61.25660345918263,0.9999999999999994,0.7522388663578077,-0.38933487163403946,-55.86609509558578
162.5964817177823,61.26574115281665,0.9999999999999996,0.7524238011602178,-0.38920788619479474,-55.85296850847535
162.6057303438316,61.274880259938826,0.9999999999999996,0.7526092843570769,-0.38908086643702156,-55.83979442497567
162.61497887511018,61.284020782548914,0.9999999999999997,0.7527953163926937,-0.38895381249393335,-55.82657281463638
162.62422730930425,61.29316272264751,0.9999999999999994,0.7529818977113356,-0.3888267244989523,-55.81330364700718
162.63347564409906,61.30230608223614,0.9999999999999996,0.7531690287572241,-0.38869960258565595,-55.79998689163777
162.64272387717918,61.31145086331713,0.9999999999999996,0.753356709974538,-0.3885724468878351,-55.78662251807777
162.65197200622825,61.32059706789368,0.9999999999999996,0.7535449418074167,-0.38844525753945636,-55.7732104958769
162.6612200289291,61.32974469796991,0.9999999999999996,0.7537337246999523,-0.38831803467467285,-55.759750794584825
162.6704679429637,61.33889375555074,0.9999999999999997,0.7539230590961972,-0.3881907784278198,-55.74624338375124
162.67971574601333,61.34804424264199,0.9999999999999996,0.7541129454401625,-0.38806348893343134,-55.73268823292577
162.68896343575818,61.35719616125032,0.9999999999999997,0.75430338417581,-0.38793616632620775,-55.71908531165814
162.6982110098778,61.366349513383305,0.9999999999999996,0.7544943757470628,-0.3878088107410562,-55.705434589498
162.70745846605087,61.375504301049304,0.9999999999999994,0.7546859205978009,-0.38768142231304825,-55.69173603599504
162.7167058019551,61.3846605262576,0.9999999999999994,0.7548780191718556,-0.3875540011774481,-55.67798962069894
162.72595301526746,61.393818191018305,0.9999999999999994,0.7550706719130236,-0.38742654746971183,-55.66419531315937
162.73520010366406,61.40297729734244,0.9999999999999996,0.7552638792650472,-0.38729906132546255,-55.650353082926
162.74444706482015,61.412137847241816,0.9999999999999994,0.7554576416716372,-0.38717154288052225,-55.636462899548505
162.7536938964101,61.42129984272919,0.9999999999999994,0.7556519595764504,-0.3870439922708835,-55.62252473257657
162.76294059610743,61.430463285818085,0.9999999999999997,0.7558468334231006,-0.38691640963273155,-55.60853855155988
162.77218716158478,61.439628178522966,0.9999999999999996,0.7560422636551616,-0.38678879510243114,-55.59450432604809
162.78143359051396,61.44879452285912,0.9999999999999994,0.7562382507161625,-0.3866611488165237,-55.580422025590885
162.7906798805659,61.457962320842675,0.9999999999999994,0.7564347950495856,-0.3865334709117434,-55.56629161973796
162.7999260294107,61.46713157449068,0.9999999999999997,0.7566318970988719,-0.38640576152499495,-55.552113078038964
162.8091720347175,61.47630228582098,0.9999999999999997,0.7568295573074162,-0.38627802079336604,-55.53788637004359
162.81841789415463,61.4854744568523,0.9999999999999994,0.7570277761185633,-0.3861502488541353,-55.52361146530151
162.82766360538952,61.49464808960426,0.9999999999999994,0.7572265539756247,-0.3860224458447439,-55.50928833336237
162.83690916608873,61.50382318609728,0.9999999999999996,0.7574258913218588,-0.3858946119028337,-55.494916943775905
162.84615457391791,61.51299974835264,0.9999999999999996,0.7576257886004794,-0.3857667471662163,-55.48049726609175
162.85539982654188,61.52217777839254,0.9999999999999996,0.757826246254659,-0.38563885177287194,-55.4660292698596
162.86464492162457,61.53135727823996,0.9999999999999996,0.7580272647275246,-0.3855109258609817,-55.45151292462912
162.87388985682892,61.54053824991879,0.9999999999999997,0.7582288444621532,-0.3853829695688926,-55.43694819994998
162.88313462981708,61.54972069545375,0.9999999999999996,0.7584309859015823,-0.38525498303513217,-55.42233506537189
162.89237923825024,61.55890461687044,0.9999999999999996,0.7586336894887986,-0.3851269663984027,-55.40767349044449
162.9016236797888,61.568090016195264,0.9999999999999994,0.7588369556667511,-0.3849989197975967,-55.39296344471747
162.9108679520921,61.57727689545552,0.9999999999999996,0.7590407848783323,-0.3848708433717718,-55.37820489774051
162.92011205281872,61.58646525667937,0.9999999999999994,0.7592451775664002,-0.38474273726016506,-55.3633978190633
162.92935597962625,61.595655101895794,0.9999999999999997,0.759450134173757,-0.38461460160219385,-55.348542178235476
162.93859973017138,61.60484643313464,0.9999999999999996,0.759655655143167,-0.38448643653745584,-55.33363794480673
162.94784330210987,61.61403925242663,0.9999999999999996,0.7598617409173443,-0.38435824220571124,-55.31868508832676
162.9570866930967,61.6232335618033,0.9999999999999994,0.7600683919389593,-0.3842300187469121,-55.30368357834524
162.9663299007857,61.63242936329707,0.9999999999999996,0.7602756086506299,-0.38410176630117565,-55.28863338441181
162.97557292283003,61.6416266589412,0.9999999999999996,0.760483391494938,-0.3839734850087986,-55.27353447607618
162.9848157568817,61.65082545076977,0.9999999999999996,0.7606917409144085,-0.3838451750102543,-55.25838682288804
162.99405840059194,61.66002574081779,0.9999999999999997,0.76090065735153,-0.38371683644618226,-55.243190394397025
163.00330085161104,61.66922753112102,0.9999999999999996,0.7611101412487371,-0.38358846945740943,-55.22794516015282
163.01254310758827,61.67843082371615,0.9999999999999996,0.7613201930484188,-0.3834600741849261,-55.21265108970512
163.02178516617207,61.6876356206407,0.9999999999999996,0.7615308131929173,-0.38333165076989406,-55.19730815260358
163.0310270250099,61.696841923932986,0.9999999999999996,0.7617420021245334,-0.383203199353666,-55.1819163183979
163.04026868174827,61.70604973563224,0.9999999999999994,0.761953760285514,-0.38307472007774734,-55.16647555663775
163.04951013403272,61.715259057778525,0.9999999999999996,0.7621660881180596,-0.3829462130838248,-55.1509858368728
163.05875137950792,61.724469892412735,0.9999999999999996,0.7623789860643302,-0.3828176785137565,-55.13544712865273
163.06799241581754,61.73368224157661,0.9999999999999996,0.76259245456643,-0.38268911650957627,-55.11985940152721
163.0772332406043,61.742896107312745,0.9999999999999997,0.7628064940664192,-0.38256052721348244,-55.10422262504594
163.08647385150996,61.7521114916646,0.9999999999999997,0.7630211050063116,-0.3824319107678491,-55.088536768758566
163.09571424617536,61.76132839667643,0.9999999999999996,0.7632362878280734,-0.3823032673152209,-55.07280180221476
163.1049544222404,61.77054682439342,0.9999999999999996,0.7634520429736247,-0.38217459699831124,-55.057017694964216
163.11419437734392,61.7797667768615,0.9999999999999996,0.7636683708848286,-0.3820458999600058,-55.04118441655663
163.12343410912385,61.78898825612752,0.9999999999999996,0.7638852720035154,-0.3819171763433591,-55.02530193654163
163.1326736152172,61.798211264239136,0.9999999999999996,0.7641027467714534,-0.3817884262915916,-55.00937022446894
163.14191289325987,61.80743580324486,0.9999999999999996,0.764320795630371,-0.3816596499481033,-54.99338924988821
163.15115194088693,61.81666187519402,0.9999999999999996,0.7645394190219446,-0.3815308474564514,-54.97735898234912
163.1603907557324,61.825889482136866,0.9999999999999996,0.7647586173878054,-0.3814020189603653,-54.96127939140136
163.16962933542936,61.83511862612442,0.9999999999999996,0.7649783911695358,-0.3812731646037424,-54.94515044659456
163.17886767760987,61.84434930920853,0.9999999999999996,0.7651987408086669,-0.38114428453065496,-54.928972117478494
163.188105779905,61.853581533441954,0.9999999999999996,0.7654196667466826,-0.3810153788853299,-54.91274437360273
163.19734363994482,61.862815300878225,0.9999999999999997,0.7656411694250191,-0.38088644781217074,-54.89646718451699
163.20658125535851,61.872050613571794,0.9999999999999993,0.7658632492850668,-0.38075749145574456,-54.88014051977095
163.2158186237741,61.881287473577856,0.9999999999999996,0.7660859067681591,-0.38062850996078446,-54.8637643489143
163.2250557428187,61.89052588295251,0.9999999999999994,0.7663091423155863,-0.3804995034721914,-54.847338641496705
163.23429261011847,61.899765843752704,0.9999999999999997,0.7665329563685903,-0.3803704721350236,-54.83086336706783
163.24352922329848,61.90900735803617,0.9999999999999994,0.7667573493683646,-0.38024141609451956,-54.81433849517735
163.25276557998282,61.918250427861516,0.9999999999999996,0.7669823217560479,-0.3801123354960714,-54.79776399537498
163.26200167779453,61.92749505528819,0.9999999999999997,0.7672078739727308,-0.37998323048523197,-54.78113983721035
163.2712375143557,61.93674124237646,0.9999999999999996,0.7674340064594618,-0.37985410120773455,-54.76446599023315
163.28047308728742,61.94598899118744,0.9999999999999994,0.7676607196572309,-0.3797249478094624,-54.74774242399309
163.28970839420964,61.95523830378308,0.9999999999999997,0.7678880140069844,-0.37959577043646675,-54.730969108039815
163.29894343274142,61.96448918222618,0.9999999999999996,0.7681158899496168,-0.37946656923495503,-54.714146011922956
163.30817820050072,61.97374162858032,0.9999999999999997,0.7683443479259746,-0.37933734435131683,-54.69727310519228
163.31741269510445,61.98299564491001,0.9999999999999996,0.7685733883768477,-0.37920809593207405,-54.68035035739741
163.3266469141686,61.99225123328051,0.9999999999999997,0.768803011742988,-0.3790788241239431,-54.66337773808803
163.33588085530798,62.00150839575795,0.9999999999999996,0.7690332184650877,-0.37894952907378077,-54.64635521681383
163.34511451613642,62.0107671344093,0.9999999999999994,0.7692640089837901,-0.37882021092860363,-54.62928276312445
163.3543478942667,62.020027451302326,0.9999999999999994,0.7694953837396898,-0.37869086983560596,-54.61216034656962
163.36358098731066,62.0292893485057,0.9999999999999993,0.7697273431733362,-0.3785615059421259,-54.59498793669896
163.3728137928789,62.03855282808885,0.9999999999999994,0.7699598877252201,-0.37843211939566945,-54.57776550306221
163.38204630858107,62.04781789212207,0.9999999999999994,0.770193017835783,-0.37830271034389895,-54.560493015209005
163.39127853202575,62.05708454267647,0.9999999999999993,0.7704267339454207,-0.3781732789346446,-54.54317044268901
163.40051046082053,62.06635278182404,0.9999999999999996,0.7706610364944766,-0.37804382531588043,-54.525797755051926
163.4097420925718,62.075622611637534,0.9999999999999993,0.77089592592324,-0.37791434963575377,-54.50837492184743
163.41897342488502,62.08489403419059,0.9999999999999996,0.7711314026719549,-0.3777848520425602,-54.49090191262519
163.42820445536447,62.094167051557626,0.9999999999999996,0.7713674671808064,-0.3776553326847587,-54.473378696934866
163.43743518161344,62.10344166581393,0.9999999999999994,0.7716041198899384,-0.3775257917109647,-54.45580524432618
163.44666560123406,62.11271787903559,0.9999999999999994,0.7718413612394348,-0.37739622926994976,-54.43818152434875
163.45589571182745,62.12199569329957,0.9999999999999993,0.7720791916693364,-0.37726664551064015,-54.4205075065523
163.46512551099363,62.13127511068362,0.9999999999999994,0.7723176116196222,-0.3771370405821166,-54.40278316048648
163.47435499633156,62.140556133266294,0.9999999999999994,0.7725566215302313,-0.37700741463362775,-54.38500845570096
163.48358416543903,62.149838763127036,0.9999999999999994,0.7727962218410458,-0.37687776781456606,-54.367183361745475
163.49281301591282,62.15912300234607,0.9999999999999996,0.7730364129918961,-0.37674810027448125,-54.34930784816965
163.50204154534856,62.168408853004486,0.9999999999999993,0.7732771954225603,-0.37661841216307845,-54.33138188452313
163.5112697513408,62.17769631718415,0.9999999999999994,0.7735185695727653,-0.3764887036302218,-54.313405440355666
163.520497631483,62.1869853969678,0.9999999999999994,0.7737605358821913,-0.3763589748259166,-54.29537848521689
163.52972518336747,62.19627609443896,0.9999999999999996,0.7740030947904557,-0.3762292259003397,-54.2773009886565
163.5389524045855,62.20556841168201,0.9999999999999994,0.7742462467371334,-0.3760994570038054,-54.259172920224124
163.54817929272713,62.21486235078211,0.9999999999999993,0.7744899921617456,-0.37596966828679435,-54.2409942494695
163.55740584538142,62.224157913825316,0.9999999999999993,0.7747343315037585,-0.37583985989992374,-54.222764945942274
163.56663206013621,62.233455102898446,0.9999999999999993,0.7749792652025866,-0.37571003199397524,-54.204484979192124
163.57585793457827,62.24275392008914,0.9999999999999996,0.7752247936975933,-0.37558018471987964,-54.186154318768736
163.5850834662932,62.2520543674859,0.9999999999999994,0.7754709174280903,-0.3754503182287152,-54.16777293422177
163.59430865286555,62.261356447178024,0.9999999999999993,0.7757176368333367,-0.3753204326717112,-54.14934079510091
163.6035334918786,62.27066016125562,0.9999999999999993,0.7759649523525327,-0.3751905282002568,-54.13085787095584
163.61275798091464,62.27996551180965,0.9999999999999994,0.7762128644248356,-0.3750606049658751,-54.11232413133625
163.62198211755467,62.28927250093186,0.9999999999999994,0.7764613734893444,-0.37493066312025203,-54.093739545791784
163.63120589937867,62.29858113071484,0.9999999999999996,0.7767104799851041,-0.3748007028152207,-54.07510408387213
163.64042932396544,62.30789140325199,0.9999999999999994,0.776960184351112,-0.37467072420275205,-54.05641771512696
163.64965238889258,62.31720332063752,0.9999999999999993,0.7772104870263086,-0.3745407274349821,-54.03768040910596
163.65887509173658,62.32651688496647,0.9999999999999994,0.7774613884495809,-0.374410712664182,-54.0188921353588
163.66809743007266,62.33583209833472,0.9999999999999993,0.7777128890597624,-0.37428068004277026,-54.00005286343516
163.6773194014751,62.34514896283891,0.9999999999999994,0.7779649892956382,-0.374150629723327,-53.98116256288472
163.68654100351682,62.35446748057654,0.9999999999999993,0.7782176895959332,-0.3740205618585639,-53.96222120325715
163.6957622337696,62.36378765364592,0.9999999999999993,0.7784709903993234,-0.37389047660134267,-53.94322875410212
163.7049830898041,62.37310948414615,0.9999999999999994,0.7787248921444299,-0.37376037410468044,-53.92418518496933
163.7142035691898,62.38243297417719,0.9999999999999996,0.7789793952698221,-0.37363025452172227,-53.90509046540842
163.7234236694949,62.391758125839786,0.9999999999999994,0.7792345002140091,-0.3735001180057713,-53.885944564969094
163.73264338828653,62.401084941235474,0.9999999999999994,0.7794902074154553,-0.3733699647102773,-53.866747453201036
163.7418627231306,62.41041342246667,0.9999999999999994,0.7797465173125668,-0.3732397947888213,-53.8474990996539
