galstreams/tracks/track.st.NGC2298.ibata2021.ecsv
# %ECSV 1.0
# ---
# datatype:
# - {name: ra, unit: deg, datatype: float64}
# - {name: dec, unit: deg, datatype: float64}
# - {name: distance, unit: kpc, datatype: float64}
# - {name: pm_ra_cosdec, unit: mas / yr, datatype: float64}
# - {name: pm_dec, unit: mas / yr, datatype: float64}
# - {name: radial_velocity, unit: km / s, datatype: float64}
# delimiter: ','
# meta: !!omap
# - __serialized_columns__:
#     dec:
#       __class__: astropy.coordinates.angles.Latitude
#       unit: &id001 !astropy.units.Unit {unit: deg}
#       value: !astropy.table.SerializedColumn {name: dec}
#     distance:
#       __class__: astropy.coordinates.distances.Distance
#       unit: !astropy.units.Unit {unit: kpc}
#       value: !astropy.table.SerializedColumn {name: distance}
#     pm_dec:
#       __class__: astropy.units.quantity.Quantity
#       unit: !astropy.units.Unit {unit: mas / yr}
#       value: !astropy.table.SerializedColumn {name: pm_dec}
#     pm_ra_cosdec:
#       __class__: astropy.units.quantity.Quantity
#       unit: !astropy.units.Unit {unit: mas / yr}
#       value: !astropy.table.SerializedColumn {name: pm_ra_cosdec}
#     ra:
#       __class__: astropy.coordinates.angles.Longitude
#       unit: *id001
#       value: !astropy.table.SerializedColumn {name: ra}
#       wrap_angle: !astropy.coordinates.Angle
#         unit: *id001
#         value: 360.0
#     radial_velocity:
#       __class__: astropy.units.quantity.Quantity
#       unit: !astropy.units.Unit {unit: km / s}
#       value: !astropy.table.SerializedColumn {name: radial_velocity}
# schema: astropy-2.0
ra,dec,distance,pm_ra_cosdec,pm_dec,radial_velocity
93.2698686527406,-32.22519872069279,12.436895878034038,3.323947868828275,-2.141510081039905,6.73661370389787e-14
93.28213770770924,-32.2278618808148,12.449179844840556,3.320294922356882,-2.141196206079985,2.5262301389617013e-14
93.29440194964182,-32.230530485630055,12.461401846920563,3.3166575715857682,-2.1408844816955375,-8.420767129872338e-15
93.30666138388708,-32.23320453226777,12.47356198428449,3.3130357921978235,-2.1405749004339265,3.368306851948935e-14
93.3189160157916,-32.23588401785539,12.485660356942777,3.309429559873547,-2.1402674548563954,8.420767129872338e-15
93.33116585069973,-32.23856893951861,12.497697064905855,3.305838850291057,-2.1399621375380597,-8.420767129872338e-15
93.34341089395383,-32.24125929438154,12.50967220818416,3.3022636391261,-2.139658941067885,2.5262301389617013e-14
93.35565115089388,-32.2439550795665,12.521585886788124,3.298703902052054,-2.1393578580486894,2.5262301389617013e-14
93.36788662685792,-32.24665629219417,12.533438200728183,3.2951596147399336,-2.1390588810971174,-2.5262301389617013e-14
93.38011732718185,-32.24936292938356,12.545229250014772,3.291630752858398,-2.138762002843633,-1.6841534259744676e-14
93.39234325719926,-32.252074988251906,12.556959134658323,3.288117292073753,-2.13846721593252,1.6841534259744676e-14
93.40456442224175,-32.25479246591483,12.568627954669276,3.2846192080499588,-2.1381745130218484,2.5262301389617013e-14
93.4167808276388,-32.25751535948626,12.580235810058056,3.28113647644864,-2.137883886783479,1.6841534259744676e-14
93.42899247871762,-32.26024366607839,12.591782800835102,3.2776690729290836,-2.1375953299030517,0.0
93.4411993808035,-32.26297738280178,12.603269027010846,3.2742169731482487,-2.1373088350799607,2.5262301389617013e-14
93.45340153921933,-32.26571650676525,12.614694588595727,3.2707801527607696,-2.1370243950273586,-1.6841534259744676e-14
93.46559895928614,-32.26846103507598,12.626059585600176,3.2673585874189683,-2.1367420024721366,-1.6841534259744676e-14
93.47779164632276,-32.271210964839504,12.637364118034625,3.263952252772855,-2.1364616501549127,-8.420767129872338e-15
93.48997960564579,-32.27396629315956,12.648608285909512,3.2605611244701262,-2.136183330830023,8.420767129872338e-15
93.5021628425698,-32.27672701713831,12.65979218923527,3.257185178156189,-2.13590703726551,1.6841534259744676e-14
93.51434136240736,-32.27949313387622,12.670915928022337,3.2538243894741496,-2.1356327622431075,8.420767129872338e-15
93.52651517046868,-32.28226464047202,12.681979602281137,3.2504787340648287,-2.135360498558238,2.5262301389617013e-14
93.53868427206204,-32.28504153402282,12.692983312022113,3.247148187566758,-2.13509023901999,8.420767129872338e-15
93.55084867249366,-32.287823811624065,12.7039271572557,3.2438327256161985,-2.1348219764511103,8.420767129872338e-15
93.56300837706742,-32.290611470369456,12.714811237992329,3.240532323847134,-2.134555703688004,2.5262301389617013e-14
93.57516339108537,-32.29340450735112,12.725635654242428,3.2372469578912866,-2.1342914135807036,2.5262301389617013e-14
93.58731371984723,-32.296202919659386,12.736400506016441,3.2339766033781117,-2.134029098992874,3.368306851948935e-14
93.59945936865078,-32.29900670438301,12.747105893324802,3.230721235934812,-2.133768752801792,1.6841534259744676e-14
93.6116003427917,-32.30181585860911,12.757751916177936,3.227480831186343,-2.1335103678983374,0.0
93.62373664756345,-32.30463037942299,12.768338674586289,3.2242553647554097,-2.1332539371869865,-8.420767129872338e-15
93.63586828825751,-32.30745026390841,12.778866268560288,3.221044812262483,-2.1329994535857923,8.420767129872338e-15
93.6479952701633,-32.31027550914748,12.789334798110364,3.2178491493258026,-2.1327469100263805,1.6841534259744676e-14
93.66011759856804,-32.3131061122205,12.79974436324696,3.2146683515613703,-2.132496299453936,2.5262301389617013e-14
93.67223527875696,-32.31594207020628,12.810095063980503,3.2115023945829764,-2.1322476148271887,0.0
93.68434831601313,-32.31878338018182,12.820387000321436,3.2083512540021886,-2.1320008491184086,-2.5262301389617013e-14
93.69645671561761,-32.32163003922256,12.83062027228018,3.2052149054283645,-2.1317559953133896,1.6841534259744676e-14
93.70856048284945,-32.324482044402274,12.84079497986718,3.202093324468656,-2.1315130464114374,-8.420767129872338e-15
93.72065962298542,-32.32733939279297,12.850911223092867,3.1989864867280136,-2.131271995425368,1.6841534259744676e-14
93.73275414130038,-32.330202081465124,12.860969101967678,3.1958943678091933,-2.1310328353814847,0.0
93.74484404306715,-32.333070107487536,12.87096871650204,3.1928169433127622,-2.13079555931957,-2.5262301389617013e-14
93.75692933355631,-32.335943467927244,12.880910166706393,3.189754188837102,-2.1305601602928856,2.5262301389617013e-14
93.76901001803651,-32.33882215984975,12.89079355259117,3.1867060799784155,-2.1303266313681455,-2.5262301389617013e-14
93.78108610177442,-32.34170618031888,12.900618974166806,3.1836725923307347,-2.1300949656255113,0.0
93.79315759003437,-32.34459552639674,12.910386531443729,3.1806537014859173,-2.1298651561585897,1.6841534259744676e-14
93.80522448807896,-32.34749019514388,12.920096324432386,3.177649383033666,-2.129637196074405,2.5262301389617013e-14
93.81728680116845,-32.350390183619076,12.929748453143196,3.1746596125615207,-2.129411078493408,1.6841534259744676e-14
93.82934453456123,-32.35329548887958,12.939343017586609,3.1716843656548686,-2.1291867965494444,-8.420767129872338e-15
93.84139769351364,-32.356206107980974,12.948880117773044,3.1687236178969598,-2.128964343389759,8.420767129872338e-15
93.85344628327984,-32.35912203797709,12.958359853712949,3.165777344868889,-2.128743712174981,1.6841534259744676e-14
93.86549030911203,-32.36204327592023,12.967782325416744,3.1628455221496283,-2.1285248960791106,8.420767129872338e-15
93.87752977626045,-32.36496981886102,12.977147632894875,3.1599281253160085,-2.128307888289508,-8.420767129872338e-15
93.8895646899731,-32.36790166384839,12.986455876157768,3.1570251299427428,-2.128092682006891,8.420767129872338e-15
93.90159505549614,-32.370838807929715,12.995707155215868,3.1541365116024207,-2.12787927044531,0.0
93.91362087807353,-32.37378124815062,13.004901570079598,3.151262245865517,-2.127667646832151,-1.6841534259744676e-14
93.92564216294728,-32.37672898155519,13.014039220759397,3.1484023083003962,-2.127457804408116,0.0
93.93765891535746,-32.379682005185856,13.0231202072657,3.1455566744733248,-2.1272497364272156,-8.420767129872338e-15
93.9496711405419,-32.38264031608331,13.032144629608938,3.142725319948462,-2.127043436156761,1.6841534259744676e-14
93.96167884373654,-32.385603911286736,13.041112587799546,3.1399082202878783,-2.1268388968773486,8.420767129872338e-15
93.97368203017533,-32.38857278783365,13.050024181847963,3.1371053510515563,-2.1266361118828483,2.5262301389617013e-14
93.98568070509002,-32.39154694275984,13.05887951176462,3.1343166877973907,-2.1264350744804035,-8.420767129872338e-15
93.99767487371054,-32.39452637309956,13.067678677559947,3.1315422060812064,-2.1262357779904066,1.6841534259744676e-14
94.00966454126474,-32.39751107588545,13.076421779244384,3.1287818814567463,-2.1260382157464957,-8.420767129872338e-15
94.02164971297836,-32.40050104814837,13.085108916828366,3.126035689475692,-2.1258423810955485,0.0
94.03363039407529,-32.40349628691776,13.093740190322322,3.123303605687662,-2.12564826739766,8.420767129872338e-15
94.0456065897772,-32.406496789221215,13.102315699736689,3.1205856056402173,-2.125455868026145,-1.6841534259744676e-14
94.05757830530393,-32.40950255208485,13.110835545081903,3.117881664878864,-2.1252651763675168,0.0
94.06954554587331,-32.41251357253315,13.119299826368392,3.1151917589470672,-2.125076185821481,8.420767129872338e-15
94.081508316701,-32.41552984758885,13.127708643606594,3.1125158633862453,-2.1248888898009315,-1.6841534259744676e-14
94.09346662300084,-32.41855137427317,13.136062096806949,3.1098539537357826,-2.1247032817319265,-8.420767129872338e-15
94.10542046998461,-32.42157814960573,13.144360285979877,3.1072060055330337,-2.124519355053691,1.6841534259744676e-14
94.11736986286198,-32.424610170604375,13.15260331113583,3.1045719943133228,-2.1243371032186005,-1.6841534259744676e-14
94.12931480684085,-32.42764743428551,13.16079127228523,3.101951895609957,-2.124156519692166,0.0
94.14125530712688,-32.430689937663765,13.168924269438515,3.099345684954224,-2.123977597953039,8.420767129872338e-15
94.15319136892393,-32.43373767775224,13.177002402606117,3.096753337875407,-2.1238003314929843,-8.420767129872338e-15
94.16512299743384,-32.43679065156244,13.185025771798474,3.094174829900775,-2.123624713816876,-1.6841534259744676e-14
94.17705019785632,-32.439848856104135,13.192994477026016,3.091610136555602,-2.123450738442693,0.0
94.18897297538923,-32.44291228838557,13.20090861829918,3.089059233363167,-2.123278398901501,-1.6841534259744676e-14
94.2008913352285,-32.4459809454134,13.208768295628404,3.086522095844755,-2.1231076887374427,-2.5262301389617013e-14
94.2128052825679,-32.44905482419256,13.21657360902411,3.0839986995196687,-2.1229386015077383,8.420767129872338e-15
94.22471482259935,-32.45213392172643,13.224324658496748,3.0814890199052276,-2.1227711307826582,1.6841534259744676e-14
94.23661996051283,-32.45521823501683,13.232021544056735,3.078993032516782,-2.1226052701455247,8.420767129872338e-15
94.24852070149616,-32.45830776106384,13.239664365714521,3.076510712867701,-2.122441013192703,8.420767129872338e-15
94.26041705073544,-32.46140249686607,13.247253223480532,3.0740420364694,-2.1222783535335794,0.0
94.27230901341456,-32.4645024394204,13.254788217365206,3.071586978831327,-2.122117284790568,8.420767129872338e-15
94.2841965947156,-32.46760758572216,13.262269447378971,3.0691455154609786,-2.121957800599085,-8.420767129872338e-15
94.2960797998187,-32.470717932765126,13.26969701353227,3.0667176218639,-2.1217998946075456,8.420767129872338e-15
94.30795863390185,-32.47383347754133,13.277071015835528,3.0643032735436884,-2.1216435604773585,1.6841534259744676e-14
94.31983310214126,-32.47695421704131,13.284391554299187,3.0619024460020072,-2.1214887918829057,2.5262301389617013e-14
94.33170320971116,-32.48008014825399,13.291658728933676,3.0595151147385797,-2.1213355825115414,0.0
94.34356896178373,-32.48321126816662,13.298872639749431,3.057141255251198,-2.121183926063577,1.6841534259744676e-14
94.3554303635293,-32.48634757376493,13.306033386756887,3.0547808430357346,-2.1210338162522735,2.5262301389617013e-14
94.36728742011613,-32.48948906203297,13.313141069966477,3.0524338535861357,-2.1208852468038315,8.420767129872338e-15
94.37914013671063,-32.492635729953264,13.320195789388638,3.050100262394435,-2.120738211457379,-2.5262301389617013e-14
94.39098851847734,-32.49578757450673,13.3271976450338,3.0477800449507577,-2.1205927039649617,8.420767129872338e-15
94.40283257057861,-32.4989445926726,13.334146736912402,3.045473176743318,-2.120448718091541,0.0
94.41467229817505,-32.502106781428594,13.341043165034872,3.0431796332584335,-2.1203062476149714,2.5262301389617013e-14
94.42650770642531,-32.50527413775085,13.347887029411647,3.040899389980528,-2.120165286325999,8.420767129872338e-15
94.43833880048598,-32.508446658613806,13.354678430053163,3.038632422392128,-2.1200258280282536,-2.5262301389617013e-14
94.45016558551184,-32.51162434099041,13.361417466969854,3.03637870597388,-2.1198878665382286,-2.5262301389617013e-14
94.46198806665576,-32.51480718185201,13.368104240172153,3.034138216204549,-2.1197513956852823,1.6841534259744676e-14
94.47380624906847,-32.51799517816825,13.374738849670495,3.0319109285610186,-2.1196164093116248,-1.6841534259744676e-14
94.48562013789906,-32.52118832690734,13.381321395475313,3.0296968185183095,-2.119482901272302,-8.420767129872338e-15
94.49742973829443,-32.524386625035774,13.387851977597043,3.027495861549566,-2.1193508654351962,8.420767129872338e-15
94.50923505539969,-32.52759006951852,13.394330696046119,3.0253080331260787,-2.1192202956810102,8.420767129872338e-15
94.52103609435808,-32.53079865731896,13.400757650832972,3.0231333087172803,-2.1190911859032546,1.6841534259744676e-14
94.53283286031076,-32.53401238539884,13.407132941968039,3.0209716637907476,-2.118963530008251,0.0
94.5446253583971,-32.53723125071836,13.413456669461755,3.0188230738122144,-2.1188373219151053,-2.5262301389617013e-14
94.55641359375456,-32.54045525023618,13.41972893332455,3.0166875142455734,-2.118712555555711,2.5262301389617013e-14
94.56819757151852,-32.54368438090924,13.425949833566865,3.014564960552873,-2.1185892248747353,-2.5262301389617013e-14
94.57997729682266,-32.54691863969301,13.43211947019913,3.0124553881943337,-2.1184673238296066,1.6841534259744676e-14
94.59175277479868,-32.550158023541385,13.438237943231778,3.0103587726283525,-2.1183468463905104,1.6841534259744676e-14
94.60352401057624,-32.55340252940658,13.444305352675245,3.008275089311493,-2.1182277865403787,-8.420767129872338e-15
94.61529100928331,-32.556652154239345,13.450321798539969,3.00620431369851,-2.118110138274874,-8.420767129872338e-15
94.62705377604576,-32.559906894988735,13.456287380836375,3.0041464212423388,-2.1179938956023916,2.5262301389617013e-14
94.63881231598768,-32.56316674860233,13.462202199574904,3.0021013873941085,-2.1178790525440387,-2.5262301389617013e-14
94.6505666342313,-32.566431712026095,13.468066354765995,3.000069187603143,-2.117765603133628,-1.6841534259744676e-14
94.66231673589675,-32.56970178220438,13.47387994642007,2.9980497973169697,-2.117653541417678,-8.420767129872338e-15
94.67406262610248,-32.57297695608002,13.479643074547564,2.99604319198132,-2.117542861455388,0.0
94.68580430996502,-32.576257230594265,13.485355839158926,2.994049347040132,-2.1174335573186376,3.368306851948935e-14
94.69754179259883,-32.579542602686715,13.491018340264578,2.9920682379355643,-2.1173256230919812,3.368306851948935e-14
94.70927507911671,-32.58283306929553,13.496630677874956,2.990099840107991,-2.117219052872626,8.420767129872338e-15
94.72100417462936,-32.586128627357155,13.502192952000494,2.9881441289960127,-2.1171138407704393,-1.6841534259744676e-14
94.73272908424578,-32.58942927380658,13.50770526265163,2.986201080036459,-2.117009980907921,1.6841534259744676e-14
94.74444981307303,-32.59273500557721,13.513167709838791,2.984270668664394,-2.116907467420209,3.368306851948935e-14
94.7561663662162,-32.59604581960078,13.51858039357242,2.982352870313117,-2.1168062944550643,-1.6841534259744676e-14
94.76787874877861,-32.59936171280758,13.523943413862948,2.9804476604141708,-2.11670645617286,8.420767129872338e-15
94.77958696586174,-32.60268268212629,13.529256870720806,2.978555014397351,-2.116607946746572,8.420767129872338e-15
94.79129102256499,-32.60600872448399,13.534520864156427,2.9766749076907004,-2.1165107603617797,4.210383564936169e-14
94.80299092398609,-32.60933983680623,13.539735494180253,2.974807315720519,-2.1164148912166416,0.0
94.81468667522088,-32.61267601601702,13.544900860802715,2.9729522139113738,-2.1163203335218945,0.0
94.82637828136319,-32.616017259038735,13.550017064034243,2.9711095776860925,-2.1162270815008473,-3.368306851948935e-14
94.83806574750518,-32.61936356279228,13.555084203885276,2.9692793824657753,-2.1161351293893613,1.6841534259744676e-14
94.84974907873695,-32.62271492419689,13.560102380366242,2.9674616036697983,-2.116044471435856,8.420767129872338e-15
94.86142828014687,-32.626071340170334,13.565071693487583,2.965656216715817,-2.1159551019012843,1.6841534259744676e-14
94.87310335682149,-32.62943280762882,13.569992243259735,2.963863197019776,-2.115867015059135,-1.6841534259744676e-14
94.88477431384531,-32.6327993234869,13.57486412969312,2.962082519995901,-2.1157802051954193,-8.420767129872338e-15
94.89644115630115,-32.63617088465769,13.579687452798181,2.960314161056721,-2.115694666608661,0.0
94.90810388927001,-32.6395474880527,13.584462312585352,2.9585580956130566,-2.115610393609886,3.368306851948935e-14
94.91976251783078,-32.64292913058183,13.589188809065064,2.9568142990740336,-2.1155273805226242,1.6841534259744676e-14
94.93141704706082,-32.646315809153535,13.593867042247755,2.955082746847087,-2.1154456216828814,0.0
