galstreams/tracks/track.st.Cetus.yam2013.ecsv
# %ECSV 1.0
# ---
# datatype:
# - {name: ra, unit: deg, datatype: float64}
# - {name: dec, unit: deg, datatype: float64}
# - {name: distance, unit: kpc, datatype: float64}
# - {name: pm_ra_cosdec, unit: mas / yr, datatype: float64}
# - {name: pm_dec, unit: mas / yr, datatype: float64}
# - {name: radial_velocity, unit: km / s, datatype: float64}
# delimiter: ','
# meta: !!omap
# - __serialized_columns__:
#     dec:
#       __class__: astropy.coordinates.angles.Latitude
#       unit: &id001 !astropy.units.Unit {unit: deg}
#       value: !astropy.table.SerializedColumn {name: dec}
#     distance:
#       __class__: astropy.coordinates.distances.Distance
#       unit: !astropy.units.Unit {unit: kpc}
#       value: !astropy.table.SerializedColumn {name: distance}
#     pm_dec:
#       __class__: astropy.units.quantity.Quantity
#       unit: !astropy.units.Unit {unit: mas / yr}
#       value: !astropy.table.SerializedColumn {name: pm_dec}
#     pm_ra_cosdec:
#       __class__: astropy.units.quantity.Quantity
#       unit: !astropy.units.Unit {unit: mas / yr}
#       value: !astropy.table.SerializedColumn {name: pm_ra_cosdec}
#     ra:
#       __class__: astropy.coordinates.angles.Longitude
#       unit: *id001
#       value: !astropy.table.SerializedColumn {name: ra}
#       wrap_angle: !astropy.coordinates.Angle
#         unit: *id001
#         value: 360.0
#     radial_velocity:
#       __class__: astropy.units.quantity.Quantity
#       unit: !astropy.units.Unit {unit: km / s}
#       value: !astropy.table.SerializedColumn {name: radial_velocity}
# schema: astropy-2.0
ra,dec,distance,pm_ra_cosdec,pm_dec,radial_velocity
[from data line 397]
21.42123742068396,-0.40445152862878964,28.522535996277032,-5.551115123125783e-17,-4.163336342344337e-16,-98.24542543768389
21.42488475769948,-0.39513280610070745,28.525421358982396,-1.942890293094024e-16,-3.9898639947466563e-16,-98.27414518822717
21.428532526611765,-0.38581427124920176,28.528304383408308,-1.3877787807814457e-16,-3.963843142607004e-16,-98.30286020559669
21.432180727321956,-0.37649592398777404,28.531185071038475,-1.942890293094024e-16,-4.154662724964453e-16,-98.33157048925216
21.43582935973131,-0.36717776422979986,28.534063423356592,-1.6653345369377348e-16,-3.963843142607004e-16,-98.36027603865325
21.439478423741093,-0.3578597918888351,28.536939441846386,-1.6653345369377348e-16,-4.544975507059235e-16,-98.38897685325989
21.443127919252635,-0.3485420068783996,28.539813127991568,-1.3877787807814457e-16,-3.668940151690947e-16,-98.41767293253176
21.446777846167343,-0.3392244091120592,28.542684483275828,-1.1102230246251565e-16,-3.963843142607004e-16,-98.44636427592869
21.450428204386657,-0.32990699850337696,28.545553509182884,-1.942890293094024e-16,-4.198030811863873e-16,-98.47505088291042
21.454078993812104,-0.320589774965954,28.548420207196443,-1.6653345369377348e-16,-3.8424124992886277e-16,-98.50373275293676
21.45773021434524,-0.3112727384134674,28.551284578800225,-1.1102230246251565e-16,-4.536301889679351e-16,-98.53240988546742
21.46138186588772,-0.3019558887594562,28.55414662547792,-2.498001805406602e-16,-4.215378046623641e-16,-98.5610822799622
21.46503394834123,-0.2926392259176505,28.557006348713244,-1.6653345369377348e-16,-4.0115480381963664e-16,-98.58974993588095
21.46868646160751,-0.2833227498017398,28.559863749989916,-1.942890293094024e-16,-4.3324718812520757e-16,-98.61841285268339
21.472339405588375,-0.2740064603254509,28.56271883079163,-1.6653345369377348e-16,-4.432218481120742e-16,-98.64707102982929
21.47599278018569,-0.26469035740251823,28.565571592602094,-1.6653345369377348e-16,-4.445228907190568e-16,-98.67572446677842
21.479646585301364,-0.25537444094670997,28.568422036905037,-8.326672684688674e-17,-4.371503159461554e-16,-98.7043731629906
21.483300820837375,-0.24605871087187642,28.571270165184142,-1.942890293094024e-16,-4.2977774117325396e-16,-98.73301711792558
21.486955486695802,-0.236743167091725,28.574115978923135,-1.6653345369377348e-16,-4.0852737859253807e-16,-98.7616563310431
21.49061058277872,-0.22742780952015063,28.576959479605726,-1.3877787807814457e-16,-4.588343593958655e-16,-98.79029080180301
21.494266108988292,-0.21811263807101142,28.57980066871561,-1.942890293094024e-16,-4.2370620900733513e-16,-98.81892052966501
21.497922065226728,-0.20879765265819808,28.582639547736502,-1.942890293094024e-16,-4.588343593958655e-16,-98.84754551408896
21.501578451396302,-0.1994828531956202,28.58547611815212,-1.942890293094024e-16,-4.189357194483989e-16,-98.87616575453453
21.50523526739935,-0.19016823959721527,28.588310381446153,-1.1102230246251565e-16,-4.198030811863873e-16,-98.90478125046161
21.508892513138242,-0.18085381177699505,28.591142339102323,-8.326672684688674e-17,-4.2544093248331194e-16,-98.93339200132986
21.51255018851547,-0.1715395696488376,28.593971992604335,-1.3877787807814457e-16,-4.453902524570452e-16,-98.96199800659919
21.516208293433507,-0.1622255131267991,28.596799343435908,-2.7755575615628914e-16,-4.2847669856627135e-16,-98.99059926572926
21.51986682779494,-0.15291164212491462,28.59962439308073,-1.3877787807814457e-16,-4.479923376710104e-16,-99.01919577817989
21.52352579150237,-0.14359795655723748,28.60244714302252,-2.220446049250313e-16,-4.356324329046757e-16,-99.04778754341085
21.527185184458492,-0.1342844563378483,28.605267594744994,-1.942890293094024e-16,-4.2522409204881484e-16,-99.07637456088196
21.530845006566032,-0.12497114138084642,28.60808574973186,-2.7755575615628914e-16,-3.892285799222961e-16,-99.10495683005291
21.534505257727783,-0.1156580116004124,28.610901609466815,-1.6653345369377348e-16,-4.0288952729561345e-16,-99.13353435038354
21.53816593784663,-0.1063450669105965,28.613715175433573,-8.326672684688674e-17,-4.371503159461554e-16,-99.16210712133365
21.54182704682546,-0.09703230722561945,28.61652644911585,-1.942890293094024e-16,-4.2977774117325396e-16,-99.19067514236298
21.54548858456726,-0.08771973245968057,28.619335431997335,-1.1102230246251565e-16,-4.531965080989409e-16,-99.21923841293125
21.54915055097504,-0.07840734252699902,28.622142125561762,-1.6653345369377348e-16,-4.195862407518902e-16,-99.24779693249835
21.552812945951896,-0.06909513734182818,28.62494653129282,-2.498001805406602e-16,-4.466912950640278e-16,-99.27635070052395
21.55647576940097,-0.05978311681843082,28.62774865067423,-2.220446049250313e-16,-4.488596994089988e-16,-99.30489971646787
21.56013902122544,-0.05047128087115231,28.630548485189696,-2.220446049250313e-16,-4.185020385794047e-16,-99.33344397978988
21.563802701328605,-0.04115962941421123,28.633346036322923,-2.220446049250313e-16,-4.454986726742938e-16,-99.36198348994981
21.567466809613773,-0.03184816236199612,28.636141305557622,-2.220446049250313e-16,-4.623038063478191e-16,-99.3905182464074
21.571131345984305,-0.02253687962886863,28.638934294377506,-1.6653345369377348e-16,-4.0809369772354387e-16,-99.41904824862237
21.574796310343633,-0.01322578112922228,28.64172500426628,-2.220446049250313e-16,-4.364455845340398e-16,-99.44757349605456
21.57846170259526,-0.003914866777466702,28.64451343670765,-1.1102230246251565e-16,-4.475789855927503e-16,-99.47609398816375
21.58212752264271,0.00539586351196331,28.647299593185334,-1.6653345369377348e-16,-4.2175464509686122e-16,-99.50460972440966
21.585793770389586,0.014706409824550706,28.650083475183024,-1.6653345369377348e-16,-4.3216298595272207e-16,-99.53312070425213
21.589460445739586,0.024016772245923322,28.65286508418445,-2.220446049250313e-16,-4.524917766868253e-16,-99.5616269271509
21.593127548596403,0.033326950861523305,28.655644421673305,-2.220446049250313e-16,-4.2782617726278005e-16,-99.59012839256575
21.59679507886382,0.042636945756814794,28.658421489133307,-1.6653345369377348e-16,-4.0939474033052647e-16,-99.61862509995645
21.600463036445667,0.0519467570172445,28.661196288048153,-1.1102230246251565e-16,-4.494018004952416e-16,-99.64711704878285
21.60413142124583,0.061256384728236295,28.66396881990156,-1.1102230246251565e-16,-4.694595406862234e-16,-99.6756042385046
21.607800233168266,0.07056582897519091,28.666739086177238,-1.6653345369377348e-16,-4.634964287375531e-16,-99.7040866685816
21.611469472116962,0.07987508984343081,28.66950708835889,-1.6653345369377348e-16,-4.2912721986976265e-16,-99.73256433847348
21.61513913799601,0.08918416741840934,28.67227282793023,-2.7755575615628914e-16,-4.562322741819003e-16,-99.76103724764015
21.618809230709516,0.09849306178540176,28.675036306374967,-2.220446049250313e-16,-4.423544863740858e-16,-99.78950539554137
21.622479750161663,0.1078017730297143,28.677797525176796,-1.6653345369377348e-16,-4.64255370258293e-16,-99.81796878163682
21.626150696256673,0.11711030123663276,28.68055648581945,-2.220446049250313e-16,-4.2413988987632933e-16,-99.84642740538636
21.629822068898847,0.12641864649140439,28.683313189786617,-1.6653345369377348e-16,-4.40619762898109e-16,-99.87488126624976
21.63349386799252,0.13572680887926955,28.686067638562015,-2.220446049250313e-16,-4.382345181186409e-16,-99.90333036368678
21.637166093442094,0.14503478848538548,28.68881983362935,-2.7755575615628914e-16,-4.2544093248331194e-16,-99.93177469715721
21.640838745152056,0.15434258539503876,28.691569776472328,-2.7755575615628914e-16,-4.36282954208167e-16,-99.96021426612083
21.64451182302692,0.16365019969334701,28.694317468574667,-1.6653345369377348e-16,-4.466912950640278e-16,-99.9886490700374
21.648185326971248,0.1729576314654435,28.697062911420065,-2.220446049250313e-16,-4.397524011601206e-16,-100.01707910836667
21.65185925688968,0.1822648807964501,28.699806106492233,-1.6653345369377348e-16,-4.419208055050916e-16,-100.04550438056845
21.655533612686906,0.19157194777145745,28.702547055274888,-2.220446049250313e-16,-4.458239333260394e-16,-100.07392488610252
21.659208394267665,0.20087883247553404,28.70528575925173,-3.3306690738754696e-16,-4.536301889679351e-16,-100.10234062442865
21.66288360153675,0.21018553499367224,28.70802221990647,-1.1102230246251565e-16,-4.349819116011844e-16,-100.13075159500661
21.666559234399053,0.21949205541099984,28.710756438722814,-2.220446049250313e-16,-4.479923376710104e-16,-100.15915779729617
21.67023529275948,0.228798393812467,28.71348841718448,-1.1102230246251565e-16,-4.414871246360974e-16,-100.18755923075713
21.67391177652299,0.2381045502830417,28.71621815677516,-1.6653345369377348e-16,-4.701100619897147e-16,-100.21595589484923
21.67758868559462,0.24741052490768586,28.718945658978583,-2.7755575615628914e-16,-4.388850394221322e-16,-100.24434778903228
21.68126601987946,0.2567163177713206,28.721670925278445,-1.6653345369377348e-16,-4.488596994089988e-16,-100.27273491276605
21.684943779282648,0.2660219289588517,28.724393957158455,-2.220446049250313e-16,-4.731458280726741e-16,-100.3011172655103
21.688621963709366,0.275327358555115,28.727114756102324,-1.6653345369377348e-16,-4.475586568020162e-16,-100.32949484672483
21.692300573064905,0.28463260664506734,28.729833323593763,-2.7755575615628914e-16,-4.627374872168133e-16,-100.35786765586941
21.695979607254568,0.29393767331349263,28.732549661116476,-1.6653345369377348e-16,-4.597017211338539e-16,-100.3862356924038
21.699659066183713,0.30324255864520633,28.735263770154177,-2.220446049250313e-16,-4.549312315749177e-16,-100.41459895578778
21.703338949757775,0.31254726272499966,28.737975652190567,-1.6653345369377348e-16,-4.440892098500626e-16,-100.44295744548114
21.707019257882227,0.32185178563762606,28.740685308709356,-2.220446049250313e-16,-4.458239333260394e-16,-100.47131116094366
21.710699990462615,0.3311561274678387,28.743392741194256,-1.6653345369377348e-16,-4.81385764583564e-16,-100.49966010163509
21.714381147404502,0.3404602883002997,28.746097951128984,-5.551115123125783e-17,-4.579669976578771e-16,-100.52800426701526
21.71806272861358,0.34976426821980866,28.74880093999724,-2.220446049250313e-16,-4.640385298237959e-16,-100.55634365654382
21.72174473399555,0.35906806731098906,28.75150170928272,-2.220446049250313e-16,-4.649058915617843e-16,-100.58467826968068
21.725427163456168,0.36837168565848744,28.754200260469158,-2.220446049250313e-16,-4.2934406030425976e-16,-100.61300810588558
21.729110016901245,0.3776751233469282,28.756896595040246,-1.6653345369377348e-16,-4.709774237277031e-16,-100.64133316461827
21.732793294236664,0.3869783804609163,28.759590714479693,-2.220446049250313e-16,-4.2934406030425976e-16,-100.66965344533855
21.736476995368353,0.3962814570850317,28.762282620271215,-1.6653345369377348e-16,-4.579669976578771e-16,-100.69796894750623
21.740161120202274,0.4055843533037782,28.764972313898518,-2.220446049250313e-16,-4.388850394221322e-16,-100.72627967058095
21.743845668644532,0.4148870692017867,28.767659796845304,-1.6653345369377348e-16,-4.562322741819003e-16,-100.75458561402266
21.747530640601184,0.4241896048635263,28.77034507059529,-2.220446049250313e-16,-4.380176776841438e-16,-100.782886777291
21.7512160359784,0.4334919603734758,28.77302813663219,-1.1102230246251565e-16,-4.3281350725621337e-16,-100.81118315984585
21.75490185468237,0.44279413581609756,28.775708996439693,-2.220446049250313e-16,-4.518954654919582e-16,-100.83947476114693
21.75858809661939,0.45209613127583786,28.778387651501525,-5.551115123125783e-17,-4.579669976578771e-16,-100.86776158065402
21.76227476169576,0.4613979468371106,28.781064103301386,-2.7755575615628914e-16,-4.501607420159814e-16,-100.89604361782692
21.765961849817856,0.47069958258425815,28.78373835332299,-1.6653345369377348e-16,-4.874572967494828e-16,-100.92432087212532
21.769649360892142,0.4800010386017582,28.786410403050045,-1.6653345369377348e-16,-4.553649124439119e-16,-100.95259334300916
21.77333729482509,0.4893023149739018,28.789080253966254,-1.1102230246251565e-16,-4.544975507059235e-16,-100.98086102993804
21.777025651523246,0.49860341178501905,28.791747907555333,-2.7755575615628914e-16,-4.631711680858075e-16,-101.00912393237186
21.780714430893216,0.5079043291194125,28.794413365300986,-2.220446049250313e-16,-4.536301889679351e-16,-101.03738204977036
21.78440363284166,0.5172050670613525,28.79707662868692,-2.7755575615628914e-16,-4.553649124439119e-16,-101.06563538159328
21.788093257275285,0.5265056256951027,28.79973769919685,-2.7755575615628914e-16,-4.544975507059235e-16,-101.09388392730042
21.79178330410084,0.5358060051048393,28.80239657831448,-2.7755575615628914e-16,-4.36282954208167e-16,-101.1221276863516
21.795473773225197,0.5451062053748816,28.805053267523522,-1.6653345369377348e-16,-4.423544863740858e-16,-101.15036665820652
21.799164664555207,0.5544062265893589,28.807707768307676,-2.220446049250313e-16,-4.562322741819003e-16,-101.17860084232505
21.802855977997815,0.5637060688324406,28.810360082150666,-1.6653345369377348e-16,-4.380176776841438e-16,-101.20683023816686
21.806547713460002,0.573005732188259,28.813010210536184,-1.6653345369377348e-16,-4.761815941556335e-16,-101.2350548451918
21.81023987084882,0.5823052167409408,28.815658154947954,-2.220446049250313e-16,-4.371503159461554e-16,-101.26327466285959
21.813932450071373,0.5916045225745767,28.81830391686967,-1.6653345369377348e-16,-4.553649124439119e-16,-101.29148969063007
21.817625451034797,0.6009036497731861,28.820947497785053,-2.220446049250313e-16,-4.553649124439119e-16,-101.31969992796296
21.82131887364634,0.6102025984209232,28.8235888991778,-2.7755575615628914e-16,-4.562322741819003e-16,-101.34790537431807
21.825012717813262,0.6195013686017647,28.826228122531635,-2.220446049250313e-16,-4.562322741819003e-16,-101.37610602915521
21.828706983442874,0.6287999603997074,28.828865169330246,-2.7755575615628914e-16,-4.891920202254596e-16,-101.40430189193404
21.832401670442565,0.6380983738987388,28.83150004105736,-1.6653345369377348e-16,-4.649058915617843e-16,-101.43249296211447
21.836096778719757,0.6473966091828117,28.834132739196683,-2.7755575615628914e-16,-4.822531263215524e-16,-101.4606792391562
21.839792308181952,0.6566946663358613,28.836763265231916,-1.1102230246251565e-16,-4.475586568020162e-16,-101.48886072251905
21.84348825873668,0.6659925454418023,28.83939162064677,-2.220446049250313e-16,-4.388850394221322e-16,-101.51703741166271
21.84718463029154,0.67529024658447,28.842017806924957,-2.220446049250313e-16,-4.527628272299467e-16,-101.54520930604701
21.850881422754206,0.6845877698478351,28.844641825550188,-1.6653345369377348e-16,-4.649058915617843e-16,-101.5733764051318
21.854578636032382,0.6938851153156851,28.84726367800616,-2.220446049250313e-16,-4.614364446098307e-16,-101.6015387083768
21.858276270033826,0.7031822830718477,28.849883365776588,-2.220446049250313e-16,-4.40619762898109e-16,-101.62969621524168
21.861974324666363,0.7124792732001115,28.852500890345183,-1.6653345369377348e-16,-4.822531263215524e-16,-101.65784892518636
21.865672799837867,0.7217760857842589,28.855116253195654,-2.220446049250313e-16,-4.475586568020162e-16,-101.68599683767056
21.86937169545626,0.7310727209080403,28.85772945581171,-1.6653345369377348e-16,-4.683753385137379e-16,-101.71413995215411
21.87307101142951,0.7403691786551307,28.86034049967706,-2.220446049250313e-16,-4.649058915617843e-16,-101.74227826809665
21.876770747665706,0.7496654591093473,28.862949386275407,-1.6653345369377348e-16,-4.354155924701786e-16,-101.7704117849581
21.88047090407291,0.7589615623543117,28.86555611709046,-1.6653345369377348e-16,-4.718447854656915e-16,-101.79854050219821
21.884171480559278,0.7682574884736931,28.868160693605937,-2.220446049250313e-16,-4.753142324176451e-16,-101.82666441927667
21.887872477033014,0.7775532375511313,28.870763117305536,-1.1102230246251565e-16,-4.735795089416683e-16,-101.85478353565334
21.891573893402377,0.7868488096702361,28.873363389672967,-2.220446049250313e-16,-4.822531263215524e-16,-101.88289785078797
