galstreams/tracks/track.ep.Jet.jethwa2018.ecsv
# %ECSV 0.9
# ---
# datatype:
# - {name: ra, unit: deg, datatype: float64}
# - {name: dec, unit: deg, datatype: float64}
# - {name: distance, unit: kpc, datatype: float64}
# - {name: pm_ra_cosdec, unit: mas / yr, datatype: float64}
# - {name: pm_dec, unit: mas / yr, datatype: float64}
# - {name: radial_velocity, unit: km / s, datatype: float64}
# delimiter: ','
# meta: !!omap
# - __serialized_columns__:
#     dec:
#       __class__: astropy.coordinates.angles.Latitude
#       unit: &id001 !astropy.units.Unit {unit: deg}
#       value: !astropy.table.SerializedColumn {name: dec}
#     distance:
#       __class__: astropy.coordinates.distances.Distance
#       unit: !astropy.units.Unit {unit: kpc}
#       value: !astropy.table.SerializedColumn {name: distance}
#     pm_dec:
#       __class__: astropy.units.quantity.Quantity
#       unit: !astropy.units.Unit {unit: mas / yr}
#       value: !astropy.table.SerializedColumn {name: pm_dec}
#     pm_ra_cosdec:
#       __class__: astropy.units.quantity.Quantity
#       unit: !astropy.units.Unit {unit: mas / yr}
#       value: !astropy.table.SerializedColumn {name: pm_ra_cosdec}
#     ra:
#       __class__: astropy.coordinates.angles.Longitude
#       unit: *id001
#       value: !astropy.table.SerializedColumn {name: ra}
#       wrap_angle: !astropy.coordinates.Angle
#         unit: *id001
#         value: 360.0
#     radial_velocity:
#       __class__: astropy.units.quantity.Quantity
#       unit: !astropy.units.Unit {unit: km / s}
#       value: !astropy.table.SerializedColumn {name: radial_velocity}
# schema: astropy-2.0
ra,dec,distance,pm_ra_cosdec,pm_dec,radial_velocity
133.75,-27.699999999999996,28.6,0.0,0.0,0.0
133.79475544701015,-27.65152771021124,28.6,0.0,0.0,0.0
133.8394712302068,-27.60304106162511,28.6,0.0,0.0,0.0
133.88414745455688,-27.5545400964749,28.60000000000001,0.0,0.0,0.0
133.92878422484503,-27.50602485689085,28.600000000000005,0.0,0.0,0.0
133.97338164567438,-27.457495384900124,28.600000000000005,0.0,0.0,0.0
134.01793982146643,-27.408951722427496,28.600000000000005,0.0,0.0,0.0
134.06245885646177,-27.36039391129536,28.6,0.0,0.0,0.0
134.10693885471997,-27.31182199322438,28.6,0.0,0.0,0.0
134.1513799201203,-27.263236009833534,28.6,0.0,0.0,0.0
134.19578215636153,-27.21463600264073,28.600000000000005,0.0,0.0,0.0
134.2401456669629,-27.166022013062847,28.600000000000005,0.0,0.0,0.0
134.28447055526368,-27.1173940824164,28.6,0.0,0.0,0.0
134.32875692442423,-27.068752251917505,28.6,0.0,0.0,0.0
134.37300487742567,-27.020096562682586,28.6,0.0,0.0,0.0
134.41721451707065,-26.971427055728363,28.6,0.0,0.0,0.0
134.46138594598332,-26.92274377197248,28.6,0.0,0.0,0.0
134.50551926661,-26.87404675223357,28.600000000000005,0.0,0.0,0.0
134.54961458121923,-26.82533603723186,28.6,0.0,0.0,0.0
134.59367199190214,-26.77661166758918,28.6,0.0,0.0,0.0
134.63769160057282,-26.72787368382963,28.600000000000005,0.0,0.0,0.0
134.68167350896871,-26.67912212637957,28.600000000000005,0.0,0.0,0.0
134.72561781865073,-26.630357035568306,28.600000000000005,0.0,0.0,0.0
134.76952463100383,-26.58157845162801,28.600000000000005,0.0,0.0,0.0
134.813394047237,-26.53278641469446,28.600000000000005,0.0,0.0,0.0
134.8572261683841,-26.48398096480698,28.600000000000005,0.0,0.0,0.0
134.90102109530355,-26.435162141909114,28.6,0.0,0.0,0.0
134.9447789286793,-26.386329985848587,28.600000000000005,0.0,0.0,0.0
134.98849976902065,-26.33748453637802,28.6,0.0,0.0,0.0
135.0321837166629,-26.28862583315485,28.600000000000005,0.0,0.0,0.0
135.0758308717674,-26.23975391574201,28.6,0.0,0.0,0.0
135.11944133432232,-26.190868823607925,28.600000000000005,0.0,0.0,0.0
135.16301520414248,-26.141970596127152,28.6,0.0,0.0,0.0
135.20655258087007,-26.093059272580348,28.600000000000005,0.0,0.0,0.0
135.2500535639747,-26.044134892154954,28.6,0.0,0.0,0.0
135.29351825275398,-25.995197493945195,28.6,0.0,0.0,0.0
135.33694674633378,-25.94624711695249,28.600000000000005,0.0,0.0,0.0
135.38033914366846,-25.89728380008593,28.6,0.0,0.0,0.0
135.42369554354127,-25.848307582162438,28.600000000000005,0.0,0.0,0.0
135.46701604456484,-25.799318501907,28.6,0.0,0.0,0.0
135.5103007451813,-25.7503165979531,28.600000000000005,0.0,0.0,0.0
135.5535497436627,-25.70130190884314,28.6,0.0,0.0,0.0
135.5967631381115,-25.652274473028406,28.6,0.0,0.0,0.0
135.6399410264606,-25.603234328869807,28.6,0.0,0.0,0.0
135.6830835064741,-25.554181514637765,28.6,0.0,0.0,0.0
135.72619067574718,-25.50511606851289,28.6,0.0,0.0,0.0
135.7692626317069,-25.456038028585954,28.6,0.0,0.0,0.0
135.81229947161216,-25.40694743285852,28.600000000000005,0.0,0.0,0.0
135.8553012925544,-25.357844319242922,28.6,0.0,0.0,0.0
135.8982681914576,-25.308728725562904,28.6,0.0,0.0,0.0
135.94120026507892,-25.259600689553558,28.600000000000005,0.0,0.0,0.0
135.98409761000886,-25.21046024886201,28.600000000000005,0.0,0.0,0.0
136.0269603226718,-25.161307441047356,28.600000000000005,0.0,0.0,0.0
136.06978849932614,-25.112142303581305,28.6,0.0,0.0,0.0
136.11258223606478,-25.062964873848127,28.6,0.0,0.0,0.0
136.15534162881542,-25.013775189145324,28.6,0.0,0.0,0.0
136.19806677334103,-24.964573286683553,28.6,0.0,0.0,0.0
136.24075776524,-24.915359203587286,28.600000000000005,0.0,0.0,0.0
136.28341469994675,-24.86613297689476,28.6,0.0,0.0,0.0
136.32603767273181,-24.816894643558623,28.6,0.0,0.0,0.0
136.36862677870246,-24.76764424044584,28.600000000000005,0.0,0.0,0.0
136.41118211280278,-24.71838180433841,28.600000000000005,0.0,0.0,0.0
136.45370376981435,-24.669107371933254,28.600000000000005,0.0,0.0,0.0
136.4961918443563,-24.61982097984288,28.6,0.0,0.0,0.0
136.53864643088593,-24.570522664595295,28.6,0.0,0.0,0.0
136.5810676236988,-24.521212462634697,28.6,0.0,0.0,0.0
136.62345551692937,-24.47189041032138,28.600000000000005,0.0,0.0,0.0
136.6658102045511,-24.422556543932377,28.600000000000005,0.0,0.0,0.0
136.70813178037707,-24.373210899661416,28.6,0.0,0.0,0.0
136.75042033806005,-24.32385351361953,28.6,0.0,0.0,0.0
136.79267597109327,-24.27448442183501,28.600000000000005,0.0,0.0,0.0
136.83489877281028,-24.22510366025406,28.6,0.0,0.0,0.0
136.87708883638578,-24.175711264740688,28.600000000000005,0.0,0.0,0.0
136.9192462548356,-24.126307271077394,28.6,0.0,0.0,0.0
136.96137112101735,-24.07689171496506,28.599999999999998,0.0,0.0,0.0
137.00346352763066,-24.0274646320236,28.6,0.0,0.0,0.0
137.04552356721766,-23.978026057791904,28.600000000000005,0.0,0.0,0.0
137.08755133216303,-23.928576027728457,28.600000000000005,0.0,0.0,0.0
137.12954691469477,-23.879114577211276,28.6,0.0,0.0,0.0
137.17151040688427,-23.82964174153852,28.600000000000005,0.0,0.0,0.0
137.21344190064696,-23.78015755592846,28.6,0.0,0.0,0.0
137.25534148774236,-23.730662055520067,28.599999999999998,0.0,0.0,0.0
137.29720925977463,-23.68115527537297,28.6,0.0,0.0,0.0
137.3390453081929,-23.631637250468074,28.600000000000005,0.0,0.0,0.0
137.38084972429178,-23.582108015707462,28.600000000000005,0.0,0.0,0.0
137.42262259921142,-23.532567605915084,28.6,0.0,0.0,0.0
137.46436402393817,-23.4830160558366,28.600000000000005,0.0,0.0,0.0
137.50607408930478,-23.433453400140085,28.600000000000005,0.0,0.0,0.0
137.5477528859909,-23.383879673415876,28.6,0.0,0.0,0.0
137.58940050452324,-23.334294910177263,28.600000000000005,0.0,0.0,0.0
137.6310170352763,-23.284699144860365,28.600000000000005,0.0,0.0,0.0
137.67260256847234,-23.235092411824777,28.600000000000005,0.0,0.0,0.0
137.71415719418206,-23.185474745353496,28.600000000000005,0.0,0.0,0.0
137.7556810023247,-23.135846179653495,28.600000000000005,0.0,0.0,0.0
137.79717408266876,-23.086206748855698,28.6,0.0,0.0,0.0
137.83863652483197,-23.036556487015574,28.6,0.0,0.0,0.0
137.8800684182821,-22.98689542811306,28.6,0.0,0.0,0.0
137.92146985233683,-22.937223606053156,28.6,0.0,0.0,0.0
137.96284091616462,-22.887541054665878,28.600000000000005,0.0,0.0,0.0
138.00418169878478,-22.83784780770686,28.600000000000005,0.0,0.0,0.0
138.04549228906788,-22.788143898857275,28.600000000000005,0.0,0.0,0.0
138.08677277573625,-22.738429361724368,28.600000000000005,0.0,0.0,0.0
138.1280232473642,-22.688704229841584,28.6,0.0,0.0,0.0
138.16924379237852,-22.63896853666886,28.600000000000005,0.0,0.0,0.0
138.21043449905878,-22.589222315592906,28.6,0.0,0.0,0.0
138.25159545553774,-22.53946559992744,28.600000000000005,0.0,0.0,0.0
138.29272674980166,-22.489698422913477,28.600000000000005,0.0,0.0,0.0
138.33382846969081,-22.439920817719553,28.600000000000005,0.0,0.0,0.0
138.37490070289977,-22.390132817442012,28.600000000000005,0.0,0.0,0.0
138.41594353697766,-22.340334455105275,28.6,0.0,0.0,0.0
138.45695705932883,-22.290525763662057,28.600000000000005,0.0,0.0,0.0
138.49794135721297,-22.24070677599366,28.600000000000005,0.0,0.0,0.0
138.5388965177456,-22.190877524910224,28.600000000000005,0.0,0.0,0.0
138.5798226278984,-22.14103804315096,28.600000000000005,0.0,0.0,0.0
138.6207197744997,-22.091188363384447,28.6,0.0,0.0,0.0
138.66158804423463,-22.04132851820884,28.6,0.0,0.0,0.0
138.70242752364575,-21.991458540152163,28.600000000000005,0.0,0.0,0.0
138.74323829913334,-21.94157846167253,28.600000000000005,0.0,0.0,0.0
138.78402045695557,-21.891688315158444,28.6,0.0,0.0,0.0
138.82477408322924,-21.84178813292898,28.6,0.0,0.0,0.0
138.86549926392996,-21.79187794723409,28.600000000000005,0.0,0.0,0.0
138.9061960848924,-21.741957790254855,28.6,0.0,0.0,0.0
138.94686463181094,-21.692027694103704,28.600000000000005,0.0,0.0,0.0
138.98750499023993,-21.642087690824678,28.6,0.0,0.0,0.0
139.02811724559393,-21.592137812393684,28.6,0.0,0.0,0.0
139.06870148314832,-21.54217809071873,28.600000000000005,0.0,0.0,0.0
139.10925778803957,-21.492208557640186,28.6,0.0,0.0,0.0
139.14978624526555,-21.442229244931035,28.600000000000005,0.0,0.0,0.0
139.19028693968602,-21.392240184297087,28.600000000000005,0.0,0.0,0.0
139.23075995602295,-21.342241407377262,28.600000000000005,0.0,0.0,0.0
139.2712053788609,-21.292232945743816,28.600000000000005,0.0,0.0,0.0
139.31162329264754,-21.242214830902586,28.600000000000005,0.0,0.0,0.0
139.35201378169364,-21.192187094293246,28.6,0.0,0.0,0.0
139.3923769301739,-21.14214976728951,28.600000000000005,0.0,0.0,0.0
139.4327128221271,-21.092102881199438,28.6,0.0,0.0,0.0
139.47302154145643,-21.042046467265624,28.6,0.0,0.0,0.0
139.51330317193012,-20.991980556665464,28.6,0.0,0.0,0.0
139.55355779718144,-20.941905180511377,28.600000000000005,0.0,0.0,0.0
139.59378550070943,-20.891820369851064,28.600000000000005,0.0,0.0,0.0
139.63398636587905,-20.841726155667743,28.600000000000005,0.0,0.0,0.0
139.67416047592167,-20.79162256888037,28.600000000000005,0.0,0.0,0.0
139.71430791393544,-20.74150964034389,28.6,0.0,0.0,0.0
139.7544287628856,-20.69138740084949,28.600000000000005,0.0,0.0,0.0
139.79452310560492,-20.641255881124813,28.6,0.0,0.0,0.0
139.83459102479407,-20.59111511183417,28.600000000000005,0.0,0.0,0.0
139.874632603022,-20.540965123578854,28.599999999999998,0.0,0.0,0.0
139.91464792272626,-20.490805946897286,28.6,0.0,0.0,0.0
139.95463706621342,-20.440637612265295,28.6,0.0,0.0,0.0
139.99460011565955,-20.390460150096366,28.600000000000005,0.0,0.0,0.0
140.03453715311034,-20.34027359074183,28.600000000000005,0.0,0.0,0.0
140.07444826048177,-20.290077964491118,28.6,0.0,0.0,0.0
140.11433351956023,-20.239873301572004,28.6,0.0,0.0,0.0
140.1541930120032,-20.1896596321508,28.600000000000005,0.0,0.0,0.0
140.19402681933917,-20.139436986332633,28.600000000000005,0.0,0.0,0.0
140.23383502296858,-20.089205394161645,28.6,0.0,0.0,0.0
140.27361770416368,-20.038964885621212,28.6,0.0,0.0,0.0
140.3133749440693,-19.98871549063422,28.599999999999998,0.0,0.0,0.0
140.35310682370294,-19.938457239063222,28.6,0.0,0.0,0.0
140.39281342395537,-19.888190160710735,28.600000000000005,0.0,0.0,0.0
140.43249482559077,-19.837914285319414,28.600000000000005,0.0,0.0,0.0
140.47215110924736,-19.787629642572323,28.600000000000005,0.0,0.0,0.0
140.51178235543762,-19.73733626209312,28.6,0.0,0.0,0.0
140.55138864454867,-19.687034173446293,28.6,0.0,0.0,0.0
140.5909700568427,-19.636723406137406,28.6,0.0,0.0,0.0
140.63052667245734,-19.5864039896133,28.6,0.0,0.0,0.0
140.670058571406,-19.53607595326232,28.6,0.0,0.0,0.0
140.7095658335782,-19.48573932641455,28.600000000000005,0.0,0.0,0.0
140.74904853874014,-19.435394138342,28.6,0.0,0.0,0.0
140.78850676653485,-19.385040418258892,28.6,0.0,0.0,0.0
140.82794059648268,-19.334678195321807,28.6,0.0,0.0,0.0
140.8673501079816,-19.284307498629943,28.600000000000005,0.0,0.0,0.0
140.9067353803077,-19.233928357225352,28.600000000000005,0.0,0.0,0.0
140.94609649261548,-19.183540800093112,28.600000000000005,0.0,0.0,0.0
140.9854335239382,-19.133144856161575,28.600000000000005,0.0,0.0,0.0
141.02474655318832,-19.082740554302614,28.600000000000005,0.0,0.0,0.0
141.06403565915784,-19.032327923331753,28.600000000000005,0.0,0.0,0.0
141.10330092051862,-18.981906992008476,28.6,0.0,0.0,0.0
141.14254241582287,-18.931477789036393,28.600000000000005,0.0,0.0,0.0
141.18176022350346,-18.88104034306346,28.600000000000005,0.0,0.0,0.0
141.22095442187427,-18.830594682682218,28.6,0.0,0.0,0.0
141.26012508913058,-18.780140836429975,28.6,0.0,0.0,0.0
141.29927230334945,-18.72967883278904,28.600000000000005,0.0,0.0,0.0
141.33839614249018,-18.679208700186933,28.600000000000005,0.0,0.0,0.0
141.37749668439446,-18.628730466996604,28.600000000000005,0.0,0.0,0.0
141.41657400678693,-18.578244161536617,28.6,0.0,0.0,0.0
141.45562818727552,-18.527749812071413,28.6,0.0,0.0,0.0
141.49465930335185,-18.477247446811457,28.600000000000005,0.0,0.0,0.0
141.53366743239138,-18.426737093913502,28.600000000000005,0.0,0.0,0.0
141.57265265165415,-18.376218781480777,28.600000000000005,0.0,0.0,0.0
141.6116150382848,-18.3256925375632,28.600000000000005,0.0,0.0,0.0
141.6505546693132,-18.27515839015758,28.599999999999998,0.0,0.0,0.0
141.68947162165463,-18.224616367207826,28.600000000000005,0.0,0.0,0.0
141.72836597211028,-18.17406649660518,28.6,0.0,0.0,0.0
141.7672377973676,-18.123508806188386,28.6,0.0,0.0,0.0
141.8060871740006,-18.072943323743917,28.6,0.0,0.0,0.0
141.84491417847022,-18.022370077006187,28.600000000000005,0.0,0.0,0.0
141.88371888712487,-17.971789093657744,28.600000000000005,0.0,0.0,0.0
141.92250137620056,-17.92120040132948,28.600000000000005,0.0,0.0,0.0
141.96126172182142,-17.87060402760083,28.600000000000005,0.0,0.0,0.0
142.0,-17.820000000000007,28.6,0.0,0.0,0.0
