galstreams/tracks/track.st.Fimbulthul.ibata2021.ecsv
# %ECSV 0.9
# ---
# datatype:
# - {name: ra, unit: deg, datatype: float64}
# - {name: dec, unit: deg, datatype: float64}
# - {name: distance, unit: kpc, datatype: float64}
# - {name: pm_ra_cosdec, unit: mas / yr, datatype: float64}
# - {name: pm_dec, unit: mas / yr, datatype: float64}
# - {name: radial_velocity, unit: km / s, datatype: float64}
# delimiter: ','
# meta: !!omap
# - __serialized_columns__:
#     dec:
#       __class__: astropy.coordinates.angles.Latitude
#       unit: &id001 !astropy.units.Unit {unit: deg}
#       value: !astropy.table.SerializedColumn {name: dec}
#     distance:
#       __class__: astropy.coordinates.distances.Distance
#       unit: !astropy.units.Unit {unit: kpc}
#       value: !astropy.table.SerializedColumn {name: distance}
#     pm_dec:
#       __class__: astropy.units.quantity.Quantity
#       unit: !astropy.units.Unit {unit: mas / yr}
#       value: !astropy.table.SerializedColumn {name: pm_dec}
#     pm_ra_cosdec:
#       __class__: astropy.units.quantity.Quantity
#       unit: !astropy.units.Unit {unit: mas / yr}
#       value: !astropy.table.SerializedColumn {name: pm_ra_cosdec}
#     ra:
#       __class__: astropy.coordinates.angles.Longitude
#       unit: *id001
#       value: !astropy.table.SerializedColumn {name: ra}
#       wrap_angle: !astropy.coordinates.Angle
#         unit: *id001
#         value: 360.0
#     radial_velocity:
#       __class__: astropy.units.quantity.Quantity
#       unit: !astropy.units.Unit {unit: km / s}
#       value: !astropy.table.SerializedColumn {name: radial_velocity}
# schema: astropy-2.0
ra,dec,distance,pm_ra_cosdec,pm_dec,radial_velocity
[from data line 2194]
206.8332984169993,-23.446425347877195,3.418539507278179,-14.931144963012558,-10.807054764520187,3.368306851948935e-14
206.84423007011526,-23.44324116761859,3.4174684687755663,-14.938587508101664,-10.80970119044406,1.6841534259744676e-14
206.8551671586063,-23.440063652664062,3.4163985909895302,-14.9460297898482,-10.812347423142274,2.5262301389617013e-14
206.86610968716232,-23.43689280621874,3.415329875862654,-14.953471803793693,-10.814993461081832,3.368306851948935e-14
206.87705766047478,-23.433728631486733,3.4142623253375226,-14.960913545479888,-10.817639302729273,4.210383564936169e-14
206.88801108323676,-23.43057113167107,3.4131959413567245,-14.968355010448786,-10.820284946550652,5.0524602779234026e-14
206.89896996014286,-23.427420309973765,3.4121307258628435,-14.975796194242635,-10.822930391011589,1.0946997268834039e-13
206.9099342958894,-23.42427616959577,3.4110666807984664,-14.983237092403954,-10.825575634577234,8.420767129872338e-14
206.9209040951741,-23.421138713737,3.4100038081061785,-14.990677700475485,-10.828220675712274,4.210383564936169e-14
206.93187936269644,-23.418007945596322,3.408942109728565,-14.99811801400024,-10.830865512880955,5.894536990910637e-14
206.94286010315736,-23.41488386837155,3.407881587608212,-15.005558028521472,-10.833510144547054,3.368306851948935e-14
206.95384632125945,-23.411766485259474,3.4068222436877065,-15.012997739582675,-10.836154569173898,3.368306851948935e-14
206.96483802170687,-23.4086557994558,3.405764079909632,-15.020437142727598,-10.83879878522436,8.420767129872338e-14
206.97583520920546,-23.40555181415522,3.404707098216575,-15.02787623350025,-10.84144279116088,-1.6841534259744676e-14
206.98683788846247,-23.402454532551364,3.403651300551122,-15.035315007444858,-10.844086585445412,7.578690416885104e-14
206.99784606418694,-23.39936395783681,3.402596688855857,-15.042753460105917,-10.846730166539492,9.262843842859572e-14
207.0088597410894,-23.39628009320308,3.4015432650733692,-15.050191587028158,-10.849373532904202,6.73661370389787e-14
207.01987892388198,-23.393202941840684,3.40049103114624,-15.05762938375656,-10.852016683000176,1.0946997268834039e-13
207.03090361727848,-23.390132506939032,3.399439989017057,-15.065066845836359,-10.854659615287614,8.420767129872338e-15
207.04193382599422,-23.38706879168651,3.398390140628407,-15.072503968813006,-10.85730232822624,8.420767129872338e-14
207.05296955474623,-23.38401179927046,3.397341487922874,-15.079940748232207,-10.859944820275384,3.368306851948935e-14
207.064010808253,-23.380961532877144,3.3962940328430453,-15.087377179639935,-10.862587089893896,1.6841534259744676e-14
207.0750575912347,-23.377917995691803,3.395247777331506,-15.094813258582375,-10.865229135540211,5.894536990910637e-14
207.08610990841316,-23.374881190898613,3.3942027233308405,-15.10224898060597,-10.867870955672327,1.0104920555846805e-13
207.09716776451177,-23.37185112168069,3.393158872783636,-15.109684341257386,-10.870512548747788,9.262843842859572e-14
207.10823116425556,-23.3688277912201,3.3921162276324774,-15.11711933608357,-10.873153913223728,2.5262301389617013e-14
207.11930011237106,-23.365811202697863,3.391074789819951,-15.124553960631658,-10.875795047556824,1.6841534259744676e-14
207.13037461358658,-23.36280135929394,3.390034561288643,-15.131988210449059,-10.878435950203336,-2.5262301389617013e-14
207.1414546726319,-23.35979826418724,3.3889955439811383,-15.139422081083408,-10.881076619619089,6.73661370389787e-14
207.15254029423858,-23.356801920555597,3.3879577398400227,-15.146855568082593,-10.883717054259485,1.6841534259744676e-14
207.1636314831396,-23.35381233157582,3.3869211508078827,-15.154288666994717,-10.886357252579488,7.578690416885104e-14
207.17472824406977,-23.350829500423647,3.3858857788273014,-15.161721373368149,-10.888997213033658,5.894536990910637e-14
207.18583058176534,-23.347853430273744,3.3848516258408683,-15.16915368275147,-10.891636934076104,5.0524602779234026e-14
207.1969385009643,-23.344884124299746,3.3838186937911665,-15.1765855906935,-10.894276414160522,5.894536990910637e-14
207.2080520064062,-23.341921585674225,3.382786984620782,-15.184017092743318,-10.8969156517402,7.578690416885104e-14
207.21917110283232,-23.338965817568674,3.3817565002723016,-15.191448184450214,-10.899554645267983,6.73661370389787e-14
207.2302957949854,-23.336016823153543,3.380727242688311,-15.19887886136372,-10.902193393196313,-8.420767129872338e-15
207.24142608760994,-23.333074605598224,3.379699213811395,-15.20630911903361,-10.90483189397721,6.73661370389787e-14
207.25256198545202,-23.330139168071057,3.3786724155841394,-15.21373895300988,-10.907470146062279,7.578690416885104e-14
207.2637034932594,-23.327210513739296,3.377646849949129,-15.221168358842773,-10.910108147902715,8.420767129872338e-14
207.27485061578147,-23.324288645769155,3.3766225188489516,-15.228597332082748,-10.912745897949296,7.578690416885104e-14
207.28600335776915,-23.321373567325775,3.3755994242261926,-15.236025868280503,-10.915383394652377,8.420767129872338e-14
207.29716172397514,-23.318465281573246,3.3745775680234362,-15.243453962986976,-10.918020636461929,5.894536990910637e-14
207.30832571915366,-23.315563791674585,3.3735569521832702,-15.250881611753325,-10.920657621827488,6.73661370389787e-14
207.31949534806068,-23.31266910079176,3.372537578648278,-15.258308810130947,-10.923294349198205,9.262843842859572e-14
207.33067061545378,-23.309781212085657,3.3715194493610467,-15.265735553671455,-10.925930817022815,3.368306851948935e-14
207.34185152609209,-23.30690012871612,3.370502566264163,-15.273161837926722,-10.928567023749643,7.578690416885104e-14
207.3530380847365,-23.304025853841903,3.369486931300209,-15.280587658448797,-10.931202967826621,3.368306851948935e-14
207.36423029614954,-23.30115839062072,3.3684725464117755,-15.288013010790017,-10.933838647701283,1.6841534259744676e-14
207.37542816509534,-23.298297742209204,3.3674594135414435,-15.295437890502908,-10.936474061820757,8.420767129872338e-15
207.38663169633966,-23.295443911762927,3.3664475346318015,-15.302862293140238,-10.939109208631766,-1.6841534259744676e-14
207.39784089464996,-23.292596902436394,3.3654369116254346,-15.310286214254983,-10.941744086580645,6.73661370389787e-14
207.4090557647954,-23.289756717383042,3.3644275464649276,-15.31770964940038,-10.944378694113343,1.0104920555846805e-13
207.4202763115467,-23.28692335975525,3.3634194410928684,-15.325132594129851,-10.947013029675396,4.210383564936169e-14
207.43150253967627,-23.284096832704304,3.362412597451841,-15.332555043997079,-10.949647091711958,7.578690416885104e-14
207.4427344539582,-23.28127713938045,3.36140701748443,-15.339976994555945,-10.952280878667796,1.0946997268834039e-13
207.45397205916825,-23.278464282932855,3.360402703133224,-15.347398441360571,-10.954914388987284,1.6841534259744676e-14
207.46521536008376,-23.275658266509605,3.359399656340807,-15.354819379965289,-10.957547621114408,7.578690416885104e-14
207.47646436148383,-23.27285909325774,3.358397879049765,-15.362239805924663,-10.96018057349276,1.6841534259744676e-14
207.4877190681492,-23.2700667663232,3.357397373202684,-15.36965971479347,-10.962813244565563,5.894536990910637e-14
207.49897948486222,-23.26728128885088,3.356398140742148,-15.377079102126729,-10.965445632775655,1.6841534259744676e-14
207.51024561640702,-23.26450266398459,3.3554001836107457,-15.384497963479644,-10.968077736565473,8.420767129872338e-15
207.52151746756923,-23.261730894867068,3.3544035037510604,-15.391916294407675,-10.970709554377098,6.73661370389787e-14
207.53279504313636,-23.258965984639985,3.353408103105679,-15.399334090466484,-10.97334108465222,-8.420767129872338e-15
207.5440783478974,-23.256207936443925,3.352413983617187,-15.406751347211953,-10.975972325832151,8.420767129872338e-14
207.55536738664318,-23.25345675341842,3.35142114722817,-15.414168060200181,-10.97860327635784,-1.6841534259744676e-14
207.56666216416605,-23.25071243870191,3.350429595881213,-15.421584224987503,-10.981233934669845,2.5262301389617013e-14
207.5779626852602,-23.247974995431782,3.3494393315189033,-15.42899983713044,-10.983864299208365,-1.6841534259744676e-14
207.58926895472135,-23.245244426744307,3.3484503560838252,-15.436414892185764,-10.986494368413224,-8.420767129872338e-15
207.60058097734697,-23.242520735774725,3.3474626715185654,-15.443829385710437,-10.989124140723868,2.5262301389617013e-14
207.61189875793625,-23.239803925657178,3.346476279765709,-15.451243313261642,-10.991753614579395,5.894536990910637e-14
207.62322230129,-23.237093999524728,3.345491182767842,-15.458656670396781,-10.994382788418518,1.6841534259744676e-14
207.63455161221074,-23.234390960509362,3.3445073824675497,-15.466069452673494,-10.997011660679599,4.210383564936169e-14
207.6458866955027,-23.231694811741995,3.343524880807419,-15.473481655649582,-10.999640229800624,-1.6841534259744676e-14
207.65722755597176,-23.229005556352462,3.342543679730034,-15.480893274883105,-11.002268494219228,8.420767129872338e-15
207.66857419842552,-23.22632319746952,3.3415637811779813,-15.488304305932314,-11.004896452372682,2.5262301389617013e-14
207.67992662767324,-23.223647738220834,3.3405851870938474,-15.495714744355684,-11.007524102697902,5.0524602779234026e-14
207.69128484852595,-23.220979181733014,3.339607899420216,-15.503124585711891,-11.010151443631443,3.368306851948935e-14
207.70264886579628,-23.21831753113156,3.338631920099674,-15.510533825559834,-11.012778473609506,5.894536990910637e-14
207.71401868429865,-23.215662789540907,3.3376572510748073,-15.517942459458606,-11.015405191067934,-1.6841534259744676e-14
207.72539430884908,-23.213014960084404,3.3366838942882016,-15.525350482967523,-11.018031594442235,-1.6841534259744676e-14
207.73677574426534,-23.21037404588433,3.3357118516824413,-15.532757891646115,-11.020657682167547,8.420767129872338e-15
207.74816299536695,-23.207740050061858,3.334741125200115,-15.540164681054097,-11.023283452678665,7.578690416885104e-14
207.75955606697508,-23.205112975737098,3.3337717167838052,-15.547570846751423,-11.02590890441005,8.420767129872338e-14
207.77095496391263,-23.202492826029065,3.3328036283761,-15.55497638429822,-11.028534035795793,2.5262301389617013e-14
207.78235969100413,-23.199879604055685,3.3318368619195833,-15.562381289254851,-11.031158845269657,5.894536990910637e-14
207.793770253076,-23.19727331293382,3.330871419356842,-15.569785557181879,-11.03378333126507,3.368306851948935e-14
207.80518665495615,-23.19467395577922,3.329907302630461,-15.577189183640067,-11.036407492215101,8.420767129872338e-15
207.81660890147438,-23.192081535706567,3.328944513683028,-15.58459216419038,-11.03903132655248,1.6841534259744676e-14
207.8280369974621,-23.18949605582946,3.3279830544571256,-15.591994494393989,-11.041654832709622,6.73661370389787e-14
207.8394709477525,-23.186917519260383,3.3270229268953413,-15.59939616981228,-11.044278009118582,3.368306851948935e-14
207.85091075718043,-23.184345929110762,3.326064132940262,-15.606797186006828,-11.046900854211096,0.0
207.86235643058254,-23.181781288490924,3.3251066745344717,-15.614197538539422,-11.04952336641856,-8.420767129872338e-15
207.87380797279707,-23.179223600510102,3.324150553620555,-15.621597222972044,-11.05214554417203,1.0104920555846805e-13
207.88526538866415,-23.17667286827644,3.3231957721411005,-15.628996234866884,-11.05476738590226,8.420767129872338e-14
207.89672868302551,-23.174129094897,3.3222423320386913,-15.636394569786333,-11.057388890039649,-1.6841534259744676e-14
207.90819786072467,-23.17159228347774,3.321290235255916,-15.643792223292973,-11.06001005501428,0.0
207.91967292660684,-23.169062437123547,3.3203394837353586,-15.651189190949589,-11.062630879255911,4.210383564936169e-14
207.931153885519,-23.166539558938197,3.3193900794196023,-15.658585468319192,-11.065251361193987,8.420767129872338e-15
207.94264074230978,-23.164023652024383,3.3184420242512385,-15.665981050964932,-11.067871499257604,7.578690416885104e-14
207.9541335018297,-23.161514719483698,3.317495320172848,-15.673375934450219,-11.070491291875577,3.368306851948935e-14
207.96563216893082,-23.15901276441665,3.3165499691270193,-15.680770114338626,-11.073110737476368,7.578690416885104e-14
207.97713674846713,-23.15651778992265,3.3156059730563365,-15.688163586193927,-11.075729834488143,7.578690416885104e-14
207.9886472452942,-23.154029799100012,3.3146633339033857,-15.695556345580107,-11.078348581338751,-2.5262301389617013e-14
208.00016366426942,-23.15154879504595,3.313722053610754,-15.702948388061314,-11.080966976455715,1.6841534259744676e-14
208.01168601025194,-23.149074780856594,3.3127821341210253,-15.710339709201921,-11.083585018266266,0.0
208.0232142881026,-23.146607759626978,3.311843577376786,-15.717730304566494,-11.086202705197312,-1.6841534259744676e-14
208.03474850268398,-23.144147734451018,3.3109063853206218,-15.725120169719773,-11.088820035675454,-1.6841534259744676e-14
208.04628865886048,-23.14169470842155,3.309970559895118,-15.732509300226704,-11.09143700812699,3.368306851948935e-14
208.05783476149819,-23.13924868463032,3.3090361030428617,-15.739897691652427,-11.094053620977919,1.6841534259744676e-14
208.06938681546498,-23.136809666167945,3.3081030167064363,-15.747285339562271,-11.09666987265393,8.420767129872338e-15
208.08094482563044,-23.134377656123974,3.307171302828432,-15.754672239521737,-11.099285761580399,4.210383564936169e-14
208.09250879686596,-23.131952657586833,3.306240963351428,-15.762058387096562,-11.101901286182432,6.73661370389787e-14
208.10407873404466,-23.129534673643867,3.3053120002180147,-15.76944377785262,-11.104516444884815,9.262843842859572e-14
208.11565464204145,-23.12712370738131,3.3043844153707767,-15.776828407356021,-11.107131236112044,3.368306851948935e-14
208.1272365257329,-23.12471976188428,3.3034582107522996,-15.784212271173015,-11.109745658288311,0.0
208.13882438999747,-23.122322840236833,3.302533388305169,-15.791595364870085,-11.11235970983753,5.894536990910637e-14
208.1504182397153,-23.11993294552186,3.30160994997197,-15.798977684013881,-11.11497338918332,8.420767129872338e-15
208.16201807976836,-23.11755008082121,3.30068789769529,-15.806359224171233,-11.117586694749008,0.0
208.1736239150403,-23.115174249215613,3.299767233417713,-15.813739980909178,-11.120199624957635,-2.5262301389617013e-14
208.18523575041664,-23.112805453784656,3.2988479590818263,-15.821119949794912,-11.122812178231943,6.73661370389787e-14
208.19685359078457,-23.110443697606854,3.2979300766302146,-15.828499126395839,-11.125424352994415,8.420767129872338e-14
208.20847744103315,-23.108088983759615,3.2970135880054627,-15.835877506279536,-11.128036147667236,1.0946997268834039e-13
208.22010730605317,-23.105741315319236,3.2960984951501584,-15.843255085013746,-11.130647560672305,5.0524602779234026e-14
208.23174319073718,-23.1034006953609,3.2951848000068864,-15.850631858166443,-11.133258590431259,2.5262301389617013e-14
208.2433850999795,-23.101067126958693,3.2942725045182324,-15.85800782130573,-11.13586923536544,7.578690416885104e-14
208.2550330386763,-23.09874061318559,3.293361610626782,-15.86538296999993,-11.138479493895929,3.368306851948935e-14
208.26668701172542,-23.096421157113447,3.2924521202751214,-15.872757299817525,-11.14108936444352,1.6841534259744676e-14
208.27834702402663,-23.094108761813025,3.291544035405835,-15.880130806327191,-11.14369884542875,3.368306851948935e-14
208.29001308048137,-23.091803430353963,3.29063735796151,-15.887503485097765,-11.146307935271864,-3.368306851948935e-14
208.30168518599288,-23.08950516580479,3.2897320898847324,-15.894875331698284,-11.14891663239286,1.6841534259744676e-14
208.3133633454662,-23.08721397123293,3.2888282331180867,-15.902246341697955,-11.151524935211455,6.73661370389787e-14
208.32504756380828,-23.084929849704707,3.2879257896041585,-15.90961651066615,-11.154132842147115,-8.420767129872338e-15
208.33673784592762,-23.082652804285292,3.2870247612855352,-15.916985834172445,-11.156740351619026,8.420767129872338e-14
