galstreams/tracks/track.st.Parallel.weiss2018.ecsv
# %ECSV 0.9
# ---
# datatype:
# - {name: ra, unit: deg, datatype: float64}
# - {name: dec, unit: deg, datatype: float64}
# - {name: distance, unit: kpc, datatype: float64}
# - {name: pm_ra_cosdec, unit: mas / yr, datatype: float64}
# - {name: pm_dec, unit: mas / yr, datatype: float64}
# - {name: radial_velocity, unit: km / s, datatype: float64}
# delimiter: ','
# meta: !!omap
# - __serialized_columns__:
#     dec:
#       __class__: astropy.coordinates.angles.Latitude
#       unit: &id001 !astropy.units.Unit {unit: deg}
#       value: !astropy.table.SerializedColumn {name: dec}
#     distance:
#       __class__: astropy.coordinates.distances.Distance
#       unit: !astropy.units.Unit {unit: kpc}
#       value: !astropy.table.SerializedColumn {name: distance}
#     pm_dec:
#       __class__: astropy.units.quantity.Quantity
#       unit: !astropy.units.Unit {unit: mas / yr}
#       value: !astropy.table.SerializedColumn {name: pm_dec}
#     pm_ra_cosdec:
#       __class__: astropy.units.quantity.Quantity
#       unit: !astropy.units.Unit {unit: mas / yr}
#       value: !astropy.table.SerializedColumn {name: pm_ra_cosdec}
#     ra:
#       __class__: astropy.coordinates.angles.Longitude
#       unit: *id001
#       value: !astropy.table.SerializedColumn {name: ra}
#       wrap_angle: !astropy.coordinates.Angle
#         unit: *id001
#         value: 360.0
#     radial_velocity:
#       __class__: astropy.units.quantity.Quantity
#       unit: !astropy.units.Unit {unit: km / s}
#       value: !astropy.table.SerializedColumn {name: radial_velocity}
# schema: astropy-2.0
ra,dec,distance,pm_ra_cosdec,pm_dec,radial_velocity
192.7993800512803,0.028313991964304994,14.799999999999995,0.0,0.0,0.0
192.62041882343837,0.09808759126995811,14.802848036858304,0.0,0.0,0.0
192.44144759768466,0.16784594118770946,14.805696073716614,0.0,0.0,0.0
192.262466115688,0.23758877840703935,14.80854411057492,0.0,0.0,0.0
192.08347411935128,0.3073158396861364,14.811392147433228,0.0,0.0,0.0
191.90447135081473,0.3770268618528053,14.814240184291535,0.0,0.0,0.0
191.7254575524591,0.44672158180537935,14.817088221149845,0.0,0.0,0.0
191.54643246690918,0.5163997365136346,14.81993625800815,0.0,0.0,0.0
191.36739583703715,0.5860610630197002,14.82278429486646,0.0,0.0,0.0
191.18834740596577,0.6557052984389976,14.825632331724766,0.0,0.0,0.0
191.00928691707193,0.7253321799611513,14.828480368583076,0.0,0.0,0.0
190.83021411398994,0.794941444850934,14.831328405441381,0.0,0.0,0.0
190.65112874061478,0.8645328304491977,14.834176442299691,0.0,0.0,0.0
190.4720305411057,0.9341060741738149,14.837024479157996,0.0,0.0,0.0
190.29291925988932,1.0036609135206356,14.839872516016303,0.0,0.0,0.0
190.1137946416632,1.0731970860644222,14.842720552874612,0.0,0.0,0.0
189.93465643139913,1.1427143294598248,14.845568589732919,0.0,0.0,0.0
189.7555043743466,1.2122123814423311,14.84841662659123,0.0,0.0,0.0
189.57633821603605,1.2816909798292297,14.851264663449536,0.0,0.0,0.0
189.3971577022823,1.3511498625206164,14.854112700307843,0.0,0.0,0.0
189.21796257918803,1.4205887675003228,14.856960737166151,0.0,0.0,0.0
189.0387525931471,1.4900074328369322,14.859808774024462,0.0,0.0,0.0
188.85952749084802,1.559405596684758,14.862656810882765,0.0,0.0,0.0
188.6802870192772,1.6287829972848402,14.865504847741075,0.0,0.0,0.0
188.50103092572252,1.6981393729659486,14.868352884599382,0.0,0.0,0.0
188.32175895777672,1.7674744621455825,14.871200921457687,0.0,0.0,0.0
188.14247086334066,1.8367880033309887,14.874048958315996,0.0,0.0,0.0
187.9631663906271,1.9060797351201688,14.876896995174302,0.0,0.0,0.0
187.78384528816366,1.9753493962029192,14.879745032032611,0.0,0.0,0.0
187.60450730479658,2.0445967253618416,14.882593068890916,0.0,0.0,0.0
187.42515218969413,2.1138214614733877,14.885441105749226,0.0,0.0,0.0
187.24577969234986,2.183023343508905,14.888289142607535,0.0,0.0,0.0
187.06638956258635,2.2522021105356727,14.891137179465845,0.0,0.0,0.0
186.8869815505583,2.3213575017179657,14.893985216324149,0.0,0.0,0.0
186.70755540675628,2.3904892563181104,14.896833253182459,0.0,0.0,0.0
186.52811088201014,2.4595971136975514,14.899681290040768,0.0,0.0,0.0
186.34319731893208,2.491338364241907,14.891312867493026,0.0,0.0,0.0
186.15758872923962,2.518348218781725,14.881531105561837,0.0,0.0,0.0
185.97197244457502,2.5453316646880473,14.87174934363065,0.0,0.0,0.0
185.78634838970353,2.5722884174988145,14.861967581699465,0.0,0.0,0.0
185.6007164897042,2.59921819298577,14.852185819768277,0.0,0.0,0.0
185.4150766699731,2.626120707157092,14.84240405783709,0.0,0.0,0.0
185.22942885622626,2.6529956762600237,14.832622295905901,0.0,0.0,0.0
185.04377297450293,2.6798428167835078,14.822840533974714,0.0,0.0,0.0
184.85810895116845,2.706661845460825,14.813058772043526,0.0,0.0,0.0
184.67243671291757,2.7334524792722266,14.803277010112337,0.0,0.0,0.0
184.48675618677726,2.760214435447585,14.793495248181152,0.0,0.0,0.0
184.30106730010993,2.7869474314690277,14.783713486249967,0.0,0.0,0.0
184.1153699806164,2.8136511850735895,14.773931724318777,0.0,0.0,0.0
183.9296641563389,2.840325414255854,14.764149962387592,0.0,0.0,0.0
183.7439497556641,2.866969837270614,14.7543682004564,0.0,0.0,0.0
183.5582267073261,2.893584172635502,14.744586438525214,0.0,0.0,0.0
183.37249494040938,2.9201681391336907,14.73480467659403,0.0,0.0,0.0
183.18675438435196,2.9467214558164927,14.725022914662835,0.0,0.0,0.0
183.00100496894814,2.9732438420060583,14.71524115273165,0.0,0.0,0.0
182.8152466243515,2.999735017298024,14.705459390800463,0.0,0.0,0.0
182.62947928107795,3.0261947015641817,14.695677628869277,0.0,0.0,0.0
182.44370287000856,3.0526226149551414,14.685895866938091,0.0,0.0,0.0
182.25791732239253,3.0790184779030048,14.676114105006901,0.0,0.0,0.0
182.07212256985,3.1053820111240316,14.666332343075714,0.0,0.0,0.0
181.88631854437506,3.131712935621316,14.656550581144526,0.0,0.0,0.0
181.70050517833857,3.1580109726874612,14.646768819213339,0.0,0.0,0.0
181.514682404491,3.1842758439072623,14.636987057282152,0.0,0.0,0.0
181.32885015596534,3.210507271160382,14.627205295350961,0.0,0.0,0.0
181.14300836627993,3.2367049766240354,14.617423533419775,0.0,0.0,0.0
180.95715696934118,3.2628686827756765,14.60764177148859,0.0,0.0,0.0
180.77129589944656,3.2889981123956864,14.5978600095574,0.0,0.0,0.0
180.58542509128722,3.3150929885700644,14.588078247626212,0.0,0.0,0.0
180.39954447995103,3.341153034693115,14.578296485695024,0.0,0.0,0.0
180.213654000925,3.3671779744701533,14.56851472376384,0.0,0.0,0.0
180.02775359009834,3.3931675319201946,14.55873296183265,0.0,0.0,0.0
179.84184318376506,3.4191214313786538,14.548951199901465,0.0,0.0,0.0
179.65592271862673,3.4450393975000546,14.539169437970276,0.0,0.0,0.0
179.4699921317952,3.470921155260729,14.52938767603909,0.0,0.0,0.0
179.28405136079533,3.496766429961522,14.519605914107899,0.0,0.0,0.0
179.0981003435676,3.522574947230509,14.509824152176716,0.0,0.0,0.0
178.91213901847092,3.5483464330257006,14.500042390245525,0.0,0.0,0.0
178.72616732428514,3.574080613637761,14.490260628314338,0.0,0.0,0.0
178.54018520021378,3.5997772156927152,14.480478866383152,0.0,0.0,0.0
178.35419258588666,3.6254359661546838,14.470697104451961,0.0,0.0,0.0
178.16818942136248,3.6510565923285907,14.460915342520774,0.0,0.0,0.0
177.98217564713144,3.67663882186289,14.451133580589586,0.0,0.0,0.0
177.79615120411785,3.7021823827522944,14.441351818658399,0.0,0.0,0.0
177.6101160336827,3.727687003340501,14.431570056727214,0.0,0.0,0.0
177.42407007762603,3.753152412322922,14.421788294796025,0.0,0.0,0.0
177.2380132781899,3.7785783387494165,14.412006532864835,0.0,0.0,0.0
177.05194557806044,3.803964512027018,14.402224770933651,0.0,0.0,0.0
176.86586692037056,3.829310661922705,14.392443009002463,0.0,0.0,0.0
176.6797772487026,3.8546165185660874,14.382661247071272,0.0,0.0,0.0
176.49367650709058,3.8798818124521897,14.372879485140087,0.0,0.0,0.0
176.30756464002266,3.905106274444172,14.363097723208902,0.0,0.0,0.0
176.12144159244377,3.930289635776093,14.353315961277712,0.0,0.0,0.0
175.93530730975783,3.9554316280556425,14.343534199346525,0.0,0.0,0.0
175.7491617378304,3.980531983266907,14.333752437415336,0.0,0.0,0.0
175.5630048229908,4.005590433773105,14.32397067548415,0.0,0.0,0.0
175.37683651203466,4.03060671231936,14.314188913552961,0.0,0.0,0.0
175.19065675222632,4.055580552035443,14.304407151621776,0.0,0.0,0.0
175.00446549130103,4.080511686438538,14.294625389690587,0.0,0.0,0.0
174.81826267746743,4.105399849436001,14.284843627759397,0.0,0.0,0.0
174.63204825940963,4.130244775328126,14.275061865828212,0.0,0.0,0.0
174.4458221862899,4.155046198810908,14.265280103897023,0.0,0.0,0.0
174.25958440775045,4.179803854978806,14.255498341965833,0.0,0.0,0.0
174.07333487391617,4.204517479327519,14.24571658003465,0.0,0.0,0.0
173.8870735353965,4.229186807756763,14.235934818103463,0.0,0.0,0.0
173.70080034328788,4.253811576573023,14.226153056172274,0.0,0.0,0.0
173.51451524917587,4.278391522492349,14.216371294241085,0.0,0.0,0.0
173.32821820513738,4.302926382643122,14.206589532309899,0.0,0.0,0.0
173.1419091637427,4.327415894568838,14.196807770378713,0.0,0.0,0.0
172.95558807805793,4.351859796230891,14.187026008447523,0.0,0.0,0.0
172.76925490164683,4.376257826011345,14.177244246516338,0.0,0.0,0.0
172.5829095885732,4.400609722715732,14.16746248458515,0.0,0.0,0.0
172.39655209340262,4.4249152255758295,14.15768072265396,0.0,0.0,0.0
172.21018237120492,4.44917407425245,14.147898960722776,0.0,0.0,0.0
172.0238003775561,4.473386008838239,14.138117198791587,0.0,0.0,0.0
171.83740606854025,4.497550769860453,14.128335436860397,0.0,0.0,0.0
171.65099940075166,4.521668098283765,14.118553674929213,0.0,0.0,0.0
171.4645803312969,4.545737735513054,14.108771912998023,0.0,0.0,0.0
171.27814881779673,4.569759423396202,14.09899015106684,0.0,0.0,0.0
171.09170481838802,4.593732904226897,14.089208389135647,0.0,0.0,0.0
170.90524829172585,4.6176579207474235,14.07942662720446,0.0,0.0,0.0
170.71877919698525,4.641534216151475,14.069644865273276,0.0,0.0,0.0
170.53229749386333,4.665361534086952,14.059863103342085,0.0,0.0,0.0
170.34580314258088,4.689139618658764,14.050081341410898,0.0,0.0,0.0
170.15929610388454,4.712868214431641,14.040299579479711,0.0,0.0,0.0
169.97277633904844,4.736547066432939,14.030517817548525,0.0,0.0,0.0
169.7862438098761,4.760175920155446,14.020736055617334,0.0,0.0,0.0
169.59969847870238,4.783754521560198,14.010954293686147,0.0,0.0,0.0
169.4131403083949,4.807282617079285,14.001172531754962,0.0,0.0,0.0
169.2302736632935,4.860001766198323,14.030611060826324,0.0,0.0,0.0
169.04788204884562,4.916654626253127,14.065391186730178,0.0,0.0,0.0
168.86545972786902,4.973258509711934,14.100171312634032,0.0,0.0,0.0
168.68300653546925,5.029813173844477,14.134951438537888,0.0,0.0,0.0
168.50052230746405,5.086318376223963,14.169731564441744,0.0,0.0,0.0
168.31800688038678,5.142773874729183,14.2045116903456,0.0,0.0,0.0
168.1354600914898,5.199179427546629,14.239291816249452,0.0,0.0,0.0
167.95288177874818,5.255534793172618,14.274071942153306,0.0,0.0,0.0
167.77027178086306,5.3118397304154215,14.30885206805716,0.0,0.0,0.0
167.5876299372651,5.3680939983974305,14.343632193961016,0.0,0.0,0.0
167.40495608811798,5.424297356557289,14.378412319864871,0.0,0.0,0.0
167.222250074322,5.480449564652073,14.413192445768725,0.0,0.0,0.0
167.03951173751736,5.536550382759463,14.44797257167258,0.0,0.0,0.0
166.85674092008776,5.59259957127993,14.482752697576432,0.0,0.0,0.0
166.67393746516382,5.648596890938926,14.517532823480288,0.0,0.0,0.0
166.49110121662648,5.704542102789101,14.552312949384143,0.0,0.0,0.0
166.3082320191106,5.760434968212511,14.587093075287996,0.0,0.0,0.0
166.12532971800826,5.816275248922841,14.621873201191853,0.0,0.0,0.0
165.94239415947234,5.872062706967648,14.656653327095706,0.0,0.0,0.0
165.75942519041982,5.9277971047306,14.691433452999558,0.0,0.0,0.0
165.5764226585354,5.983478204933746,14.726213578903414,0.0,0.0,0.0
165.39338641227468,6.039105770639757,14.760993704807271,0.0,0.0,0.0
165.21031630086793,6.094679565254228,14.795773830711127,0.0,0.0,0.0
165.02721217432313,6.150199352527946,14.830553956614981,0.0,0.0,0.0
164.84407388342973,6.2056648965592,14.865334082518833,0.0,0.0,0.0
164.6609012797618,6.26107596179607,14.900114208422687,0.0,0.0,0.0
164.47769421568162,6.316432313038765,14.934894334326545,0.0,0.0,0.0
164.29445254434305,6.371733715441931,14.969674460230397,0.0,0.0,0.0
164.11117611969476,6.4269799345169965,15.004454586134253,0.0,0.0,0.0
163.92786479648396,6.4821707361345196,15.039234712038107,0.0,0.0,0.0
163.74451843025938,6.537305886526538,15.074014837941963,0.0,0.0,0.0
163.56113687737502,6.592385152288946,15.108794963845819,0.0,0.0,0.0
163.37771999499324,6.647408300383867,15.143575089749671,0.0,0.0,0.0
163.19426764108835,6.702375098142034,15.178355215653523,0.0,0.0,0.0
163.01077967444985,6.757285313265189,15.21313534155738,0.0,0.0,0.0
162.82725595468577,6.812138713828509,15.247915467461231,0.0,0.0,0.0
162.64369634222606,6.866935068282991,15.282695593365089,0.0,0.0,0.0
162.46010069832607,6.921674145457907,15.317475719268945,0.0,0.0,0.0
162.27646888506962,6.976355714563228,15.352255845172797,0.0,0.0,0.0
162.0928007653725,7.030979545192076,15.387035971076653,0.0,0.0,0.0
161.90909620298578,7.085545407323177,15.421816096980507,0.0,0.0,0.0
161.72535506249918,7.140053071323334,15.456596222884361,0.0,0.0,0.0
161.54157720934415,7.194502307949898,15.491376348788215,0.0,0.0,0.0
161.3577625097975,7.248892888353273,15.52615647469207,0.0,0.0,0.0
161.17391083098448,7.303224584079384,15.560936600595928,0.0,0.0,0.0
160.9900220408821,7.357497167072215,15.59571672649978,0.0,0.0,0.0
160.8060960083224,7.411710409676309,15.630496852403635,0.0,0.0,0.0
160.62213260299592,7.4658640846393,15.665276978307492,0.0,0.0,0.0
160.4381316954546,7.5199579651144495,15.700057104211346,0.0,0.0,0.0
160.2540931571153,7.573991824663203,15.734837230115202,0.0,0.0,0.0
160.07001686026317,7.627965437257734,15.769617356019053,0.0,0.0,0.0
159.8859026780544,7.6818785772835225,15.804397481922908,0.0,0.0,0.0
159.70175048452003,7.735731019541926,15.839177607826764,0.0,0.0,0.0
159.51756015456883,7.789522539252769,15.873957733730618,0.0,0.0,0.0
159.3333315639905,7.843252912056945,15.908737859634469,0.0,0.0,0.0
159.1490645894591,7.896921914019014,15.943517985538325,0.0,0.0,0.0
158.96475910853607,7.95052932162983,15.97829811144218,0.0,0.0,0.0
158.78041499967347,8.004074911809155,16.013078237346036,0.0,0.0,0.0
158.59603214221715,8.057558461908313,16.04785836324989,0.0,0.0,0.0
158.41161041640996,8.11097974971282,16.082638489153744,0.0,0.0,0.0
158.22714970339484,8.164338553445052,16.117418615057606,0.0,0.0,0.0
158.04264988521805,8.2176346517669,16.152198740961456,0.0,0.0,0.0
157.85811084483223,8.270867823782451,16.18697886686531,0.0,0.0,0.0
157.67353246609963,8.324037849040684,16.22175899276916,0.0,0.0,0.0
157.4889146337951,8.377144507538143,16.256539118673018,0.0,0.0,0.0
157.30425723360935,8.430187579721657,16.291319244576872,0.0,0.0,0.0
157.11956015215193,8.483166846491054,16.326099370480723,0.0,0.0,0.0
156.93482327695435,8.536082089201875,16.360879496384577,0.0,0.0,0.0
156.7500464964732,8.588933089668114,16.395659622288434,0.0,0.0,0.0
156.5652297000932,8.641719630164962,16.430439748192292,0.0,0.0,0.0
156.3803727781302,8.694441493431556,16.465219874096146,0.0,0.0,0.0
156.19547562183433,8.74709846267374,16.5,0.0,0.0,0.0
