galstreams/tracks/track.po.PS1-D.bernard2016.ecsv
# %ECSV 1.0
# ---
# datatype:
# - {name: ra, unit: deg, datatype: float64}
# - {name: dec, unit: deg, datatype: float64}
# - {name: distance, unit: kpc, datatype: float64}
# - {name: pm_ra_cosdec, unit: mas / yr, datatype: float64}
# - {name: pm_dec, unit: mas / yr, datatype: float64}
# - {name: radial_velocity, unit: km / s, datatype: float64}
# delimiter: ','
# meta: !!omap
# - __serialized_columns__:
#     dec:
#       __class__: astropy.coordinates.angles.Latitude
#       unit: &id001 !astropy.units.Unit {unit: deg}
#       value: !astropy.table.SerializedColumn {name: dec}
#     distance:
#       __class__: astropy.coordinates.distances.Distance
#       unit: !astropy.units.Unit {unit: kpc}
#       value: !astropy.table.SerializedColumn {name: distance}
#     pm_dec:
#       __class__: astropy.units.quantity.Quantity
#       unit: !astropy.units.Unit {unit: mas / yr}
#       value: !astropy.table.SerializedColumn {name: pm_dec}
#     pm_ra_cosdec:
#       __class__: astropy.units.quantity.Quantity
#       unit: !astropy.units.Unit {unit: mas / yr}
#       value: !astropy.table.SerializedColumn {name: pm_ra_cosdec}
#     ra:
#       __class__: astropy.coordinates.angles.Longitude
#       unit: *id001
#       value: !astropy.table.SerializedColumn {name: ra}
#       wrap_angle: !astropy.coordinates.Angle
#         unit: *id001
#         value: 360.0
#     radial_velocity:
#       __class__: astropy.units.quantity.Quantity
#       unit: !astropy.units.Unit {unit: km / s}
#       value: !astropy.table.SerializedColumn {name: radial_velocity}
# schema: astropy-2.0
ra,dec,distance,pm_ra_cosdec,pm_dec,radial_velocity
[from data line 464]
138.887020886477,-16.96291855353433,22.899999999999984,0.0,0.0,0.0
138.8874914536834,-16.952926458539363,22.899999999999988,0.0,0.0,0.0
138.88796197086054,-16.94293436246664,22.899999999999984,0.0,0.0,0.0
138.88843243804507,-16.932942265316836,22.89999999999998,0.0,0.0,0.0
138.88890285527353,-16.922950167090775,22.899999999999984,0.0,0.0,0.0
138.88937322258246,-16.91295806778932,22.89999999999998,0.0,0.0,0.0
138.88984354000846,-16.902965967413138,22.89999999999998,0.0,0.0,0.0
138.89031380758803,-16.892973865963132,22.89999999999998,0.0,0.0,0.0
138.89078402535768,-16.882981763439975,22.899999999999988,0.0,0.0,0.0
138.89125419335394,-16.872989659844517,22.89999999999998,0.0,0.0,0.0
138.89172431161327,-16.862997555177586,22.89999999999998,0.0,0.0,0.0
138.89219438017219,-16.853005449439863,22.89999999999998,0.0,0.0,0.0
138.89266439906714,-16.843013342632247,22.899999999999984,0.0,0.0,0.0
138.89313436833456,-16.833021234755414,22.899999999999984,0.0,0.0,0.0
138.8936042880109,-16.823029125810255,22.899999999999984,0.0,0.0,0.0
138.89407415813258,-16.81303701579745,22.899999999999984,0.0,0.0,0.0
138.894543978736,-16.803044904717822,22.899999999999984,0.0,0.0,0.0
138.8950137498576,-16.79305279257224,22.899999999999984,0.0,0.0,0.0
138.8954834715337,-16.78306067936135,22.899999999999984,0.0,0.0,0.0
138.89595314380074,-16.773068565086056,22.899999999999984,0.0,0.0,0.0
138.89642276669497,-16.763076449747043,22.89999999999998,0.0,0.0,0.0
138.89689234025283,-16.753084333345182,22.899999999999984,0.0,0.0,0.0
138.8973618645106,-16.743092215881163,22.89999999999998,0.0,0.0,0.0
138.8978313395046,-16.733100097355813,22.899999999999984,0.0,0.0,0.0
138.89830076527116,-16.723107977769978,22.89999999999998,0.0,0.0,0.0
138.8987701418465,-16.713115857124322,22.89999999999998,0.0,0.0,0.0
138.89923946926694,-16.703123735419744,22.89999999999998,0.0,0.0,0.0
138.89970874756878,-16.693131612656906,22.89999999999998,0.0,0.0,0.0
138.9001779767882,-16.683139488836648,22.89999999999998,0.0,0.0,0.0
138.9006471569614,-16.673147363959814,22.89999999999998,0.0,0.0,0.0
138.9011162881247,-16.663155238027063,22.89999999999998,0.0,0.0,0.0
138.90158537031425,-16.653163111039287,22.89999999999998,0.0,0.0,0.0
138.90205440356624,-16.643170982997162,22.89999999999998,0.0,0.0,0.0
138.9025233879169,-16.633178853901516,22.89999999999998,0.0,0.0,0.0
138.90299232340226,-16.623186723753186,22.89999999999998,0.0,0.0,0.0
138.90346121005862,-16.61319459255284,22.89999999999998,0.0,0.0,0.0
138.90393004792205,-16.60320246030137,22.89999999999998,0.0,0.0,0.0
138.90439883702868,-16.59321032699944,22.89999999999998,0.0,0.0,0.0
138.90486757741462,-16.583218192647887,22.89999999999998,0.0,0.0,0.0
138.90533626911602,-16.573226057247545,22.899999999999977,0.0,0.0,0.0
138.90580491216886,-16.56323392079907,22.89999999999998,0.0,0.0,0.0
138.9062735066093,-16.553241783303363,22.89999999999998,0.0,0.0,0.0
138.90674205247336,-16.543249644761083,22.89999999999998,0.0,0.0,0.0
138.9072105497971,-16.533257505173122,22.899999999999984,0.0,0.0,0.0
138.9076789986165,-16.523265364540137,22.89999999999998,0.0,0.0,0.0
138.90814739896766,-16.51327322286297,22.89999999999998,0.0,0.0,0.0
138.90861575088653,-16.50328108014245,22.89999999999998,0.0,0.0,0.0
138.9090840544091,-16.493288936379237,22.89999999999998,0.0,0.0,0.0
138.90955230957138,-16.48329679157422,22.89999999999998,0.0,0.0,0.0
138.9100205164093,-16.473304645728053,22.899999999999984,0.0,0.0,0.0
138.91048867495886,-16.46331249884159,22.89999999999998,0.0,0.0,0.0
138.91095678525593,-16.453320350915632,22.89999999999998,0.0,0.0,0.0
138.91142484733646,-16.44332820195087,22.89999999999998,0.0,0.0,0.0
138.9118928612364,-16.433336051948167,22.899999999999977,0.0,0.0,0.0
138.91236082699157,-16.42334390090819,22.89999999999998,0.0,0.0,0.0
138.91282874463792,-16.413351748831836,22.899999999999977,0.0,0.0,0.0
138.91329661421133,-16.403359595719753,22.899999999999974,0.0,0.0,0.0
138.9137644357476,-16.39336744157277,22.89999999999998,0.0,0.0,0.0
138.9142322092826,-16.383375286391722,22.899999999999977,0.0,0.0,0.0
138.91469993485222,-16.37338313017727,22.899999999999974,0.0,0.0,0.0
138.91516761249218,-16.36339097293029,22.899999999999977,0.0,0.0,0.0
138.91563524223832,-16.35339881465145,22.899999999999977,0.0,0.0,0.0
138.91610282412645,-16.343406655341568,22.899999999999977,0.0,0.0,0.0
138.9165703581924,-16.33341449500147,22.89999999999998,0.0,0.0,0.0
138.91703784447182,-16.323422333631832,22.899999999999974,0.0,0.0,0.0
138.91750528300054,-16.313430171233517,22.899999999999977,0.0,0.0,0.0
138.9179726738143,-16.303438007807195,22.899999999999974,0.0,0.0,0.0
138.91844001694878,-16.29344584335368,22.899999999999977,0.0,0.0,0.0
138.91890731243973,-16.28345367787382,22.899999999999974,0.0,0.0,0.0
138.91937456032284,-16.27346151136824,22.899999999999977,0.0,0.0,0.0
138.9198417606338,-16.263469343837844,22.899999999999977,0.0,0.0,0.0
138.92030891340826,-16.253477175283287,22.899999999999974,0.0,0.0,0.0
138.92077601868195,-16.24348500570538,22.899999999999977,0.0,0.0,0.0
138.92124307649044,-16.233492835104965,22.899999999999977,0.0,0.0,0.0
138.92171008686944,-16.223500663482685,22.899999999999977,0.0,0.0,0.0
138.9221770498545,-16.213508490839427,22.89999999999998,0.0,0.0,0.0
138.92264396548129,-16.20351631717584,22.899999999999977,0.0,0.0,0.0
138.92311083378536,-16.193524142492805,22.899999999999977,0.0,0.0,0.0
138.92357765480233,-16.18353196679098,22.899999999999977,0.0,0.0,0.0
138.92404442856773,-16.17353979007118,22.899999999999977,0.0,0.0,0.0
138.92451115511713,-16.16354761233424,22.89999999999998,0.0,0.0,0.0
138.92497783448613,-16.153555433580806,22.899999999999974,0.0,0.0,0.0
138.9254444667102,-16.14356325381175,22.899999999999974,0.0,0.0,0.0
138.92591105182487,-16.133571073027728,22.89999999999998,0.0,0.0,0.0
138.92637758986567,-16.12357889122962,22.899999999999977,0.0,0.0,0.0
138.92684408086802,-16.11358670841809,22.899999999999977,0.0,0.0,0.0
138.92731052486752,-16.10359452459394,22.899999999999974,0.0,0.0,0.0
138.92777692189955,-16.093602339757986,22.899999999999977,0.0,0.0,0.0
138.9282432719996,-16.08361015391091,22.899999999999974,0.0,0.0,0.0
138.92870957520307,-16.07361796705357,22.899999999999974,0.0,0.0,0.0
138.92917583154545,-16.063625779186598,22.899999999999977,0.0,0.0,0.0
138.9296420410621,-16.053633590310845,22.899999999999974,0.0,0.0,0.0
138.93010820378848,-16.04364140042711,22.899999999999974,0.0,0.0,0.0
138.93057431975993,-16.033649209536048,22.899999999999974,0.0,0.0,0.0
138.93104038901183,-16.02365701763854,22.899999999999974,0.0,0.0,0.0
138.9315064115796,-16.01366482473523,22.899999999999977,0.0,0.0,0.0
138.93197238749855,-16.003672630826934,22.899999999999977,0.0,0.0,0.0
138.932438316804,-15.99368043591448,22.899999999999974,0.0,0.0,0.0
138.9329041995313,-15.983688239998505,22.899999999999977,0.0,0.0,0.0
138.93337003571577,-15.973696043079887,22.899999999999974,0.0,0.0,0.0
138.93383582539272,-15.963703845159271,22.899999999999974,0.0,0.0,0.0
138.93430156859742,-15.953711646237478,22.899999999999974,0.0,0.0,0.0
138.93476726536517,-15.94371944631532,22.899999999999974,0.0,0.0,0.0
138.9352329157312,-15.933727245393454,22.899999999999974,0.0,0.0,0.0
138.93569851973078,-15.923735043472728,22.899999999999977,0.0,0.0,0.0
138.93616407739913,-15.913742840553823,22.899999999999967,0.0,0.0,0.0
138.9366295887715,-15.903750636637588,22.89999999999997,0.0,0.0,0.0
138.93709505388307,-15.893758431724674,22.899999999999974,0.0,0.0,0.0
138.93756047276906,-15.883766225815892,22.899999999999974,0.0,0.0,0.0
138.9380258454647,-15.873774018912066,22.899999999999974,0.0,0.0,0.0
138.93849117200512,-15.863781811013832,22.899999999999974,0.0,0.0,0.0
138.93895645242546,-15.853789602122063,22.899999999999974,0.0,0.0,0.0
138.9394216867609,-15.843797392237411,22.89999999999997,0.0,0.0,0.0
138.93988687504662,-15.83380518136068,22.89999999999997,0.0,0.0,0.0
138.94035201731765,-15.823812969492678,22.899999999999974,0.0,0.0,0.0
138.94081711360917,-15.813820756634067,22.899999999999974,0.0,0.0,0.0
138.94128216395626,-15.803828542785702,22.899999999999974,0.0,0.0,0.0
138.94174716839402,-15.793836327948235,22.899999999999974,0.0,0.0,0.0
138.9422121269575,-15.783844112122534,22.89999999999997,0.0,0.0,0.0
138.94267703968177,-15.773851895309226,22.89999999999997,0.0,0.0,0.0
138.94314190660188,-15.763859677509135,22.899999999999967,0.0,0.0,0.0
138.9436067277529,-15.753867458723077,22.899999999999967,0.0,0.0,0.0
138.9440715031698,-15.74387523895168,22.899999999999974,0.0,0.0,0.0
138.94453623288766,-15.733883018195828,22.89999999999997,0.0,0.0,0.0
138.9450009169414,-15.723890796456153,22.899999999999974,0.0,0.0,0.0
138.94546555536607,-15.713898573733461,22.89999999999997,0.0,0.0,0.0
138.9459301481966,-15.703906350028575,22.899999999999967,0.0,0.0,0.0
138.946394695468,-15.693914125342124,22.899999999999967,0.0,0.0,0.0
138.9468591972152,-15.683921899674973,22.89999999999997,0.0,0.0,0.0
138.94732365347312,-15.673929673027772,22.89999999999997,0.0,0.0,0.0
138.9477880642767,-15.663937445401316,22.899999999999967,0.0,0.0,0.0
138.9482524296608,-15.653945216796426,22.89999999999997,0.0,0.0,0.0
138.94871674966043,-15.643952987213742,22.89999999999997,0.0,0.0,0.0
138.94918102431043,-15.633960756654123,22.89999999999997,0.0,0.0,0.0
138.94964525364568,-15.623968525118201,22.899999999999967,0.0,0.0,0.0
138.950109437701,-15.613976292606798,22.89999999999997,0.0,0.0,0.0
138.95057357651126,-15.603984059120712,22.899999999999967,0.0,0.0,0.0
138.95103767011136,-15.593991824660584,22.899999999999967,0.0,0.0,0.0
138.95150171853604,-15.583999589227275,22.899999999999967,0.0,0.0,0.0
138.9519657218202,-15.574007352821427,22.899999999999967,0.0,0.0,0.0
138.95242967999854,-15.564015115443894,22.899999999999967,0.0,0.0,0.0
138.95289359310596,-15.55402287709532,22.899999999999967,0.0,0.0,0.0
138.95335746117718,-15.544030637776505,22.899999999999974,0.0,0.0,0.0
138.95382128424694,-15.534038397488263,22.899999999999974,0.0,0.0,0.0
138.95428506235004,-15.524046156231224,22.899999999999974,0.0,0.0,0.0
138.9547487955212,-15.514053914006247,22.899999999999974,0.0,0.0,0.0
138.9552124837952,-15.504061670813982,22.899999999999974,0.0,0.0,0.0
138.9556761272067,-15.494069426655274,22.899999999999974,0.0,0.0,0.0
138.95613972579036,-15.48407718153076,22.89999999999997,0.0,0.0,0.0
138.956603279581,-15.474084935441244,22.899999999999974,0.0,0.0,0.0
138.9570667886132,-15.464092688387531,22.89999999999997,0.0,0.0,0.0
138.95753025292166,-15.454100440370269,22.899999999999967,0.0,0.0,0.0
138.95799367254105,-15.444108191390301,22.899999999999963,0.0,0.0,0.0
138.958457047506,-15.434115941448256,22.899999999999963,0.0,0.0,0.0
138.95892037785114,-15.424123690544953,22.89999999999997,0.0,0.0,0.0
138.95938366361108,-15.414131438681183,22.89999999999997,0.0,0.0,0.0
138.9598469048205,-15.404139185857584,22.899999999999963,0.0,0.0,0.0
138.96031010151387,-15.394146932075017,22.899999999999974,0.0,0.0,0.0
138.96077325372588,-15.384154677334104,22.899999999999967,0.0,0.0,0.0
138.96123636149107,-15.374162421635653,22.899999999999963,0.0,0.0,0.0
138.96169942484397,-15.364170164980466,22.89999999999997,0.0,0.0,0.0
138.96216244381915,-15.354177907369175,22.899999999999967,0.0,0.0,0.0
138.96262541845118,-15.344185648802627,22.899999999999967,0.0,0.0,0.0
138.96308834877453,-15.334193389281474,22.899999999999967,0.0,0.0,0.0
138.96355123482374,-15.324201128806495,22.899999999999967,0.0,0.0,0.0
138.9640140766333,-15.314208867378497,22.899999999999967,0.0,0.0,0.0
138.9644768742377,-15.304216604998109,22.89999999999997,0.0,0.0,0.0
138.96493962767144,-15.2942243416662,22.899999999999967,0.0,0.0,0.0
138.96540233696894,-15.284232077383379,22.899999999999963,0.0,0.0,0.0
138.9658650021647,-15.27423981215051,22.899999999999967,0.0,0.0,0.0
138.9663276232931,-15.264247545968223,22.899999999999967,0.0,0.0,0.0
138.9667902003886,-15.254255278837322,22.899999999999967,0.0,0.0,0.0
138.96725273348562,-15.244263010758598,22.899999999999967,0.0,0.0,0.0
138.9677152226186,-15.23427074173267,22.899999999999967,0.0,0.0,0.0
138.9681776678219,-15.224278471760412,22.899999999999967,0.0,0.0,0.0
138.96864006912986,-15.214286200842436,22.899999999999967,0.0,0.0,0.0
138.9691024265769,-15.204293928979553,22.899999999999963,0.0,0.0,0.0
138.96956474019734,-15.194301656172541,22.899999999999967,0.0,0.0,0.0
138.97002701002558,-15.184309382422049,22.899999999999963,0.0,0.0,0.0
138.97048923609591,-15.174317107728912,22.89999999999997,0.0,0.0,0.0
138.9709514184427,-15.164324832093767,22.899999999999967,0.0,0.0,0.0
138.97141355710016,-15.15433255551746,22.899999999999967,0.0,0.0,0.0
138.97187565210268,-15.144340278000616,22.899999999999963,0.0,0.0,0.0
138.9723377034845,-15.134347999544037,22.899999999999963,0.0,0.0,0.0
138.97279971127995,-15.124355720148516,22.899999999999963,0.0,0.0,0.0
138.97326167552322,-15.114363439814676,22.899999999999963,0.0,0.0,0.0
138.97372359624865,-15.104371158543366,22.899999999999963,0.0,0.0,0.0
138.97418547349037,-15.09437887633522,22.899999999999963,0.0,0.0,0.0
138.97464730728265,-15.08438659319102,22.899999999999963,0.0,0.0,0.0
138.97510909765975,-15.07439430911157,22.899999999999963,0.0,0.0,0.0
138.97557084465586,-15.064402024097479,22.899999999999963,0.0,0.0,0.0
138.9760325483051,-15.054409738149609,22.899999999999963,0.0,0.0,0.0
138.97649420864178,-15.04441745126859,22.899999999999963,0.0,0.0,0.0
138.97695582569997,-15.034425163455204,22.899999999999963,0.0,0.0,0.0
138.97741739951383,-15.02443287471024,22.899999999999963,0.0,0.0,0.0
138.97787893011753,-15.014440585034327,22.899999999999963,0.0,0.0,0.0
138.97834041754518,-15.004448294428311,22.899999999999967,0.0,0.0,0.0
138.97880186183096,-14.994456002892822,22.899999999999963,0.0,0.0,0.0
138.97926326300893,-14.984463710428644,22.899999999999963,0.0,0.0,0.0
138.97972462111323,-14.974471417036565,22.899999999999963,0.0,0.0,0.0
138.9801859361779,-14.964479122717213,22.899999999999963,0.0,0.0,0.0
138.98064720823703,-14.954486827471436,22.899999999999963,0.0,0.0,0.0
138.98110843732474,-14.944494531299842,22.899999999999963,0.0,0.0,0.0
138.98156962347497,-14.934502234203302,22.899999999999963,0.0,0.0,0.0
138.9820307667219,-14.924509936182412,22.899999999999963,0.0,0.0,0.0
138.9824918670994,-14.91451763723797,22.899999999999963,0.0,0.0,0.0
138.98295292464164,-14.904525337370776,22.899999999999963,0.0,0.0,0.0
138.98341393938256,-14.894533036581436,22.899999999999963,0.0,0.0,0.0
138.98387491135614,-14.884540734870802,22.899999999999963,0.0,0.0,0.0
138.98433584059637,-14.874548432239488,22.899999999999963,0.0,0.0,0.0
138.98479672713728,-14.864556128688294,22.899999999999963,0.0,0.0,0.0
138.98525757101274,-14.854563824217992,22.899999999999963,0.0,0.0,0.0
138.98571837225674,-14.844571518829214,22.899999999999963,0.0,0.0,0.0
138.98617913090328,-14.834579212522799,22.899999999999967,0.0,0.0,0.0
138.98663984698615,-14.82458690529936,22.899999999999963,0.0,0.0,0.0
138.98710052053943,-14.814594597159754,22.899999999999963,0.0,0.0,0.0
138.98756115159688,-14.804602288104588,22.89999999999996,0.0,0.0,0.0
138.98802174019244,-14.79460997813464,22.899999999999963,0.0,0.0,0.0
138.98848228636004,-14.784617667250721,22.899999999999963,0.0,0.0,0.0
138.98894279013348,-14.774625355453434,22.899999999999963,0.0,0.0,0.0
138.98940325154666,-14.764633042743615,22.899999999999963,0.0,0.0,0.0
138.9898636706334,-14.754640729121885,22.899999999999963,0.0,0.0,0.0
138.99032404742758,-14.744648414589037,22.899999999999956,0.0,0.0,0.0
138.99078438196295,-14.734656099145852,22.89999999999996,0.0,0.0,0.0
138.99124467427345,-14.724663782792938,22.899999999999956,0.0,0.0,0.0
138.99170492439274,-14.714671465531145,22.89999999999996,0.0,0.0,0.0
138.99216513235464,-14.70467914736109,22.89999999999996,0.0,0.0,0.0
138.992625298193,-14.69468682828355,22.899999999999956,0.0,0.0,0.0
138.99308542194154,-14.68469450829931,22.89999999999996,0.0,0.0,0.0
138.99354550363398,-14.674702187408986,22.89999999999996,0.0,0.0,0.0
138.99400554330416,-14.664709865613421,22.89999999999996,0.0,0.0,0.0
