galstreams/tracks/track.st.C-25.ibata2024.ecsv
# %ECSV 1.0
# ---
# datatype:
# - {name: ra, unit: deg, datatype: float64}
# - {name: dec, unit: deg, datatype: float64}
# - {name: distance, unit: kpc, datatype: float64}
# - {name: pm_ra_cosdec, unit: mas / yr, datatype: float64}
# - {name: pm_dec, unit: mas / yr, datatype: float64}
# - {name: radial_velocity, unit: km / s, datatype: float64}
# delimiter: ','
# meta: !!omap
# - __serialized_columns__:
#     dec:
#       __class__: astropy.coordinates.angles.Latitude
#       unit: &id001 !astropy.units.Unit {unit: deg}
#       value: !astropy.table.SerializedColumn {name: dec}
#     distance:
#       __class__: astropy.coordinates.distances.Distance
#       unit: !astropy.units.Unit {unit: kpc}
#       value: !astropy.table.SerializedColumn {name: distance}
#     pm_dec:
#       __class__: astropy.units.quantity.Quantity
#       unit: !astropy.units.Unit {unit: mas / yr}
#       value: !astropy.table.SerializedColumn {name: pm_dec}
#     pm_ra_cosdec:
#       __class__: astropy.units.quantity.Quantity
#       unit: !astropy.units.Unit {unit: mas / yr}
#       value: !astropy.table.SerializedColumn {name: pm_ra_cosdec}
#     ra:
#       __class__: astropy.coordinates.angles.Longitude
#       unit: *id001
#       value: !astropy.table.SerializedColumn {name: ra}
#       wrap_angle: !astropy.coordinates.Angle
#         unit: *id001
#         value: 360.0
#     radial_velocity:
#       __class__: astropy.units.quantity.Quantity
#       unit: !astropy.units.Unit {unit: km / s}
#       value: !astropy.table.SerializedColumn {name: radial_velocity}
# schema: astropy-2.0
ra,dec,distance,pm_ra_cosdec,pm_dec,radial_velocity
[from data line 293]
100.43318832628138,35.426734792757685,1.0,5.7897262777844904,-0.936920050054642,-46.406854633869415
100.44170943420765,35.43610460525088,1.0,5.790435993903072,-0.9375457740721451,-46.33395122438664
100.45023851944119,35.44545987261442,1.0,5.7911438347907325,-0.9381716351708667,-46.26117215208885
100.45877557358375,35.45480060839678,1.0000000000000002,5.79184980279765,-0.9387976332260122,-46.18851730389367
100.46732058823193,35.46412682614743,0.9999999999999999,5.792553900274294,-0.9394237681114488,-46.115986566718846
100.47587355497738,35.47343853941691,1.0,5.79325612957139,-0.9400500396997327,-46.04357982748196
100.48443446540698,35.48273576175683,1.0,5.793956493039957,-0.9406764478621268,-45.97129697310074
100.49300331110241,35.49201850671986,1.0,5.794654993031283,-0.9413029924685601,-45.8991378904928
100.5015800836407,35.50128678785974,1.0,5.79535163189694,-0.941929673387687,-45.827102466575795
100.51016477459379,35.51054061873121,1.0,5.796046411988769,-0.9425564904868455,-45.75519058826744
100.51875737552888,35.51978001289021,1.0,5.796739335658897,-0.943183443632094,-45.683402142485335
100.52735787800815,35.52900498389362,1.0,5.797430405259728,-0.943810532688186,-45.611737016147195
100.53596627358914,35.53821554529951,1.0,5.798119623143933,-0.9444377575186182,-45.54019509617062
100.54458255382427,35.54741171066695,0.9999999999999999,5.79880699166448,-0.9450651179855702,-45.46877626947332
100.55320671026146,35.55659349355615,1.0,5.799492513174598,-0.9456926139499879,-45.397480422972926
100.56183873444363,35.56576090752842,1.0,5.800176190027803,-0.9463202452715107,-45.32630744358713
100.57047861790886,35.574913966146106,1.0000000000000002,5.8008580245778845,-0.9469480118085283,-45.25525721823358
100.5791263521907,35.58405268297271,1.0,5.801538019178915,-0.9475759134181789,-45.18432963382991
100.58778192881768,35.59317707157281,1.0,5.8022161761852455,-0.948203949956314,-45.11352457729381
100.59644533931385,35.602287145512115,1.0,5.802892497951498,-0.9488321212775661,-45.042841935542945
100.60511657519825,35.611382918357414,1.0,5.803566986832581,-0.9494604272352873,-44.97228159549496
100.61379562798554,35.62046440367664,1.0,5.8042396451836735,-0.9500888676816164,-44.901843444067524
100.62248248918537,35.629531615038815,1.0000000000000002,5.804910475360243,-0.9507174424674272,-44.8315273681783
100.63117715030303,35.63858456601415,1.0,5.805579479718032,-0.951346151442376,-44.7613332547449
100.63987960283885,35.64762327017388,1.0000000000000002,5.806246660613055,-0.9519749944548739,-44.691260990685095
100.64858983828877,35.656647741090495,1.0,5.806912020401612,-0.9526039713521213,-44.62131046291643
100.65730784814393,35.665657992337486,1.0,5.807575561440283,-0.9532330819800832,-44.55148155835663
100.66603362389107,35.6746540374896,1.0,5.8082372860859195,-0.9538623261835228,-44.481774163923355
100.67476715701206,35.68363589012265,1.0,5.808897196695661,-0.9544917038059726,-44.412188166534214
100.68350843898449,35.69260356381366,1.0,5.809555295626921,-0.9551212146897736,-44.34272345310695
100.69225746128117,35.70155707214075,1.0,5.810211585237388,-0.9557508586760592,-44.273379910559136
100.70101421537045,35.7104964286832,1.0,5.81086606788504,-0.956380635604754,-44.204157425808525
100.70977869271624,35.71942164702151,1.0,5.811518745928122,-0.9570105453146027,-44.1350558857727
100.71855088477778,35.72833274073725,1.0,5.812169621725168,-0.9576405876431489,-44.06607517736934
100.72733078301005,35.737229723413265,1.0,5.812818697634989,-0.9582707624267632,-43.99721518751614
100.73611837886324,35.746112608633446,1.0,5.8134659760166665,-0.9589010695006239,-43.92847580313071
100.74491366378346,35.75498140998299,1.0000000000000002,5.814111459229572,-0.9595315086987419,-43.85985691113078
100.75371662921204,35.76383614104815,1.0,5.814755149633355,-0.9601620798539505,-43.791358398433935
100.76252726658616,35.772676815416474,1.0,5.815397049587935,-0.9607927827979248,-43.7229801519579
100.7713455673384,35.7815034466766,1.0000000000000002,5.816037161453522,-0.9614236173611648,-43.65472205862029
100.78017152289712,35.79031604841846,1.0000000000000002,5.816675487590598,-0.962054583373031,-43.58658400533878
100.78900512468611,35.79911463423305,1.0,5.817312030359927,-0.9626856806617132,-43.518565879031016
100.79784636412508,35.807899217712674,1.0,5.817946792122552,-0.9633169090542681,-43.4506675666147
100.80669523262917,35.81666981245083,1.0,5.8185797752397965,-0.9639482683765994,-43.38288895500746
100.81555172160921,35.82542643204213,1.0,5.819210982073258,-0.9645797584534677,-43.315229931126964
100.82441582247196,35.83416909008253,1.0,5.819840414984822,-0.9652113791085153,-43.24769038189089
100.83328752661964,35.84289780016907,1.0000000000000002,5.820468076336644,-0.9658431301642412,-43.18027019421688
100.84216682545042,35.85161257590013,1.0,5.821093968491168,-0.9664750114420313,-43.112969255022584
100.85105371035797,35.86031343087521,1.0000000000000002,5.821718093811111,-0.9671070227621299,-43.04578745122567
100.85994817273205,35.86900037869509,0.9999999999999999,5.822340454659472,-0.9677391639436994,-42.97872466974384
100.86885020395788,35.87767343296178,1.0,5.822961053399524,-0.968371434804757,-42.911780797494686
100.8777597954168,35.88633260727852,1.0,5.823579892394827,-0.9690038351622396,-42.84495572139592
100.88667693848565,35.894977915249754,1.0000000000000002,5.824196974009216,-0.9696363648319646,-42.7782493283652
100.89560162453746,35.90360937048125,0.9999999999999999,5.824812300606809,-0.9702690236286666,-42.711661505320144
100.9045338449408,35.91222698657992,1.0,5.825425874551996,-0.9709018113659775,-42.64519213917846
100.91347359106037,35.92083077715401,1.0,5.826037698209455,-0.971534727856449,-42.57884111685777
100.92242085425659,35.929420755812984,1.0,5.826647773944134,-0.9721677729115483,-42.512608325275785
100.93137562588582,35.93799693616754,1.0,5.827256104121271,-0.9728009463416591,-42.446493651350124
100.94033789730051,35.94655933182971,1.0,5.827862691106374,-0.9734342479561064,-42.380496981998455
100.94930765984878,35.9551079564127,1.0,5.828467537265233,-0.9740676775631267,-42.314618204138455
100.95828490487504,35.96364282353107,1.0,5.8290706449639185,-0.9747012349699156,-42.24885720468775
100.96726962371939,35.97216394680059,1.0,5.829672016568781,-0.9753349199825849,-42.18321387056406
100.97626180771817,35.98067133983838,1.0,5.830271654446444,-0.9759687324062174,-42.117688088685
100.98526144820352,35.989165016262746,1.0000000000000002,5.830869560963819,-0.976602672044824,-42.05227974596824
100.99426853650387,35.99764498969338,1.0,5.8314657384880935,-0.9772367387013947,-41.986988729331436
101.00328306394341,36.00611127375116,1.0,5.832060189386723,-0.9778709321778525,-41.92181492569226
101.01230502184276,36.01456388205836,0.9999999999999999,5.832652916027463,-0.978505252275113,-41.85675822196837
101.02133440151826,36.02300282823848,1.0,5.833243920778327,-0.9791396987930385,-41.791818505077416
101.03037119428268,36.03142812591638,0.9999999999999999,5.833833206007622,-0.9797742715304807,-41.726995661937096
101.03941539144468,36.03983978871813,1.0000000000000002,5.834420774083924,-0.980408970285259,-41.66228957946502
101.04846698430929,36.04823783027124,1.0,5.835006627376099,-0.9810437948541986,-41.597700144578866
101.05752596417753,36.05662226420443,1.0,5.835590768253278,-0.9816787450330837,-41.533227244196304
101.0665923223466,36.06499310414775,1.0,5.836173199084878,-0.9823138206167119,-41.468870765235
101.0756660501101,36.07335036373263,1.0,5.836753922240597,-0.9829490213988787,-41.40463059461262
101.0847471387576,36.08169405659177,1.0,5.837332940090409,-0.9835843471723709,-41.340506619246796
101.09383557957518,36.09002419635923,1.0,5.837910255004563,-0.9842197977290046,-41.276498726055195
101.1029313638449,36.09834079667037,1.0,5.838485869353589,-0.9848553728595846,-41.212606801955495
101.11203448284536,36.10664387116194,1.0,5.839059785508297,-0.9854910723539518,-41.14883073386536
101.1211449278512,36.11493343347195,1.0,5.8396320058397775,-0.9861268960009619,-41.08517040870244
101.13026269013366,36.12320949723985,0.9999999999999999,5.840202532719389,-0.9867628435885014,-41.02162571338439
101.13938776096,36.131472076106355,1.0,5.840771368518778,-0.9873989149034816,-40.95819653482885
101.14852013159418,36.1397211837136,1.0,5.8413385156098645,-0.9880351097318707,-40.89488275995354
101.15765979329625,36.14795683370502,1.0,5.841903976364849,-0.9886714278586566,-40.83168427567607
101.16680673732269,36.156179039725416,1.0,5.842467753156209,-0.9893078690678809,-40.76860096891416
101.17596095492657,36.16438781542103,1.0,5.8430298483566965,-0.989944433142647,-40.70563272658539
101.18512243735718,36.172583174439374,1.0,5.843590264339346,-0.9905811198651024,-40.64277943560746
101.19429117586044,36.180765130429386,1.0000000000000002,5.844149003477466,-0.9912179290164707,-40.58004098289804
101.20346716167855,36.188933697041335,1.0,5.8447060681446485,-0.991854860377023,-40.517417255374795
101.2126503860504,36.19708888792697,0.9999999999999999,5.845261460714754,-0.9924919137261226,-40.454908139955364
101.22184084021114,36.20523071673927,1.0,5.845815183561924,-0.993129088842192,-40.392513523557426
101.23103851539273,36.21335919713275,1.0,5.846367239060581,-0.9937663855027465,-40.330233293098594
101.2402434028234,36.22147434276322,1.0000000000000002,5.8469176295854215,-0.9944038034843805,-40.26806733549663
101.24945549372816,36.229576167287945,1.0,5.8474663575114185,-0.9950413425627849,-40.20601553766908
101.25867477932842,36.23766468436552,1.0,5.848013425213822,-0.995679002512746,-40.14407778653367
101.26790125084237,36.24573990765605,0.9999999999999999,5.848558835068161,-0.9963167831081425,-40.08225396900808
101.27713489948464,36.253801850820906,1.0,5.849102589450237,-0.9969546841219712,-40.02054397200992
101.28637571646668,36.261850527523,1.0,5.849644690736134,-0.9975927053263396,-39.958947682456866
101.29562369299647,36.2698859514266,1.0,5.850185141302209,-0.9982308464924605,-39.897464987266595
101.30487882027862,36.27790813619736,1.0,5.850723943525091,-0.998869107390667,-39.83609577335674
101.31414108951465,36.285917095502434,1.0,5.851261099781693,-0.9995074877904386,-39.77483992764499
101.32341049190255,36.29391284301033,1.0000000000000002,5.851796612449203,-1.0001459874603542,-39.71369733704899
101.33268701863729,36.30189539239105,1.0000000000000002,5.852330483905081,-1.0007846061681605,-39.65266788848641
101.34197066091033,36.30986475731597,1.0,5.852862716527065,-1.0014233436807185,-39.591751468874875
101.35126140991018,36.31782095145796,1.0000000000000002,5.853393312693164,-1.0020621997640502,-39.530947965132114
101.36055925682187,36.32576398849127,1.0,5.853922274781678,-1.0027011741833203,-39.47025726417574
101.36986419282754,36.33369388209164,1.0,5.854449605171159,-1.0033402667028604,-39.409679252923425
101.37917620910582,36.34161064593626,1.0,5.854975306240456,-1.0039794770861397,-39.34921381829282
101.38849529683256,36.34951429370378,1.0,5.855499380368675,-1.004618805095821,-39.288860847201605
101.39782144718016,36.35740483907423,1.0,5.856021829935221,-1.0052582504937115,-39.22862022656743
101.40715465131817,36.36528229572921,1.0,5.856542657319741,-1.0058978130408187,-39.16849184330795
101.41649490041287,36.37314667735172,1.0,5.857061864902188,-1.006537492497313,-39.10847558434084
101.42584218562749,36.380997997626224,1.0,5.857579455062773,-1.0071772886225459,-39.04857133658375
101.43519649812237,36.388836270238706,1.0,5.858095430181981,-1.0078172011750821,-38.98877898695435
101.44455782905459,36.39666150887656,1.0,5.85860979264058,-1.0084572299126586,-38.92909842237027
101.45392616957847,36.40447372722875,1.0,5.859122544819603,-1.0090973745922271,-38.86952952974922
101.46330151084507,36.412272938985616,1.0,5.859633689100365,-1.0097376349699339,-38.81007219600883
101.47268384400277,36.42005915783909,1.0,5.860143227864452,-1.0103780108011495,-38.75072630806679
101.48207316019673,36.4278323974825,1.0,5.860651163493718,-1.0110185018404412,-38.6914917528407
101.4914694505694,36.43559267161074,1.0,5.861157498370297,-1.0116591078416177,-38.63236841724829
101.50087270626014,36.443339993920155,1.0,5.861662234876596,-1.0122998285576954,-38.573356188207185
101.51028291840561,36.45107437810866,1.0,5.862165375395295,-1.0129406637409324,-38.51445495263504
101.51970007813937,36.458795837875584,1.0,5.862666922309341,-1.0135816131428106,-38.455664597449534
101.52912417659238,36.46650438692186,1.0,5.863166878001964,-1.0142226765140716,-38.39698500956831
101.5385552048926,36.47420003894985,1.0,5.863665244856658,-1.014863853604684,-38.338416075909045
101.54799315416514,36.48188280766349,1.0000000000000002,5.864162025257192,-1.0155051441638694,-38.27995768338942
101.55743801553257,36.48955270676822,1.0,5.864657221587611,-1.0161465479401204,-38.22160971892704
101.56688978011437,36.497209749971,1.0000000000000002,5.8651508362322256,-1.0167880646811653,-38.16337206943962
101.57634843902758,36.50485395098034,1.0000000000000002,5.8656428715756235,-1.0174296941340284,-38.10524462184476
101.58581398338623,36.51248532350625,1.0000000000000004,5.86613333000266,-1.0180714360449725,-38.047227263060186
101.5952864043019,36.52010388126031,1.0000000000000002,5.866622213898472,-1.0187132901595657,-37.98931988000353
101.60476569288323,36.52770963795562,1.0000000000000002,5.86710952564845,-1.0193552562226311,-37.931522359592456
101.61425184023645,36.53530260730684,1.0000000000000004,5.867595267638267,-1.019997333978302,-37.873834588744636
101.62374483746488,36.542882803030146,1.0000000000000002,5.868079442253874,-1.020639523169978,-37.81625645437767
101.63324467566946,36.55045023884332,1.0000000000000002,5.868562051881472,-1.0212818235403773,-37.7587878434093
101.6427513459483,36.558004928465635,1.0000000000000002,5.869043098907553,-1.0219242348315012,-37.70142864275714
101.65226483939715,36.56554688561797,1.0000000000000004,5.869522585718869,-1.0225667567846743,-37.644178739338884
101.66178514710894,36.57307612402275,1.0000000000000002,5.870000514702444,-1.023209389140515,-37.587038020072164
101.67131226017433,36.58059265740399,1.0000000000000004,5.870476888245568,-1.0238521316389724,-37.53000637187465
101.68084616968125,36.58809649948723,1.0000000000000002,5.870951708735811,-1.0244949840193072,-37.473083681664
101.69038686671509,36.595587663999595,1.0000000000000002,5.871424978561001,-1.0251379460201075,-37.41626983635788
101.69993434235901,36.60306616466985,1.0000000000000004,5.871896700109241,-1.0257810173793027,-37.359564722873955
101.70948858769344,36.61053201522823,1.0000000000000002,5.8723668757689085,-1.026424197834145,-37.30296822812986
101.71904959379658,36.61798522940668,1.0000000000000002,5.8728355079286345,-1.0270674871212417,-37.24648023904329
101.72861735174398,36.625425820938624,1.0000000000000002,5.873302598977331,-1.027710884976531,-37.190100642531895
101.73819185260903,36.63285380355916,1.0000000000000004,5.873768151304171,-1.0283543911353221,-37.133829325513325
101.7477730874625,36.640269191004926,1.0000000000000002,5.874232167298608,-1.0289980053322623,-37.07766617490524
101.75736104737308,36.64767199701419,1.0000000000000002,5.8746946493503485,-1.0296417273013807,-37.021611077625316
101.76695572340678,36.65506223532683,1.0000000000000004,5.875155599849371,-1.0302855567760498,-36.965663920591204
101.77655710662764,36.6624399196843,1.0000000000000002,5.875615021185928,-1.0309294934890385,-36.90982459072059
101.78616518809713,36.6698050638297,1.0000000000000002,5.876072915750533,-1.0315735371724797,-36.854092974931085
101.7957799588745,36.6771576815077,1.0000000000000002,5.876529285933966,-1.032217687557882,-36.79846896014038
101.80540141001693,36.68449778646465,1.0000000000000002,5.876984134127277,-1.0328619443761635,-36.74295243326615
101.81502953257905,36.69182539244846,1.0000000000000002,5.877437462721777,-1.033506307357611,-36.687543281226006
101.82466431761361,36.69914051320872,1.0000000000000002,5.877889274109052,-1.034150776231927,-36.632241390937686
