galstreams/tracks/track.st.Phlegethon.ibata2020.ecsv
# %ECSV 0.9
# ---
# datatype:
# - {name: ra, unit: deg, datatype: float64}
# - {name: dec, unit: deg, datatype: float64}
# - {name: distance, unit: kpc, datatype: float64}
# - {name: pm_ra_cosdec, unit: mas / yr, datatype: float64}
# - {name: pm_dec, unit: mas / yr, datatype: float64}
# - {name: radial_velocity, unit: km / s, datatype: float64}
# delimiter: ','
# meta: !!omap
# - __serialized_columns__:
#     dec:
#       __class__: astropy.coordinates.angles.Latitude
#       unit: &id001 !astropy.units.Unit {unit: deg}
#       value: !astropy.table.SerializedColumn {name: dec}
#     distance:
#       __class__: astropy.coordinates.distances.Distance
#       unit: !astropy.units.Unit {unit: kpc}
#       value: !astropy.table.SerializedColumn {name: distance}
#     pm_dec:
#       __class__: astropy.units.quantity.Quantity
#       unit: !astropy.units.Unit {unit: mas / yr}
#       value: !astropy.table.SerializedColumn {name: pm_dec}
#     pm_ra_cosdec:
#       __class__: astropy.units.quantity.Quantity
#       unit: !astropy.units.Unit {unit: mas / yr}
#       value: !astropy.table.SerializedColumn {name: pm_ra_cosdec}
#     ra:
#       __class__: astropy.coordinates.angles.Longitude
#       unit: *id001
#       value: !astropy.table.SerializedColumn {name: ra}
#       wrap_angle: !astropy.coordinates.Angle
#         unit: *id001
#         value: 360.0
#     radial_velocity:
#       __class__: astropy.units.quantity.Quantity
#       unit: !astropy.units.Unit {unit: km / s}
#       value: !astropy.table.SerializedColumn {name: radial_velocity}
# schema: astropy-2.0
ra,dec,distance,pm_ra_cosdec,pm_dec,radial_velocity
[from data line 138]
324.2395459068605,-5.4244429798671305,3.355275137352018,-0.32587725779073584,-32.168670145117396,-5.894536990910637e-14
324.2637521033576,-5.106606020907707,3.3613728530982523,-0.2889636771588231,-32.02320456472805,-3.368306851948935e-14
324.28772797197485,-4.788745657619083,3.3676449705474116,-0.2522717136708885,-31.876251694871584,-3.368306851948935e-14
324.31147966955837,-4.470862495927515,3.374093061723811,-0.21580572841603063,-31.727825360916583,-1.6841534259744676e-14
324.3350133021064,-4.152957138860118,3.3807186986517643,-0.1795701774290943,-31.577939377351104,-4.631421921429786e-14
324.3583349266272,-3.8350301866865206,3.3875234533555867,-0.14356961072267493,-31.426607548241154,-5.894536990910637e-14
324.38145055297576,-3.5170822370533963,3.394508897859591,-0.10780867129038074,-31.273843667685473,-3.368306851948935e-14
324.40436614567,-3.199113885112251,3.401676604188093,-0.07229209408192117,-31.119661520266536,-3.368306851948935e-14
324.42708762568844,-2.881125723640769,3.4090281443654074,-0.037024704950526455,-30.964074881497908,-5.0524602779234026e-14
324.4496208722486,-2.5631183431577433,3.4165650904158484,-0.0020114195732117146,-30.807097518267536,-1.2631150694808506e-14
324.47197172456896,-2.2450923320319305,3.4242890143637292,0.032742757655650934,-30.64874318927711,-3.789345208442552e-14
324.4941459836136,-1.9270482765852068,3.4322014882333667,0.06723273475695846,-30.489025645477312,1.2631150694808506e-14
324.51614941382195,-1.6089867611898432,3.4403040840490733,0.10145333332527867,-30.327958630498756,-3.5788260301957434e-14
324.5379877448235,-1.2909083683605993,3.448598373835164,0.13539928971253107,-30.165555881078635,-5.0524602779234026e-14
324.5596666731388,-0.9728136788414641,3.4570859296159537,0.1690652562366008,-30.00183112748276,-2.7367493172085098e-14
324.5811918638675,-0.6547032716874324,3.465768323415757,0.20244580241441135,-29.836798093922955,-1.3683746586042549e-14
324.6025689523645,-0.3365777243415364,3.4746471272588884,0.23553541621907126,-29.670470498969685,-3.789345208442552e-14
324.6238035459045,-0.018437612707230797,3.4837239131696607,0.2683285053607408,-29.502862055959586,-5.733358245065424e-14
324.6449012253371,0.29971648878358714,3.4930002531723905,0.3008193985908161,-29.333986473397804,-9.052324664612763e-14
324.6658675467312,0.6178840071067169,3.502477719291392,0.3330023470290797,-29.16385745535503,-3.5788260301957434e-14
324.6867080430118,0.9360643705858771,3.512157883550979,0.36487152551348034,-28.992488701858907,-2.315710960714893e-14
324.70742822558816,1.2542570088366176,3.5220423179754663,0.39642103397220135,-28.81989390927962,-4.8419410996765944e-14
324.72803358597554,1.5724613527139069,3.532132594589168,0.4276448988177015,-28.64608677070954,-1.6841534259744676e-14
324.7485295974107,1.8906768342631866,3.5424302854163985,0.4585370743624022,-28.471080976336616,-8.21024795162553e-14
324.7689217164616,2.2089028866745237,3.552936962481473,0.48909144425576,-28.294890213811208,-5.894536990910637e-14
324.789215384633,2.5271389442399523,3.5636541978087055,0.5193018229423801,-28.11752816860633,-6.73661370389787e-14
324.80941602996825,2.8453844423136596,3.57458356342241,0.5491619571409659,-27.939008524370777,-5.4734986344170195e-14
324.82952906864824,3.163638817274745,3.5857266313469025,0.5786655273437626,-27.75934496327511,-2.947268495455318e-14
324.84955990658796,3.481901506492643,3.5970849736064965,0.6078061493363114,-27.57855116635004,-7.999728773378721e-14
324.8695139410324,3.8001719482947856,3.608660162225505,0.6365773757372195,-27.39664081381701,-4.631421921429786e-14
324.88939656215115,4.118449581936393,3.620453769228245,0.6649726975577432,-27.213627585410674,-1.6841534259744676e-14
324.9092131546343,4.4367338475723,3.632467366639031,0.6929855457809393,-27.02952516069294,-9.683882199353189e-14
324.9289690992888,4.755024186230539,3.6447025264821753,0.7206092929601987,-26.844347219358315,-7.578690416885104e-14
324.9486697746372,5.0733200397875455,3.6571608207819937,0.7478372548369232,-26.658107441530074,-9.262843842859572e-14
324.9683205585194,5.391620850944788,3.669843821562801,0.7746626919771864,-26.470819508047157,-6.73661370389787e-14
324.9879268296974,5.709926063206742,3.682753100848911,0.8010788114271956,-26.28249710074122,-1.0946997268834039e-13
325.00749396946543,6.0282351208598355,3.695890230664637,0.8270787683873282,-26.093153902703616,-3.368306851948935e-14
325.027027363265,6.346547468952438,3.709256783034296,0.8526556679046697,-25.902803598541805,-4.210383564936169e-14
325.04653240230596,6.664862553275487,3.7228543299822014,0.8778025665838135,-25.711459874625085,-4.210383564936169e-14
325.066014485195,6.983179820343763,3.736684443532667,0.9025124743158411,-25.519136419318844,-1.6841534259744676e-14
325.0854790195723,7.301498717377532,3.750748695710009,0.9267783560252959,-25.325846923207365,0.0
325.10493142375617,7.619818692284402,3.7650486585385394,0.9505931334350857,-25.13160507930437,-1.6841534259744676e-14
325.1243771283983,7.9381391936411925,3.7795859040425746,0.9739496868491431,-24.93642458325122,-3.368306851948935e-14
325.1438215781491,8.256459670675783,3.79436200424643,0.9968408569527707,-24.740319133502112,8.420767129872338e-15
325.1632702333346,8.5747795732485,3.8093785311744166,1.0192594466305693,-24.543302431495974,8.420767129872338e-15
325.1827285716461,8.893098351833125,3.8246370568508516,1.0411982228018501,-24.345388181814407,-2.5262301389617013e-14
325.20220208984273,9.211415457497221,3.8401391533000484,1.0626499182734996,-24.146590092325447,-6.73661370389787e-14
325.22169630546864,9.529730341881534,3.855886392546322,1.0836072336101472,-23.946921874312487,-1.6841534259744676e-14
325.2412167585855,9.848042457178488,3.8718803466139864,1.1040628390216716,-23.746397242587932,-4.210383564936169e-14
325.2607690135209,10.166351256109373,3.8881225875273566,1.124009376267954,-23.54502991559108,-8.420767129872338e-15
325.28035866063476,10.484656191900156,3.9046146873107475,1.1434394605808225,-23.34283361546969,-1.6841534259744676e-14
325.2999913181026,10.802956718255711,3.9213582179884723,1.1623456826032306,-23.13982206814474,-3.368306851948935e-14
325.3196726337201,11.12125228933232,3.9383547515848467,1.1807206103455508,-22.93600900335777,-6.73661370389787e-14
325.33940828672615,11.439542359708108,3.955605860124184,1.198556791159104,-22.731408154700347,-5.0524602779234026e-14
325.3592039896486,11.757826384351434,3.9731131156307997,1.21584675372683,-22.526033259624953,0.0
325.3790654901718,12.076103818586853,3.9908780901290077,1.2325830100711634,-22.319898059436877,-1.6841534259744676e-14
325.39899857302817,12.394374118058515,4.008902355643122,1.2487580575791257,-22.1130162992663,-3.368306851948935e-14
325.41900906191427,12.712636738690875,4.027187484197459,1.264364381044713,-21.905401728020195,1.6841534259744676e-14
325.43910282143355,13.030891136646423,4.045735047816331,1.279394454728553,-21.697068098313203,5.0524602779234026e-14
325.4592857590649,13.34913676828018,4.064546618524052,1.2938407444349904,-21.488029166377004,5.0524602779234026e-14
325.47956382716126,13.667373090090921,4.083623768344941,1.3076957096066009,-21.27829869194737,-3.368306851948935e-14
325.4999430249762,13.985599558668735,4.102968069303308,1.3209518054362823,-21.06789043812842,-5.0524602779234026e-14
