galstreams/tracks/track.st.Jhelum-a.bonaca2019.ecsv
# %ECSV 0.9
# ---
# datatype:
# - {name: ra, unit: deg, datatype: float64}
# - {name: dec, unit: deg, datatype: float64}
# - {name: distance, unit: kpc, datatype: float64}
# - {name: pm_ra_cosdec, unit: mas / yr, datatype: float64}
# - {name: pm_dec, unit: mas / yr, datatype: float64}
# - {name: radial_velocity, unit: km / s, datatype: float64}
# delimiter: ','
# meta: !!omap
# - __serialized_columns__:
#     dec:
#       __class__: astropy.coordinates.angles.Latitude
#       unit: &id001 !astropy.units.Unit {unit: deg}
#       value: !astropy.table.SerializedColumn {name: dec}
#     distance:
#       __class__: astropy.coordinates.distances.Distance
#       unit: !astropy.units.Unit {unit: kpc}
#       value: !astropy.table.SerializedColumn {name: distance}
#     pm_dec:
#       __class__: astropy.units.quantity.Quantity
#       unit: !astropy.units.Unit {unit: mas / yr}
#       value: !astropy.table.SerializedColumn {name: pm_dec}
#     pm_ra_cosdec:
#       __class__: astropy.units.quantity.Quantity
#       unit: !astropy.units.Unit {unit: mas / yr}
#       value: !astropy.table.SerializedColumn {name: pm_ra_cosdec}
#     ra:
#       __class__: astropy.coordinates.angles.Longitude
#       unit: *id001
#       value: !astropy.table.SerializedColumn {name: ra}
#       wrap_angle: !astropy.coordinates.Angle
#         unit: *id001
#         value: 360.0
#     radial_velocity:
#       __class__: astropy.units.quantity.Quantity
#       unit: !astropy.units.Unit {unit: km / s}
#       value: !astropy.table.SerializedColumn {name: radial_velocity}
# schema: astropy-2.0
ra,dec,distance,pm_ra_cosdec,pm_dec,radial_velocity
[from data line 2093]
333.9553716760666,-49.797471196757954,13.0,5.988131265021423,-5.522477984049104,0.0
333.9406918917062,-49.794266623343745,13.0,5.9870564024062025,-5.523349976071126,-6.73661370389787e-14
333.9260139844269,-49.79106031889857,13.000000000000004,5.9859814203183,-5.524221424616881,-1.347322740779574e-13
333.91133795477344,-49.787852283857625,13.0,5.984906319045015,-5.525092329575768,-2.020984111169361e-13
333.8966638032897,-49.7846425186563,13.000000000000002,5.983831098873551,-5.525962690837409,-6.73661370389787e-14
333.8819915305187,-49.781431023730015,12.999999999999998,5.982755760091059,-5.526832508291689,-1.6841534259744677e-13
333.86732113700265,-49.778217799514316,13.000000000000002,5.981680302984632,-5.527701781828691,0.0
333.85265262328284,-49.77500284644485,13.000000000000002,5.980604727841272,-5.528570511338764,6.73661370389787e-14
333.83798598989966,-49.77178616495733,13.000000000000002,5.979529034947928,-5.5294386967124804,-6.73661370389787e-14
333.8233212373928,-49.76856775548759,13.000000000000002,5.978453224591479,-5.53030633784063,6.73661370389787e-14
333.8086583663009,-49.76534761847157,13.000000000000002,5.977377297058728,-5.531173434614269,-1.347322740779574e-13
333.7939973771619,-49.76212575434531,13.000000000000002,5.97630125263642,-5.532039986924661,-1.347322740779574e-13
333.7793382705127,-49.75890216354491,13.0,5.9752250916112235,-5.532905994663315,-6.73661370389787e-14
333.7646810468895,-49.7556768465066,13.000000000000002,5.97414881426973,-5.53377145772197,-2.020984111169361e-13
333.75002570682756,-49.7524498036667,13.000000000000002,5.973072420898488,-5.5346363759926005,-3.368306851948935e-14
333.73537225086125,-49.749221035461616,13.000000000000002,5.971995911783942,-5.535500749367417,-6.73661370389787e-14
333.72072067952416,-49.745990542327846,13.000000000000002,5.970919287212497,-5.536364577738859,-1.0104920555846805e-13
333.706070993349,-49.74275832470201,13.000000000000002,5.969842547470469,-5.537227860999602,-1.0104920555846805e-13
333.69142319286755,-49.739524383020786,12.999999999999998,5.968765692844113,-5.538090599042553,-2.3578147963642546e-13
333.67677727861076,-49.73628871772101,13.000000000000002,5.967688723619612,-5.538952791760849,-2.020984111169361e-13
333.6621332511088,-49.73305132923954,13.000000000000002,5.966611640083077,-5.5398144390478645,-6.73661370389787e-14
333.6474911108909,-49.72981221801334,13.0,5.965534442520554,-5.540675540797208,-6.73661370389787e-14
333.6328508584853,-49.72657138447953,13.000000000000002,5.964457131218005,-5.541536096902719,-1.347322740779574e-13
333.61821249441977,-49.72332882907525,13.000000000000002,5.963379706461337,-5.542396107258462,0.0
333.6035760192208,-49.72008455223779,13.0,5.962302168536379,-5.543255571758751,-1.6841534259744677e-13
333.5889414334143,-49.7168385544045,13.0,5.961224517728891,-5.54411449029811,-6.73661370389787e-14
333.5743087375251,-49.71359083601284,13.0,5.960146754324559,-5.544972862771315,-3.368306851948935e-14
333.5596779320773,-49.71034139750034,13.0,5.959068878608992,-5.545830689073363,-1.347322740779574e-13
333.5450490175943,-49.707090239304655,13.000000000000004,5.9579908908677455,-5.546687969099478,0.0
333.5304219945982,-49.703837361863506,13.0,5.956912791386287,-5.5475447027451406,-2.3578147963642546e-13
333.5157968636108,-49.70058276561474,13.000000000000004,5.9558345804500235,-5.548400889906025,-1.347322740779574e-13
333.5011736251525,-49.69732645099625,13.000000000000002,5.954756258344273,-5.549256530478072,-2.020984111169361e-13
333.48655227974325,-49.69406841844607,13.000000000000002,5.953677825354303,-5.550111624357428,0.0
333.4719328279019,-49.6908086684023,13.000000000000002,5.952599281765295,-5.550966171440489,0.0
333.45731527014664,-49.68754720130311,13.000000000000002,5.95152062786236,-5.551820171623872,-3.368306851948935e-14
333.4426996069945,-49.684284017586805,13.0,5.950441863930533,-5.552673624804433,-1.6841534259744677e-13
333.42808583896203,-49.68101911769176,13.000000000000002,5.949362990254792,-5.553526530879237,-6.73661370389787e-14
333.41347396656465,-49.67775250205644,13.0,5.948284007120024,-5.554378889745614,-1.6841534259744677e-13
333.398863990317,-49.674484171119424,13.0,5.94720491481105,-5.555230701301095,-2.020984111169361e-13
333.384255910733,-49.67121412531934,13.0,5.946125713612622,-5.556081965443454,-1.0104920555846805e-13
333.36964972832544,-49.66794236509493,13.0,5.945046403809415,-5.556932682070697,0.0
333.3550454436064,-49.66466889088503,13.000000000000002,5.943966985686022,-5.557782851081055,-1.347322740779574e-13
333.34044305708727,-49.66139370312856,13.000000000000002,5.9428874595269825,-5.558632472372988,3.368306851948935e-14
333.3258425692782,-49.65811680226453,13.000000000000002,5.941807825616741,-5.559481545845193,6.73661370389787e-14
333.3112439806889,-49.65483818873204,13.000000000000002,5.940728084239684,-5.56033007139659,-3.368306851948935e-14
333.2966472918279,-49.651557862970286,13.000000000000002,5.939648235680111,-5.561178048926334,0.0
333.2820525032031,-49.648275825418544,13.0,5.938568280222258,-5.562025478333803,-6.73661370389787e-14
333.26745961532134,-49.64499207651618,13.000000000000002,5.937488218150277,-5.562872359518609,-1.6841534259744677e-13
333.2528686286888,-49.64170661670265,13.000000000000002,5.936408049748261,-5.563718692380591,-1.347322740779574e-13
333.23827954381073,-49.6384194464175,13.0,5.9353277753002125,-5.564564476819817,-6.73661370389787e-14
333.2236923611915,-49.63513056610036,13.000000000000002,5.934247395090061,-5.565409712736584,-1.347322740779574e-13
333.2091070813346,-49.63183997619095,13.000000000000002,5.933166909401667,-5.566254400031423,-1.6841534259744677e-13
333.19452370474283,-49.628547677129106,13.0,5.932086318518821,-5.567098538605084,-6.73661370389787e-14
333.1799422319179,-49.62525366935467,13.000000000000002,5.931005622725221,-5.567942128358553,-1.6841534259744677e-13
333.1653626633608,-49.62195795330768,13.0,5.929924822304504,-5.568785169193044,-1.347322740779574e-13
333.15078499957167,-49.618660529428176,13.0,5.928843917540226,-5.56962766100999,-1.347322740779574e-13
333.13620924104987,-49.615361398156345,12.999999999999998,5.927762908715871,-5.570469603711066,3.368306851948935e-14
333.1216353882936,-49.612060559932395,12.999999999999998,5.9266817961148375,-5.571310997198167,-1.6841534259744677e-13
333.10706344180073,-49.608758015196685,13.0,5.925600580020468,-5.572151841373413,0.0
333.0924934020677,-49.605453764389615,13.0,5.924519260715999,-5.5729921361391614,-6.73661370389787e-14
333.07792526959054,-49.602147807951695,12.999999999999996,5.923437838484625,-5.5738318813979895,-2.020984111169361e-13
333.0633590448642,-49.59884014632354,12.999999999999998,5.922356313609433,-5.574671077052701,-6.73661370389787e-14
333.04879472838286,-49.59553077994578,12.999999999999998,5.921274686373453,-5.575509723006333,-6.73661370389787e-14
333.0342323206398,-49.59221970925921,13.0,5.920192957059629,-5.576347819162146,-3.368306851948935e-14
333.01967182212746,-49.58890693470466,12.999999999999998,5.9191111259508356,-5.577185365423631,-2.020984111169361e-13
333.00511323333757,-49.58559245672307,13.0,5.918029193329868,-5.578022361694492,-6.73661370389787e-14
332.9905565547608,-49.58227627575545,12.999999999999998,5.916947159479438,-5.578858807878683,-6.73661370389787e-14
332.976001786887,-49.578958392242896,12.999999999999998,5.915865024682183,-5.579694703880371,-1.347322740779574e-13
332.96144893020534,-49.5756388066266,12.999999999999998,5.914782789220666,-5.580530049603949,-2.020984111169361e-13
332.94689798520403,-49.572317519347834,12.999999999999998,5.913700453377378,-5.581364844954029,0.0
332.9323489523704,-49.56899453084795,13.0,5.912618017434713,-5.5821990898354725,-1.347322740779574e-13
332.9178018321909,-49.56566984156837,13.0,5.911535481675013,-5.583032784153345,-2.020984111169361e-13
332.9032566251513,-49.56234345195064,13.0,5.91045284638052,-5.583865927812944,3.368306851948935e-14
332.8887133317363,-49.559015362436334,13.0,5.909370111833405,-5.584698520719805,-2.020984111169361e-13
332.87417195243,-49.555685573467144,13.0,5.908287278315765,-5.5855305627796685,-1.6841534259744677e-13
332.8596324877155,-49.55235408548486,13.0,5.907204346109621,-5.586362053898513,-3.368306851948935e-14
332.84509493807496,-49.54902089893132,12.999999999999998,5.906121315496899,-5.587192993982542,-3.368306851948935e-14
332.83055930398996,-49.54568601424844,13.0,5.90503818675946,-5.588023382938182,-1.0104920555846805e-13
332.8160255859409,-49.54234943187827,13.0,5.9039549601790835,-5.588853220672085,-1.347322740779574e-13
332.8014937844077,-49.53901115226289,13.0,5.902871636037478,-5.589682507091132,-2.020984111169361e-13
332.78696389986914,-49.53567117584448,12.999999999999998,5.90178821461626,-5.590511242102414,0.0
332.77243593280326,-49.53232950306529,13.0,5.900704696196966,-5.591339425613267,-1.0104920555846805e-13
332.75790988368726,-49.52898613436768,13.0,5.899621081061062,-5.592167057531241,-1.6841534259744677e-13
332.74338575299754,-49.52564107019408,12.999999999999998,5.898537369489931,-5.592994137764107,-6.73661370389787e-14
332.72886354120953,-49.52229431098696,12.999999999999998,5.897453561764873,-5.593820666219871,-2.3578147963642546e-13
332.71434324879795,-49.51894585718894,12.999999999999998,5.896369658167123,-5.594646642806749,0.0
332.69982487623656,-49.51559570924265,13.0,5.895285658977807,-5.595472067433194,-1.0104920555846805e-13
332.6853084239984,-49.51224386759088,13.0,5.894201564477998,-5.596296940007882,-2.020984111169361e-13
332.6707938925555,-49.50889033267644,12.999999999999998,5.893117374948678,-5.5971212604397,-1.347322740779574e-13
332.6562812823792,-49.505535104942204,13.0,5.892033090670751,-5.597945028637769,-1.0104920555846805e-13
332.64177059393995,-49.502178184831195,13.0,5.890948711925035,-5.598768244511433,0.0
332.62726182770723,-49.49881957278645,12.999999999999998,5.8898642389922715,-5.5995909079702635,-1.0104920555846805e-13
332.61275498414994,-49.49545926925114,13.0,5.888779672153119,-5.600413018924038,-3.368306851948935e-14
332.5982500637359,-49.49209727466846,13.0,5.887695011688163,-5.60123457728278,-1.0104920555846805e-13
332.58374706693223,-49.488733589481726,12.999999999999998,5.886610257877898,-5.602055582956712,-6.73661370389787e-14
332.569245994205,-49.48536821413432,12.999999999999998,5.885525411002743,-5.602876035856307,-1.347322740779574e-13
332.55474684601984,-49.48200114906968,13.0,5.884440471343032,-5.6036959358922305,0.0
332.54024962284103,-49.47863239473136,13.0,5.883355439179013,-5.604515282975395,-1.6841534259744677e-13
332.5257543251324,-49.47526195156297,12.999999999999998,5.882270314790873,-5.6053340770169235,-1.6841534259744677e-13
332.5112609533568,-49.4718898200082,13.0,5.881185098458686,-5.60615231792816,-1.6841534259744677e-13
332.49676950797624,-49.468516000510824,13.0,5.880099790462473,-5.606970005620676,-1.347322740779574e-13
332.4822799894518,-49.46514049351466,13.0,5.879014391082153,-5.607787140006264,-2.3578147963642546e-13
332.46779239824394,-49.46176329946366,13.0,5.877928900597576,-5.608603720996934,-2.3578147963642546e-13
332.4533067348121,-49.45838441880182,12.999999999999998,5.8768433192885015,-5.609419748504924,-1.347322740779574e-13
332.43882299961484,-49.45500385197321,13.0,5.875757647434611,-5.610235222442688,-3.368306851948935e-14
332.4243411931101,-49.451621599421976,12.999999999999996,5.874671885315494,-5.611050142722908,-1.6841534259744677e-13
332.40986131575477,-49.448237661592366,13.0,5.873586033210669,-5.611864509258475,-6.73661370389787e-14
332.395383368005,-49.44485203892866,13.0,5.872500091399575,-5.612678321962513,-3.368306851948935e-14
332.3809073503161,-49.44146473187525,13.0,5.871414060161548,-5.613491580748365,6.73661370389787e-14
332.3664332631425,-49.438075740876585,12.999999999999998,5.870327939775857,-5.614304285529593,-2.020984111169361e-13
332.35196110693784,-49.434685066377206,13.0,5.869241730521691,-5.615116436219969,6.73661370389787e-14
332.3374908821548,-49.431292708821694,13.0,5.868155432678134,-5.61592803273351,-2.3578147963642546e-13
332.3230225892454,-49.42789866865477,13.0,5.8670690465242155,-5.61673907498443,-1.0104920555846805e-13
332.3085562286608,-49.424502946321155,12.999999999999996,5.865982572338863,-5.617549562887177,-6.73661370389787e-14
332.2940918008511,-49.42110554226569,12.999999999999998,5.864896010400916,-5.61835949635641,-1.6841534259744677e-13
332.27962930626586,-49.417706456933274,12.999999999999998,5.8638093609891415,-5.6191688753070155,-2.694645481559148e-13
332.26516874535366,-49.414305690768906,13.0,5.862722624382225,-5.619977699654093,-1.0104920555846805e-13
332.25071011856215,-49.41090324421759,12.999999999999998,5.861635800858754,-5.620785969312968,-1.347322740779574e-13
332.23625342633835,-49.40749911772451,13.0,5.860548890697238,-5.621593684199183,-3.368306851948935e-14
332.2217986691283,-49.404093311734826,12.999999999999998,5.85946189417611,-5.622400844228503,-6.73661370389787e-14
332.20734584737716,-49.4006858266938,12.999999999999996,5.858374811573707,-5.623207449316906,-1.6841534259744677e-13
332.19289496152953,-49.39727666304682,13.0,5.857287643168286,-5.624013499380586,-1.347322740779574e-13
332.17844601202876,-49.39386582123926,12.999999999999998,5.856200389238018,-5.624818994335973,-1.347322740779574e-13
332.16399899931776,-49.39045330171663,12.999999999999998,5.855113050060994,-5.625623934099698,-1.0104920555846805e-13
332.14955392383837,-49.38703910492448,13.0,5.854025625915213,-5.626428318588615,-1.0104920555846805e-13
332.1351107860316,-49.383623231308455,13.0,5.852938117078588,-5.627232147719807,-1.6841534259744677e-13
332.1206695863378,-49.380205681314266,13.0,5.851850523828954,-5.628035421410562,-6.73661370389787e-14
332.10623032519624,-49.37678645538767,13.000000000000002,5.850762846444054,-5.628838139578393,-3.368306851948935e-14
332.0917930030456,-49.37336555397453,13.0,5.84967508520155,-5.629640302141031,-1.0104920555846805e-13
332.07735762032354,-49.36994297752076,13.0,5.848587240379012,-5.6304419090164215,-1.0104920555846805e-13
332.06292417746704,-49.366518726472336,13.000000000000002,5.847499312253936,-5.631242960122728,-3.368306851948935e-14
332.0484926749121,-49.36309280127534,12.999999999999998,5.846411301103716,-5.632043455378339,-3.368306851948935e-14
332.0340631130939,-49.35966520237591,13.0,5.845323207205667,-5.632843394701853,3.368306851948935e-14
332.019635492447,-49.35623593022022,13.0,5.84423503083702,-5.633642778012087,-6.73661370389787e-14
332.0052098134048,-49.352804985254586,13.000000000000002,5.843146772274919,-5.634441605228078,-1.347322740779574e-13
331.9907860764002,-49.3493723679253,13.000000000000002,5.842058431796427,-5.635239876269075,-3.368306851948935e-14
331.97636428186496,-49.345938078678806,13.0,5.840970009678498,-5.636037591054555,-1.0104920555846805e-13
331.9619444302303,-49.34250211796157,13.0,5.839881506198028,-5.636834749504192,-3.368306851948935e-14
331.9475265219263,-49.33906448622017,13.0,5.838792921631806,-5.637631351537902,-1.347322740779574e-13
331.9331105573826,-49.33562518390118,13.0,5.837704256256543,-5.638427397075791,-3.368306851948935e-14
331.91869653702753,-49.33218421145133,12.999999999999998,5.836615510348859,-5.639222886038208,-2.020984111169361e-13
331.9042844612891,-49.32874156931737,13.0,5.83552668418529,-5.640017818345695,0.0
331.889874330594,-49.3252972579461,13.0,5.834437778042277,-5.640812193919025,-1.347322740779574e-13
331.8754661453685,-49.32185127778444,12.999999999999998,5.833348792196187,-5.64160601267918,-1.347322740779574e-13
331.8610599060378,-49.318403629279345,12.999999999999998,5.8322597269232865,-5.642399274547358,-1.347322740779574e-13
331.84665561302637,-49.31495431287785,13.0,5.831170582499761,-5.6431919794449765,0.0
331.83225326675773,-49.31150332902704,13.0,5.830081359201701,-5.64398412729367,-1.347322740779574e-13
331.8178528676548,-49.3080506781741,12.999999999999998,5.828992057305116,-5.644775718015281,-6.73661370389787e-14
