galstreams/tracks/track.st.LMS-1.ibata2024.ecsv
# %ECSV 1.0
# ---
# datatype:
# - {name: ra, unit: deg, datatype: float64}
# - {name: dec, unit: deg, datatype: float64}
# - {name: distance, unit: kpc, datatype: float64}
# - {name: pm_ra_cosdec, unit: mas / yr, datatype: float64}
# - {name: pm_dec, unit: mas / yr, datatype: float64}
# - {name: radial_velocity, unit: km / s, datatype: float64}
# delimiter: ','
# meta: !!omap
# - __serialized_columns__:
#     dec:
#       __class__: astropy.coordinates.angles.Latitude
#       unit: &id001 !astropy.units.Unit {unit: deg}
#       value: !astropy.table.SerializedColumn {name: dec}
#     distance:
#       __class__: astropy.coordinates.distances.Distance
#       unit: !astropy.units.Unit {unit: kpc}
#       value: !astropy.table.SerializedColumn {name: distance}
#     pm_dec:
#       __class__: astropy.units.quantity.Quantity
#       unit: !astropy.units.Unit {unit: mas / yr}
#       value: !astropy.table.SerializedColumn {name: pm_dec}
#     pm_ra_cosdec:
#       __class__: astropy.units.quantity.Quantity
#       unit: !astropy.units.Unit {unit: mas / yr}
#       value: !astropy.table.SerializedColumn {name: pm_ra_cosdec}
#     ra:
#       __class__: astropy.coordinates.angles.Longitude
#       unit: *id001
#       value: !astropy.table.SerializedColumn {name: ra}
#       wrap_angle: !astropy.coordinates.Angle
#         unit: *id001
#         value: 360.0
#     radial_velocity:
#       __class__: astropy.units.quantity.Quantity
#       unit: !astropy.units.Unit {unit: km / s}
#       value: !astropy.table.SerializedColumn {name: radial_velocity}
# schema: astropy-2.0
ra,dec,distance,pm_ra_cosdec,pm_dec,radial_velocity
[from data line 4644]
251.8368468535133,25.168532823096,1.0000000000000009,1.8854020832088185,-2.9425734119463627,-227.38027865982804
251.8473899246284,25.16546566716886,1.0000000000000009,1.8860721516557675,-2.943357473363424,-227.43899170205682
251.85793247037546,25.162397793283244,1.0000000000000009,1.8867420601418488,-2.9441415313666397,-227.49769127959425
251.86847449091718,25.159329202255684,1.0000000000000009,1.8874118085562603,-2.9449255857498287,-227.556377381061
251.87901598641653,25.15625989490269,1.0000000000000009,1.8880813967882837,-2.94570963630672,-227.61504999507773
251.88955695703666,25.15318987204073,1.000000000000001,1.8887508247271327,-2.9464936828310613,-227.67370911026512
251.90009740294133,25.15011913448621,1.000000000000001,1.8894200922622524,-2.947277725116546,-227.73235471524399
251.91063732429419,25.147047683055536,1.0000000000000009,1.8900891992829294,-2.948061762956833,-227.7909867986349
251.92117672125949,25.143975518565025,1.0000000000000009,1.8907581456786549,-2.948845796145566,-227.84960534905852
251.9317155940017,25.140902641830955,1.0000000000000009,1.891426931338911,-2.9496298244763715,-227.90821035513565
251.9422539426855,25.13782905366961,1.0000000000000009,1.8920955561531834,-2.950413847742798,-227.96680180548685
251.95279176747601,25.134754754897177,1.0000000000000009,1.8927640200111107,-2.9511978657384113,-228.0253796887328
251.96332906853857,25.131679746329834,1.0000000000000009,1.8934323228023135,-2.9519818782567278,-228.08394399349442
251.97386584603873,25.12860402878369,1.0000000000000009,1.894100464416388,-2.9527658850912353,-228.14249470839195
251.9844021001426,25.125527603074843,1.0000000000000009,1.8947684447431623,-2.953549886035386,-228.20103182204656
251.99493783101624,25.122450470019324,1.0000000000000009,1.8954362636723072,-2.9543338808826114,-228.25955532307867
252.00547303882635,25.11937263043313,1.0000000000000009,1.8961039210937418,-2.9551178694263136,-228.31806520010895
252.01600772373976,25.11629408513221,1.0000000000000009,1.8967714168972911,-2.9559018514598527,-228.37656144175835
252.02654188592348,25.113214834932485,1.000000000000001,1.897438750972828,-2.956685826776571,-228.4350440366472
252.03707552554505,25.110134880649813,1.0000000000000009,1.8981059232103377,-2.9574697951697786,-228.49351297339635
252.0476086427722,25.10705422310002,1.0000000000000009,1.898772933499874,-2.9582537564327502,-228.55196824062654
252.05814123777293,25.103972863098907,1.0000000000000009,1.8994397817314486,-2.9590377103587464,-228.61040982695837
252.06867331071558,25.100890801462185,1.000000000000001,1.9001064677951884,-2.9598216567409708,-228.66883772101255
252.0792048617688,25.09780803900556,1.0000000000000009,1.9007729915812543,-2.9606055953726305,-228.72725191140975
252.0897358911015,25.094724576544696,1.0000000000000009,1.9014393529798266,-2.961389526046858,-228.7856523867707
252.10026639888287,25.0916404148952,1.0000000000000009,1.9021055518811512,-2.9621734485568005,-228.84403913571606
252.11079638528244,25.088555554872627,1.000000000000001,1.9027715881755451,-2.9629573626955725,-228.90241214686654
252.1213258504701,25.08546999729252,1.0000000000000009,1.9034374617533736,-2.9637412682562108,-228.96077140884273
252.13185479461583,25.08238374297035,1.0000000000000009,1.904103172504957,-2.9645251650317803,-229.01911691026547
252.14238321789014,25.079296792721557,1.0000000000000009,1.90476872032081,-2.965309052815286,-229.0774486397554
252.15291112046376,25.076209147361535,1.0000000000000009,1.9054341050914214,-2.9660929313997215,-229.13576658593308
252.16343850250757,25.073120807705646,1.0000000000000009,1.9060993267072757,-2.9668768005780173,-229.19407073741925
252.17396536419298,25.070031774569173,1.0000000000000009,1.9067643850589935,-2.967660660143114,-229.2523610828348
252.18449170569147,25.066942048767412,1.0000000000000009,1.907429280037162,-2.968444509887888,-229.3106376108002
252.195017527175,25.063851631115572,1.0000000000000009,1.908094011532535,-2.9692283496052205,-229.3689003099361
252.20554282881577,25.060760522428826,1.0000000000000009,1.9087585794357942,-2.9700121790879415,-229.42714916886325
252.2160676107862,25.057668723522312,1.000000000000001,1.9094229836377181,-2.9707959981288603,-229.48538417620247
252.2265918732591,25.054576235211126,1.0000000000000009,1.9100872240291178,-2.971579806520733,-229.5436053205743
252.23711561640752,25.051483058310318,1.0000000000000009,1.9107513005008734,-2.9723636040563264,-229.60181259059945
252.2476388404049,25.048389193634883,1.000000000000001,1.9114152129439486,-2.97314739052835,-229.6600059748986
252.2581615454248,25.0452946419998,1.0000000000000009,1.9120789612492572,-2.9739311657294785,-229.71818546209244
252.2686837316412,25.042199404219964,1.000000000000001,1.9127425453078288,-2.974714929452393,-229.77635104080179
252.27920539922832,25.03910348111026,1.0000000000000009,1.913405965010698,-2.975498681489718,-229.83450269964706
252.28972654836082,25.036006873485515,1.0000000000000009,1.9140692202490328,-2.976282421634046,-229.89264042724915
252.3002471792134,25.032909582160528,1.0000000000000009,1.914732310913914,-2.977066149677949,-229.95076421222868
252.31076729196127,25.02981160795003,1.0000000000000009,1.9153952368966234,-2.9778498654139582,-230.00887404320633
252.3212868867798,25.026712951668713,1.0000000000000009,1.916057998088343,-2.97863356863461,-230.06696990880286
252.33180596384477,25.023613614131243,1.000000000000001,1.9167205943804326,-2.9794172591323758,-230.1250517976389
252.3423245233322,25.02051359615223,1.0000000000000009,1.9173830256642308,-2.9802009366997133,-230.18311969833505
252.3528425654183,25.017412898546237,1.000000000000001,1.9180452918310884,-2.980984601129034,-230.24117359951202
252.36336009027974,25.01431152212779,1.0000000000000009,1.9187073927724576,-2.981768252212749,-230.2992134897907
252.3738770980934,25.01120946771136,1.0000000000000009,1.9193693283798563,-2.982551889743217,-230.35723935779154
252.3843935890365,25.008106736111397,1.0000000000000009,1.9200310985448237,-2.983335513512788,-230.41525119213534
252.3949095632865,25.00500332814228,1.0000000000000009,1.9206927031589274,-2.9841191233137536,-230.47324898144282
252.4054250210211,25.001899244618368,1.0000000000000009,1.92135414211379,-2.9849027189384074,-230.53123271433446
252.4159399624184,24.998794486353948,1.0000000000000009,1.9220154153010771,-2.9856863001789904,-230.58920237943124
252.42645438765683,24.99568905416328,1.0000000000000009,1.9226765226125657,-2.986469866827754,-230.6471579653537
252.436968296915,24.992582948860587,1.0000000000000009,1.923337463940019,-2.9872534186768434,-230.70509946072235
252.44748169037183,24.989476171260034,1.0000000000000009,1.9239982391752264,-2.988036955518453,-230.76302685415814
252.45799456820652,24.986368722175747,1.0000000000000009,1.9246588482100666,-2.988820477144724,-230.8209401342818
252.46850693059866,24.983260602421808,1.0000000000000009,1.925319290936466,-2.989603983347756,-230.87883928971377
252.47901877772807,24.98015181281225,1.0000000000000009,1.9259795672464062,-2.9903874739196254,-230.9367243090749
252.48953010977482,24.97704235416107,1.0000000000000009,1.9266396770318757,-2.991170948652371,-230.99459518098573
252.5000409269193,24.97393222728222,1.0000000000000009,1.9272996201849182,-2.991954407338042,-231.052451894067
252.51055122934224,24.970821432989588,1.0000000000000009,1.9279593965976698,-2.992737849768602,-231.11029443693963
252.52106101722464,24.96770997209704,1.000000000000001,1.9286190061622719,-2.993521275736043,-231.16812279822395
252.5315702907477,24.9645978454184,1.0000000000000009,1.9292784487709227,-2.994304685032258,-231.22593696654087
252.54207905009304,24.961485053767426,1.0000000000000009,1.9299377243158755,-2.995088077449193,-231.2837369305109
252.55258729544252,24.958371597957843,1.0000000000000009,1.9305968326894405,-2.995871452778715,-231.341522678755
252.5630950269783,24.955257478803325,1.0000000000000009,1.9312557737839384,-2.9966548108126645,-231.39929419989372
252.57360224488278,24.952142697117523,1.0000000000000009,1.9319145474917683,-2.997438151342873,-231.45705148254763
252.58410894933866,24.949027253714014,1.0000000000000009,1.9325731537053397,-2.998221474161131,-231.51479451533746
252.594615140529,24.945911149406356,1.0000000000000009,1.93323159231716,-2.999004779059195,-231.572523286884
252.60512081863712,24.942794385008042,1.0000000000000009,1.9338898632197914,-2.999788065828799,-231.63023778580794
252.61562598384657,24.939676961332527,1.000000000000001,1.934547966305752,-3.0005713342616573,-231.68793800072982
252.62613063634134,24.936558879193218,1.0000000000000009,1.93520590146775,-3.001354584149457,-231.74562392027036
252.6366347763055,24.93344013940349,1.0000000000000009,1.935863668598369,-3.002137815283824,-231.80329553305046
252.64713840392352,24.930320742776658,1.0000000000000009,1.9365212675903507,-3.0029210274563987,-231.86095282769054
252.65764151938023,24.927200690125996,1.0000000000000009,1.937178698336508,-3.003704220458772,-231.91859579281143
252.66814412286064,24.924079982264743,1.0000000000000009,1.937835960729645,-3.0044873940825028,-231.97622441703373
252.6786462145501,24.920958620006065,1.000000000000001,1.9384930546625867,-3.0052705481191424,-232.03383868897808
252.68914779463418,24.917836604163135,1.0000000000000009,1.93914998002826,-3.0060536823601716,-232.0914385972654
252.69964886329882,24.914713935549017,1.0000000000000009,1.9398067367196088,-3.0068367965971063,-232.14902413051627
252.71014942073023,24.911590614976774,1.0000000000000009,1.9404633246296754,-3.007619890621367,-232.20659527735134
252.72064946711492,24.90846664325941,1.0000000000000009,1.9411197436514804,-3.0084029642243983,-232.2641520263912
252.73114900263965,24.905342021209883,1.0000000000000009,1.9417759936781138,-3.009186017197589,-232.32169436625662
252.7416480274915,24.902216749641102,1.0000000000000009,1.9424320746027597,-3.009969049332309,-232.3792222855683
252.7521465418578,24.899090829365942,1.0000000000000009,1.9430879863185844,-3.010752060419893,-232.43673577294697
252.7626445459262,24.895964261197225,1.0000000000000009,1.9437437287188182,-3.011535050251652,-232.49423481701334
252.77314203988462,24.892837045947726,1.0000000000000009,1.9443993016967376,-3.012318018618881,-232.55171940638795
252.7836390239213,24.889709184430178,1.0000000000000007,1.945054705145699,-3.013100965312823,-232.6091895296915
252.79413549822476,24.88658067745726,1.0000000000000009,1.9457099389591104,-3.013883890124717,-232.6666451755448
252.80463146298374,24.883451525841632,1.0000000000000009,1.946365003030321,-3.014666792845741,-232.72408633256848
252.81512691838736,24.880321730395874,1.0000000000000009,1.9470198972528614,-3.0154496732670886,-232.7815129893832
252.825621864625,24.877191291932526,1.000000000000001,1.9476746215202496,-3.0162325311798988,-232.83892513460972
252.83611630188625,24.87406021126412,1.0000000000000009,1.9483291757260215,-3.017015366375283,-232.89632275686856
252.84661023036114,24.87092848920308,1.000000000000001,1.9489835597638407,-3.017798178644334,-232.95370584478064
252.8571036502398,24.867796126561856,1.0000000000000009,1.9496377735272965,-3.0185809677780995,-233.0110743869664
252.86759656171284,24.86466312415278,1.0000000000000009,1.9502918169101768,-3.01936373356763,-233.06842837204675
252.878088964971,24.86152948278819,1.0000000000000009,1.950945689806197,-3.0201464758039194,-233.12576778864226
252.88858086020537,24.85839520328036,1.0000000000000009,1.9515993921091503,-3.0209291942779437,-233.18309262537363
252.8990722476074,24.85526028644151,1.0000000000000009,1.9522529237129422,-3.0217118887806507,-233.2404028708615
252.9095631273686,24.852124733083823,1.0000000000000009,1.9529062845113767,-3.0224945591029737,-233.29769851372663
252.92005349968105,24.848988544019452,1.0000000000000009,1.953559474398455,-3.023277205035793,-233.3549795425896
252.930543364737,24.845851720060466,1.0000000000000009,1.954212493268205,-3.024059826369985,-233.41224594607135
252.94103272272878,24.842714262018923,1.0000000000000009,1.9548653410145622,-3.02484242289637,-233.46949771279225
252.9515215738494,24.839576170706824,1.0000000000000009,1.9555180175317002,-3.0256249944057743,-233.52673483137318
252.9620099182918,24.836437446936102,1.000000000000001,1.9561705227136876,-3.0264075406889823,-233.58395729043477
252.97249775624945,24.833298091518692,1.000000000000001,1.9568228564547532,-3.027190061536725,-233.64116507859777
252.98298508791595,24.83015810526643,1.0000000000000009,1.957475018649058,-3.0279725567397726,-233.69835818448263
252.99347191348522,24.827017488991135,1.0000000000000009,1.9581270091909193,-3.0287550260887883,-233.7555365967104
253.00395823315162,24.823876243504575,1.0000000000000009,1.958778827974685,-3.029537469374464,-233.81270030390138
253.01444404710952,24.820734369618485,1.0000000000000009,1.959430474894658,-3.0303198863874314,-233.86984929467664
253.02492935555372,24.81759186814451,1.0000000000000009,1.960081949845227,-3.031102276918329,-233.9269835576566
253.03541415867943,24.81444873989431,1.0000000000000009,1.9607332527209653,-3.031884640757724,-233.98410308146205
253.04589845668184,24.811304985679442,1.0000000000000009,1.9613843834162559,-3.0326669776961914,-234.04120785471363
253.05638224975672,24.808160606311453,1.0000000000000009,1.9620353418256968,-3.0334492875242667,-234.09829786603206
253.06686553810002,24.805015602601827,1.0000000000000009,1.9626861278439254,-3.0342315700324463,-234.15537310403803
253.07734832190783,24.801869975362017,1.0000000000000009,1.9633367413655236,-3.0350138250112373,-234.21243355735206
253.08783060137674,24.7987237254034,1.000000000000001,1.9639871822851838,-3.0357960522510687,-234.26947921459524
253.09831237670355,24.795576853537337,1.0000000000000009,1.9646374504977189,-3.0365782515423767,-234.32651006438783
253.10879364808525,24.792429360575134,1.0000000000000009,1.96528754589783,-3.0373604226755546,-234.38352609535073
253.11927441571922,24.78928124732803,1.000000000000001,1.9659374683803517,-3.038142565440978,-234.44052729610456
253.12975467980317,24.786132514607253,1.0000000000000009,1.9665872178402672,-3.0389246796290053,-234.49751365527013
253.1402344405349,24.782983163223953,1.0000000000000009,1.9672367941723756,-3.0397067650299263,-234.55448516146782
253.15071369811264,24.779833193989248,1.0000000000000009,1.9678861972716835,-3.04048882143406,-234.61144180331868
253.16119245273487,24.77668260771421,1.0000000000000009,1.968535427033208,-3.0412708486316404,-234.66838356944314
253.17167070460042,24.773531405209855,1.0000000000000009,1.9691844833520555,-3.042052846412915,-234.72531044846207
253.18214845390824,24.77037958728716,1.0000000000000009,1.9698333661232859,-3.0428348145681063,-234.7822224289961
253.19262570085766,24.767227154757048,1.0000000000000009,1.9704820752420673,-3.0436167528873845,-234.83911949966577
253.20310244564837,24.764074108430407,1.0000000000000009,1.9711306106036108,-3.0443986611609013,-234.8960016490919
253.21357868848025,24.76092044911806,1.0000000000000009,1.971778972103209,-3.045180539178798,-234.9528688658952
253.22405442955338,24.75776617763081,1.0000000000000009,1.9724271596360676,-3.0459623867311585,-235.00972113869636
253.2345296690683,24.754611294779384,1.0000000000000009,1.9730751730976,-3.0467442036080605,-235.0665584561159
253.24500440722568,24.751455801374476,1.0000000000000009,1.9737230123831289,-3.04752598959956,-235.12338080677475
253.2554786442266,24.74829969822673,1.0000000000000009,1.9743706773881815,-3.04830774449567,-235.18018817929334
253.26595238027235,24.74514298614675,1.0000000000000009,1.9750181680081926,-3.0490894680863896,-235.2369805622926
253.27642561556445,24.74198566594508,1.0000000000000009,1.9756654841386645,-3.049871160161672,-235.29375794439306
253.2868983503048,24.73882773843223,1.0000000000000009,1.9763126256751846,-3.050652820511477,-235.35052031421543
