galstreams/tracks/track.st.Jhelum.ibata2024.ecsv
# %ECSV 1.0
# ---
# datatype:
# - {name: ra, unit: deg, datatype: float64}
# - {name: dec, unit: deg, datatype: float64}
# - {name: distance, unit: kpc, datatype: float64}
# - {name: pm_ra_cosdec, unit: mas / yr, datatype: float64}
# - {name: pm_dec, unit: mas / yr, datatype: float64}
# - {name: radial_velocity, unit: km / s, datatype: float64}
# delimiter: ','
# meta: !!omap
# - __serialized_columns__:
#     dec:
#       __class__: astropy.coordinates.angles.Latitude
#       unit: &id001 !astropy.units.Unit {unit: deg}
#       value: !astropy.table.SerializedColumn {name: dec}
#     distance:
#       __class__: astropy.coordinates.distances.Distance
#       unit: !astropy.units.Unit {unit: kpc}
#       value: !astropy.table.SerializedColumn {name: distance}
#     pm_dec:
#       __class__: astropy.units.quantity.Quantity
#       unit: !astropy.units.Unit {unit: mas / yr}
#       value: !astropy.table.SerializedColumn {name: pm_dec}
#     pm_ra_cosdec:
#       __class__: astropy.units.quantity.Quantity
#       unit: !astropy.units.Unit {unit: mas / yr}
#       value: !astropy.table.SerializedColumn {name: pm_ra_cosdec}
#     ra:
#       __class__: astropy.coordinates.angles.Longitude
#       unit: *id001
#       value: !astropy.table.SerializedColumn {name: ra}
#       wrap_angle: !astropy.coordinates.Angle
#         unit: *id001
#         value: 360.0
#     radial_velocity:
#       __class__: astropy.units.quantity.Quantity
#       unit: !astropy.units.Unit {unit: km / s}
#       value: !astropy.table.SerializedColumn {name: radial_velocity}
# schema: astropy-2.0
ra,dec,distance,pm_ra_cosdec,pm_dec,radial_velocity
[from data line 435]
76.58621530269671,-28.711598031328574,1.0,4.415840643073115,0.08502229977721498,271.77593641251457
76.56641148770242,-28.723260043974,1.0,4.417168112479684,0.0853910716576074,272.01990730504383
76.54660605207573,-28.734921839873927,1.0,4.418496512133874,0.08575966599525486,272.2634909862378
76.52679899248822,-28.746583417212484,1.0,4.419825841556505,0.08612808141025141,272.50668762492467
76.5069903056106,-28.758244774173676,1.0,4.421156100267996,0.08649631652246725,272.74949738993234
76.48717998811254,-28.769905908941432,1.0,4.422487287788284,0.0868643699514493,272.9919204500888
76.46736803666299,-28.781566819699428,1.0,4.423819403636888,0.08723224031649934,273.23395697422217
76.44755444792999,-28.79322750463118,0.9999999999999999,4.425152447332883,0.08759992623663848,273.47560713116025
76.42773921858056,-28.80488796192014,0.9999999999999999,4.426486418394883,0.0879674263305823,273.7168710897312
76.40792234528098,-28.81654818974949,1.0,4.4278213163410545,0.08833473921678703,273.957749018763
76.38810382469664,-28.82820818630226,1.0,4.429157140689175,0.08870186351344955,274.1982410870837
76.36828365349194,-28.83986794976141,1.0,4.430493890956476,0.08906879783845767,274.43834746352115
76.3484618283305,-28.85152747830963,1.0,4.431831566659805,0.08943554080944338,274.6780683169034
76.32863834587506,-28.863186770129442,0.9999999999999999,4.433170167315548,0.08980209104377579,274.91740381605854
76.30881320278733,-28.874845823403295,1.0,4.434509692439642,0.09016844715851136,275.15635412981453
76.28898639572836,-28.886504636313344,1.0,4.435850141547551,0.09053460777048983,275.39491942699937
76.26915792135809,-28.89816320704167,1.0000000000000002,4.43719151415432,0.09090057149618858,275.633099876441
76.24932777633575,-28.90982153377012,0.9999999999999999,4.438533809774499,0.09126633695190378,275.8708956469675
76.22949595731964,-28.921479614680337,1.0,4.439877027922232,0.09163190275360833,276.1083069074068
76.20966246096708,-28.933137447953897,0.9999999999999999,4.44122116811118,0.09199726751699444,276.34533382658697
76.18982728393463,-28.944795031772102,1.0,4.442566229854532,0.09236242985754473,276.5819765733359
76.169990422878,-28.95645236431604,1.0,4.443912212665039,0.09272738839038297,276.81823531648183
76.15015187445178,-28.96810944376676,0.9999999999999999,4.4452591160550226,0.09309214173043046,277.0541102248524
76.13031163530992,-28.979766268305003,1.0,4.446606939536285,0.09345668849228517,277.289601467276
76.11046970210546,-28.991422836111315,1.0,4.447955682620214,0.09382102729032482,277.5247092125805
76.09062607149039,-29.003079145366186,1.0,4.449305344817714,0.09418515673862515,277.75943362959373
76.07078074011598,-29.014735194249774,1.0,4.450655925639245,0.09454907545098123,277.9937748871439
76.05093370463258,-29.026390980942075,1.0,4.452007424594793,0.09491278204096076,278.22773315405874
76.03108496168959,-29.03804650362301,0.9999999999999999,4.453359841193878,0.09527627512184011,278.4613085991666
76.01123450793565,-29.049701760472114,0.9999999999999999,4.454713174945569,0.09563955330659013,278.6945013912952
75.99138234001835,-29.06135674966893,1.0,4.456067425358463,0.09600261520799336,278.9273116992728
75.97152845458454,-29.07301146939265,0.9999999999999999,4.457422591940672,0.09636545943848063,279.15973969192726
75.9516728482802,-29.084665917822292,1.0,4.458778674199879,0.09672808461028026,279.3917855380864
75.93181551775025,-29.096320093136768,0.9999999999999999,4.460135671643265,0.09709048933530084,279.6234494065786
75.91195645963893,-29.107973993514697,1.0,4.461493583777558,0.0974526722252449,279.85473146623156
75.89209567058953,-29.119627617134483,1.0000000000000002,4.462852410109017,0.09781463189149875,280.0856318858734
75.87223314724434,-29.131280962174436,1.0,4.464212150143426,0.09817636694517873,280.3161508343321
75.85236888624492,-29.142934026812565,1.0,4.465572803386108,0.0985378759971951,280.54628848043563
75.83250288423196,-29.154586809226643,1.0,4.466934369341896,0.09889915765812418,280.7760449930122
75.8126351378451,-29.166239307594363,1.0,4.468296847515152,0.09926021053832201,281.0054205408895
75.7927656437233,-29.177891520093066,1.0,4.469660237409784,0.09962103324786398,281.2344152928957
75.77289439850445,-29.18954344490001,0.9999999999999999,4.471024538529198,0.099981624396559,281.46302941785876
75.75302139882568,-29.201195080192154,1.0,4.472389750376333,0.10034198259396376,281.6912630846067
75.73314664132327,-29.212846424146218,0.9999999999999999,4.473755872453674,0.10070210644937205,281.9191164619675
75.71327012263245,-29.224497474938826,1.0,4.475122904263209,0.10106199457180054,282.1465897187693
75.69339183938773,-29.23614823074627,1.0,4.476490845306428,0.10142164557002076,282.3736830238398
75.67351178822273,-29.247798689744638,1.0,4.477859695084369,0.10178105805253068,282.6003965460073
75.65362996577004,-29.259448850109873,1.0,4.47922945309759,0.10214023062756183,282.82673045409956
75.6337463686615,-29.271098710017647,1.0,4.480600118846169,0.10249916190313968,283.0526849169449
75.61386099352814,-29.28274826764332,0.9999999999999999,4.4819716918296635,0.10285785048693441,283.27826010337094
75.59397383699988,-29.29439752116221,1.0,4.483344171547181,0.10321629498641016,283.50345618220604
75.57408489570591,-29.30604646874927,1.0,4.484717557497364,0.10357449400879659,283.72827332227797
75.55419416627461,-29.317695108579223,1.0,4.486091849178321,0.10393244616102493,283.9527116924147
75.53430164533327,-29.329343438826683,1.0,4.487467046087712,0.10429015004978481,284.1767714614445
75.51440732950851,-29.340991457665872,1.0,4.4888431477227115,0.10464760428149233,284.400452798195
75.49451121542589,-29.35263916327094,1.0,4.4902201535799655,0.10500480746232554,284.6237558714945
75.47461329971021,-29.364286553815667,0.9999999999999999,4.491598063155667,0.10536175819818183,284.8466808501708
75.4547135789854,-29.37593362747363,1.0,4.492976875945526,0.10571845509472766,285.0692279030521
75.4348120498744,-29.387580382418257,0.9999999999999999,4.49435659144474,0.10607489675735948,285.29139719896625
75.41490870899933,-29.399226816822633,0.9999999999999999,4.49573720914802,0.10643108179122507,285.5131889067414
75.39500355298154,-29.410872928859593,1.0,4.497118728549582,0.10678700880118797,285.7346031952053
75.37509657844124,-29.42251871670187,1.0,4.498501149143165,0.10714267639191988,285.9556402331862
75.35518778199801,-29.434164178521797,1.0,4.4998844704220105,0.107498083167755,286.17630018951206
75.33527716027048,-29.4458093124915,0.9999999999999999,4.501268691878858,0.107853227732857,286.3965832330107
75.31536470987629,-29.457454116782955,1.0,4.502653813005917,0.10820810869106268,286.61648953251034
75.29545042743233,-29.469098589567768,0.9999999999999999,4.504039833294987,0.1085627246459957,286.8360192568387
75.27553430955462,-29.48074272901732,0.9999999999999999,4.505426752237277,0.10891707420103813,287.0551725748242
75.25561635285814,-29.492386533302824,1.0,4.50681456932357,0.10927115595927361,287.27394965529453
75.23569655395721,-29.50403000059511,1.0,4.508203284044086,0.10962496852358683,287.49235066707786
75.21577490946505,-29.515673129064904,1.0,4.509592895888613,0.10997851049656049,287.71037577900194
75.19585141599418,-29.527315916882557,1.0,4.510983404346382,0.11033178048056769,287.9280251598951
75.17592607015624,-29.538958362218153,0.9999999999999999,4.512374808906133,0.11068477707771152,288.1452989785851
75.15599886856175,-29.550600463241665,1.0,4.513767109056134,0.11103749888983927,288.36219740390004
75.13606980782066,-29.562242218122627,1.0,4.515160304284114,0.111389944518546,288.5787206046679
75.11613888454191,-29.573883625030394,1.0,4.516554394077314,0.11174211256522781,288.79486874971656
75.09620609533349,-29.585524682134107,1.0,4.517949377922475,0.11209400163095395,289.01064200787437
75.07627143680261,-29.597165387602548,0.9999999999999999,4.51934525530581,0.11244561031658407,289.2260405479689
75.05633490555563,-29.60880573960425,1.0,4.520742025713046,0.11279693722274686,289.44106453882847
75.03639649819789,-29.620445736307563,1.0,4.522139688629389,0.1131479809497975,289.655714149281
75.01645621133403,-29.63208537588044,1.0,4.523538243539539,0.1134987400978531,289.86998954815436
74.99651404156762,-29.643724656490697,1.0,4.524937689927691,0.11384921326677855,290.0838909042767
74.97656998550153,-29.65536357630578,0.9999999999999999,4.526338027277513,0.11419939905619358,290.29741838647595
74.9566240397377,-29.667002133492844,0.9999999999999999,4.527739255072184,0.11454929606548347,290.5105721635802
74.93667620087709,-29.678640326218893,0.9999999999999999,4.529141372794355,0.11489890289377414,290.7233524044173
74.9167264655199,-29.690278152650535,1.0,4.530544379926175,0.11524821813996056,290.93575927781535
74.89677483026549,-29.701915610954103,1.0,4.531948275949269,0.11559724040265706,291.1477929526024
74.87682129171215,-29.713552699295768,0.9999999999999999,4.5333530603447425,0.11594596828028614,291.3594535976063
74.85686584645748,-29.725189415841296,1.0,4.534758732593183,0.11629440037099315,291.57074138165524
74.83690849109817,-29.736825758756176,1.0,4.536165292174694,0.11664253527271029,291.7816564735771
74.81694922222997,-29.748461726205722,1.0000000000000002,4.537572738568798,0.1169903715830749,291.99219904219984
74.79698803644774,-29.76009731635485,0.9999999999999999,4.538981071254577,0.1173379078995147,292.20236925635163
74.77702493034565,-29.771732527368194,1.0,4.540390289710514,0.1176851428192407,292.4121672848603
74.75705990051671,-29.783367357410206,0.9999999999999999,4.541800393414629,0.11803207493917611,292.6215932965539
74.73709294355332,-29.79500180464489,1.0,4.543211381844397,0.11837870285602037,292.8306474602605
74.71712405604679,-29.806635867236132,1.0,4.544623254476772,0.11872502516623129,293.03932994480806
74.69715323458767,-29.818269543347377,0.9999999999999999,4.5460360107881925,0.11907104046605,293.2476409190245
74.67718047576572,-29.8299028311418,1.0,4.547449650254546,0.11941674735143337,293.4555805517379
74.65720577616959,-29.84153572878241,0.9999999999999999,4.54886417235123,0.11976214441816069,293.6631490117764
74.63722913238725,-29.85316823443174,1.0,4.550279576553105,0.12010723026168435,293.87034646796775
74.61725054100577,-29.864800346252096,1.0,4.551695862334471,0.12045200347731111,294.07717308914
74.59726999861124,-29.87643206240553,1.0,4.553113029169161,0.12079646266003863,294.28362904412126
74.57728750178897,-29.888063381053755,0.9999999999999998,4.5545310765304325,0.12114060640468693,294.48971450173957
74.55730304712343,-29.899694300358107,1.0,4.555950003891036,0.12148443330579894,294.69542963082273
74.53731663119808,-29.91132481847976,0.9999999999999998,4.557369810723159,0.12182794195766533,294.9007746001989
74.51732825059561,-29.922954933579486,0.9999999999999999,4.558790496498496,0.12217113095441334,295.105749578696
74.49733790189788,-29.93458464381771,1.0,4.560212060688194,0.12251399888985048,295.31035473514214
74.47734558168571,-29.946213947354693,1.0,4.561634502762862,0.12285654435761728,295.51459023836526
74.45735128653925,-29.957842842350203,0.9999999999999998,4.563057822192574,0.12319876595105939,295.71845625719334
74.43735501303756,-29.969471326963877,1.0,4.564482018446876,0.12354066226334126,295.92195296045435
74.41735675775901,-29.981099399354903,1.0000000000000002,4.565907090994791,0.12388223188735381,296.1250805169763
74.39735651728107,-29.99272705768217,1.0,4.567333039304772,0.1242234734158103,296.32783909558725
74.37735428818021,-30.00435430010433,1.0,4.5687598628447414,0.12456438544109716,296.5302288651153
74.35735006703217,-30.015981124779632,0.9999999999999999,4.570187561082115,0.12490496655545513,296.7322499943881
74.33734385041181,-30.027607529866007,0.9999999999999999,4.571616133483731,0.1252452153508692,296.933902652234
74.31733563489297,-30.039233513521154,0.9999999999999999,4.573045579515906,0.12558513041907204,297.1351870074809
74.29732541704877,-30.050859073902352,1.0,4.574475898644421,0.12592471035158326,297.3361032289568
74.27731319345149,-30.062484209166545,0.9999999999999999,4.575907090334477,0.12626395373968435,297.53665148548964
74.25729896067234,-30.074108917470472,0.9999999999999999,4.577339154050788,0.12660285917444014,297.73683194590745
74.23728271528189,-30.085733196970388,1.0,4.578772089257475,0.1269414252466703,297.9366447790383
74.21726445384962,-30.097357045822363,1.0,4.58020589541815,0.1272796505469742,298.1360901537101
74.19724417294434,-30.108980462182046,0.9999999999999998,4.581640571995848,0.12761753366572748,298.33516823875084
74.1772218691339,-30.12060344420473,1.0,4.583076118453075,0.12795507319306765,298.5338792029887
74.15719753898522,-30.132225990045487,0.9999999999999998,4.584512534251797,0.12829226771889424,298.7322232152515
74.13717117906444,-30.143848097858932,1.0,4.58594981885339,0.1286291158328865,298.93020044436736
74.11714278593686,-30.15546976579939,1.0,4.587387971718755,0.12896561612453183,299.1278110591641
74.09711235616678,-30.167090992020903,0.9999999999999999,4.5888269923081655,0.1293017671830512,299.3250552284699
74.07707988631772,-30.17871177467709,0.9999999999999999,4.590266880081378,0.12963756759744527,299.5219331211127
74.0570453729524,-30.190332111921226,0.9999999999999999,4.591707634497594,0.12997301595650157,299.7184449059205
74.03700881263246,-30.201952001906356,0.9999999999999999,4.593149255015472,0.1303081108487767,299.91459075172116
74.01697020191887,-30.213571442785042,0.9999999999999999,4.594591741093103,0.13064285086259986,300.11037082734293
73.99692953737171,-30.225190432709546,0.9999999999999999,4.596035092188014,0.13097723458608357,300.3057853016138
73.97688681555006,-30.236808969831845,0.9999999999999999,4.597479307757194,0.13131126060710585,300.50083434336153
73.9568420330123,-30.248427052303462,1.0,4.598924387257085,0.13164492751334222,300.6955181214144
73.93679518631578,-30.260044678275673,1.0,4.600370330143528,0.1319782338921982,300.8898368046001
73.9167462720171,-30.271661845899345,1.0,4.601817135871865,0.1323111783309585,301.08379056174704
73.89669528667201,-30.283278553324944,1.0,4.603264803896813,0.13264375941655615,301.2773795616829
73.87664222683527,-30.294894798702703,0.9999999999999999,4.604713333672569,0.13297597573579267,301.47060397323565
73.85658708906087,-30.306510580182398,1.0,4.606162724652771,0.1333078258752316,301.6634639652335
73.83652986990195,-30.318125895913447,1.0,4.6076129762904845,0.1336393084211771,301.85595970650445
73.81647056591068,-30.329740744044997,0.9999999999999999,4.609064088038206,0.13397042195977704,302.0480913658763
73.79640917363845,-30.34135512272575,1.0,4.610516059347871,0.13430116507690215,302.2398591121772
73.77634568963585,-30.35296903010403,1.0,4.611968889670855,0.13463153635825265,302.43126311423526
73.75628011045238,-30.364582464327928,1.0,4.613422578457975,0.1349615343892765,302.62230354087814
73.7362124326369,-30.376195423545013,1.0,4.61487712515946,0.13529115775521205,302.81298056093414
73.71614265273737,-30.387807905902527,1.0,4.616332529224973,0.13562040504108808,303.003294343231
73.69607076730071,-30.39941990954745,1.0,4.617788790103637,0.1359492748317166,303.19324505659716
73.67599677287323,-30.41103143262622,1.0,4.619245907243986,0.13627776571166805,303.3828328698602
73.65592066600014,-30.422642473285084,0.9999999999999999,4.620703880093963,0.13660587626535303,303.5720579518483
73.63584244322595,-30.43425302966978,1.0,4.622162708100985,0.13693360507689434,303.7609204713894
73.6157621010943,-30.445863099925667,1.0,4.623622390711855,0.13726095073027622,303.9494205973116
73.59567963614785,-30.457472682197878,1.0,4.62508292737283,0.13758791180920937,304.1375584984428
73.57559504492849,-30.469081774630986,1.0,4.62654431752957,0.13791448689719843,304.32533434361096
73.55550832397728,-30.480690375369278,1.0,4.62800656062719,0.1382406745775846,304.5127483016442
73.53541946983428,-30.492298482556684,0.9999999999999999,4.629469656110206,0.13856647343342132,304.6998005413705
73.51532847903883,-30.503906094336696,1.0,4.630933603422541,0.13889188204761993,304.8864912316179
