galstreams/tracks/track.st.Gaia-9.ibata2021.ecsv
# %ECSV 1.0
# ---
# datatype:
# - {name: ra, unit: deg, datatype: float64}
# - {name: dec, unit: deg, datatype: float64}
# - {name: distance, unit: kpc, datatype: float64}
# - {name: pm_ra_cosdec, unit: mas / yr, datatype: float64}
# - {name: pm_dec, unit: mas / yr, datatype: float64}
# - {name: radial_velocity, unit: km / s, datatype: float64}
# delimiter: ','
# meta: !!omap
# - __serialized_columns__:
#     dec:
#       __class__: astropy.coordinates.angles.Latitude
#       unit: &id001 !astropy.units.Unit {unit: deg}
#       value: !astropy.table.SerializedColumn {name: dec}
#     distance:
#       __class__: astropy.coordinates.distances.Distance
#       unit: !astropy.units.Unit {unit: kpc}
#       value: !astropy.table.SerializedColumn {name: distance}
#     pm_dec:
#       __class__: astropy.units.quantity.Quantity
#       unit: !astropy.units.Unit {unit: mas / yr}
#       value: !astropy.table.SerializedColumn {name: pm_dec}
#     pm_ra_cosdec:
#       __class__: astropy.units.quantity.Quantity
#       unit: !astropy.units.Unit {unit: mas / yr}
#       value: !astropy.table.SerializedColumn {name: pm_ra_cosdec}
#     ra:
#       __class__: astropy.coordinates.angles.Longitude
#       unit: *id001
#       value: !astropy.table.SerializedColumn {name: ra}
#       wrap_angle: !astropy.coordinates.Angle
#         unit: *id001
#         value: 360.0
#     radial_velocity:
#       __class__: astropy.units.quantity.Quantity
#       unit: !astropy.units.Unit {unit: km / s}
#       value: !astropy.table.SerializedColumn {name: radial_velocity}
# schema: astropy-2.0
ra,dec,distance,pm_ra_cosdec,pm_dec,radial_velocity
[from data line 143]
222.60290053271063,69.66365939747098,3.8494154580851703,-16.4474434123007,7.029653062852983,-127.53126447466273
222.62102004219898,69.6556434624803,3.8498633590327107,-16.44325177429136,7.032043609104196,-127.77431709204292
222.63913129146985,69.64762743258393,3.8503105595720437,-16.43905771476037,7.03442996144518,-128.01678864666178
222.6572342851473,69.63961130611027,3.850757061118895,-16.434861238607226,7.036812120105692,-128.2586798230188
222.67532902784038,69.63159508138881,3.851202865088984,-16.430662350731478,7.039190085317477,-128.49999130561335
222.69341552414366,69.62357875674998,3.8516479728980344,-16.426461056032675,7.041563857314388,-128.7407237789448
222.7114937786366,69.61556233052539,3.852092385961768,-16.422257359410413,7.043933436332226,-128.98087792751252
222.729563795884,69.60754580104768,3.852536105695908,-16.418051265764284,7.046298822608872,-129.22045443581607
222.74762558043597,69.59952916665054,3.8529791335161754,-16.413842779993917,7.048660016384245,-129.45945398835457
222.76567913682786,69.5915124256688,3.853421470838293,-16.409631906998932,7.051017017900305,-129.69787726962744
222.78372446958073,69.58349557643815,3.8538631190779817,-16.405418651678925,7.0533698274011565,-129.93572496413427
222.80176158320072,69.57547861729562,3.854304079650967,-16.401203018933504,7.055718445132908,-130.17299775637431
222.81979048217949,69.56746154657911,3.8547443539729684,-16.39698501366228,7.0580628713437585,-130.40969633084697
222.83781117099412,69.55944436262774,3.8551839434597084,-16.392764640764863,7.060403106283992,-130.64582137205159
222.8558236541076,69.55142706378157,3.8556228495269105,-16.388541905140777,7.062739150206063,-130.88137356448757
222.8738279359681,69.54340964838181,3.8560610735902956,-16.38431681168959,7.065071003364453,-131.1163535926543
222.8918240210095,69.53539211477076,3.8564986170655864,-16.3800893653108,7.067398666015778,-131.35076214105112
222.90981191365128,69.52737446129181,3.856935481368507,-16.37585957090389,7.06972213841877,-131.58459989417753
222.92779161829893,69.51935668628931,3.857371667914776,-16.371627433368282,7.0720414208343625,-131.81786753653284
222.94576313934328,69.51133878810886,3.8578071781201175,-16.367392957603364,7.074356513525556,-132.05056575261645
222.9637264811611,69.50332076509703,3.8582420134002553,-16.363156148508477,7.076667416757493,-132.28269522692779
222.98168164811491,69.49530261560156,3.8586761751709098,-16.358917010982896,7.078974130797501,-132.5142566439661
222.99962864455298,69.48728433797126,3.859109664847803,-16.354675549925865,7.081276655915042,-132.74525068823087
223.01756747480985,69.47926593055594,3.859542483846659,-16.3504317702365,7.083574992381823,-132.97567804422152
223.03549814320561,69.47124739170661,3.8599746335831986,-16.346185676813896,7.085869140471656,-133.20553939643742
223.05342065404633,69.46322871977534,3.860406115473144,-16.34193727455707,7.088159100460532,-133.4348354293778
223.07133501162426,69.45520991311531,3.8608369309322184,-16.33768656836493,7.0904448726266835,-133.66356682754227
223.08924122021736,69.44719097008081,3.8612670813761434,-16.333433563136342,7.0927264572504765,-133.89173427543005
223.10713928409015,69.43917188902712,3.86169656822064,-16.32917826377002,7.095003854614598,-134.11933845754066
223.12502920749287,69.43115266831076,3.8621253928814325,-16.324920675164638,7.097277065003848,-134.34638005837326
223.14291099466203,69.42313330628929,3.862553556774243,-16.320660802218725,7.09954608870528,-134.57285976242747
223.16078464982022,69.41511380132141,3.8629810613147924,-16.31639864983076,7.101810926008154,-134.7987782542026
223.17865017717654,69.40709415176686,3.8634079079188046,-16.312134222899015,7.104071577204055,-135.0241362181981
223.19650758092604,69.39907435598653,3.863834098002001,-16.30786752632175,7.1063280425867275,-135.2489343389131
223.2143568652502,69.39105441234246,3.8642596329801027,-16.30359856499704,7.108580322452201,-135.47317330084724
223.2321980343167,69.38303431919775,3.8646845142688346,-16.299327343822867,7.110828417098714,-135.69685378849985
223.25003109227993,69.37501407491658,3.8651087432839164,-16.29505386769704,7.1130723268268845,-135.9199764863703
223.26785604328032,69.36699367786433,3.865532321441072,-16.290778141517265,7.115312051939514,-136.1425420789579
223.28567289144488,69.35897312640743,3.8659552501560226,-16.2865001701811,7.1175475927417,-136.36455125076205
223.30348164088716,69.35095241891348,3.8663775308444905,-16.28221995858596,7.1197789495408585,-136.58600468628234
223.321282295707,69.3429315537512,3.8667991649221993,-16.277937511629098,7.122006122646633,-136.8069030700179
223.33907485999117,69.33491052929033,3.8672201538048703,-16.273652834207592,7.1242291123710855,-137.0272470864682
223.35685933781275,69.32688934390184,3.8676404989082256,-16.269365931218402,7.126447919028498,-137.2470374201327
223.37463573323146,69.3188679959578,3.8680602016479866,-16.265076807558298,7.128662542935494,-137.46627475551065
223.3924040502938,69.31084648383138,3.8684792634398777,-16.260785468123867,7.13087298441102,-137.68495977710154
223.41016429303272,69.30282480589699,3.8688976856996202,-16.256491917811545,7.133079243776332,-137.90309316940468
223.42791646546837,69.2948029605299,3.869315469842935,-16.252196161517553,7.135281321355105,-138.1206756169196
223.44566057160725,69.28678094610683,3.869732617285547,-16.24789820413794,7.137479217473274,-138.33770780414548
223.46339661544278,69.27875876100542,3.8701491294431762,-16.243598050568586,7.1396729324591455,-138.55419041558176
223.48112460095513,69.27073640360459,3.870565007731546,-16.239295705705153,7.141862466643388,-138.77012413572794
223.49884453211172,69.2627138722842,3.870980253566378,-16.234991174443078,7.144047820359084,-138.98550964908333
223.51655641286644,69.25469116542543,3.8713948683633945,-16.230684461677637,7.146228993941628,-139.20034764014733
223.53426024716035,69.24666828141052,3.871808853538319,-16.226375572303848,7.148405987728813,-139.41463879341924
223.5519560389214,69.23864521862292,3.8722222105068718,-16.222064511216576,7.150578802060799,-139.62838379339857
223.56964379206468,69.23062197544708,3.8726349406847773,-16.21775128331037,7.152747437280205,-139.84158332458463
223.58732351049224,69.22259855026871,3.873047045487754,-16.213435893479648,7.154911893731977,-140.05423807147682
223.60499519809326,69.21457494147462,3.8734585263315293,-16.209118346618524,7.157072171763508,-140.26634871857453
223.62265885874396,69.2065511474528,3.873869384631823,-16.20479864762092,7.15922827172458,-140.47791595037714
223.64031449630772,69.1985271665924,3.8742796218043556,-16.200476801380507,7.161380193967384,-140.68894045138396
223.65796211463538,69.1905029972836,3.874689239264851,-16.19615281279068,7.163527938846612,-140.8994229060945
223.6756017175647,69.18247863791785,3.875098238429033,-16.191826686744605,7.165671506719315,-141.10936399900814
223.69323330892072,69.1744540868877,3.8755066207126214,-16.18749842813521,7.167810897944996,-141.31876441462427
223.71085689251598,69.16642934258692,3.875914387531339,-16.183168041855115,7.169946112885611,-141.5276248374421
223.72847247215006,69.15840440341039,3.876321540300909,-16.178835532796732,7.172077151905553,-141.73594595196116
223.74608005161028,69.15037926775403,3.876728080437052,-16.17450090585214,7.174204015371728,-141.94372844268085
223.7636796346711,69.14235393401513,3.877134009355493,-16.17016416591316,7.176326703653457,-142.1509729941004
223.7812712250944,69.13432840059201,3.877539328471952,-16.16582531787137,7.178445217122543,-142.35768029071946
223.79885482662957,69.1263026658842,3.877944039202151,-16.16148436661803,7.1805595561532325,-142.56385101703722
223.8164304430137,69.1182767282923,3.8783481429618143,-16.157141317044072,7.18266972112235,-142.76948585755306
223.83399807797113,69.11025058621817,3.878751641166662,-16.15279617404021,7.184775712409125,-142.97458549676645
223.8515577352139,69.10222423806482,3.8791545352324173,-16.148448942496792,7.186877530395311,-143.17915061917677
223.86910941844155,69.09419768223647,3.8795568265748024,-16.144099627303902,7.188975175465121,-143.38318190928334
223.88665313134155,69.08617091713833,3.87995851660954,-16.139748233351266,7.191068648005393,-143.5866800515855
223.90418887758872,69.07814394117698,3.8803596067523523,-16.135394765528332,7.193157948405371,-143.7896457305828
223.92171666084573,69.07011675276003,3.8807600984189605,-16.13103922872422,7.195243077056849,-143.99207963077453
223.93923648476294,69.06208935029635,3.8811599930250877,-16.12668162782772,7.1973240343541605,-144.19398243666006
223.9567483529784,69.054061732196,3.881559291986456,-16.122321967727295,7.199400820694134,-144.39535483273872
223.97425226911827,69.04603389687009,3.8819579967187887,-16.117960253311054,7.201473436476231,-144.59619750351007
223.99174823679624,69.03800584273098,3.8823561086378056,-16.113596489466776,7.2035418821023525,-144.7965111334734
224.00923625961403,69.02997756819225,3.8827536291592306,-16.109230681081893,7.205606157977017,-144.99629640712806
224.0267163411611,69.0219490716686,3.883150559698785,-16.104862833043505,7.207666264507255,-145.19555400897343
224.0441884850149,69.01392035157596,3.8835469016721933,-16.100492950238344,7.209722202102654,-145.3942846235089
224.06165269474116,69.00589140633134,3.883942656495176,-16.096121037552745,7.211773971175472,-145.59248893523397
224.0791089738932,68.99786223435302,3.8843378255834553,-16.09174709987273,7.2138215721404295,-145.79016762864782
224.09655732601252,68.98983283406042,3.8847324103527545,-16.087371142083924,7.215865005414857,-145.98732138825005
224.1139977546286,68.98180320387425,3.885126412218794,-16.082993169071607,7.217904271418664,-146.1839508985399
224.13143026325932,68.9737733422162,3.8855198325972973,-16.078613185720616,7.2199393705744255,-146.38005684401676
224.14885485541043,68.96574324750934,3.885912672903986,-16.074231196915456,7.221970303307222,-146.57563990918007
224.16627153457586,68.95771291817783,3.8863049345545844,-16.069847207540217,7.223997070044769,-146.7707007785293
224.18368030423767,68.94968235264709,3.886696618964812,-16.065461222478643,7.226019671217371,-146.96524013656358
224.20108116786648,68.94165154934362,3.887087727550392,-16.061073246613994,7.228038107258027,-147.1592586677825
224.2184741289208,68.93362050669519,3.8874782617270482,-16.056683284829177,7.230052378602272,-147.35275705668542
224.23585919084763,68.92558922313076,3.887868222910501,-16.0522913420067,7.232062485688299,-147.54573598777165
224.25323635708224,68.91755769708048,3.8882576125164725,-16.04789742302863,7.234068428956925,-147.73819614554063
224.2706056310481,68.90952592697573,3.8886464319606864,-16.043501532776638,7.236070208851573,-147.93013821449176
224.2879670161575,68.90149391124895,3.889034682658864,-16.039103676131933,7.238067825818398,-148.12156287912435
224.30532051581076,68.89346164833394,3.889422366026728,-16.034703857975313,7.240061280306143,-148.31247082393787
224.32266613339672,68.88542913666564,3.8898094834800006,-16.030302083187173,7.242050572766187,-148.50286273343164
224.3400038722928,68.87739637468012,3.8901960364344035,-16.025898356647435,7.244035703652604,-148.69273929210513
224.35733373586476,68.86936336081483,3.89058202630566,-16.021492683235593,7.246016673422073,-148.88210118445755
224.37465572746726,68.86133009350817,3.8909674545094903,-16.017085067830667,7.247993482534067,-149.07094909498844
224.39196985044313,68.85329657119998,3.8913523224616178,-16.01267551531126,7.249966131450615,-149.25928370819713
224.40927610812406,68.84526279233116,3.8917366315777673,-16.008264030555477,7.25193462063647,-149.4471057085831
224.42657450383015,68.8372287553439,3.892120383273657,-16.003850618441014,7.253898950559035,-149.63441578064555
224.44386504087058,68.82919445868151,3.8925035789650124,-15.999435283845035,7.255859121688496,-149.82121460888405
224.4611477225428,68.8211599007886,3.892886220067553,-15.995018031644289,7.257815134497645,-150.00750287779778
224.47842255213322,68.81312508011094,3.8932683079970025,-15.99059886671501,7.259766989462019,-150.1932812718864
224.4956895329168,68.80508999509553,3.893649844169083,-15.986177793932987,7.261714687059804,-150.37855047564904
224.5129486681577,68.79705464419052,3.894030829999518,-15.981754818173446,7.263658227771996,-150.5633111735852
224.5301999611085,68.78901902584538,3.8944112669040263,-15.977329944311224,7.2655976120822405,-150.74756405019426
224.54744341501086,68.78098313851069,3.8947911562983335,-15.972903177220578,7.267532840476903,-150.93130978997556
224.56467903309516,68.77294698063834,3.8951704995981604,-15.968474521775315,7.269463913445101,-151.11454907742853
224.58190681858073,68.76491055068139,3.8955492982192292,-15.964043982848718,7.271390831478648,-151.2972825970526
224.5991267746761,68.75687384709406,3.895927553577263,-15.959611565313532,7.273313595072151,-151.479511033347
224.61633890457847,68.74883686833189,3.896305267087984,-15.955177274042036,7.275232204722934,-151.66123507081124
224.63354321147415,68.74079961285157,3.8966824401671136,-15.950741113905952,7.277146660931032,-151.8424553939447
224.65073969853844,68.73276207911105,3.8970590742303743,-15.9463030897765,7.279056964199273,-152.02317268724667
224.66792836893575,68.72472426556955,3.897435170693489,-15.94186320652436,7.2809631150332095,-152.2033876352166
224.6851092258197,68.71668617068731,3.897810730972179,-15.937421469019654,7.282865113941231,-152.383100922354
224.70228227233284,68.70864779292603,3.8981857564821665,-15.932977882132011,7.284762961434389,-152.56231323315805
224.71944751160697,68.7006091307485,3.8985602486391757,-15.928532450730472,7.286656658026567,-152.74102525212825
224.73660494676295,68.69257018261885,3.8989342088589267,-15.924085179683566,7.288546204234397,-152.91923766376385
224.75375458091116,68.68453094700224,3.899307638557142,-15.919636073859241,7.290431600577342,-153.0969511525644
224.77089641715096,68.67649142236526,3.899680539149545,-15.915185138124894,7.292312847577612,-153.27416640302928
224.78803045857097,68.6684516071756,3.900052912051857,-15.91073237734736,7.294189945760178,-153.45088409965766
224.8051567082492,68.6604114999023,3.9004247586798004,-15.906277796392917,7.296062895652836,-153.62710492694913
224.82227516925312,68.65237109901545,3.9007960804490978,-15.901821400127243,7.297931697786235,-153.80282956940317
224.8393858446393,68.64433040298654,3.901166878775471,-15.897363193415465,7.299796352693743,-153.97805871151886
224.8564887374539,68.63628941028826,3.901537155074643,-15.892903181122104,7.30165686091157,-154.15279303779576
224.8735838507324,68.62824811939444,3.901906910762336,-15.888441368111124,7.3035132229787525,-154.32703323273333
224.8906711874996,68.62020652878033,3.9022761472542706,-15.883977759245887,7.305365439437085,-154.50077998083069
224.90775075077022,68.61216463692213,3.90264486596617,-15.879512359389128,7.307213510831305,-154.67403396658744
224.92482254354803,68.60412244229755,3.9030130683137583,-15.875045173403013,7.309057437708862,-154.84679587450302
224.94188656882653,68.59607994338539,3.903380755712755,-15.870576206149101,7.31089722062009,-155.0190663890767
224.95894282958875,68.58803713866577,3.903747929578884,-15.866105462488338,7.312732860118137,-155.1908461948078
224.97599132880723,68.57999402662,3.904114591327867,-15.861632947281048,7.314564356758986,-155.36213597619582
224.99303206944435,68.5719506057306,3.9044807423754277,-15.857158665386919,7.316391711101511,-155.53293641774007
225.010065054452,68.56390687448139,3.904846384137285,-15.85268262166506,7.318214923707398,-155.70324820394
225.02709028677177,68.55586283135743,3.9052115180291636,-15.848204820973907,7.3200339951412,-155.87307201929502
225.04410776933472,68.54781847484504,3.9055761454667857,-15.84372526817129,7.321848925970258,-156.0424085483043
225.06111750506216,68.53977380343166,3.905940267865873,-15.839243968114385,7.323659716764924,-156.2112584754675
