galstreams/tracks/track.st.Murrumbidgee.grillmair2017b.ecsv
# %ECSV 0.9
# ---
# datatype:
# - {name: ra, unit: deg, datatype: float64}
# - {name: dec, unit: deg, datatype: float64}
# - {name: distance, unit: kpc, datatype: float64}
# - {name: pm_ra_cosdec, unit: mas / yr, datatype: float64}
# - {name: pm_dec, unit: mas / yr, datatype: float64}
# - {name: radial_velocity, unit: km / s, datatype: float64}
# delimiter: ','
# meta: !!omap
# - __serialized_columns__:
#     dec:
#       __class__: astropy.coordinates.angles.Latitude
#       unit: &id001 !astropy.units.Unit {unit: deg}
#       value: !astropy.table.SerializedColumn {name: dec}
#     distance:
#       __class__: astropy.coordinates.distances.Distance
#       unit: !astropy.units.Unit {unit: kpc}
#       value: !astropy.table.SerializedColumn {name: distance}
#     pm_dec:
#       __class__: astropy.units.quantity.Quantity
#       unit: !astropy.units.Unit {unit: mas / yr}
#       value: !astropy.table.SerializedColumn {name: pm_dec}
#     pm_ra_cosdec:
#       __class__: astropy.units.quantity.Quantity
#       unit: !astropy.units.Unit {unit: mas / yr}
#       value: !astropy.table.SerializedColumn {name: pm_ra_cosdec}
#     ra:
#       __class__: astropy.coordinates.angles.Longitude
#       unit: *id001
#       value: !astropy.table.SerializedColumn {name: ra}
#       wrap_angle: !astropy.coordinates.Angle
#         unit: *id001
#         value: 360.0
#     radial_velocity:
#       __class__: astropy.units.quantity.Quantity
#       unit: !astropy.units.Unit {unit: km / s}
#       value: !astropy.table.SerializedColumn {name: radial_velocity}
# schema: astropy-2.0
ra,dec,distance,pm_ra_cosdec,pm_dec,radial_velocity
124.2619830452152,-65.59620429021955,20.000000000000124,0.0,0.0,0.0
121.88410024585836,-65.16201706740085,20.000000000000107,0.0,0.0,0.0
119.68389983576778,-64.76691438453818,20.00000000000009,0.0,0.0,0.0
117.6323344578886,-64.40929602326393,20.000000000000075,0.0,0.0,0.0
115.70528273183172,-64.0868299180038,20.000000000000064,0.0,0.0,0.0
113.8826839766006,-63.79672203659488,20.000000000000053,0.0,0.0,0.0
112.14782967782477,-63.535913521451334,20.000000000000046,0.0,0.0,0.0
110.4867881393247,-63.30122457514787,20.000000000000032,0.0,0.0,0.0
108.88793849158994,-63.0894592169325,20.00000000000003,0.0,0.0,0.0
107.34159274875412,-62.89748115080746,20.000000000000018,0.0,0.0,0.0
105.83968795732999,-62.72226818607259,20.000000000000014,0.0,0.0,0.0
104.37553379357844,-62.56095063713833,20.000000000000004,0.0,0.0,0.0
102.94360390225845,-62.41083767838761,20.0,0.0,0.0,0.0
101.5393617366486,-62.2694345812498,19.999999999999996,0.0,0.0,0.0
100.15911367492662,-62.13445300002884,19.999999999999986,0.0,0.0,0.0
98.79988380772605,-62.0038159193245,19.999999999999986,0.0,0.0,0.0
97.45930608086317,-61.87565847166202,19.999999999999982,0.0,0.0,0.0
96.13553049610061,-61.7483255383378,19.99999999999998,0.0,0.0,0.0
94.82714087264526,-61.62036683024402,19.999999999999975,0.0,0.0,0.0
93.5330822947094,-61.490529987401366,19.99999999999997,0.0,0.0,0.0
92.2525968495144,-61.35775212066307,19.999999999999975,0.0,0.0,0.0
90.9851666226021,-61.2211501351404,19.999999999999975,0.0,0.0,0.0
89.73046318521763,-61.08001011382128,19.999999999999975,0.0,0.0,0.0
88.48830300007384,-60.933775995205586,19.999999999999964,0.0,0.0,0.0
87.25860830243097,-60.78203774573019,19.999999999999968,0.0,0.0,0.0
86.04137309642466,-60.62451920267781,19.999999999999968,0.0,0.0,0.0
84.83663395348039,-60.461065743461404,19.999999999999964,0.0,0.0,0.0
83.64444532046258,-60.29163192070148,19.999999999999964,0.0,0.0,0.0
82.46485904846386,-60.1162691880031,19.999999999999964,0.0,0.0,0.0
81.29790784597542,-59.93511382789811,19.99999999999997,0.0,0.0,0.0
80.14359234833317,-59.748375180511744,19.999999999999964,0.0,0.0,0.0
79.00187148320256,-59.556324258882476,19.999999999999964,0.0,0.0,0.0
77.87265580258753,-59.35928282443931,19.99999999999996,0.0,0.0,0.0
76.75580344742094,-59.157612983989466,19.999999999999964,0.0,0.0,0.0
75.65111841223917,-58.95170735782169,19.99999999999996,0.0,0.0,0.0
74.55835078498242,-58.74197985735622,19.999999999999964,0.0,0.0,0.0
73.47719865021317,-58.52885710033231,19.99999999999996,0.0,0.0,0.0
72.40731136220316,-58.31277048196119,19.999999999999964,0.0,0.0,0.0
71.34829391633735,-58.09414891188411,19.999999999999957,0.0,0.0,0.0
70.29971217197371,-57.87341221922564,19.99999999999996,0.0,0.0,0.0
69.26109870608516,-57.6509652215334,19.999999999999954,0.0,0.0,0.0
68.23195910366167,-57.42719244792706,19.999999999999957,0.0,0.0,0.0
67.21177851698832,-57.20245350228187,19.999999999999957,0.0,0.0,0.0
66.20002835083604,-56.977079048667946,19.999999999999957,0.0,0.0,0.0
65.19617295367986,-56.751367398452956,19.999999999999954,0.0,0.0,0.0
64.199676215958,-56.52558167634771,19.999999999999954,0.0,0.0,0.0
63.21000799482081,-56.29994754111588,19.99999999999996,0.0,0.0,0.0
62.22665030075932,-56.0746514355749,19.999999999999957,0.0,0.0,0.0
61.24910319492725,-55.84983933977569,19.999999999999954,0.0,0.0,0.0
60.27689035704286,-55.62561600077478,19.999999999999954,0.0,0.0,0.0
59.30956429263537,-55.40204461211702,19.999999999999954,0.0,0.0,0.0
58.34671115534121,-55.17914691596068,19.999999999999954,0.0,0.0,0.0
57.38795516521111,-54.95690370064185,19.999999999999954,0.0,0.0,0.0
56.43296260784446,-54.73525566634593,19.999999999999957,0.0,0.0,0.0
55.48144540190101,-54.51410463139974,19.999999999999947,0.0,0.0,0.0
54.53316422442488,-54.29331505149741,19.999999999999947,0.0,0.0,0.0
53.587931184711735,-54.07271582391784,19.99999999999995,0.0,0.0,0.0
52.64561203839629,-53.85210234848424,19.99999999999995,0.0,0.0,0.0
51.70612793424858,-53.63123881666485,19.99999999999995,0.0,0.0,0.0
50.76945668703526,-53.40986069984141,19.99999999999995,0.0,0.0,0.0
49.835633570883765,-53.187677407400216,19.99999999999995,0.0,0.0,0.0
48.904751629014235,-52.96437508496531,19.99999999999995,0.0,0.0,0.0
47.97696149757292,-52.73961952282767,19.99999999999995,0.0,0.0,0.0
47.05247074367474,-52.513059144469565,19.99999999999995,0.0,0.0,0.0
46.13154272067309,-52.28432804507882,19.99999999999995,0.0,0.0,0.0
45.214494947117764,-52.05304905013346,19.99999999999995,0.0,0.0,0.0
44.301697019801615,-51.81883676455252,19.99999999999995,0.0,0.0,0.0
43.39356807566656,-51.58130058358544,19.99999999999995,0.0,0.0,0.0
42.49057382204435,-51.34004763758052,19.99999999999995,0.0,0.0,0.0
41.59322315962883,-51.09468564405293,19.99999999999995,0.0,0.0,0.0
40.70206442757518,-50.844825642075556,19.99999999999995,0.0,0.0,0.0
39.81768130504457,-50.59008458594654,19.99999999999995,0.0,0.0,0.0
38.940688408202966,-50.3300877773342,19.99999999999995,0.0,0.0,0.0
38.071726625976474,-50.06447111764564,19.99999999999995,0.0,0.0,0.0
37.21145824161564,-49.792883165178104,19.999999999999947,0.0,0.0,0.0
36.360561890184094,-49.51498698465047,19.99999999999995,0.0,0.0,0.0
35.51972740434999,-49.23046177992634,19.99999999999995,0.0,0.0,0.0
34.68965060222828,-48.93900430406995,19.99999999999995,0.0,0.0,0.0
33.871028071439454,-48.64033004425811,19.99999999999995,0.0,0.0,0.0
33.064552002989274,-48.33417418243548,19.99999999999995,0.0,0.0,0.0
32.2709051270425,-48.02029233587785,19.999999999999954,0.0,0.0,0.0
31.490755800203388,-47.6984610849489,19.999999999999954,0.0,0.0,0.0
30.724753290601544,-47.36847829823502,19.99999999999995,0.0,0.0,0.0
29.973523303013586,-47.03016326786035,19.999999999999957,0.0,0.0,0.0
29.237663781552904,-46.68335667006921,19.999999999999957,0.0,0.0,0.0
28.517741022271224,-46.32792036807213,19.999999999999957,0.0,0.0,0.0
27.814286122486024,-45.963737075654905,19.999999999999957,0.0,0.0,0.0
27.127791787928388,-45.59070990112554,19.99999999999996,0.0,0.0,0.0
26.458709513046777,-45.20876179181575,19.99999999999996,0.0,0.0,0.0
25.807447144140372,-44.8178348995622,19.999999999999957,0.0,0.0,0.0
25.17436682955944,-44.41788988738452,19.999999999999964,0.0,0.0,0.0
24.559783356103914,-44.00890519697456,19.999999999999964,0.0,0.0,0.0
23.963962866065323,-43.59087629564672,19.999999999999964,0.0,0.0,0.0
23.38712194515477,-43.16381492011308,19.999999999999964,0.0,0.0,0.0
22.829427067887234,-42.72774833288258,19.999999999999968,0.0,0.0,0.0
22.290994383871443,-42.28271860529087,19.999999999999968,0.0,0.0,0.0
21.77188982589197,-41.82878193919608,19.999999999999968,0.0,0.0,0.0
21.272129518651962,-41.366008037278036,19.999999999999968,0.0,0.0,0.0
20.791680465547106,-40.8944795297047,19.99999999999997,0.0,0.0,0.0
20.33046148982686,-40.4142914627289,19.999999999999975,0.0,0.0,0.0
19.888344405924286,-39.92555085259643,19.99999999999997,0.0,0.0,0.0
19.465155396552262,-39.42837630602632,19.999999999999975,0.0,0.0,0.0
19.06067657132055,-38.92289770650252,19.99999999999998,0.0,0.0,0.0
18.674647683074863,-38.40925596372781,19.99999999999998,0.0,0.0,0.0
18.30676797884735,-37.88760282186279,19.999999999999982,0.0,0.0,0.0
17.956698163191962,-37.35810072062904,19.999999999999982,0.0,0.0,0.0
17.62406245271823,-36.82092270201396,19.999999999999982,0.0,0.0,0.0
17.308450701796477,-36.27625235418853,19.999999999999986,0.0,0.0,0.0
17.00942058065609,-35.72428378334632,19.999999999999982,0.0,0.0,0.0
16.726499788410603,-35.16522160349711,19.999999999999986,0.0,0.0,0.0
16.459188284897856,-34.59928093380014,19.99999999999999,0.0,0.0,0.0
16.206960526603645,-34.026687392797044,19.99999999999999,0.0,0.0,0.0
15.969267693330035,-33.447677078894756,19.99999999999999,0.0,0.0,0.0
15.74553989366416,-32.86249652664359,19.999999999999996,0.0,0.0,0.0
15.535188338691759,-32.271402628742266,19.999999999999993,0.0,0.0,0.0
15.3376074747752,-31.67466251426415,19.999999999999993,0.0,0.0,0.0
15.152177067572351,-31.072553374320385,19.999999999999996,0.0,0.0,0.0
14.978264230804873,-30.465362227236994,19.999999999999996,0.0,0.0,0.0
14.815225394586792,-29.853385616304866,19.999999999999996,0.0,0.0,0.0
14.662408209390943,-29.23692923424416,20.0,0.0,0.0,0.0
14.519153382955345,-28.616307469686138,20.000000000000004,0.0,0.0,0.0
14.384796448607121,-27.991842872196607,20.0,0.0,0.0,0.0
14.25866946460042,-27.36386553362517,20.0,0.0,0.0,0.0
14.140102645119196,-26.732712384843744,19.999999999999996,0.0,0.0,0.0
14.02842592457639,-26.098726408217598,20.000000000000004,0.0,0.0,0.0
13.922970457740494,-25.46225576741466,20.000000000000004,0.0,0.0,0.0
13.823070059028533,-24.823652857387557,20.000000000000007,0.0,0.0,0.0
13.728062585014023,-24.18327327854192,20.000000000000004,0.0,0.0,0.0
13.637291264800405,-23.541474740220973,20.000000000000007,0.0,0.0,0.0
13.550105983397954,-22.89861589967602,20.000000000000007,0.0,0.0,0.0
13.46586452360893,-22.25505514364636,20.000000000000007,0.0,0.0,0.0
13.383933772165623,-21.611149320528643,20.000000000000007,0.0,0.0,0.0
13.303690895976422,-20.9672524318685,20.000000000000007,0.0,0.0,0.0
13.224524494311224,-20.3237142925482,20.000000000000004,0.0,0.0,0.0
13.14583573260101,-19.68087916957007,20.000000000000007,0.0,0.0,0.0
13.067039463234707,-19.039084409740408,20.000000000000014,0.0,0.0,0.0
12.987565338314516,-18.398659066842878,20.00000000000001,0.0,0.0,0.0
12.906858918780026,-17.759922539051615,20.000000000000014,0.0,0.0,0.0
12.824382783638782,-17.123183227373286,20.000000000000007,0.0,0.0,0.0
12.739617642252538,-16.48873722582737,20.00000000000001,0.0,0.0,0.0
12.652063451732985,-15.856867053876563,20.000000000000014,0.0,0.0,0.0
12.561240540508473,-15.227840441310988,20.00000000000001,0.0,0.0,0.0
12.466690738044724,-14.601909175375708,20.000000000000014,0.0,0.0,0.0
12.367978509551106,-13.979308019419044,20.000000000000018,0.0,0.0,0.0
12.264692093291771,-13.360253711737789,20.000000000000014,0.0,0.0,0.0
12.156444636863396,-12.744944052614937,20.000000000000018,0.0,0.0,0.0
12.042875327511661,-12.133557086797108,20.000000000000014,0.0,0.0,0.0
11.923650510253049,-11.526250387854722,20.00000000000001,0.0,0.0,0.0
11.798464786261485,-10.923160450021841,20.000000000000014,0.0,0.0,0.0
11.667042082685555,-10.324402192239278,20.000000000000014,0.0,0.0,0.0
11.529136683796473,-9.730068578238294,20.000000000000018,0.0,0.0,0.0
11.384534212142489,-9.140230355619927,20.000000000000014,0.0,0.0,0.0
11.23305254721498,-8.554935916022512,20.000000000000014,0.0,0.0,0.0
11.074542668027034,-7.974211277644176,20.00000000000002,0.0,0.0,0.0
10.908889404974955,-7.398060190613899,20.00000000000002,0.0,0.0,0.0
10.73601208540707,-6.8264643650012005,20.000000000000018,0.0,0.0,0.0
10.555865056467402,-6.259383820635935,20.000000000000018,0.0,0.0,0.0
10.368438068017714,-5.696757357390047,20.000000000000018,0.0,0.0,0.0
10.173756497774171,-5.138503144167096,20.00000000000002,0.0,0.0,0.0
9.971881400221092,-4.584519424563623,20.000000000000025,0.0,0.0,0.0
9.76290936038389,-4.034685337019474,20.00000000000002,0.0,0.0,0.0
9.546972133148937,-3.4888618472689887,20.00000000000002,0.0,0.0,0.0
9.324236048503922,-2.9468927910474743,20.00000000000002,0.0,0.0,0.0
9.094901162826808,-2.4086060252983277,20.00000000000003,0.0,0.0,0.0
8.859200136164379,-1.8738146865657639,20.00000000000003,0.0,0.0,0.0
8.617396815296447,-1.3423185558413417,20.00000000000003,0.0,0.0,0.0
8.36978450226436,-0.8139055298513549,20.000000000000025,0.0,0.0,0.0
8.116683887933501,-0.28835319961572103,20.00000000000002,0.0,0.0,0.0
7.858440630039128,0.23456946193788455,20.00000000000002,0.0,0.0,0.0
7.595422555012237,0.7551003004775905,20.000000000000025,0.0,0.0,0.0
7.328016462674253,1.2734820649475709,20.00000000000003,0.0,0.0,0.0
7.056624512602355,1.7899603713266359,20.000000000000036,0.0,0.0,0.0
6.7816601705776725,2.304781539190678,20.00000000000003,0.0,0.0,0.0
6.503543693011055,2.818190293639009,20.000000000000032,0.0,0.0,0.0
6.222697126572623,3.3304273240189923,20.00000000000003,0.0,0.0,0.0
5.93953879940782,3.841726689825547,20.00000000000003,0.0,0.0,0.0
5.654477279285591,4.352313063188383,20.00000000000003,0.0,0.0,0.0
5.367904772773269,4.86239879651387,20.00000000000003,0.0,0.0,0.0
5.080189938059361,5.372180803134208,20.00000000000003,0.0,0.0,0.0
4.79167008234096,5.881837238243544,20.000000000000025,0.0,0.0,0.0
4.502642712765099,6.391523966962546,20.000000000000025,0.0,0.0,0.0
4.2133564077776455,6.901370806048432,20.000000000000025,0.0,0.0,0.0
3.924000973426561,7.411477525516427,20.000000000000025,0.0,0.0,0.0
3.6346968467430094,7.921909596191699,20.000000000000025,0.0,0.0,0.0
3.3454837058693583,8.432693668869703,20.000000000000014,0.0,0.0,0.0
3.0563082442345726,8.943812770190041,20.000000000000018,0.0,0.0,0.0
2.767011063957424,9.45520119933799,20.000000000000018,0.0,0.0,0.0
2.47731264199724,9.96673910804012,20.000000000000014,0.0,0.0,0.0
2.186798321647171,10.478246743711923,20.000000000000007,0.0,0.0,0.0
1.8949022821259907,10.98947833166529,20.000000000000007,0.0,0.0,0.0
1.600890440709252,11.500115566529855,20.0,0.0,0.0,0.0
1.3038422455929177,12.00976067492515,19.999999999999993,0.0,0.0,0.0
1.0026313241666036,12.517929000278636,19.999999999999982,0.0,0.0,0.0
0.6959049613923216,13.024041045744605,19.99999999999998,0.0,0.0,0.0
0.3820623975066409,13.52741389155724,19.999999999999975,0.0,0.0,0.0
0.05923195443630185,14.027251877851954,19.999999999999964,0.0,0.0,0.0
359.7252470275008,14.522636411924905,19.999999999999957,0.0,0.0,0.0
359.3776210147603,15.012514718911795,19.999999999999943,0.0,0.0,0.0
359.0135213026061,15.495687305774853,19.999999999999932,0.0,0.0,0.0
358.62974248502303,15.970793849164945,19.99999999999992,0.0,0.0,0.0
