galstreams/tracks/track.st.OmegaCen-Fimbulthul.ibata2024.ecsv
# %ECSV 1.0
# ---
# datatype:
# - {name: ra, unit: deg, datatype: float64}
# - {name: dec, unit: deg, datatype: float64}
# - {name: distance, unit: kpc, datatype: float64}
# - {name: pm_ra_cosdec, unit: mas / yr, datatype: float64}
# - {name: pm_dec, unit: mas / yr, datatype: float64}
# - {name: radial_velocity, unit: km / s, datatype: float64}
# delimiter: ','
# meta: !!omap
# - __serialized_columns__:
#     dec:
#       __class__: astropy.coordinates.angles.Latitude
#       unit: &id001 !astropy.units.Unit {unit: deg}
#       value: !astropy.table.SerializedColumn {name: dec}
#     distance:
#       __class__: astropy.coordinates.distances.Distance
#       unit: !astropy.units.Unit {unit: kpc}
#       value: !astropy.table.SerializedColumn {name: distance}
#     pm_dec:
#       __class__: astropy.units.quantity.Quantity
#       unit: !astropy.units.Unit {unit: mas / yr}
#       value: !astropy.table.SerializedColumn {name: pm_dec}
#     pm_ra_cosdec:
#       __class__: astropy.units.quantity.Quantity
#       unit: !astropy.units.Unit {unit: mas / yr}
#       value: !astropy.table.SerializedColumn {name: pm_ra_cosdec}
#     ra:
#       __class__: astropy.coordinates.angles.Longitude
#       unit: *id001
#       value: !astropy.table.SerializedColumn {name: ra}
#       wrap_angle: !astropy.coordinates.Angle
#         unit: *id001
#         value: 360.0
#     radial_velocity:
#       __class__: astropy.units.quantity.Quantity
#       unit: !astropy.units.Unit {unit: km / s}
#       value: !astropy.table.SerializedColumn {name: radial_velocity}
# schema: astropy-2.0
ra,dec,distance,pm_ra_cosdec,pm_dec,radial_velocity
[from data line 559]
288.2427182685928,-45.25988314252596,1.0000000000000013,-10.092193298245336,-25.049301659048364,-132.28109756978668
288.2489511595616,-45.287334980763276,1.0000000000000013,-10.095991365535706,-25.060461214537426,-131.93299312487432
288.25518341767975,-45.314789591458336,1.0000000000000013,-10.09978162860023,-25.071613802482506,-131.58509765775128
288.26141502149903,-45.34224698385454,1.0000000000000013,-10.103564103421016,-25.082759372663464,-131.23741106091768
288.26764594952806,-45.36970716719833,1.0000000000000013,-10.107338806033189,-25.093897874849212,-130.88993322687315
288.27387618023266,-45.39717015073965,1.0000000000000013,-10.111105752524727,-25.10502925879775,-130.5426640481176
288.2801056920355,-45.424635943731445,1.0000000000000013,-10.114864959036614,-25.11615347425606,-130.19560341715086
288.2863344633158,-45.452104555430104,1.0000000000000013,-10.118616441762969,-25.127270470960177,-129.8487512264728
288.2925624724094,-45.47957599509509,1.0000000000000013,-10.12236021695108,-25.13838019863508,-129.5021073685833
288.29878969760824,-45.50705027198908,1.0000000000000013,-10.12609630090148,-25.149482606994738,-129.1556717359822
288.30501611716073,-45.5345273953781,1.0000000000000013,-10.12982470996801,-25.16057764574204,-128.80944422116923
288.31124170927075,-45.56200737453118,1.0000000000000013,-10.133545460558041,-25.171665264568777,-128.46342471664434
288.3174664520984,-45.5894902187207,1.0000000000000013,-10.137258569132268,-25.182745413155637,-128.11761311490739
288.32369032375914,-45.61697593722205,1.0000000000000013,-10.140964052205119,-25.193818041172143,-127.77200930845815
288.32991330232403,-45.644464539313965,1.0000000000000013,-10.144661926344504,-25.204883098276685,-127.42661318979658
288.336135365819,-45.671956034278125,1.0000000000000013,-10.148352208172295,-25.21594053411642,-127.08142465142242
288.3423564922255,-45.69945043139954,1.0000000000000013,-10.152034914363956,-25.226990298327312,-126.73644358583554
288.34857665947953,-45.726947739966235,1.0000000000000013,-10.155710061648943,-25.23803234053408,-126.39166988553585
288.35479584547187,-45.75444796926933,1.0000000000000013,-10.159377666810697,-25.249066610350162,-126.0471034430231
288.36101402804775,-45.7819511286032,1.0000000000000013,-10.16303774668671,-25.260093057377695,-125.70274415079717
288.36723118500686,-45.80945722726512,1.0000000000000013,-10.166690318168552,-25.271111631207503,-125.35859190135798
288.3734472941029,-45.83696627455565,1.0000000000000013,-10.170335398202063,-25.282122281419063,-125.01464658720528
288.3796623330435,-45.864478279778275,1.0000000000000013,-10.173973003787369,-25.293124957580453,-124.67090810083893
288.38587627949005,-45.891993252239615,1.0000000000000013,-10.17760315197899,-25.30411960924837,-124.3273763347588
288.3920891110577,-45.91951120124933,1.0000000000000013,-10.181225859885803,-25.315106185968055,-123.98405118146474
288.39830080531476,-45.94703213612011,1.0000000000000013,-10.184841144671362,-25.326084637273304,-123.64093253345658
288.40451133978274,-45.9745560661677,1.0000000000000013,-10.188449023553751,-25.337054912686433,-123.29802028323424
288.4107206919363,-46.00208300071085,1.0000000000000016,-10.192049513805777,-25.348016961718205,-122.95531432329746
288.4169288392028,-46.02961294907133,1.0000000000000013,-10.19564263275505,-25.358970733867917,-122.6128145461461
288.42313575896213,-46.057145920573866,1.0000000000000013,-10.199228397784006,-25.369916178623193,-122.27052084428007
288.42934142854693,-46.08468192454624,1.0000000000000013,-10.202806826330017,-25.380853245460123,-121.92843311019921
288.4355458252416,-46.11222097031915,1.0000000000000016,-10.20637793588553,-25.391781883843155,-121.58655123640331
288.441748926283,-46.1397630672263,1.0000000000000013,-10.209941743998055,-25.40270204322509,-121.24487511539222
288.4479507088596,-46.167308224604305,1.0000000000000016,-10.213498268270325,-25.413613673046974,-120.90340463966585
288.4541511501115,-46.19485645179275,1.0000000000000013,-10.217047526360318,-25.424516722738254,-120.56213970172399
288.46035022713033,-46.22240775813414,1.0000000000000013,-10.220589535981386,-25.435411141716518,-120.22108019406653
288.466547916959,-46.249962152973886,1.0000000000000013,-10.224124314902292,-25.44629687938764,-119.88022600919324
288.4727441965913,-46.27751964566031,1.0000000000000013,-10.227651880947334,-25.457173885145668,-119.53957703960407
288.478939042972,-46.30508024554465,1.0000000000000013,-10.231172251996393,-25.468042108372813,-119.19913317779874
288.4851324329965,-46.33264396198098,1.0000000000000013,-10.23468544598507,-25.47890149843942,-118.85889431627724
288.49132434351054,-46.36021080432627,1.0000000000000013,-10.238191480904703,-25.48975200470395,-118.51886034753929
288.4975147513103,-46.38778078194033,1.0000000000000013,-10.241690374802456,-25.500593576512905,-118.17903116408483
288.50370363314175,-46.415353904185864,1.0000000000000013,-10.245182145781458,-25.511426163200863,-117.83940665841362
288.5098909657009,-46.442930180428334,1.0000000000000013,-10.248666812000865,-25.522249714090375,-117.49998672302566
288.5160767256332,-46.470509620036076,1.0000000000000013,-10.252144391675873,-25.533064178491998,-117.16077125042057
288.5222608895336,-46.498092232380195,1.0000000000000013,-10.255614903077948,-25.543869505704205,-116.82176013309841
288.52844343394645,-46.52567802683463,1.0000000000000013,-10.259078364534677,-25.554665645013426,-116.48295326355885
288.5346243353647,-46.553267012776075,1.0000000000000013,-10.262534794430149,-25.565452545693912,-116.14435053430189
288.54080357023037,-46.58085919958399,1.0000000000000013,-10.265984211204819,-25.5762301570078,-115.80595183782731
288.546981114934,-46.60845459664063,1.000000000000001,-10.269426633355637,-25.586998428205057,-115.46775706663489
288.5531569458145,-46.63605321333093,1.0000000000000013,-10.27286207943615,-25.59775730852339,-115.12976611322459
288.55933103915896,-46.66365505904261,1.0000000000000013,-10.276290568056659,-25.60850674718828,-114.79197887009619
288.56550337120234,-46.691260143166105,1.0000000000000013,-10.27971211788413,-25.61924669341292,-114.45439522974954
288.5716739181274,-46.71886847509451,1.0000000000000013,-10.28312674764244,-25.629977096398182,-114.11701508468448
288.5778426560643,-46.74648006422366,1.0000000000000013,-10.286534476112406,-25.64069790533259,-113.7798383274009
288.58400956109074,-46.77409491995206,1.0000000000000016,-10.28993532213183,-25.651409069392265,-113.44286485039864
288.5901746092311,-46.801713051680856,1.0000000000000013,-10.293329304595687,-25.662110537740936,-113.10609454617749
288.59633777645706,-46.829334468813876,1.0000000000000016,-10.296716442456042,-25.672802259529856,-112.76952730723737
288.60249903868663,-46.85695918075756,1.0000000000000013,-10.300096754722329,-25.683484183897797,-112.43316302607799
288.60865837178443,-46.88458719692101,1.0000000000000016,-10.303470260461225,-25.69415625997097,-112.0970015951994
288.61481575156114,-46.91221852671588,1.0000000000000013,-10.306836978797007,-25.704818436863064,-111.7610429071013
288.62097115377344,-46.93985317955651,1.000000000000001,-10.310196928911399,-25.71547066367518,-111.42528685428356
288.62712455412384,-46.96749116485974,1.0000000000000013,-10.31355013004368,-25.726112889495727,-111.0897333292461
288.6332759282604,-46.99513249204501,1.0000000000000013,-10.31689660149095,-25.736745063400488,-110.75438222448868
288.6394252517763,-47.02277717053436,1.0000000000000013,-10.32023636260802,-25.74736713445255,-110.41923343251116
288.64557250020994,-47.050425209752305,1.0000000000000013,-10.323569432807584,-25.757979051702225,-110.0842868458135
288.6517176490446,-47.07807661912595,1.0000000000000013,-10.326895831560359,-25.768580764187046,-109.74954235689529
288.6578606737081,-47.10573140808486,1.0000000000000016,-10.330215578394988,-25.779172220931756,-109.41499985825668
288.66400154957273,-47.133389586061156,1.0000000000000016,-10.333528692898339,-25.789753370948205,-109.08065924239727
288.6701402519548,-47.16105116248939,1.0000000000000013,-10.33683519471549,-25.80032416323539,-108.74652040181705
288.6762767561147,-47.188716146806655,1.0000000000000016,-10.34013510354979,-25.81088454677933,-108.41258322901581
288.68241103725643,-47.216384548452424,1.000000000000001,-10.343428439163006,-25.821434470553115,-108.07884761649345
288.68854307052754,-47.24405637686868,1.000000000000001,-10.34671522137535,-25.831973883516792,-107.74531345674974
288.69467283101864,-47.2717316414998,1.0000000000000013,-10.349995470065636,-25.84250273461739,-107.41198064228462
288.70080029376345,-47.29941035179259,1.0000000000000009,-10.353269205171339,-25.853020972788823,-107.0788490655978
288.70692543373855,-47.327092517196256,1.0000000000000013,-10.356536446688624,-25.863528546951894,-106.74591861918925
288.71304822586274,-47.354778147162364,1.000000000000001,-10.359797214672557,-25.874025406014233,-106.41318919555876
288.71916864499735,-47.382467251144895,1.000000000000001,-10.363051529237042,-25.884511498870264,-106.08066068720613
288.7252866659458,-47.410159838600165,1.000000000000001,-10.366299410554998,-25.894986774401172,-105.74833298663138
288.73140226345294,-47.43785591898681,1.000000000000001,-10.369540878858542,-25.905451181474806,-105.41620598633412
288.73751541220554,-47.465555501765806,1.0000000000000013,-10.372775954438799,-25.91590466894575,-105.08427957881452
288.7436260868315,-47.49325859640048,1.000000000000001,-10.376004657646316,-25.926347185655203,-104.75255365657205
288.74973426189985,-47.5209652123564,1.000000000000001,-10.379227008890904,-25.93677868043091,-104.42102811210674
288.7558399119204,-47.548675359101416,1.000000000000001,-10.382443028641859,-25.94719910208718,-104.08970283791851
288.7619430113436,-47.57638904610569,1.000000000000001,-10.385652737427975,-25.957608399424846,-103.75857772650703
288.76804353456,-47.60410628284157,1.000000000000001,-10.388856155837736,-25.968006521231178,-103.42765267037234
288.7741414559004,-47.631827078783694,1.0000000000000009,-10.392053304519296,-25.97839341627986,-103.09692756201405
288.7802367496356,-47.65955144340887,1.000000000000001,-10.395244204180559,-25.988769033330964,-102.76640229393225
288.7863293899756,-47.68727938619616,1.000000000000001,-10.39842887558939,-25.999133321130895,-102.43607675862665
288.7924193510699,-47.71501091662677,1.0000000000000013,-10.401607339573664,-26.009486228412317,-102.10595084859709
288.7985066070071,-47.74274604418408,1.000000000000001,-10.404779617021237,-26.019827703894165,-101.77602445634346
288.80459113181445,-47.77048477835365,1.000000000000001,-10.407945728880177,-26.030157696281556,-101.44629747436566
288.810672899458,-47.79822712862314,1.000000000000001,-10.411105696158792,-26.040476154265765,-101.11676979516348
288.8167518838418,-47.82597310448238,1.000000000000001,-10.414259539925709,-26.05078302652415,-100.78744131123666
288.8228280588081,-47.85372271542325,1.0000000000000013,-10.41740728131004,-26.061078261720162,-100.45831191508526
288.828901398137,-47.88147597093978,1.0000000000000009,-10.420548941501362,-26.071361808503283,-100.1293814992089
288.8349718755459,-47.90923288052804,1.000000000000001,-10.423684541749914,-26.081633615508892,-99.80064995610758
288.8410394646895,-47.93699345368611,1.000000000000001,-10.426814103366592,-26.091893631358346,-99.47211717828115
288.8471041391597,-47.9647576999142,1.000000000000001,-10.429937647723103,-26.10214180465889,-99.14378305822936
288.8531658724848,-47.992525628714496,1.000000000000001,-10.43305519625207,-26.11237808400356,-98.81564748845213
288.8592246381297,-48.02029724959118,1.000000000000001,-10.436166770447059,-26.12260241797118,-98.4877103614493
288.8652804094956,-48.04807257205045,1.000000000000001,-10.439272391862692,-26.132814755126333,-98.15997156972068
288.8713331599194,-48.075851605600455,1.000000000000001,-10.4423720821148,-26.14301504401926,-97.83243100576617
288.87738286267376,-48.1036343597513,1.0000000000000013,-10.445465862880457,-26.153203233185817,-97.50508856208552
288.8834294909667,-48.13142084401503,1.000000000000001,-10.448553755897999,-26.163379271147527,-97.17794413117873
288.8894730179413,-48.159211067905645,1.0000000000000013,-10.45163578296733,-26.17354310641138,-96.85099760554549
288.89551341667556,-48.18700504093899,1.0000000000000009,-10.454711965949791,-26.183694687469867,-96.52424887768566
288.9015506601819,-48.21480277263283,1.000000000000001,-10.45778232676838,-26.19383396280093,-96.19769784009921
288.90758472140703,-48.24260427250679,1.000000000000001,-10.460846887407845,-26.20396088086789,-95.8713443852859
288.9136155732319,-48.27040955008234,1.000000000000001,-10.46390566991464,-26.214075390119408,-95.54518840574559
288.91964318847073,-48.2982186148828,1.000000000000001,-10.466958696397228,-26.22417743898944,-95.2192297939781
288.9256675398716,-48.32603147643329,1.000000000000001,-10.470005989025992,-26.234266975897164,-94.89346844248335
288.9316886001155,-48.353848144260716,1.000000000000001,-10.47304757003346,-26.244343949246932,-94.56790424376118
288.9377063418163,-48.381668627893795,1.000000000000001,-10.476083461714346,-26.254408307428243,-94.24253709031134
288.94372073752055,-48.40949293686298,1.0000000000000009,-10.479113686425562,-26.264459998815695,-93.91736687463374
288.94973175970705,-48.437321080700464,1.000000000000001,-10.482138266586468,-26.274498971768836,-93.59239348922823
288.9557393807866,-48.46515306894019,1.000000000000001,-10.485157224678886,-26.28452517463227,-93.26761682659458
288.96174357310167,-48.49298891111777,1.000000000000001,-10.488170583247179,-26.294538555735468,-92.94303677923278
288.96774430892634,-48.52082861677052,1.000000000000001,-10.491178364898344,-26.30453906339276,-92.6186532396425
288.9737415604656,-48.54867219543743,1.000000000000001,-10.494180592302188,-26.314526645903335,-92.2944661003238
288.9797352998554,-48.57651965665914,1.000000000000001,-10.4971772881913,-26.324501251551066,-91.97047525377637
288.9857254991623,-48.60437100997791,1.000000000000001,-10.500168475361228,-26.334462828604597,-91.64668059250009
288.99171213038295,-48.63222626493761,1.000000000000001,-10.503154176670643,-26.344411325317143,-91.32308200899485
288.9976951654441,-48.66008543108373,1.000000000000001,-10.50613441504119,-26.354346689926558,-90.9996793957604
289.0036745762022,-48.68794851796328,1.000000000000001,-10.509109213457856,-26.364268870655206,-90.67647264529673
289.00965033444277,-48.71581553512488,1.0000000000000013,-10.512078594968944,-26.374177815709917,-90.35346165010353
289.0156224118807,-48.74368649211866,1.0000000000000013,-10.515042582686185,-26.38407347328194,-90.0306463026807
289.02159078015956,-48.77156139849626,1.000000000000001,-10.518001199784747,-26.393955791546915,-89.70802649552812
289.0275554108512,-48.79944026381082,1.000000000000001,-10.52095446950349,-26.403824718664723,-89.38560212114564
289.03351627545584,-48.827323097616954,1.0000000000000013,-10.523902415145029,-26.413680202779496,-89.06337307203309
289.0394733454014,-48.855209909470744,1.000000000000001,-10.526845060075646,-26.42352219201961,-88.7413392406903
289.04542659204327,-48.8831007089297,1.000000000000001,-10.529782427725682,-26.433350634497486,-88.41950051961712
289.0513759866643,-48.91099550555275,1.0000000000000013,-10.532714541589362,-26.443165478309645,-88.09785680131344
289.0573215004739,-48.93889430890022,1.000000000000001,-10.535641425225137,-26.45296667153662,-87.77640797827904
289.06326310460844,-48.96679712853378,1.000000000000001,-10.538563102255528,-26.46275416224285,-87.45515394301384
289.06920077013024,-48.99470397401652,1.000000000000001,-10.541479596367465,-26.47252789847667,-87.13409458801762
289.0751344680277,-49.022614854912796,1.000000000000001,-10.544390931312229,-26.482287828270234,-86.81322980579027
289.0810641692149,-49.05052978078834,1.000000000000001,-10.547297130905594,-26.49203389963946,-86.49255948883157
