galstreams/tracks/track.st.M68-Fjorm.ibata2021.ecsv
# %ECSV 1.0
# ---
# datatype:
# - {name: ra, unit: deg, datatype: float64}
# - {name: dec, unit: deg, datatype: float64}
# - {name: distance, unit: kpc, datatype: float64}
# - {name: pm_ra_cosdec, unit: mas / yr, datatype: float64}
# - {name: pm_dec, unit: mas / yr, datatype: float64}
# - {name: radial_velocity, unit: km / s, datatype: float64}
# delimiter: ','
# meta: !!omap
# - __serialized_columns__:
#     dec:
#       __class__: astropy.coordinates.angles.Latitude
#       unit: &id001 !astropy.units.Unit {unit: deg}
#       value: !astropy.table.SerializedColumn {name: dec}
#     distance:
#       __class__: astropy.coordinates.distances.Distance
#       unit: !astropy.units.Unit {unit: kpc}
#       value: !astropy.table.SerializedColumn {name: distance}
#     pm_dec:
#       __class__: astropy.units.quantity.Quantity
#       unit: !astropy.units.Unit {unit: mas / yr}
#       value: !astropy.table.SerializedColumn {name: pm_dec}
#     pm_ra_cosdec:
#       __class__: astropy.units.quantity.Quantity
#       unit: !astropy.units.Unit {unit: mas / yr}
#       value: !astropy.table.SerializedColumn {name: pm_ra_cosdec}
#     ra:
#       __class__: astropy.coordinates.angles.Longitude
#       unit: *id001
#       value: !astropy.table.SerializedColumn {name: ra}
#       wrap_angle: !astropy.coordinates.Angle
#         unit: *id001
#         value: 360.0
#     radial_velocity:
#       __class__: astropy.units.quantity.Quantity
#       unit: !astropy.units.Unit {unit: km / s}
#       value: !astropy.table.SerializedColumn {name: radial_velocity}
# schema: astropy-2.0
ra,dec,distance,pm_ra_cosdec,pm_dec,radial_velocity
[from data line 8496]
206.9283439794624,37.62473483454269,5.643895153026875,-0.5685294685344,5.687573051817661,-77.73510356101043
206.9335175068079,37.63404240259961,5.64378319294839,-0.5676482469212925,5.687940722409019,-77.73475347137169
206.93869277408098,37.643349609822984,5.643671255367207,-0.566766830503262,5.688308076498911,-77.7344012941116
206.94386978216912,37.65265645601292,5.64355934035577,-0.5658852192408861,5.688675113928831,-77.73404702920251
206.94904853196036,37.661962940969474,5.643447447986521,-0.565003413094745,5.6890418345402125,-77.7336906766168
206.95422902434325,37.67126906449244,5.6433355783319055,-0.5641214120254157,5.689408238174433,-77.73333223632702
206.95941126020702,37.680574826381516,5.643223731464363,-0.5632392159934798,5.689774324672814,-77.73297170830551
206.96459524044124,37.689880226436266,5.643111907456339,-0.5623568249595317,5.690140093876609,-77.73260909252467
206.9697809659362,37.699185264456105,5.643000106380275,-0.5614742388841512,5.690505545627025,-77.73224438895693
206.97496843758262,37.708489940240206,5.642888328308612,-0.5605914577279396,5.690870679765205,-77.73187759757475
206.98015765627179,37.717794253587726,5.642776573313796,-0.559708481451493,5.691235496132229,-77.73150871835045
206.9853486228956,37.72709820429756,5.642664841468268,-0.5588253100154077,5.691599994569128,-77.73113775125647
206.99054133834645,37.73640179216851,5.642553132844473,-0.5579419433802859,5.691964174916859,-77.73076469626534
206.99573580351722,37.74570501699924,5.64244144751485,-0.5570583815067374,5.692328037016338,-77.73038955334937
207.00093201930144,37.755007878588216,5.642329785551845,-0.5561746243553669,5.692691580708414,-77.73001232248096
207.00612998659318,37.76431037673377,5.642218147027899,-0.5552906718867909,5.693054805833874,-77.72963300363254
207.01132970628694,37.77361251123408,5.6421065320154575,-0.5544065240616263,5.6934177122334475,-77.72925159677659
207.01653117927788,37.7829142818872,5.641994940586959,-0.5535221808404889,5.693780299747811,-77.72886810188547
207.0217344064617,37.792215688491,5.641883372814851,-0.5526376421840054,5.6941425682175755,-77.72848251893164
207.02693938873455,37.801516730843225,5.641771828771573,-0.5517529080528032,5.694504517483294,-77.7280948478874
207.03214612699327,37.81081740874143,5.641660308529568,-0.5508679784075095,5.694866147385465,-77.72770508872526
207.03735462213513,37.82011772198305,5.641548812161281,-0.549982853208761,5.69522745776452,-77.72731324141766
207.04256487505802,37.829417670365345,5.641437339739153,-0.5490975324171927,5.695588448460837,-77.726919305937
207.04777688666036,37.83871725368546,5.641325891335627,-0.5482120159934492,5.695949119314736,-77.72652328225566
207.05299065784112,37.84801647174036,5.641214467023148,-0.5473263038981706,5.696309470166472,-77.72612517034605
207.05820618949974,37.85731532432685,5.641103066874155,-0.546440396092013,5.696669500856244,-77.72572497018055
207.06342348253636,37.866613811241585,5.640991690961092,-0.5455542925356238,5.697029211224191,-77.72532268173167
207.0686425378516,37.8759119322811,5.640880339356406,-0.5446679931896612,5.697388601110392,-77.7249183049718
207.07386335634655,37.88520968724172,5.640769012132534,-0.5437814980147864,5.697747670354873,-77.72451183987336
207.07908593892296,37.89450707591969,5.640657709361921,-0.542894806971665,5.698106418797589,-77.7241032864087
207.08431028648315,37.90380409811103,5.640546431117012,-0.5420079200209602,5.698464846278441,-77.72369264455031
207.08953639992987,37.913100753611666,5.640435177470248,-0.54112083712335,5.698822952637272,-77.72327991427058
207.09476428016652,37.92239704221731,5.6403239484940695,-0.5402335582395068,5.699180737713869,-77.72286509554186
207.09999392809698,37.93169296372356,5.640212744260923,-0.5393460833301154,5.699538201347945,-77.72244818833668
207.1052253446258,37.940988517925874,5.640101564843248,-0.5384584123558569,5.699895343379172,-77.72202919262742
207.11045853065798,37.95028370461956,5.639990410313492,-0.5375705452774202,5.700252163647145,-77.72160810838635
207.11569348709912,37.95957852359967,5.639879280744094,-0.5366824820554994,5.700608661991408,-77.72118493558618
207.12093021485526,37.96887297466123,5.639768176207498,-0.5357942226507957,5.70096483825145,-77.72075967419907
207.1261687148332,37.978167057599066,5.639657096776144,-0.5349057670240058,5.701320692266689,-77.72033232419754
207.13140898794018,37.987460772207825,5.63954604252248,-0.534017115135835,5.701676223876488,-77.71990288555396
207.1366510350839,37.99675411828203,5.6394350135189475,-0.5331282669469988,5.702031432920151,-77.71947135824085
207.14189485717287,38.00604709561606,5.639324009837986,-0.5322392224182049,5.702386319236923,-77.71903774223043
207.14714045511585,38.015339704004084,5.63921303155204,-0.5313499815101816,5.702740882665983,-77.71860203749533
207.1523878298224,38.02463194324017,5.639102078733555,-0.5304605441836467,5.703095123046454,-77.71816424400781
207.15763698220255,38.033923813118214,5.638991151454971,-0.5295709103993271,5.7034490402174,-77.7177243617404
207.1628879131668,38.04321531343194,5.63888024978873,-0.5286810801179613,5.703802634017826,-77.71728239066543
207.16814062362636,38.05250644397497,5.638769373807276,-0.527791053300283,5.7041559042866705,-77.71683833075532
207.1733951144929,38.06179720454069,5.638658523583054,-0.5269008299070346,5.704508850862812,-77.71639218198251
207.1786513866787,38.07108759492239,5.638547699188503,-0.5260104098989644,5.70486147358508,-77.71594394431943
207.18390944109652,38.08037761491318,5.638436900696068,-0.5251197932368212,5.705213772292229,-77.71549361773853
207.1891692786598,38.08966726430604,5.638326128178194,-0.5242289798813657,5.7055657468229555,-77.71504120221218
207.19443090028238,38.098956542893774,5.638215381707319,-0.5233379697933569,5.7059173970159085,-77.7145866977127
207.19969430687883,38.108245450469035,5.638104661355888,-0.5224467629335621,5.7062687227096625,-77.71413010421264
207.20495949936415,38.1175339868243,5.637993967196344,-0.5215553592627491,5.706619723742735,-77.71367142168437
207.21022647865396,38.12682215175193,5.63788329930113,-0.5206637587416978,5.706970399953587,-77.71321065010032
207.21549524566447,38.13610994504408,5.63777265774269,-0.5197719613311858,5.707320751180611,-77.71274778943291
207.22076580131235,38.14539736649281,5.637662042593463,-0.5188799669920012,5.7076707772621464,-77.71228283965453
207.22603814651495,38.15468441588999,5.637551453925895,-0.5179877756849347,5.7080204780364685,-77.71181580073754
207.23131228219003,38.163971093027286,5.637440891812429,-0.5170953873707838,5.708369853341791,-77.71134667265454
207.2365882092561,38.1732573976963,5.6373303563255055,-0.5162028020103469,5.708718903016269,-77.7108754553777
207.24186592863208,38.18254332968842,5.637219847537571,-0.5153100195644336,5.709067626897992,-77.7104021488796
207.24714544123754,38.19182888879489,5.637109365521065,-0.5144170399938539,5.709416024824998,-77.70992675313263
207.25242674799253,38.20111407480679,5.63699891034843,-0.5135238632594268,5.70976409663525,-77.7094492681092
207.2577098498178,38.210398887515055,5.63688848209211,-0.5126304893219715,5.710111842166663,-77.7089696937817
207.2629947476345,38.219683326710445,5.636778080824549,-0.511736918142315,5.710459261257082,-77.70848803012255
207.26828144236444,38.228967392183584,5.636667706618189,-0.5108431496812993,5.710806353744297,-77.7080042771042
207.27356993493004,38.23825108372491,5.636557359545475,-0.5099491838997525,5.711153119466031,-77.70751843469905
207.27886022625412,38.24753440112477,5.636447039678843,-0.5090550207585247,5.7114995582599555,-77.70703050287948
207.28415231726024,38.25681734417326,5.636336747090743,-0.5081606602184636,5.711845669963666,-77.70654048161796
207.28944620887242,38.266099912660366,5.636226481853614,-0.5072661022404255,5.712191454414707,-77.7060483708868
207.29474190201532,38.275382106375915,5.6361162440399,-0.5063713467852708,5.7125369114505595,-77.70555417065859
207.30003939761406,38.2846639251096,5.636006033722043,-0.5054763938138662,5.712882040908646,-77.70505788090554
207.30533869659442,38.293945368650874,5.635895850972489,-0.5045812432870833,5.713226842626318,-77.70455950160027
207.31063979988272,38.303226436789124,5.635785695863677,-0.503685895165801,5.7135713164408735,-77.70405903271514
207.31594270840586,38.31250712931356,5.6356755684680495,-0.5027903494109025,5.713915462189554,-77.7035564742224
207.32124742309125,38.321787446013175,5.6355654688580525,-0.5018946059832783,5.714259279709523,-77.70305182609464
207.32655394486696,38.33106738667686,5.635455397106127,-0.5009986648438232,5.714602768837894,-77.7025450883042
207.33186227466155,38.34034695109331,5.635345353284717,-0.5001025259534391,5.714945929411717,-77.70203626082358
207.33717241340418,38.3496261390511,5.6352353374662645,-0.4992061892730302,5.715288761267981,-77.70152534362512
207.34248436202458,38.35890495033863,5.635125349723212,-0.49830965476351574,5.71563126424361,-77.7010123366812
207.34779812145305,38.36818338474412,5.635015390128,-0.4974129223858097,5.715973438175471,-77.70049723996435
207.35311369262044,38.37746144205564,5.634905458753077,-0.4965159921008446,5.716315282900359,-77.69998005344691
207.3584310764582,38.38673912206113,5.634795555670883,-0.4956188638695451,5.716656798255018,-77.69946077710127
207.36375027389835,38.39601642454834,5.634685680953858,-0.49472153765285176,5.716997984076132,-77.6989394108999
207.36907128587345,38.40529334930486,5.6345758346744494,-0.49382401341170823,5.717338840200306,-77.69841595481518
207.3743941133166,38.41456989611813,5.6344660169050975,-0.4929262911070649,5.717679366464098,-77.69789040881957
207.37971875716164,38.42384606477544,5.634356227718245,-0.4920283706998796,5.718019562704003,-77.69736277288544
207.38504521834273,38.433121855063874,5.634246467186336,-0.49113025215111517,5.718359428756443,-77.69683304698523
207.39037349779483,38.44239726677042,5.634136735381812,-0.4902319354217419,5.718698964457791,-77.69630123109131
207.39570359645333,38.45167229968185,5.6340270323771175,-0.48933342047273065,5.719038169644348,-77.6957673251762
207.40103551525425,38.46094695358483,5.633917358244694,-0.48843470726507077,5.719377044152359,-77.69523132921222
207.4063692551342,38.4702212282658,5.633807713056985,-0.4875357957597459,5.7197155878179995,-77.69469324317184
207.41170481703028,38.47949512351109,5.633698096886431,-0.48663668591775266,5.7200538004773955,-77.6941530670274
207.4170422018803,38.48876863910686,5.633588509805479,-0.48573737770009595,5.7203916819665945,-77.6936108007514
207.4223814106225,38.49804177483909,5.633478951886569,-0.48483787106777987,5.720729232121588,-77.6930664443162
207.42772244419578,38.5073145304936,5.633369423202144,-0.48393816598182493,5.721066450778311,-77.69251999769422
207.43306530353962,38.51658690585609,5.633259923824647,-0.48303826240324765,5.721403337772628,-77.69197146085794
207.43840998959402,38.52585890071204,5.63315045382652,-0.4821381602930819,5.721739892940344,-77.6914208337797
207.44375650329962,38.53513051484679,5.6330410132802085,-0.4812378596123619,5.722076116117199,-77.69086811643194
207.44910484559756,38.54440174804553,5.6329316022581555,-0.48033736032213215,5.722412007138869,-77.69031330878715
207.45445501742964,38.5536726000933,5.6328222208328,-0.47943666238343585,5.722747565840978,-77.68975641081758
207.45980701973818,38.562943070774956,5.6327128690765855,-0.47853576575733614,5.723082792059074,-77.68919742249574
207.46516085346613,38.57221315987517,5.632603547061956,-0.47763467040489305,5.7234176856286485,-77.68863634379407
207.47051651955695,38.58148286717848,5.632494254861357,-0.47673337628717993,5.723752246385127,-77.688073174685
207.47587401895473,38.590752192469274,5.632384992547228,-0.47583188336527327,5.724086474163872,-77.68750791514084
207.48123335260408,38.60002113553176,5.6322757601920115,-0.47493019160025884,5.724420368800189,-77.68694056513411
207.4865945214503,38.609289696149986,5.6321665578681515,-0.47402830095322956,5.7247539301293155,-77.68637112463713
207.49195752643914,38.61855787410783,5.632057385648092,-0.4731262113852792,5.725087157986422,-77.68579959362239
207.497322368517,38.62782566918901,5.631948243604274,-0.4722239228575189,5.725420052206626,-77.68522597206233
207.50268904863088,38.63709308117708,5.63183913180914,-0.47132143533106285,5.725752612624973,-77.68465025992927
207.5080575677283,38.646360109855436,5.631730050335134,-0.4704187487670324,5.726084839076442,-77.6840724571957
207.5134279267574,38.65562675500731,5.6316209992547,-0.4695158631265528,5.726416731395963,-77.68349256383405
207.51880012666692,38.664893016415796,5.631511978640279,-0.46861277837076365,5.72674828941839,-77.68291057981662
207.5241741684061,38.674158893863755,5.6314029885643135,-0.467709494460812,5.727079512978518,-77.68232650511597
207.52955005292483,38.68342438713396,5.631294029099246,-0.4668060113578423,5.727410401911078,-77.68174033970433
207.5349277811736,38.69268949600895,5.631185100317523,-0.4659023290230162,5.72774095605074,-77.68115208355437
207.54030735410342,38.701954220271176,5.631076202291582,-0.4649984474174995,5.728071175232104,-77.68056173663831
207.54568877266593,38.711218559702864,5.630967335093869,-0.4640943665024695,5.728401059289713,-77.67996929892861
207.55107203781333,38.72048251408611,5.630858498796827,-0.4631900862391034,5.728730608058042,-77.67937477039776
207.55645715049843,38.729746083202826,5.6307496934728976,-0.4622856065885932,5.729059821371505,-77.67877815101801
207.56184411167456,38.739009266834756,5.630640919194525,-0.46138092751213833,5.729388699064449,-77.678179440762
207.56723292229574,38.748272064763505,5.630532176034149,-0.46047604897094185,5.729717240971165,-77.67757863960193
207.57262358331644,38.75753447677048,5.630423464064216,-0.45957097092622057,5.730045446925864,-77.67697574751037
207.57801609569185,38.766796502636964,5.630314783357168,-0.4586656933391895,5.7303733167627104,-77.67637076445968
207.58341046037768,38.77605814214405,5.630206133985446,-0.45776021617108364,5.730700850315795,-77.67576369042216
207.58880667833017,38.78531939507264,5.630097516021495,-0.45685453938313936,5.731028047419149,-77.67515452537043
207.5942047505063,38.794580261203514,5.629988929537755,-0.4559486629366014,5.731354907906736,-77.67454326927678
207.59960467786348,38.80384074031727,5.629880374606673,-0.45504258679272347,5.731681431612456,-77.67392992211367
207.6050064613598,38.81310083219436,5.629771851300688,-0.45413631091276674,5.732007618370151,-77.67331448385352
207.6104101019539,38.82236053661503,5.629663359692244,-0.4532298352580013,5.732333468013584,-77.6726969544687
207.615815600605,38.83161985335936,5.629554899853787,-0.4523231597897084,5.7326589803764705,-77.67207733393165
207.62122295827297,38.84087878220733,5.629446471857753,-0.45141628446917226,5.732984155292453,-77.67145562221482
207.62663217591822,38.850137322938686,5.629338075776591,-0.45050920925768656,5.73330899259511,-77.67083181929056
207.6320432545017,38.85939547533302,5.629229711682741,-0.44960193411655913,5.733633492117956,-77.67020592513136
207.63745619498505,38.8686532391698,5.6291213796486455,-0.4486944590070969,5.7339576536944445,-77.66957793970953
207.64287099833044,38.87791061422827,5.629013079746748,-0.44778678389062776,5.734281477157958,-77.66894786299761
207.64828766550062,38.88716760028752,5.628904812049495,-0.44687890872847413,5.734604962341818,-77.66831569496793
207.653706197459,38.896424197126514,5.6287965766293215,-0.44597083348197764,5.7349281090792825,-77.66768143559288
207.6591265951695,38.90568040452401,5.628688373558679,-0.44506255811248074,5.735250917203542,-77.66704508484503
207.6645488595967,38.914936222258625,5.628580202910002,-0.4441540825813428,5.7355733865477285,-77.66640664269659
207.66997299170566,38.92419165010877,5.628472064755738,-0.44324540684992764,5.735895516944899,-77.66576610912013
207.67539899246222,38.933446687852715,5.628363959168332,-0.4423365308796039,5.7362173082280545,-77.66512348408799
