galstreams/tracks/track.st.C-8.ibata2020.ecsv
# %ECSV 0.9
# ---
# datatype:
# - {name: ra, unit: deg, datatype: float64}
# - {name: dec, unit: deg, datatype: float64}
# - {name: distance, unit: kpc, datatype: float64}
# - {name: pm_ra_cosdec, unit: mas / yr, datatype: float64}
# - {name: pm_dec, unit: mas / yr, datatype: float64}
# - {name: radial_velocity, unit: km / s, datatype: float64}
# delimiter: ','
# meta: !!omap
# - __serialized_columns__:
#     dec:
#       __class__: astropy.coordinates.angles.Latitude
#       unit: &id001 !astropy.units.Unit {unit: deg}
#       value: !astropy.table.SerializedColumn {name: dec}
#     distance:
#       __class__: astropy.coordinates.distances.Distance
#       unit: !astropy.units.Unit {unit: kpc}
#       value: !astropy.table.SerializedColumn {name: distance}
#     pm_dec:
#       __class__: astropy.units.quantity.Quantity
#       unit: !astropy.units.Unit {unit: mas / yr}
#       value: !astropy.table.SerializedColumn {name: pm_dec}
#     pm_ra_cosdec:
#       __class__: astropy.units.quantity.Quantity
#       unit: !astropy.units.Unit {unit: mas / yr}
#       value: !astropy.table.SerializedColumn {name: pm_ra_cosdec}
#     ra:
#       __class__: astropy.coordinates.angles.Longitude
#       unit: *id001
#       value: !astropy.table.SerializedColumn {name: ra}
#       wrap_angle: !astropy.coordinates.Angle
#         unit: *id001
#         value: 360.0
#     radial_velocity:
#       __class__: astropy.units.quantity.Quantity
#       unit: !astropy.units.Unit {unit: km / s}
#       value: !astropy.table.SerializedColumn {name: radial_velocity}
# schema: astropy-2.0
ra,dec,distance,pm_ra_cosdec,pm_dec,radial_velocity
[from data line 140]
342.1877081829903,-75.39028252270897,3.2725309437016827,8.247670309188058,6.787812222402689,-4.210383564936169e-14
342.2257007993685,-75.34215906315647,3.270558100120022,8.241172963872863,6.78719338780394,-2.1051917824680846e-14
342.2645871698684,-75.29406083821263,3.2687300820766785,8.234529853299435,6.786437586377952,-4.631421921429786e-14
342.30438924762797,-75.24598817529669,3.2670498538111423,8.227739841419895,6.785543709821531,-4.631421921429786e-14
342.34512872596974,-75.19794137086852,3.265520379562911,8.220801853987519,6.784510594966757,-2.947268495455318e-14
342.38682704308377,-75.1499206894197,3.264144623571475,8.213714879073397,6.783337024310104,-2.947268495455318e-14
342.42950538659517,-75.10192636244567,3.2629255500763272,8.206477967606268,6.782021726537867,-3.789345208442552e-14
342.47318469801655,-75.0539585873993,3.261866123316962,8.199090233935438,6.780563377048543,-4.210383564936169e-14
342.5178856770855,-75.00601752662641,3.260969307532871,8.191550856417031,6.778960598472645,-1.6841534259744676e-14
342.56362878598685,-74.95810330628343,3.2602380669635496,8.183859078023488,6.777211961190466,-1.6841534259744676e-14
342.610434253462,-74.91021601523784,3.259675365848488,8.17601420697643,6.77531598384842,-8.420767129872338e-15
342.6583220788022,-74.86235570395155,3.259284168427182,8.168015617402897,6.773271133874334,-1.6841534259744676e-14
342.7073120357288,-74.8145223833479,3.2590674389391237,8.159862750015039,6.771075827992396,-8.420767129872338e-15
342.7574236761593,-74.76671602366233,3.259028141623806,8.151555112813234,6.768728432738124,-8.420767129872338e-15
342.8086763338589,-74.7189365532773,3.2591692407207224,8.143092281812628,6.766227264974068,-1.6841534259744676e-14
342.8610891279782,-74.67118385754183,3.2594937004693647,8.134473901793207,6.763570592406594,-2.5262301389617013e-14
342.9146809664769,-74.62345777757587,3.260004485109229,8.12569968707324,6.760756634104432,-3.789345208442552e-14
342.96947054943325,-74.57575810906,3.2607045588798056,8.116769422306222,6.757783561019528,-2.1051917824680846e-14
343.02547637223876,-74.52808460101083,3.2615968860205884,8.107682963301183,6.754649496510574,-4.210383564936169e-15
343.0827167286788,-74.48043695454221,3.262684430771071,8.098440237866345,6.751352516870036,-4.210383564936169e-15
343.1412097138982,-74.43281482161291,3.2639701573707467,8.089041246676166,6.747890651854982,-2.5262301389617013e-14
343.2009732272522,-74.38521780376097,3.2654570300591073,8.079486064161502,6.744261885222491,-2.5262301389617013e-14
343.2620249750415,-74.33764545082504,3.2671480130756474,8.069774839423062,6.740464155269972,-2.1051917824680846e-14
343.32438247313246,-74.29009725965294,3.26904607065986,8.059907797167853,6.7364953553812015,-1.2631150694808506e-14
343.3880630494609,-74.24257267279826,3.271154167051237,8.049885238668622,6.73235333457849,-2.1051917824680846e-14
343.45308384641993,-74.19507107720459,3.273475266489273,8.039707542746147,6.728035898081646,-3.368306851948935e-14
343.51946182313065,-74.14759180287842,3.27601233321346,8.029375166774198,6.723540807874277,0.0
343.58721375759654,-74.10013412155072,3.278768331463291,8.018888647707119,6.7188657832780585,-4.210383564936169e-15
343.6563562487395,-74.05269724532747,3.281746225478261,8.008248603129719,6.714008501535564,-1.6841534259744676e-14
343.72690571831856,-74.0052803253297,3.28494897949786,7.997455732329389,6.708966598402316,-4.210383564936169e-15
343.7988784127295,-73.95788245032328,3.2883795577615844,7.9865108173902435,6.7037376687484835,-4.210383564936169e-15
343.87229040468617,-73.91050264533898,3.2920409245089246,7.975414724308937,6.6983192671711995,-2.5262301389617013e-14
343.94715759478163,-73.86313987028265,3.295936043979377,7.964168404132041,6.692708908617779,-4.210383564936169e-15
344.02349571292956,-73.81579301853668,3.3000678804124317,7.952772894114706,6.686904069020676,8.420767129872338e-15
344.1013203196851,-73.76846091555242,3.304439398047583,7.941229318900169,6.680902185944802,0.0
344.1806468074444,-73.72114231743424,3.3090535611243235,7.929538891719997,6.674700659247848,-4.210383564936169e-15
344.26149040152274,-73.67383590951562,3.3139133338821467,7.917702915614569,6.668296851754233,1.6841534259744676e-14
344.3438661611093,-73.62654030492766,3.319021680560546,7.905722784673545,6.661688089943416,-2.5262301389617013e-14
344.42778898010073,-73.57925404316016,3.324381565399013,7.893599985295816,6.654871664653277,-8.420767129872338e-15
344.5132735878093,-73.53197558861618,3.3299959526370437,7.881336097468633,6.647844831799086,8.420767129872338e-15
344.60033454954845,-73.48470332915994,3.3358678065141296,7.868932796065444,6.640604813109006,-8.420767129872338e-15
344.6889862670928,-73.43743557465892,3.342000091269763,7.8563918521618525,6.633148796876623,-2.5262301389617013e-14
344.7792429790133,-73.3901705555203,3.348395771143439,7.843715134369356,6.625473938731321,0.0
344.871118760886,-73.3429064212225,3.3550578103746482,7.830904610186253,6.6175773624271566,1.2631150694808506e-14
344.9646275253749,-73.29564123884184,3.3619891732028853,7.8179623473651025,6.609456160651009,-1.2631150694808506e-14
345.05978302218796,-73.2483729915754,3.369192823867644,7.804890515296209,6.601107395850753,1.2631150694808506e-14
345.1565988379043,-73.20109957725982,3.376671726608416,7.7916913864064945,6.592528101083994,-8.420767129872338e-15
345.2550883956752,-73.15381880688736,3.3844288456646954,7.778367337572979,6.58371528088845,4.210383564936169e-15
345.3552649547951,-73.10652840311904,3.392467145275975,7.764920851550313,6.574665912174343,-1.2631150694808506e-14
345.45714161014405,-73.0592259987958,3.4007895896817484,7.751354518411459,6.565376945139835,-2.5262301389617013e-14
345.56073129150076,-73.01190913544804,3.4093991431215076,7.737671037000864,6.555845304210078,8.420767129872338e-15
345.6660467627254,-72.96457526180428,3.418298769834747,7.723873216399192,6.546067889000698,0.0
345.7731006208126,-72.91722173229932,3.4274914340609586,7.709963977398751,6.536041575306495,-2.1051917824680846e-14
345.88190529481346,-72.86984580558261,3.436980100039636,7.6959463539887905,6.525763216115996,-2.1051917824680846e-14
345.99247304462625,-72.82244464302745,3.446767732010273,7.681823494849562,6.515229642652718,-2.1051917824680846e-14
346.10481595965706,-72.77501530724162,3.456857294212362,7.667598664854271,6.504437665443851,-4.210383564936169e-15
346.21894595734756,-72.7275547605801,3.4672517508853957,7.653275246577732,6.493384075417045,1.2631150694808506e-14
346.3348747815725,-72.68005986366066,3.477954066268869,7.638856741810733,6.482065645026163,2.1051917824680846e-14
346.45261400090504,-72.63252737388272,3.488967204602272,7.624346773078882,6.470479129406599,4.210383564936169e-15
346.57217500675006,-72.58495394395058,3.5002941301251007,7.6097490851647445,6.458621267560987,1.2631150694808506e-14
