galstreams/tracks/track.st.Jhelum.ibata2021.ecsv
# %ECSV 1.0
# ---
# datatype:
# - {name: ra, unit: deg, datatype: float64}
# - {name: dec, unit: deg, datatype: float64}
# - {name: distance, unit: kpc, datatype: float64}
# - {name: pm_ra_cosdec, unit: mas / yr, datatype: float64}
# - {name: pm_dec, unit: mas / yr, datatype: float64}
# - {name: radial_velocity, unit: km / s, datatype: float64}
# delimiter: ','
# meta: !!omap
# - __serialized_columns__:
#     dec:
#       __class__: astropy.coordinates.angles.Latitude
#       unit: &id001 !astropy.units.Unit {unit: deg}
#       value: !astropy.table.SerializedColumn {name: dec}
#     distance:
#       __class__: astropy.coordinates.distances.Distance
#       unit: !astropy.units.Unit {unit: kpc}
#       value: !astropy.table.SerializedColumn {name: distance}
#     pm_dec:
#       __class__: astropy.units.quantity.Quantity
#       unit: !astropy.units.Unit {unit: mas / yr}
#       value: !astropy.table.SerializedColumn {name: pm_dec}
#     pm_ra_cosdec:
#       __class__: astropy.units.quantity.Quantity
#       unit: !astropy.units.Unit {unit: mas / yr}
#       value: !astropy.table.SerializedColumn {name: pm_ra_cosdec}
#     ra:
#       __class__: astropy.coordinates.angles.Longitude
#       unit: *id001
#       value: !astropy.table.SerializedColumn {name: ra}
#       wrap_angle: !astropy.coordinates.Angle
#         unit: *id001
#         value: 360.0
#     radial_velocity:
#       __class__: astropy.units.quantity.Quantity
#       unit: !astropy.units.Unit {unit: km / s}
#       value: !astropy.table.SerializedColumn {name: radial_velocity}
# schema: astropy-2.0
ra,dec,distance,pm_ra_cosdec,pm_dec,radial_velocity
[from data line 2276]
334.52484448352243,-50.26572345738029,11.036516746235312,5.787908226627816,-5.93782328264377,131.2581959487382
334.50970721390917,-50.26304089037333,11.03706372244505,5.78666449361464,-5.938603214461125,131.03107582317935
334.49457194723254,-50.26035550087829,11.037609858319875,5.785421593274572,-5.939382494301534,130.8023596146013
334.47943868538147,-50.25766728877549,11.038155152209988,5.784179527104415,-5.940161122757832,130.57204519515048
334.46430743024405,-50.254976253945735,11.038699602465577,5.782938296600524,-5.940939100423888,130.34013043697342
334.4491781837076,-50.25228239627038,11.039243207436838,5.781697903258779,-5.941716427894589,130.1066132122172
334.43405094765865,-50.249585715631184,11.039785965473964,5.780458348574588,-5.942493105765864,129.8714913930279
334.4189257239831,-50.246886211910436,11.040327874927145,5.779219634042902,-5.943269134634651,129.63476285155267
334.4038025145658,-50.2441838849909,11.040868934146586,5.777981761158197,-5.944044515098925,129.39642545993763
334.3886813212913,-50.24147873475583,11.041409141482466,5.776744731414485,-5.944819247757685,129.15647709032984
334.37356214604296,-50.23877076108896,11.041948495284991,5.775508546305303,-5.945593333210947,128.91491561487564
334.35844499070345,-50.23605996387448,11.042486993904346,5.774273207323727,-5.9463667720597595,128.6717389057218
334.34332985715486,-50.23334634299712,11.043024635690728,5.7730387159623575,-5.947139564906186,128.42694483501472
334.3282167472784,-50.23062989834205,11.043561418994331,5.7718050737133195,-5.947911712353312,128.1805312749016
334.3131056629545,-50.22791062979494,11.044097342165353,5.770572282068279,-5.948683215005245,127.93249609752868
334.2979966060628,-50.22518853724192,11.044632403553978,5.769340342518419,-5.9494540734671215,127.68283717504256
334.2828895784821,-50.22246362056965,11.045166601510406,5.7681092565544505,-5.95022428834508,127.43155237959004
334.2677845820906,-50.2197358796652,11.045699934384832,5.766879025666615,-5.9509938602462915,127.17863958331763
334.2526816187656,-50.2170053144162,11.046232400527444,5.765649651344682,-5.951762789778941,126.92409665837188
334.23758069038377,-50.21427192471071,11.046763998288437,5.764421135077943,-5.952531077552225,126.66792147689972
334.2224817988207,-50.211535710437275,11.047294726018013,5.763193478355206,-5.95329872417636,126.41011191104757
334.20738494595145,-50.20879667148495,11.047824582066353,5.76196668266482,-5.954065730262581,126.15066583296206
334.1922901336502,-50.20605480774324,11.04835356478366,5.760740749494641,-5.954832096423133,125.88958111478982
334.17719736379047,-50.20331011910215,11.048881672520125,5.759515680332066,-5.955597823271271,125.6268556286777
334.16210663824484,-50.20056260545215,11.04940890362594,5.758291476663996,-5.956362911421275,125.362487246772
334.14701795888516,-50.19781226668419,11.0499352564513,5.757068139976865,-5.9571273614884275,125.09647384121959
334.1319313275825,-50.19505910268972,11.0504607293464,5.755845671756622,-5.957891174089021,124.8288132841671
334.1168467462071,-50.192303113360644,11.05098532066143,5.7546240734887455,-5.958654349840364,124.55950344776105
334.1017642166285,-50.18954429858937,11.051509028746587,5.753403346658218,-5.959416889360773,124.28854220414821
334.0866837407154,-50.186782658268754,11.052031851952062,5.752183492749558,-5.960178793269577,124.01592742547491
334.07160532033566,-50.18401819229217,11.052553788628053,5.750964513246796,-5.9609400621871,123.74165698388823
334.05652895735636,-50.18125090055342,11.053074837124749,5.74974640963348,-5.961700696734688,123.46572875153456
334.04145465364394,-50.178480782946835,11.053594995792347,5.74852918339267,-5.962460697534681,123.18814060056064
334.0263824110637,-50.175707839367185,11.054114262981036,5.747312836006954,-5.963220065210441,122.90889040311286
334.01131223148053,-50.17293206970973,11.054632637041019,5.746097368958431,-5.963978800386318,122.62797603133806
333.9962441167583,-50.17015347387021,11.05515011632248,5.744882783728713,-5.964736903687674,122.3453953573829
333.9811780687601,-50.16737205174485,11.055666699175616,5.743669081798925,-5.96549437574088,122.06114625339363
333.9661140893482,-50.16458780323033,11.05618238395062,5.7424562646497215,-5.966251217173291,121.7752265915175
333.9510521803842,-50.16180072822384,11.056697168997689,5.741244333761258,-5.967007428613277,121.48763424390084
333.93599234372874,-50.159010826623,11.057211052667013,5.740033290613196,-5.967763010690213,121.19836708269038
333.9209345812417,-50.15621809832593,11.05772403330879,5.738823136684729,-5.968517964034467,120.90742298003232
333.9058788947822,-50.15342254323124,11.058236109273208,5.737613873454551,-5.969272289277402,120.6147998080739
333.8908252862085,-50.150624161237985,11.058747278910467,5.736405502400866,-5.970025987051381,120.3204954389616
333.8757737573781,-50.14782295224571,11.05925754057075,5.735198025001401,-5.97077905798978,120.02450774484166
333.8607243101476,-50.14501891615444,11.059766892604262,5.733991442733376,-5.971531502726953,119.72683459786103
333.8456769463729,-50.14221205286468,11.060275333361192,5.732785757073534,-5.972283321898249,119.4274738701666
333.830631667909,-50.13940236227735,11.060782861191734,5.731580969498121,-5.973034516140029,119.12642343390445
333.8155884766101,-50.13658984429395,11.061289474446085,5.730377081482893,-5.973785086089635,118.82368116122143
333.80054737432965,-50.13377449881635,11.061795171474433,5.729174094503119,-5.974535032385402,118.51924492426448
333.78550836292015,-50.13095632574696,11.062299950626972,5.727972010033566,-5.975284355666665,118.21311259517984
333.7704714442334,-50.12813532498862,11.0628038102539,5.726770829548515,-5.976033056573749,117.90528204611435
333.75543662012035,-50.125311496444674,11.063306748705404,5.725570554521751,-5.9767811357479665,117.59575114921434
333.7404038924311,-50.12248484001892,11.063808764331691,5.724371186426562,-5.9775285938316145,117.28451777662707
333.72537326301494,-50.11965535561565,11.064309855482941,5.723172726735746,-5.978275431467997,116.97157980049849
333.7103447337203,-50.116823043139576,11.06481002050935,5.721975176921607,-5.979021649301393,116.65693509297559
333.69531830639494,-50.11398790249596,11.065309257761122,5.720778538455946,-5.979767247977062,116.34058152620523
333.6802939828856,-50.11114993359044,11.065807565588434,5.719582812810067,-5.980512228141274,116.02251697233342
333.6652717650382,-50.108309136329204,11.06630494234149,5.718388001454791,-5.981256590441262,115.70273930350731
333.65025165469797,-50.10546551061889,11.066801386370486,5.717194105860419,-5.982000335525262,115.38124639187315
333.63523365370924,-50.10261905636659,11.067296896025612,5.716001127496772,-5.982743464042475,115.05803610957804
333.6202177639155,-50.09976977347988,11.067791469657058,5.714809067833164,-5.983485976643104,114.73310632876826
333.60520398715937,-50.096917661866776,11.068285105615022,5.713617928338414,-5.9842278739783215,114.40645492159057
333.59019232528277,-50.09406272143581,11.068777802249702,5.712427710480837,-5.984969156700288,114.07807976019151
333.5751827801266,-50.09120495209594,11.069269557911282,5.711238415728248,-5.985709825462146,113.74797871671795
333.560175353531,-50.08834435375663,11.069760370949961,5.710050045547961,-5.9864498809180215,113.41614966331602
333.5451700473354,-50.08548092632779,11.07025023971593,5.70886260140679,-5.987189323723004,113.08259047213308
333.5301668633781,-50.082614669719796,11.070739162559386,5.707676084771047,-5.9879281545331775,112.74729901531514
333.5151658034969,-50.079745583843504,11.071227137830524,5.7064904971065396,-5.988666374005595,112.41027316500931
333.50016686952847,-50.076873668610226,11.071714163879532,5.705305839878566,-5.989403982798297,112.0715107933617
333.4851700633089,-50.073998923931754,11.07220023905661,5.704122114551933,-5.990140981570281,111.73100977251933
333.47017538667313,-50.071121349720336,11.072685361711944,5.702939322590941,-5.99087737098154,111.38876797462883
333.4551828414555,-50.06824094588869,11.073169530195736,5.701757465459368,-5.99161315169303,111.0447832718366
333.4401924294894,-50.06535771234999,11.073652742858172,5.700576544620512,-5.992348324366682,110.69905353628954
333.4252041526074,-50.0624716490179,11.07413499804945,5.6993965615371485,-5.9930828896653985,110.35157664013408
333.4102180126412,-50.05958275580654,11.074616294119764,5.698217517671543,-5.993816848253061,110.00235045551688
333.39523401142173,-50.05669103263048,11.07509662941931,5.6970394144854675,-5.994550200794509,109.65137285458466
333.3802521507789,-50.05379647940476,11.075576002298275,5.695862253440185,-5.995282947955565,109.29864170948417
333.3652724325419,-50.05089909604491,11.076054411106856,5.694686035996431,-5.996015090403018,108.94415489236164
333.35029485853903,-50.0479988824669,11.076531854195247,5.693510763614456,-5.996746628804614,108.58791027536437
333.3353194305977,-50.04509583858716,11.07700832991364,5.692336437753987,-5.9974775638290865,108.22990573063815
333.32034615054454,-50.04218996432259,11.077483836612231,5.691163059874246,-5.998207896146111,107.87013913033033
333.30537502020525,-50.03928125959058,11.077958372641215,5.689990631433945,-5.998937626426354,107.50860834658722
333.2904060414047,-50.03636972430894,11.078431936350782,5.688819153891278,-5.999666755341431,107.14531125155533
333.27543921596697,-50.03345535839598,11.078904526091128,5.687648628703938,-6.000395283563924,106.78024571738169
333.2604745457151,-50.030538161770444,11.079376140212446,5.686479057329094,-6.001123211767382,106.4134096162125
333.2455120324714,-50.027618134351535,11.079846777064926,5.685310441223416,-6.00185054062632,106.04480082019465
333.23055167805734,-50.02469527605897,11.080316434998768,5.684142781843052,-6.002577270816198,105.67441720147475
333.21559348429344,-50.02176958681287,11.080785112364161,5.682976080643632,-6.003303403013458,105.3022566321995
333.20063745299933,-50.01884106653384,11.081252807511301,5.6818103390802825,-6.004028937895491,104.92831698451512
333.1856835859939,-50.01590971514294,11.081719518790385,5.680645558607608,-6.004753876140641,104.55259613056893
333.17073188509505,-50.012975532561704,11.082185244551598,5.6794817406797025,-6.005478218428222,104.17509194250708
333.1557823521199,-50.010038518712115,11.08264998314514,5.678318886750142,-6.006201965438503,103.79580229247638
333.14083498888454,-50.00709867351662,11.083113732921205,5.677156998271979,-6.006925117852704,103.41472505262331
333.1258897972045,-50.00415599689813,11.083576492229984,5.675996076697764,-6.007647676353002,103.03185809509479
333.11094677889406,-50.00121048878,11.084038259421671,5.674836123479511,-6.008369641622536,102.6471992920372
333.0960059357668,-49.99826214908606,11.08449903284646,5.673677140068731,-6.009091014345387,102.26074651559708
333.0810672696356,-49.99531097774061,11.084958810854546,5.672519127916419,-6.009811795206597,101.8724976379216
333.06613078231203,-49.99235697466836,11.085417591796121,5.671362088473032,-6.010531984892167,101.48245053115645
333.05119647560724,-49.98940013979454,11.08587537402138,5.670206023188528,-6.011251584089026,101.0906030674493
333.0362643513313,-49.98644047304479,11.086332155880514,5.6690509335123345,-6.011970593485079,100.69695311894613
333.02133441129325,-49.98347797434524,11.08678793572372,5.667896820893356,-6.012689013769167,100.30149855779388
333.00640665730145,-49.98051264362246,11.087242711901192,5.6667436867799825,-6.013406845631081,99.90423725613896
332.99148109116334,-49.97754448080348,11.087696482763121,5.665591532620073,-6.014124089761566,99.50516708612817
332.97655771468544,-49.974573485815796,11.0881492466597,5.664440359860982,-6.014840746852304,99.10428591990805
332.9616365296734,-49.97159965858734,11.088601001941123,5.663290169949524,-6.015556817595934,98.7015916296253
332.946717537932,-49.968622999046524,11.08905174695759,5.662140964331993,-6.01627230268603,98.29708208742655
332.9318007412651,-49.9656435071222,11.089501480059285,5.660992744454174,-6.016987202817118,97.89075516545842
332.9168861414756,-49.962661182743695,11.089950199596409,5.659845511761305,-6.017701518684668,97.48260873586752
332.90197374036563,-49.95967602584075,11.090397903919152,5.6586992676981165,-6.018415250985083,97.07264067080048
332.88706353973646,-49.956688036343614,11.090844591377712,5.657554013708804,-6.019128400415714,96.66084884240406
332.8721555413884,-49.953697214182945,11.091290260322276,5.656409751237043,-6.019840967674861,96.24723112282472
332.8572497471207,-49.950703559289884,11.091734909103039,5.655266481725981,-6.020552953461756,95.83178538420917
332.84234615873197,-49.94770707159602,11.0921785360702,5.6541242066182384,-6.0212643584765635,95.41450949870399
332.82744477801987,-49.944707751033384,11.09262113957395,5.652982927355909,-6.0219751834203965,94.99540133845593
332.81254560678104,-49.941705597534465,11.09306271796448,5.651842645380554,-6.022685428995306,94.57445877561136
332.79764864681135,-49.93870061103223,11.093503269591988,5.650703362133214,-6.023395095904269,94.1516796823174
332.78275389990574,-49.93569279146007,11.093942792806663,5.649565079054399,-6.02410418485121,93.72706193072024
332.7678613678581,-49.93268213875183,11.094381285958706,5.648427797584083,-6.024812696540982,93.30060339296672
332.7529710524617,-49.92966865284181,11.094818747398298,5.647291519161719,-6.025520631679376,92.87230194120357
332.7380829555086,-49.92665233366478,11.095255175475646,5.646156245226225,-6.02622799097311,92.44215544757715
332.7231970787902,-49.92363318115593,11.095690568540936,5.645021977215988,-6.026934775129841,92.01016178423419
332.70831342409684,-49.92061119525093,11.096124924944366,5.643888716568859,-6.027640984858151,91.5763188233212
332.6934319932181,-49.91758637588588,11.096558243036124,5.642756464722173,-6.028346620867554,91.14062443698539
332.6785527879424,-49.91455872299735,11.09699052116641,5.6416252231127135,-6.029051683868506,90.70307649737256
332.66367581005755,-49.91152823652235,11.097421757685417,5.640494993176745,-6.029756174572366,90.26367287663004
332.64880106135035,-49.90849491639832,11.097851950943333,5.639365776349994,-6.030460093691441,89.8224114469041
332.6339285436065,-49.90545876256319,11.098281099290356,5.638237574067652,-6.031163441938963,89.37929008034153
332.61905825861095,-49.902419774955305,11.098709201076678,5.6371103877643725,-6.031866220029091,88.9343066490886
332.6041902081479,-49.89937795351349,11.099136254652496,5.635984218874289,-6.032568428676888,88.4874590252927
332.5893243940002,-49.896333298176984,11.099562258368,5.634859068830982,-6.033270068598373,88.0387450810996
332.5744608179502,-49.893285808885494,11.099987210573385,5.633734939067504,-6.033971140510468,87.58816268865648
332.5595994817791,-49.89023548557918,11.100411109618841,5.632611831016374,-6.034671645131024,87.13570972011007
332.5447403872673,-49.88718232819863,11.10083395385457,5.6314897461095725,-6.0353715831788115,86.68138404760643
332.52988353619423,-49.884126336684915,11.10125574163076,5.630368685778538,-6.036070955373521,86.22518354329277
332.51502893033836,-49.88106751097949,11.101676471297607,5.629248651454178,-6.036769762435769,85.76710607931525
332.5001765714773,-49.87800585102434,11.1020961412053,5.628129644566858,-6.037468005087087,85.30714952782098
332.4853264613877,-49.874941356761816,11.102514749704039,5.627011666546404,-6.03816568404992,84.84531176095608
332.4704786018453,-49.871874028134776,11.10293229514401,5.625894718822114,-6.038862800047634,84.38159065086782
332.4556329946249,-49.868803865086484,11.103348775875416,5.624778802822722,-6.039559353804516,83.9159840697021
332.44078964150043,-49.86573086756067,11.103764190248445,5.623663919976451,-6.040255346045758,83.44848988960628
332.4259485442448,-49.86265503550152,11.104178536613293,5.622550071710959,-6.04095077749748,82.97910598272638
332.41110970463006,-49.85957636885361,11.104591813320152,5.621437259453383,-6.041645648886705,82.50783022120949
