galstreams/tracks/track.st.M2.ibata2021.ecsv
# %ECSV 1.0
# ---
# datatype:
# - {name: ra, unit: deg, datatype: float64}
# - {name: dec, unit: deg, datatype: float64}
# - {name: distance, unit: kpc, datatype: float64}
# - {name: pm_ra_cosdec, unit: mas / yr, datatype: float64}
# - {name: pm_dec, unit: mas / yr, datatype: float64}
# - {name: radial_velocity, unit: km / s, datatype: float64}
# delimiter: ','
# meta: !!omap
# - __serialized_columns__:
#     dec:
#       __class__: astropy.coordinates.angles.Latitude
#       unit: &id001 !astropy.units.Unit {unit: deg}
#       value: !astropy.table.SerializedColumn {name: dec}
#     distance:
#       __class__: astropy.coordinates.distances.Distance
#       unit: !astropy.units.Unit {unit: kpc}
#       value: !astropy.table.SerializedColumn {name: distance}
#     pm_dec:
#       __class__: astropy.units.quantity.Quantity
#       unit: !astropy.units.Unit {unit: mas / yr}
#       value: !astropy.table.SerializedColumn {name: pm_dec}
#     pm_ra_cosdec:
#       __class__: astropy.units.quantity.Quantity
#       unit: !astropy.units.Unit {unit: mas / yr}
#       value: !astropy.table.SerializedColumn {name: pm_ra_cosdec}
#     ra:
#       __class__: astropy.coordinates.angles.Longitude
#       unit: *id001
#       value: !astropy.table.SerializedColumn {name: ra}
#       wrap_angle: !astropy.coordinates.Angle
#         unit: *id001
#         value: 360.0
#     radial_velocity:
#       __class__: astropy.units.quantity.Quantity
#       unit: !astropy.units.Unit {unit: km / s}
#       value: !astropy.table.SerializedColumn {name: radial_velocity}
# schema: astropy-2.0
ra,dec,distance,pm_ra_cosdec,pm_dec,radial_velocity
[from data line 1908]
328.54773514484395,0.8565399802519686,12.186078165645343,3.0280417486831386,-2.2556921843827284,-1.3420597613234039e-14
328.5567528052586,0.8611952603580768,12.186796813382289,3.0268163179260146,-2.2552795056213855,-5.3682390452936155e-14
328.56576953673516,0.8658535543549416,12.18751256061952,3.025590108584626,-2.2548654802998227,-7.4734308277617e-14
328.5747853386795,0.8705148643621382,12.188225402957858,3.0243631196890637,-2.254450106978971,2.6314897280851058e-15
328.5838002104977,0.8751791924992798,12.18893533599812,3.023135350269491,-2.254033384219729,4.789311305114892e-14
328.5928141515961,0.8798465408860298,12.189642355341139,3.0219067993561355,-2.2536153105829593,-2.1051917824680846e-14
328.60182716138087,0.8845169116420863,12.190346456587731,3.020677465979296,-2.2531958846294904,4.815626202395743e-14
328.61083923925844,0.8891903068871948,12.191047635338716,3.019447349169339,-2.2527751049201163,-8.052358567940423e-14
328.6198503846353,0.8938667287411401,12.191745887194923,3.0182164479567017,-2.2523529700155973,-5.815592299068084e-14
328.6288605969181,0.898546179323753,12.19244120775717,3.0169847613718903,-2.2519294784766637,9.21021404829787e-15
328.6378698755134,0.9032286607549023,12.193133592626278,3.015752288445479,-2.2515046288640037,-2.1315066797489355e-14
328.646878219828,0.9079141751545036,12.193823037403078,3.0145190282081096,-2.2510784197382763,-1.920987501502127e-14
328.6558856292688,0.9126027246425138,12.194509537688386,3.013284979690496,-2.250650849660106,8.683916102680848e-15
328.6648921032428,0.9172943113389301,12.195193089083022,3.012050141923422,-2.250221917190085,-1.5525789395702124e-14
328.6738976411569,0.9219889373637975,12.195873687187815,3.010814513937735,-2.2497916208887663,7.631320211446806e-15
328.6829022424184,0.926686604837199,12.196551327603588,3.0095780947643567,-2.2493599593166715,-1.6052087341319144e-14
328.6919059064344,0.9313873158792628,12.197226005931157,3.00834088343428,-2.24892693103429,-7.341856341357444e-14
328.7009086326123,0.9360910726101593,12.197897717771346,3.0071028789785608,-2.2484925346020743,3.9209196948468075e-14
328.70991042035956,0.940797877150101,12.198566458724983,3.0058640804283288,-2.2480567685804416,7.289226546795742e-14
328.7189112690836,0.9455077316193436,12.19923222439289,3.004624486814781,-2.247619631529778,-4.263013359497871e-14
328.7279111781922,0.9502206381381868,12.199895010375885,3.003384097169187,-2.247181122010434,4.631421921429786e-14
328.7369101470929,0.9549365988269698,12.200554812274788,3.0021429105228834,-2.246741238582726,-7.4734308277617e-14
328.74590817519356,0.9596556158060816,12.20121162569043,3.0009009259072754,-2.2462999798069347,-3.684085619319148e-15
328.7549052619021,0.964377691195947,12.201865446223627,2.99965814235384,-2.24585734424331,-4.0261792839702116e-14
328.7639014066265,0.9691028271170364,12.202516269475206,2.9984145588941242,-2.245413330452062,2.4209705498382972e-14
328.7728966087748,0.9738310256898637,12.203164091045991,2.9971701745597414,-2.2449679369933713,-1.3157448640425529e-15
328.7818908677552,0.9785622890349862,12.203808906536795,2.995924988382381,-2.2445211624273824,-2.4472854471191484e-14
328.7908841829759,0.983296619273002,12.204450711548454,2.994678999393793,-2.2440730053142053,-1.1841703776382976e-14
328.7998765538454,0.9880340185245559,12.205089501681776,2.9934322066258057,-2.243623464213918,-2.315710960714893e-14
328.8088679797721,0.9927744889103293,12.205725272537594,2.992184609110314,-2.243172537686559,3.73671541388085e-14
328.8178584601646,0.9975180325510559,12.206358019716731,2.99093620587928,-2.242720224292137,5.526128428978722e-14
328.8268479944313,1.0022646515675062,12.206987738820006,2.989686995964739,-2.2422665225906258,-8.183933054344678e-14
328.83583658198125,1.0070143480804954,12.207614425448236,2.9884369783987967,-2.241811431141962,-3.526196235634042e-14
328.84482422222317,1.0117671242108814,12.208238075202255,2.987186152213628,-2.24135494850605,-9.21021404829787e-15
328.8538109145659,1.0165229820795672,12.208858683682877,2.9859345164414766,-2.240897073242761,1.894672604221276e-14
328.8627966584186,1.021281923807496,12.209476246490933,2.9846820701146553,-2.240437803911928,3.0525280845787224e-14
328.8717814531902,1.0260439515156567,12.210090759227237,2.983428812265551,-2.2399771390733534,-1.5262640422893612e-14
328.88076529829,1.0308090673250812,12.210702217492608,2.9821747419266202,-2.239515077286805,-7.894469184255317e-14
328.88974819312733,1.0355772733568447,12.211310616887882,2.9809198581303846,-2.2390516171120116,5.789277401787233e-15
328.89873013711156,1.040348571732065,12.211915953013875,2.9796641599094396,-2.2385867571086706,-4.2366984622170204e-14
328.9077111296521,1.0451229645719033,12.212518221471408,2.9784076462964526,-2.2381204958364473,-8.289192643468083e-14
328.9166911701587,1.0499004539975663,12.213117417861305,2.977150316324158,-2.2376528318549718,-2.789379111770212e-14
328.9256702580409,1.0546810421303008,12.21371353778439,2.9758921690253617,-2.237183763723831,5.2629794561702114e-14
328.93464839270837,1.0594647310914,12.214306576841482,2.974633203432941,-2.236713290002593,-1.6841534259744676e-14
328.9436255735712,1.0642515230021978,12.214896530633407,2.9733734185798415,-2.2362414092507756,-5.4734986344170195e-14
328.95260180003913,1.0690414199840756,12.215483394760987,2.9721128134990806,-2.2357681200278754,-4.5261623323063815e-14
328.96157707152236,1.0738344241584519,12.216067164825043,2.970851387223747,-2.2352934208933455,5.526128428978722e-14
328.97055138743093,1.0786305376467993,12.2166478364264,2.9695891387869966,-2.234817310406607,-8.473396924434041e-14
328.9795247471751,1.0834297625706222,12.21722540516588,2.9683260672220593,-2.2343397871270483,-6.73661370389787e-14
328.9884971501652,1.0882321010514764,12.217799866644302,2.9670621715622354,-2.233860849614021,4.210383564936169e-14
328.99746859581165,1.093037555210958,12.218371216462492,2.965797450840891,-2.2333804964268436,2.1578215770297867e-14
329.00643908352487,1.0978461271707072,12.218939450221272,2.96453190409147,-2.232898726124799,-1.24206315165617e-13
329.0154086127156,1.10265781905241,12.219504563521467,2.963265530347482,-2.232415537267137,-1.7894130150978717e-14
329.0243771827944,1.1074726329777935,12.220066551963894,2.9619983286425073,-2.2319309284130715,-1.1052256857957444e-14
329.0333447931722,1.1122905710686284,12.22062541114938,2.9607302980102013,-2.231444898121781,1.4210044531659571e-14
329.04231144325973,1.1171116354467328,12.221181136678743,2.9594614374842836,-2.230957444952413,-6.368205141965955e-14
329.0512771324681,1.1219358282339646,12.221733724152815,2.958191746098548,-2.2304685674640767,-9.47336302110638e-15
329.06024186020824,1.126763151552228,12.22228316917241,2.9569212228868613,-2.2299782642158483,-1.1525925009012763e-13
329.06920562589147,1.1315936075234696,12.22282946733835,2.9556498668831583,-2.22948653376677,3.157787673702127e-14
329.07816842892885,1.1364271982696805,12.223372614251463,2.9543776771214443,-2.228993374675848,1.0525958912340423e-14
329.0871302687318,1.1412639259128947,12.22391260551257,2.9531046526357967,-2.228498785502054,-7.105022265829786e-14
329.09609114471186,1.1461037925751927,12.224449436722493,2.9518307924603633,-2.2280027648043266,-4.578792126868084e-14
329.10505105628044,1.1509468003786931,12.224983103482051,2.9505560956293633,-2.22750531114157,4.73668151055319e-15
329.1140100028491,1.155792951445569,12.225513601392073,2.949280561177087,-2.227006423072651,-1.2315371927438294e-13
329.12296798382977,1.1606422478980272,12.226040926053376,2.948004188137894,-2.2265060991564045,-2.5262301389617013e-14
329.1319249986341,1.1654946918583238,12.226565073066785,2.946726975546218,-2.2260043379516294,-1.2631150694808506e-14
329.14088104667394,1.1703502854487557,12.227086038033125,2.94544892243656,-2.225501138017091,-1.221011233831489e-13
329.1498361273614,1.1752090307916674,12.227603816553216,2.9441700278434935,-2.224996497911517,-9.999660966723401e-15
329.1587902401085,1.1800709300094459,12.228118404227878,2.9428902908016656,-2.224490416193606,-1.047332911777872e-13
329.1677433843275,1.1849359852245214,12.228629796657938,2.941609710345792,-2.2239828914220183,-3.315677057387233e-14
329.1766955594305,1.189804198559367,12.229137989444222,2.9403282855106596,-2.223473922155378,2.6841195226468077e-14
329.18564676483,1.1946755721365052,12.22964297818754,2.9390460153311277,-2.2229635069522806,-7.157652060391487e-14
329.19459699993837,1.1995501080785003,12.230144758488724,2.9377628988421254,-2.2224516443712785,-3.526196235634042e-14
329.2035462641682,1.2044278085079578,12.230643325948597,2.936478935078653,-2.2219383329708977,-1.2104852749191486e-14
329.21249455693214,1.2093086755475304,12.231138676167976,2.9351941230757834,-2.221423571309624,-8.578656513557444e-14
329.22144187764286,1.2141927113199131,12.23163080474769,2.93390846186866,-2.220907357945912,-5.2629794561702114e-14
329.2303882257133,1.2190799179478482,12.232119707288556,2.932621950492499,-2.220389691438179,4.3682729486212757e-14
329.23933360055617,1.2239702975541185,12.232605379391401,2.9313345879825845,-2.21987057034481,5.947166785472339e-14
329.24827800158454,1.228863852261555,12.233087816657042,2.930046373374275,-2.219349993224152,-8.420767129872338e-15
329.2572214282116,1.233760584193027,12.23356701468631,2.928757305702999,-2.2188279586345216,-2.2104513715914887e-14
329.26616387985047,1.2386604954714593,12.23404296908002,2.9274673840042564,-2.2183044651341985,-8.999694870051062e-14
329.2751053559145,1.243563588219809,12.234515675438999,2.92617660731362,-2.2177795112814276,-1.894672604221276e-14
329.2840458558169,1.2484698645610839,12.234985129364068,2.9248849746667323,-2.2172530956344203,-9.157584253736168e-14
329.29298537897125,1.2533793266183348,12.235451326456047,2.923592485099308,-2.2167252167513523,-3.9998643866893604e-14
329.30192392479114,1.258291976514658,12.235914262315763,2.9222991376471343,-2.216195873190365,-5.0524602779234026e-14
329.3108614926901,1.2632078163731926,12.236373932544035,2.921004931346066,-2.2156650635095656,-3.684085619319148e-15
329.3197980820819,1.2681268483171233,12.236830332741691,2.9197098652320346,-2.215132786267026,-6.789243498459573e-14
329.3287336923804,1.2730490744696774,12.237283458509548,2.918413938341041,-2.214599040020784,-2.1051917824680846e-14
329.33766832299955,1.2779744969541318,12.23773330544843,2.9171171497091564,-2.214063823328841,2.368340755276595e-14
329.34660197335324,1.2829031178938026,12.23817986915916,2.915819498372525,-2.213527134749168,-3.4209366465106376e-14
329.3555346428557,1.287834939412053,12.23862314524256,2.914520983367361,-2.212988972839696,-2.8946387008936165e-14
329.364466330921,1.29276996363229,12.239063129299455,2.9132216037299536,-2.212449336158327,2.9998982900170206e-14
329.3733970369635,1.2977081926779652,12.239499816930664,2.911921358496663,-2.211908223262923,6.262945552842552e-14
329.3823267603976,1.302649628672576,12.239933203737012,2.910620246703916,-2.2113656327113156,-9.420733226544678e-14
329.39125550063767,1.3075942737396613,12.240363285319322,2.909318267388217,-2.2108215630613,-1.1631184598136167e-13
329.4001832570983,1.312542130002809,12.240790057278415,2.908015419586139,-2.210276012870634,-5.3682390452936155e-14
329.40911002919427,1.317493199585651,12.241213515215112,2.90671170233433,-2.2097289806970477,5.2629794561702115e-15
329.4180358163401,1.3224474846118615,12.241633654730238,2.905407114669504,-2.2091804650982305,-2.4209705498382972e-14
329.4269606179507,1.3274049872051592,12.242050471424616,2.904101655628452,-2.2086304646318395,-9.631252404791486e-14
329.4358844334411,1.332365709489312,12.242463960899066,2.902795324248035,-2.208078977855496,-2.0525619879063826e-14
329.4448072622262,1.3373296535881263,12.242874118754417,2.901488119565185,-2.2075260033267896,4.73668151055319e-15
329.4537291037211,1.342296821625459,12.243280940591488,2.900180040616908,-2.2069715396032716,-1.5262640422893612e-14
329.46264995734106,1.3472672157252086,12.243684422011093,2.898871086440281,-2.2064155852424623,-9.47336302110638e-15
329.47156982250124,1.3522408380113173,12.244084558614066,2.897561256072449,-2.2058581388018443,-1.842042809659574e-14
329.48048869861714,1.3572176906077786,12.244481346001228,2.896250548550636,-2.2052991988388664,3.4209366465106376e-14
329.4894065851042,1.3621977756386245,12.244874779773395,2.8949389629121325,-2.2047387639109446,6.73661370389787e-14
329.4983234813778,1.3671810952279346,12.2452648555314,2.893626498194301,-2.2041768325754583,-1.1841703776382977e-13
329.5072393868538,1.372167651499831,12.245651568876054,2.8923131534345807,-2.203613403389755,-4.5261623323063815e-14
329.5161543009479,1.3771574465784848,12.246034915408188,2.890998927670478,-2.203048474911144,2.1051917824680846e-14
329.52506822307583,1.3821504825881077,12.24641489072862,2.889683819939573,-2.202482045696902,9.999660966723401e-15
329.5339811526536,1.3871467616529618,12.246791490438174,2.8883678292795167,-2.201914114304272,-7.894469184255318e-15
329.5428930890971,1.3921462858973486,12.24716471013767,2.8870509547280347,-2.2013446792904605,-2.6841195226468077e-14
329.55180403182254,1.3971490574456151,12.24753454542794,2.8857331953229215,-2.2007737392126416,-5.526128428978722e-14
329.5607139802461,1.4021550784221586,12.247900991909797,2.884414550102044,-2.2002012926279524,4.5261623323063815e-14
329.56962293378393,1.4071643509514191,12.248264045184065,2.8830950181033446,-2.1996273380934985,-4.894570894238297e-14
329.5785308918525,1.4121768771578782,12.24862370085157,2.8817745983648337,-2.1990518741663476,5.578758223540424e-14
329.5874378538682,1.4171926591660662,12.248979954513132,2.8804532899245974,-2.1984748994035366,-2.9998982900170206e-14
329.59634381924764,1.4222116991005582,12.249332801769574,2.879131091820787,-2.197896412362064,-4.9472006887999985e-14
329.60524878740745,1.4272339990859741,12.249682238221718,2.877808003091636,-2.197316411598898,-6.947132882144679e-14
329.6141527577643,1.432259561246977,12.25002825947039,2.8764840227754416,-2.196734895670968,1.9473023987829782e-14
329.623055729735,1.4372883877082756,12.250370861116409,2.8751591499105773,-2.1961518631351717,-6.578724320212765e-14
329.6319577027365,1.4423204805946312,12.2507100387606,2.8738333835354872,-2.1955673125483726,-1.3157448640425528e-14
329.6408586761857,1.44735584203084,12.25104578800378,2.872506722688687,-2.194981242467399,-1.2631150694808506e-14
329.64975864949974,1.4523944741417478,12.25137810444678,2.8711791664087674,-2.194393651449044,-6.315575347404254e-14
329.65865762209586,1.4574363790522489,12.251706983690418,2.8698507137343876,-2.1938045380500655,-7.262911649514892e-14
329.6675555933912,1.4624815588872762,12.252032421335516,2.868521363704283,-2.1932139008271916,1.1578554803574466e-14
329.6764525628032,1.4675300157718127,12.252354412982893,2.8671911153572562,-2.192621738337112,-2.8420089063319142e-14
329.6853485297492,1.472581751830886,12.252672954233383,2.8658599677321854,-2.19202804913648,-4.210383564936169e-14
329.69424349364675,1.4776367691895647,12.252988040687798,2.8645279198680207,-2.1914328317819205,-7.999728773378721e-14
329.70313745391354,1.4826950699729735,12.253299667946965,2.8631949708037836,-2.1908360848300195,-2.1051917824680845e-15
329.7120304099672,1.4877566563062723,12.253607831611708,2.861861119578568,-2.190237806837331,-6.8418732930212744e-15
329.7209223612256,1.4928215303146684,12.253912527282846,2.86052636523154,-2.189637996360371,-2.4209705498382972e-14
329.7298133071065,1.4978896941234177,12.254213750561204,2.8591907068019378,-2.1890366519556266,3.4735664410723393e-14
329.73870324702784,1.5029611498578181,12.2545114970476,2.8578541433290736,-2.1884337721795477,-9.47336302110638e-15
329.7475921804079,1.5080358996432155,12.254805762342862,2.8565166738523295,-2.1878293555885495,3.8946047975659563e-14
329.7564801066646,1.5131139456050002,12.255096542047813,2.8551782974111597,-2.1872234007390126,7.368171238638296e-15
