galstreams/tracks/track.st.Gunnthra.ibata2021.ecsv
# %ECSV 0.9
# ---
# datatype:
# - {name: ra, unit: deg, datatype: float64}
# - {name: dec, unit: deg, datatype: float64}
# - {name: distance, unit: kpc, datatype: float64}
# - {name: pm_ra_cosdec, unit: mas / yr, datatype: float64}
# - {name: pm_dec, unit: mas / yr, datatype: float64}
# - {name: radial_velocity, unit: km / s, datatype: float64}
# delimiter: ','
# meta: !!omap
# - __serialized_columns__:
#     dec:
#       __class__: astropy.coordinates.angles.Latitude
#       unit: &id001 !astropy.units.Unit {unit: deg}
#       value: !astropy.table.SerializedColumn {name: dec}
#     distance:
#       __class__: astropy.coordinates.distances.Distance
#       unit: !astropy.units.Unit {unit: kpc}
#       value: !astropy.table.SerializedColumn {name: distance}
#     pm_dec:
#       __class__: astropy.units.quantity.Quantity
#       unit: !astropy.units.Unit {unit: mas / yr}
#       value: !astropy.table.SerializedColumn {name: pm_dec}
#     pm_ra_cosdec:
#       __class__: astropy.units.quantity.Quantity
#       unit: !astropy.units.Unit {unit: mas / yr}
#       value: !astropy.table.SerializedColumn {name: pm_ra_cosdec}
#     ra:
#       __class__: astropy.coordinates.angles.Longitude
#       unit: *id001
#       value: !astropy.table.SerializedColumn {name: ra}
#       wrap_angle: !astropy.coordinates.Angle
#         unit: *id001
#         value: 360.0
#     radial_velocity:
#       __class__: astropy.units.quantity.Quantity
#       unit: !astropy.units.Unit {unit: km / s}
#       value: !astropy.table.SerializedColumn {name: radial_velocity}
# schema: astropy-2.0
ra,dec,distance,pm_ra_cosdec,pm_dec,radial_velocity
[from data line 544]
285.37328227392436,-73.56169190577731,3.1091320645187555,-14.777777222470426,-23.714703077080927,1.8525687685719145e-13
285.3972123873838,-73.55408248080228,3.109084110694003,-14.768524925372347,-23.72351687341517,1.6841534259744677e-13
285.42110510392257,-73.54646738544322,3.109035970880295,-14.759283402344767,-23.732321100627214,2.020984111169361e-13
285.4449604710195,-73.53884663192356,3.1089876458908097,-14.750052646602992,-23.741115778588803,1.515738083377021e-13
285.4687785361814,-73.53122023244278,3.108939136538728,-14.740832651317579,-23.749900927130803,2.3578147963642546e-13
285.4925593469427,-73.5235881991763,3.1088904436372293,-14.73162340961455,-23.758676566043206,1.515738083377021e-13
285.51630295086477,-73.5159505442758,3.1088415679994936,-14.722424914575791,-23.767442715074903,1.6841534259744677e-13
285.5400093955356,-73.50830727986883,3.1087925104386995,-14.713237159239156,-23.776199393933794,1.6841534259744677e-13
285.5636787285693,-73.50065841805916,3.108743271768029,-14.70406013659879,-23.78494662228657,2.020984111169361e-13
285.5873109976055,-73.49300397092664,3.10869385280066,-14.694893839605339,-23.793684419758772,2.020984111169361e-13
285.61090625030863,-73.48534395052742,3.108644254349773,-14.685738261166502,-23.80241280593449,2.1893994537668078e-13
285.63446453436774,-73.47767836889378,3.1085944772285474,-14.676593394146913,-23.811131800356538,2.5262301389617017e-13
285.657985897496,-73.47000723803424,3.1085445222501646,-14.667459231368507,-23.819841422526267,2.1893994537668078e-13
285.68147038743007,-73.4623305699336,3.1084943902278024,-14.658335765610982,-23.828541691903492,2.020984111169361e-13
285.7049180519293,-73.4546483765531,3.1084440819746413,-14.64922298961191,-23.837232627906374,2.694645481559148e-13
285.7283289387761,-73.44696066983018,3.108393598303862,-14.640120896066927,-23.84591424991152,1.8525687685719145e-13
285.7517030957744,-73.43926746167871,3.108342940028643,-14.631029477630126,-23.854586577253748,2.5262301389617017e-13
285.77504057075015,-73.43156876398893,3.1082921079621646,-14.621948726914212,-23.86324962922611,2.020984111169361e-13
285.79834141154976,-73.42386458862768,3.1082411029176065,-14.61287863649099,-23.871903425079697,1.8525687685719145e-13
285.8216056660407,-73.41615494743814,3.10818992570815,-14.603819198891253,-23.880547984023792,1.6841534259744677e-13
285.8448333821104,-73.40843985224,3.1081385771469723,-14.594770406605281,-23.889183325225687,1.8525687685719145e-13
285.8680246076657,-73.40071931482962,3.1080870580472553,-14.585732252083176,-23.89780946781051,2.1893994537668078e-13
285.89117939063283,-73.39299334697985,3.1080353692221774,-14.576704727734839,-23.906426430861405,2.1893994537668078e-13
285.91429777895655,-73.38526196044016,3.1079835114849197,-14.56768782593042,-23.915034233419284,2.1893994537668078e-13
285.9373798205999,-73.37752516693664,3.1079314856486606,-14.558681539000562,-23.923632894482864,1.6841534259744677e-13
285.9604255635434,-73.36978297817224,3.107879292526581,-14.549685859236664,-23.932222433008487,2.020984111169361e-13
285.983435055785,-73.36203540582645,3.107826932931861,-14.540700778891004,-23.94080286791025,2.1893994537668078e-13
286.0064083453395,-73.35428246155556,3.1077744076776788,-14.531726290177097,-23.949374218059837,1.515738083377021e-13
286.02934548023785,-73.34652415699264,3.1077217175772165,-14.522762385269933,-23.95793650228647,2.020984111169361e-13
286.0522465085269,-73.33876050374768,3.107668863443651,-14.513809056306295,-23.966489739376804,2.1893994537668078e-13
286.07511147826887,-73.3309915134074,3.1076158460901646,-14.504866295384852,-23.975033948075016,1.8525687685719145e-13
286.0979404375411,-73.32321719753548,3.1075626663299363,-14.495934094566467,-23.98356914708266,2.1893994537668078e-13
286.1207334344354,-73.31543756767248,3.1075093249761454,-14.4870124458745,-23.992095355058634,2.1893994537668078e-13
286.14349051705733,-73.30765263533604,3.1074558228419726,-14.478101341295076,-24.00061259061906,1.6841534259744677e-13
286.1662117335263,-73.29986241202066,3.107402160740597,-14.46920077277722,-24.00912087233737,1.6841534259744677e-13
286.1888971319749,-73.29206690919794,3.107348339485198,-14.460310732233124,-24.01762021874422,2.1893994537668078e-13
286.2115467605484,-73.28426613831648,3.107294359888958,-14.451431211538422,-24.026110648327332,2.1893994537668078e-13
286.2341606674041,-73.27646011080212,3.107240222765053,-14.442562202532566,-24.0345921795316,1.6841534259744677e-13
286.25673890071147,-73.26864883805774,3.1071859289266666,-14.433703697018782,-24.043064830758937,2.3578147963642546e-13
286.2792815086511,-73.26083233146336,3.107131479186974,-14.424855686764557,-24.051528620368323,2.020984111169361e-13
286.3017885394149,-73.25301060237626,3.1070768743591604,-14.41601816350165,-24.05998356667569,2.020984111169361e-13
286.32426004120475,-73.24518366213101,3.1070221152564015,-14.407191118926713,-24.068429687953866,1.6841534259744677e-13
286.3466960622332,-73.23735152203939,3.106967202691879,-14.39837454470107,-24.07686700243264,1.6841534259744677e-13
286.3690966507221,-73.22951419339049,3.1069121374787727,-14.389568432451263,-24.085295528298616,2.1893994537668078e-13
286.3914618549028,-73.22167168745072,3.1068569204302614,-14.380772773769138,-24.09371528369526,2.1893994537668078e-13
286.41379172301515,-73.21382401546403,3.106801552359525,-14.371987560212256,-24.102126286722747,2.1893994537668078e-13
286.4360863033077,-73.20597118865163,3.106746034079745,-14.363212783303897,-24.110528555438044,1.6841534259744677e-13
286.4583456440369,-73.19811321821227,3.1066903664040995,-14.354448434533474,-24.118922107854843,2.020984111169361e-13
286.48056979346694,-73.19025011532209,3.106634550145768,-14.345694505356612,-24.12730696194352,1.347322740779574e-13
286.5027587998687,-73.18238189113495,3.1065785861179327,-14.336950987195648,-24.13568313563098,2.1893994537668078e-13
286.52491271152024,-73.17450855678209,3.106522475133771,-14.328217871439538,-24.14405064680086,1.8525687685719145e-13
286.5470315767058,-73.16663012337243,3.1064662180064633,-14.319495149444268,-24.152409513293346,1.347322740779574e-13
286.56911544371576,-73.15874660199248,3.10640981554919,-14.310782812533066,-24.16075975290515,1.6841534259744677e-13
286.5911643608456,-73.15085800370653,3.1063532685751305,-14.302080851996664,-24.1691013833895,2.1893994537668078e-13
286.6131783763963,-73.14296433955647,3.106296577897465,-14.293389259093393,-24.177434422456123,1.8525687685719145e-13
286.6351575386736,-73.13506562056193,3.106239744329373,-14.284708025049557,-24.185758887771208,2.1893994537668078e-13
286.6571018959872,-73.12716185772042,3.106182768684034,-14.276037141059646,-24.194074796957363,1.1789073981821273e-13
286.679011496651,-73.1192530620072,3.106125651774629,-14.267376598286434,-24.202382167593594,1.1789073981821273e-13
286.7008863889825,-73.1113392443754,3.106068394414336,-14.258726387861326,-24.210681017215308,1.6841534259744677e-13
286.7227266213024,-73.10342041575595,3.106010997416336,-14.250086500884523,-24.218971363314317,1.1789073981821273e-13
286.7445322419337,-73.0954965870579,3.1059534615938085,-14.241456928425363,-24.227253223338625,2.1893994537668078e-13
286.7663032992024,-73.0875677691681,3.105895787759933,-14.232837661522337,-24.235526614692677,2.1893994537668078e-13
286.7880398414361,-73.07963397295144,3.1058379767278907,-14.224228691183486,-24.24379155473715,2.3578147963642546e-13
286.80974191696424,-73.07169520925082,3.1057800293108597,-14.21563000838649,-24.252048060789036,1.515738083377021e-13
286.83140957411723,-73.06375148888735,3.1057219463220207,-14.207041604079112,-24.260296150121462,1.515738083377021e-13
286.8530428612265,-73.0558028226601,3.105663728574553,-14.198463469179135,-24.2685358399639,1.515738083377021e-13
286.874641826624,-73.04784922134631,3.105605376881637,-14.189895594574756,-24.276767147501936,2.020984111169361e-13
286.89620651864186,-73.0398906957014,3.1055468920564526,-14.18133797112468,-24.28499008987746,1.515738083377021e-13
286.9177369856116,-73.03192725645913,3.105488274912178,-14.172790589658604,-24.293204684188396,1.8525687685719145e-13
286.9392332758644,-73.02395891433135,3.1054295262619953,-14.164253440977095,-24.301410947488908,1.515738083377021e-13
286.96069543773046,-73.0159856800083,3.105370646919084,-14.155726515851985,-24.309608896789292,2.3578147963642546e-13
286.9821235195386,-73.00800756415848,3.105311637696622,-14.1472098050265,-24.31779854905601,2.3578147963642546e-13
287.00351756961555,-73.00002457742886,3.1052524994077904,-14.138703299215738,-24.325979921211506,1.6841534259744677e-13
287.02487763628653,-72.99203673044475,3.105193232865769,-14.13020698910643,-24.33415303013446,1.8525687685719145e-13
287.04620376787386,-72.98404403380988,3.105133838883738,-14.121720865357561,-24.34231789265955,2.1893994537668078e-13
287.0674960126974,-72.97604649810644,3.1050743182748763,-14.113244918600307,-24.350474525577617,1.8525687685719145e-13
287.0887544190735,-72.96804413389529,3.1050146718523646,-14.104779139438486,-24.358622945635446,1.6841534259744677e-13
287.10997903531523,-72.96003695171567,3.104954900429381,-14.096323518448553,-24.36676316953597,2.1893994537668078e-13
287.13116990973185,-72.95202496208546,3.1048950048191086,-14.08787804617988,-24.374895213938142,1.515738083377021e-13
287.1523270906283,-72.94400817550115,3.104834985834723,-14.07944271315498,-24.383019095456977,2.1893994537668078e-13
287.1734506263049,-72.935986602438,3.1047748442894076,-14.071017509869824,-24.391134830663418,2.020984111169361e-13
287.1945405650572,-72.92796025334987,3.1047145809963412,-14.062602426793836,-24.399242436084542,1.515738083377021e-13
287.21559695517544,-72.91992913866935,3.1046541967687022,-14.054197454370199,-24.407341928203422,1.8525687685719145e-13
287.23661984494447,-72.9118932688078,3.1045936924196726,-14.045802583016062,-24.415433323459084,1.8525687685719145e-13
287.2576092826429,-72.90385265415551,3.1045330687624295,-14.037417803122823,-24.4235166382466,1.1789073981821273e-13
287.2785653165432,-72.89580730508153,3.104472326610155,-14.029043105056184,-24.43159188891704,1.515738083377021e-13
287.2994879949115,-72.88775723193372,3.1044114667760283,-14.020678479156402,-24.439659091777454,1.6841534259744677e-13
287.3203773660066,-72.87970244503907,3.1043504900732293,-14.012323915738586,-24.447718263090906,2.020984111169361e-13
287.3412334780804,-72.87164295470335,3.104289397314936,-14.003979405092778,-24.455769419076464,1.347322740779574e-13
287.36205637937707,-72.86357877121141,3.1042281893143313,-13.995644937484201,-24.46381257590911,2.1893994537668078e-13
287.38284611813293,-72.85550990482704,3.1041668668845936,-13.98732050315339,-24.471847749719934,1.6841534259744677e-13
287.4036027425759,-72.84743636579334,3.104105430838902,-13.97900609231662,-24.479874956595925,1.6841534259744677e-13
287.4243263009256,-72.83935816433228,3.104043881990438,-13.970701695165822,-24.48789421258007,2.3578147963642546e-13
287.4450168413926,-72.83127531064507,3.1039822211523784,-13.962407301868904,-24.495905533671404,1.6841534259744677e-13
287.46567441217854,-72.82318781491209,3.1039204491379064,-13.954122902569909,-24.503908935824953,2.3578147963642546e-13
287.4862990614751,-72.81509568729301,3.1038585667601994,-13.94584848738938,-24.511904434951646,1.6841534259744677e-13
287.50689083746454,-72.8069989379267,3.103796574832439,-13.93758404642429,-24.519892046918486,1.347322740779574e-13
287.5274497883188,-72.79889757693138,3.1037344741678043,-13.929329569748402,-24.52787178754848,2.694645481559148e-13
287.5479759621996,-72.79079161440445,3.103672265579474,-13.921085047412387,-24.535843672620686,1.1789073981821273e-13
287.56846940725745,-72.78268106042297,3.10360994988063,-13.912850469444189,-24.543807717870024,2.5262301389617017e-13
287.58893017163234,-72.77456592504318,3.1035475278844515,-13.904625825848864,-24.551763938987595,1.515738083377021e-13
287.60935830345255,-72.76644621830083,3.1034850004041163,-13.896411106609204,-24.559712351620444,1.347322740779574e-13
287.6297538508349,-72.75832195021115,3.103422368252806,-13.888206301685502,-24.567652971371732,2.020984111169361e-13
287.65011686188404,-72.75019313076905,3.103359632243701,-13.88001140101612,-24.575585813800515,2.020984111169361e-13
287.67044738469247,-72.74205976994875,3.103296793189979,-13.871826394517441,-24.58351089442204,1.6841534259744677e-13
287.6907454673401,-72.73392187770426,3.103233851904823,-13.863651272084097,-24.59142822870754,1.6841534259744677e-13
287.7110111578942,-72.7257794639691,3.1031708092014094,-13.855486023589178,-24.59933783208435,1.347322740779574e-13
287.7312445044083,-72.71763253865664,3.1031076658929195,-13.847330638884499,-24.60723971993584,1.6841534259744677e-13
287.75144555492324,-72.70948111165983,3.1030444227925336,-13.839185107800613,-24.61513390760153,2.020984111169361e-13
287.7716143574656,-72.70132519285136,3.1029810807134317,-13.831049420147139,-24.623020410377006,1.347322740779574e-13
287.7917509600482,-72.69316479208376,3.102917640468792,-13.822923565712816,-24.630899243513987,2.020984111169361e-13
287.81185541066935,-72.68499991918945,3.102854102871795,-13.814807534265917,-24.638770422220283,1.6841534259744677e-13
287.8319277573128,-72.67683058398063,3.102790468735621,-13.806701315554175,-24.64663396165987,2.020984111169361e-13
287.8519680479477,-72.66865679624941,3.1027267388734496,-13.798604899305053,-24.65448987695287,1.347322740779574e-13
287.87197633052784,-72.66047856576783,3.102662914098461,-13.790518275225915,-24.66233818317562,1.8525687685719145e-13
287.89195265299145,-72.65229590228803,3.1025989952238353,-13.782441433004378,-24.670178895360525,1.347322740779574e-13
287.9118970632611,-72.64410881554205,3.1025349830627493,-13.774374362308237,-24.678012028496312,2.020984111169361e-13
287.93180960924377,-72.63591731524195,3.1024708784283868,-13.766317052785691,-24.685837597527872,1.8525687685719145e-13
287.95169033882956,-72.62772141108006,3.102406682133926,-13.758269494065715,-24.693655617356285,1.8525687685719145e-13
287.9715392998924,-72.61952111272869,3.102342394992546,-13.750231675758013,-24.70146610283895,2.1893994537668078e-13
287.9913565402894,-72.61131642984034,3.1022780178174267,-13.742203587453304,-24.70926906878949,1.8525687685719145e-13
288.01114210786073,-72.60310737204775,3.1022135514217495,-13.734185218723415,-24.717064529977833,1.6841534259744677e-13
288.03089605042874,-72.59489394896394,3.1021489966186935,-13.726176559121669,-24.724852501130176,1.8525687685719145e-13
288.05061841579857,-72.58667617018217,3.1020843542214376,-13.718177598182756,-24.7326329969291,2.1893994537668078e-13
288.0703092517576,-72.57845404527599,3.1020196250431624,-13.71018832542308,-24.740406032013468,1.6841534259744677e-13
288.0899686060747,-72.57022758379932,3.1019548098970464,-13.702208730340942,-24.748171620978546,1.6841534259744677e-13
288.1095965265005,-72.56199679528659,3.1018899095962715,-13.694238802416711,-24.755929778375922,1.515738083377021e-13
288.1291930607672,-72.55376168925253,3.1018249249540166,-13.686278531112887,-24.763680518713656,1.1789073981821273e-13
288.14875825658777,-72.5455222751924,3.1017598567834614,-13.678327905874346,-24.771423856456206,2.020984111169361e-13
288.16829216165644,-72.53727856258192,3.1016947058977857,-13.670386916128477,-24.779159806024538,2.020984111169361e-13
288.18779482364744,-72.52903056087746,3.101629473110169,-13.662455551285541,-24.786888381795958,1.347322740779574e-13
288.20726629021584,-72.52077827951592,3.1015641592337917,-13.654533800738486,-24.794609598104376,2.020984111169361e-13
288.2267066089966,-72.51252172791482,3.1014987650818338,-13.646621653863406,-24.802323469240186,2.3578147963642546e-13
288.24611582760474,-72.50426091547227,3.101433291467474,-13.638719100019523,-24.810030009450365,2.020984111169361e-13
288.2654939936343,-72.49599585156729,3.101367739203894,-13.630826128549586,-24.817729232938355,1.0104920555846805e-13
