galstreams/tracks/track.st.Hyllus.grillmair2014.ecsv
# %ECSV 0.9
# ---
# datatype:
# - {name: ra, unit: deg, datatype: float64}
# - {name: dec, unit: deg, datatype: float64}
# - {name: distance, unit: kpc, datatype: float64}
# - {name: pm_ra_cosdec, unit: mas / yr, datatype: float64}
# - {name: pm_dec, unit: mas / yr, datatype: float64}
# - {name: radial_velocity, unit: km / s, datatype: float64}
# delimiter: ','
# meta: !!omap
# - __serialized_columns__:
#     dec:
#       __class__: astropy.coordinates.angles.Latitude
#       unit: &id001 !astropy.units.Unit {unit: deg}
#       value: !astropy.table.SerializedColumn {name: dec}
#     distance:
#       __class__: astropy.coordinates.distances.Distance
#       unit: !astropy.units.Unit {unit: kpc}
#       value: !astropy.table.SerializedColumn {name: distance}
#     pm_dec:
#       __class__: astropy.units.quantity.Quantity
#       unit: !astropy.units.Unit {unit: mas / yr}
#       value: !astropy.table.SerializedColumn {name: pm_dec}
#     pm_ra_cosdec:
#       __class__: astropy.units.quantity.Quantity
#       unit: !astropy.units.Unit {unit: mas / yr}
#       value: !astropy.table.SerializedColumn {name: pm_ra_cosdec}
#     ra:
#       __class__: astropy.coordinates.angles.Longitude
#       unit: *id001
#       value: !astropy.table.SerializedColumn {name: ra}
#       wrap_angle: !astropy.coordinates.Angle
#         unit: *id001
#         value: 360.0
#     radial_velocity:
#       __class__: astropy.units.quantity.Quantity
#       unit: !astropy.units.Unit {unit: km / s}
#       value: !astropy.table.SerializedColumn {name: radial_velocity}
# schema: astropy-2.0
ra,dec,distance,pm_ra_cosdec,pm_dec,radial_velocity
[from data line 942]
246.2340045891936,20.231488375233848,21.193782203052816,0.0,0.0,0.0
246.23239553315514,20.241400463215705,21.191842286115364,0.0,0.0,0.0
246.23078940605566,20.251312801807444,21.189902320911482,0.0,0.0,0.0
246.2291862079691,20.261225391048804,21.18796230744224,0.0,0.0,0.0
246.22758593896995,20.27113823097931,21.186022245708685,0.0,0.0,0.0
246.2259885991333,20.281051321638497,21.184082135711865,0.0,0.0,0.0
246.22439418853492,20.290964663065775,21.182141977452837,0.0,0.0,0.0
246.22280270725093,20.300878255300685,21.180201770932648,0.0,0.0,0.0
246.22121415535815,20.310792098382542,21.178261516152357,0.0,0.0,0.0
246.21962853293405,20.32070619235067,21.17632121311301,0.0,0.0,0.0
246.21804584005665,20.330620537244275,21.17438086181567,0.0,0.0,0.0
246.21646607680435,20.3405351331027,21.172440462261374,0.0,0.0,0.0
246.21488924325644,20.350449979965035,21.17050001445119,0.0,0.0,0.0
246.21331533949245,20.360365077870405,21.168559518386154,0.0,0.0,0.0
246.21174436559284,20.3702804268578,21.16661897406733,0.0,0.0,0.0
246.21017632163833,20.380196026966335,21.164678381495765,0.0,0.0,0.0
246.20861120771042,20.390111878234904,21.162737740672515,0.0,0.0,0.0
246.20704902389113,20.400027980702404,21.16079705159863,0.0,0.0,0.0
246.20548977026297,20.40994433440761,21.158856314275162,0.0,0.0,0.0
246.20393344690928,20.419860939389412,21.156915528703166,0.0,0.0,0.0
246.2023800539136,20.42977779568649,21.154974694883688,0.0,0.0,0.0
246.20082959136042,20.4396949033375,21.153033812817792,0.0,0.0,0.0
246.19928205933462,20.44961226238102,21.151092882506518,0.0,0.0,0.0
246.19773745792165,20.459529872855693,21.149151903950926,0.0,0.0,0.0
246.19619578720759,20.469447734799978,21.147210877152062,0.0,0.0,0.0
246.1946570472791,20.47936584825231,21.14526980211098,0.0,0.0,0.0
246.19312123822334,20.489284213251022,21.14332867882874,0.0,0.0,0.0
246.19158836012824,20.49920282983454,21.141387507306387,0.0,0.0,0.0
246.19005841308208,20.50912169804108,21.13944628754497,0.0,0.0,0.0
246.18853139717385,20.519040817908852,21.137505019545543,0.0,0.0,0.0
246.18700731249317,20.528960189475935,21.13556370330917,0.0,0.0,0.0
246.18548615913014,20.538879812780536,21.13362233883689,0.0,0.0,0.0
246.18396793717542,20.548799687860626,21.13168092612976,0.0,0.0,0.0
246.18245264672032,20.558719814754173,21.12973946518883,0.0,0.0,0.0
246.18094028785674,20.568640193499018,21.127797956015158,0.0,0.0,0.0
246.17943086067717,20.57856082413313,21.12585639860979,0.0,0.0,0.0
246.17792436527463,20.588481706694232,21.123914792973775,0.0,0.0,0.0
246.17642080174272,20.598402841220025,21.12197313910818,0.0,0.0,0.0
246.17492017017562,20.608324227748138,21.120031437014042,0.0,0.0,0.0
246.1734224706682,20.61824586631627,21.11808968669242,0.0,0.0,0.0
246.17192770331582,20.62816775696189,21.11614788814437,0.0,0.0,0.0
246.1704358682144,20.63808989972242,21.114206041370938,0.0,0.0,0.0
246.1689469654605,20.64801229463537,21.11226414637318,0.0,0.0,0.0
246.16746099515123,20.657934941738034,21.110322203152144,0.0,0.0,0.0
246.1659779573843,20.667857841067683,21.108380211708884,0.0,0.0,0.0
246.16449785225802,20.677780992661475,21.106438172044452,0.0,0.0,0.0
246.1630206798713,20.687704396556665,21.104496084159905,0.0,0.0,0.0
246.16154644032358,20.697628052790282,21.10255394805629,0.0,0.0,0.0
246.1600751337149,20.707551961399343,21.100611763734662,0.0,0.0,0.0
246.15860676014594,20.717476122420734,21.09866953119607,0.0,0.0,0.0
246.15714131971782,20.727400535891466,21.096727250441567,0.0,0.0,0.0
246.15567881253244,20.737325201848282,21.094784921472215,0.0,0.0,0.0
246.1542192386922,20.747250120327937,21.092842544289045,0.0,0.0,0.0
246.1527625983001,20.757175291367044,21.090900118893135,0.0,0.0,0.0
246.1513088914596,20.76710071500235,21.08895764528552,0.0,0.0,0.0
246.14985811827492,20.777026391270336,21.08701512346725,0.0,0.0,0.0
246.1484102788508,20.786952320207472,21.085072553439392,0.0,0.0,0.0
246.14696537329257,20.796878501850113,21.083129935202983,0.0,0.0,0.0
246.14552340170624,20.806804936234695,21.0811872687591,0.0,0.0,0.0
246.14408436419816,20.816731623397448,21.079244554108758,0.0,0.0,0.0
246.1426482608755,20.82665856337456,21.07730179125304,0.0,0.0,0.0
246.14121509184596,20.83658575620211,21.07535898019298,0.0,0.0,0.0
246.13978485721782,20.846513201916252,21.073416120929643,0.0,0.0,0.0
246.1383575570999,20.856440900552926,21.07147321346408,0.0,0.0,0.0
246.13693319160166,20.866368852148046,21.069530257797336,0.0,0.0,0.0
246.1355117608332,20.87629705673739,21.067587253930462,0.0,0.0,0.0
246.13409326490506,20.886225514356852,21.06564420186451,0.0,0.0,0.0
246.13267770392858,20.896154225042057,21.063701101600547,0.0,0.0,0.0
246.13126507801545,20.906083188828642,21.061757953139615,0.0,0.0,0.0
246.12985538727816,20.916012405752095,21.059814756482762,0.0,0.0,0.0
246.12844863182963,20.925941875848,21.057871511631053,0.0,0.0,0.0
246.12704481178352,20.935871599151714,21.05592821858552,0.0,0.0,0.0
246.12564392725392,20.94580157569856,21.05398487734724,0.0,0.0,0.0
246.12424597835573,20.955731805523737,21.052041487917247,0.0,0.0,0.0
246.12285096520418,20.96566228866254,21.050098050296597,0.0,0.0,0.0
246.12145888791528,20.975593025150005,21.048154564486346,0.0,0.0,0.0
246.1200697466056,20.98552401502117,21.046211030487544,0.0,0.0,0.0
246.11868354139224,20.995455258310923,21.044267448301245,0.0,0.0,0.0
246.1173002723929,21.005386755054268,21.042323817928498,0.0,0.0,0.0
246.115919939726,21.015318505285915,21.040380139370363,0.0,0.0,0.0
246.1145425435104,21.025250509040564,21.03843641262788,0.0,0.0,0.0
246.11316808386553,21.03518276635295,21.036492637702114,0.0,0.0,0.0
246.11179656091167,21.04511527725759,21.034548814594107,0.0,0.0,0.0
246.11042797476938,21.055048041788968,21.032604943304918,0.0,0.0,0.0
246.10906232556002,21.0649810599815,21.030661023835588,0.0,0.0,0.0
246.1076996134055,21.07491433186944,21.028717056187187,0.0,0.0,0.0
246.10633983842823,21.084847857487173,21.026773040360755,0.0,0.0,0.0
246.10498300075128,21.0947816368688,21.02482897635735,0.0,0.0,0.0
246.10362910049844,21.104715670048357,21.022884864178025,0.0,0.0,0.0
246.10227813779386,21.114649957059985,21.020940703823822,0.0,0.0,0.0
246.10093011276248,21.124584497937537,21.0189964952958,0.0,0.0,0.0
246.09958502552976,21.134519292714867,21.01705223859502,0.0,0.0,0.0
246.09824287622172,21.144454341425686,21.015107933722515,0.0,0.0,0.0
246.09690366496503,21.154389644103798,21.013163580679358,0.0,0.0,0.0
246.09556739188693,21.164325200782745,21.01121917946659,0.0,0.0,0.0
246.09423405711533,21.17426101149605,21.009274730085252,0.0,0.0,0.0
246.09290366077863,21.184197076277094,21.00733023253643,0.0,0.0,0.0
246.09157620300587,21.194133395159348,21.005385686821143,0.0,0.0,0.0
246.09025168392674,21.20406996817602,21.003441092940452,0.0,0.0,0.0
246.08893010367143,21.21400679536031,21.001496450895417,0.0,0.0,0.0
246.0876114623709,21.223943876745253,20.99955176068709,0.0,0.0,0.0
246.0862957601564,21.233881212363993,20.997607022316508,0.0,0.0,0.0
246.08498299716004,21.243818802249397,20.995662235784746,0.0,0.0,0.0
246.08367317351457,21.253756646434315,20.993717401092844,0.0,0.0,0.0
246.08236628935313,21.263694744951458,20.991772518241852,0.0,0.0,0.0
246.08106234480957,21.27363309783362,20.989827587232824,0.0,0.0,0.0
246.0797613400183,21.283571705113324,20.98788260806682,0.0,0.0,0.0
246.07846327511444,21.293510566823095,20.985937580744878,0.0,0.0,0.0
246.07716815023358,21.303449682995268,20.98399250526806,0.0,0.0,0.0
246.07587596551193,21.3133890536623,20.982047381637422,0.0,0.0,0.0
246.0745867210865,21.32332867885637,20.98010220985401,0.0,0.0,0.0
246.07330041709446,21.33326855860965,20.978156989918872,0.0,0.0,0.0
246.07201705367405,21.34320869295413,20.976211721833067,0.0,0.0,0.0
246.0707366309639,21.353149081921906,20.974266405597653,0.0,0.0,0.0
246.0694591491032,21.363089725544807,20.972321041213664,0.0,0.0,0.0
246.06818460823192,21.37303062385464,20.970375628682167,0.0,0.0,0.0
246.0669130084904,21.382971776883057,20.968430168004208,0.0,0.0,0.0
246.06564435001968,21.392913184661776,20.96648465918085,0.0,0.0,0.0
246.06437863296154,21.402854847222287,20.964539102213127,0.0,0.0,0.0
246.0631158574582,21.41279676459601,20.962593497102105,0.0,0.0,0.0
246.06185602365252,21.422738936814238,20.960647843848843,0.0,0.0,0.0
246.0605991316879,21.432681363908348,20.95870214245437,0.0,0.0,0.0
246.05934518170858,21.442624045909437,20.956756392919758,0.0,0.0,0.0
246.05809417385916,21.45256698284858,20.954810595246045,0.0,0.0,0.0
246.05684610828487,21.4625101747567,20.952864749434294,0.0,0.0,0.0
246.05560098513175,21.472453621664783,20.950918855485558,0.0,0.0,0.0
246.05435880454618,21.482397323603575,20.94897291340088,0.0,0.0,0.0
246.05311956667532,21.49234128060371,20.947026923181323,0.0,0.0,0.0
246.05188327166684,21.502285492695915,20.945080884827927,0.0,0.0,0.0
246.05064991966915,21.512229959910634,20.943134798341752,0.0,0.0,0.0
246.04941951083111,21.522174682278283,20.941188663723857,0.0,0.0,0.0
246.04819204530224,21.532119659829124,20.93924248097528,0.0,0.0,0.0
246.04696752323275,21.54206489259349,20.93729625009708,0.0,0.0,0.0
246.0457459447733,21.552010380601466,20.935349971090307,0.0,0.0,0.0
246.0445273100753,21.561956123883082,20.93340364395602,0.0,0.0,0.0
246.04331161929068,21.571902122468202,20.931457268695265,0.0,0.0,0.0
246.04209887257213,21.58184837638678,20.929510845309096,0.0,0.0,0.0
246.04088907007264,21.591794885668527,20.927564373798564,0.0,0.0,0.0
246.03968221194614,21.601741650343058,20.925617854164727,0.0,0.0,0.0
246.03847829834703,21.61168867043987,20.92367128640863,0.0,0.0,0.0
246.03727732943025,21.621635945988533,20.921724670531326,0.0,0.0,0.0
246.03607930535142,21.631583477018335,20.919778006533868,0.0,0.0,0.0
246.03488422626688,21.641531263558527,20.91783129441731,0.0,0.0,0.0
246.03369209233335,21.651479305638198,20.91588453418271,0.0,0.0,0.0
246.03250290370835,21.661427603286523,20.91393772583111,0.0,0.0,0.0
246.03131666054983,21.67137615653239,20.911990869363567,0.0,0.0,0.0
246.03013336301666,21.681324965404645,20.910043964781135,0.0,0.0,0.0
246.02895301126793,21.691274029932003,20.908097012084855,0.0,0.0,0.0
246.02777560546366,21.70122335014321,20.906150011275795,0.0,0.0,0.0
246.0266011457643,21.711172926066755,20.904202962355,0.0,0.0,0.0
246.025429632331,21.721122757731102,20.902255865323525,0.0,0.0,0.0
246.02426106532542,21.731072845164526,20.900308720182416,0.0,0.0,0.0
246.02309544491004,21.74102318839538,20.89836152693273,0.0,0.0,0.0
246.02193277124775,21.750973787451755,20.896414285575517,0.0,0.0,0.0
246.02077304450205,21.76092464236169,20.894466996111834,0.0,0.0,0.0
246.01961626483723,21.770875753153046,20.89251965854274,0.0,0.0,0.0
246.0184624324181,21.780827119853782,20.89057227286926,0.0,0.0,0.0
246.01731154740995,21.790778742491558,20.88862483909247,0.0,0.0,0.0
246.01616360997886,21.800730621093997,20.88667735721342,0.0,0.0,0.0
246.01501862029158,21.810682755688564,20.88472982723315,0.0,0.0,0.0
246.01387657851524,21.82063514630277,20.882782249152733,0.0,0.0,0.0
246.01273748481776,21.830587792963875,20.880834622973193,0.0,0.0,0.0
246.01160133936764,21.84054069569907,20.87888694869561,0.0,0.0,0.0
246.010468142334,21.850493854535397,20.876939226321017,0.0,0.0,0.0
246.0093378938865,21.860447269499954,20.874991455850477,0.0,0.0,0.0
246.00821059419556,21.870400940619565,20.873043637285033,0.0,0.0,0.0
246.00708624343207,21.880354867920936,20.87109577062576,0.0,0.0,0.0
246.00596484176762,21.89030905143086,20.869147855873678,0.0,0.0,0.0
246.00484638937445,21.900263491175824,20.86719989302986,0.0,0.0,0.0
246.00373088642527,21.910218187182295,20.865251882095347,0.0,0.0,0.0
246.00261833309364,21.920173139476585,20.863303823071202,0.0,0.0,0.0
246.00150872955348,21.930128348084892,20.861355715958478,0.0,0.0,0.0
246.00040207597945,21.940083813033443,20.85940756075821,0.0,0.0,0.0
245.99929837254695,21.950039534348182,20.857459357471473,0.0,0.0,0.0
245.99819761943178,21.959995512054963,20.855511106099303,0.0,0.0,0.0
245.99709981681053,21.969951746179696,20.853562806642763,0.0,0.0,0.0
245.99600496486028,21.979908236748,20.851614459102894,0.0,0.0,0.0
245.99491306375882,21.989864983785434,20.849666063480754,0.0,0.0,0.0
245.9938241136845,21.999821987317414,20.84771761977739,0.0,0.0,0.0
245.99273811481635,22.009779247369394,20.845769127993876,0.0,0.0,0.0
245.991655067334,22.01973676396655,20.843820588131237,0.0,0.0,0.0
245.9905749714177,22.029694537134006,20.84187200019053,0.0,0.0,0.0
245.98949782724827,22.039652566896706,20.83992336417283,0.0,0.0,0.0
245.98842363500717,22.049610853279667,20.83797468007916,0.0,0.0,0.0
245.98735239487664,22.059569396307612,20.836025947910592,0.0,0.0,0.0
245.9862841070393,22.069528196005205,20.834077167668163,0.0,0.0,0.0
245.98521877167852,22.079487252396955,20.83212833935294,0.0,0.0,0.0
245.98415638897828,22.089446565507394,20.83017946296597,0.0,0.0,0.0
245.9830969591233,22.099406135360805,20.8282305385083,0.0,0.0,0.0
245.9820404822986,22.109365961981393,20.826281565980988,0.0,0.0,0.0
245.98098695869012,22.119326045393198,20.824332545385083,0.0,0.0,0.0
245.9799363884843,22.129286385620304,20.822383476721637,0.0,0.0,0.0
245.97888877186836,22.13924698268652,20.82043435999171,0.0,0.0,0.0
245.97784410902986,22.14920783661558,20.81848519519635,0.0,0.0,0.0
245.97680240015723,22.159168947431073,20.816535982336603,0.0,0.0,0.0
245.97576364543946,22.169130315156615,20.814586721413523,0.0,0.0,0.0
245.97472784506607,22.17909193981553,20.81263741242817,0.0,0.0,0.0
245.97369499922735,22.18905382143111,20.810688055381597,0.0,0.0,0.0
245.97266510811411,22.199015960026433,20.808738650274844,0.0,0.0,0.0
245.97163817191787,22.208978355624676,20.80678919710897,0.0,0.0,0.0
245.9706141908307,22.218941008248677,20.804839695885033,0.0,0.0,0.0
245.96959316504524,22.228903917921244,20.80289014660407,0.0,0.0,0.0
245.96857509475504,22.238867084665007,20.80094054926715,0.0,0.0,0.0
245.967559980154,22.24883050850262,20.79899090387532,0.0,0.0,0.0
245.96654782143665,22.25879418945648,20.797041210429622,0.0,0.0,0.0
245.96553861879826,22.2687581275489,20.795091468931123,0.0,0.0,0.0
245.96453237243477,22.278722322802015,20.79314167938087,0.0,0.0,0.0
245.96352908254266,22.288686775238013,20.79119184177991,0.0,0.0,0.0
245.96252874931903,22.298651484878793,20.789241956129302,0.0,0.0,0.0
245.96153137296164,22.308616451746193,20.787292022430094,0.0,0.0,0.0
245.9605369536689,22.318581675861854,20.785342040683343,0.0,0.0,0.0
245.9595454916398,22.328547157247474,20.783392010890097,0.0,0.0,0.0
245.95855698707402,22.338512895924467,20.78144193305141,0.0,0.0,0.0
245.9575714401718,22.3484788919141,20.779491807168334,0.0,0.0,0.0
245.95658885113406,22.358445145237724,20.77754163324192,0.0,0.0,0.0
245.9556092201623,22.368411655916347,20.775591411273226,0.0,0.0,0.0
245.95463254745877,22.378378423970936,20.773641141263294,0.0,0.0,0.0
245.95365883322629,22.38834544942234,20.77169082321318,0.0,0.0,0.0
245.9526880776682,22.398312732291274,20.769740457123948,0.0,0.0,0.0
245.9517202809886,22.408280272598326,20.767790042996637,0.0,0.0,0.0
245.95075544339224,22.41824807036397,20.7658395808323,0.0,0.0,0.0
245.94979356508446,22.428216125608532,20.763889070631997,0.0,0.0,0.0
245.94883464627114,22.438184438352224,20.761938512396767,0.0,0.0,0.0
245.94787868715892,22.448153008615133,20.759987906127677,0.0,0.0,0.0
245.9469256879551,22.45812183641722,20.758037251825773,0.0,0.0,0.0
245.94597564886746,22.468090921778288,20.756086549492107,0.0,0.0,0.0
245.9450285701046,22.478060264718067,20.754135799127727,0.0,0.0,0.0
245.9440844518756,22.488029865256117,20.752185000733693,0.0,0.0,0.0
245.9431432943902,22.497999723411876,20.750234154311055,0.0,0.0,0.0
245.9422050978589,22.50796983920466,20.748283259860862,0.0,0.0,0.0
245.94126986249267,22.51794021265366,20.746332317384173,0.0,0.0,0.0
245.94033758850327,22.527910843777928,20.744381326882028,0.0,0.0,0.0
245.93940827610297,22.537881732596382,20.742430288355497,0.0,0.0,0.0
245.9384819255047,22.547852879127817,20.740479201805616,0.0,0.0,0.0
245.93755853692215,22.5578242833909,20.738528067233446,0.0,0.0,0.0
