galstreams/tracks/track.st.New-26.ibata2024.ecsv
# %ECSV 1.0
# ---
# datatype:
# - {name: ra, unit: deg, datatype: float64}
# - {name: dec, unit: deg, datatype: float64}
# - {name: distance, unit: kpc, datatype: float64}
# - {name: pm_ra_cosdec, unit: mas / yr, datatype: float64}
# - {name: pm_dec, unit: mas / yr, datatype: float64}
# - {name: radial_velocity, unit: km / s, datatype: float64}
# delimiter: ','
# meta: !!omap
# - __serialized_columns__:
#     dec:
#       __class__: astropy.coordinates.angles.Latitude
#       unit: &id001 !astropy.units.Unit {unit: deg}
#       value: !astropy.table.SerializedColumn {name: dec}
#     distance:
#       __class__: astropy.coordinates.distances.Distance
#       unit: !astropy.units.Unit {unit: kpc}
#       value: !astropy.table.SerializedColumn {name: distance}
#     pm_dec:
#       __class__: astropy.units.quantity.Quantity
#       unit: !astropy.units.Unit {unit: mas / yr}
#       value: !astropy.table.SerializedColumn {name: pm_dec}
#     pm_ra_cosdec:
#       __class__: astropy.units.quantity.Quantity
#       unit: !astropy.units.Unit {unit: mas / yr}
#       value: !astropy.table.SerializedColumn {name: pm_ra_cosdec}
#     ra:
#       __class__: astropy.coordinates.angles.Longitude
#       unit: *id001
#       value: !astropy.table.SerializedColumn {name: ra}
#       wrap_angle: !astropy.coordinates.Angle
#         unit: *id001
#         value: 360.0
#     radial_velocity:
#       __class__: astropy.units.quantity.Quantity
#       unit: !astropy.units.Unit {unit: km / s}
#       value: !astropy.table.SerializedColumn {name: radial_velocity}
# schema: astropy-2.0
ra,dec,distance,pm_ra_cosdec,pm_dec,radial_velocity
[from data line 721]
345.0061473408014,31.529007714341006,0.999999999999999,-2.314371437665443,-4.066736910314653,-394.56401609846864
345.01770655970796,31.531713505439114,0.9999999999999989,-2.3111663579173793,-4.0648386272049635,-465.4986760268489
345.0292700804173,31.534411678363597,0.999999999999999,-2.307960996704999,-4.062943528074648,-536.9962401006915
345.0408379081083,31.537102218379996,0.9999999999999991,-2.3047553547031505,-4.061051618204381,-609.0583744108413
345.0524100479509,31.539785110750948,0.9999999999999991,-2.301549432588839,-4.059162902875762,-681.6867450481398
345.0639865051055,31.542460340736174,0.9999999999999989,-2.298343231041624,-4.057277387371215,-754.8830181034372
345.07556728472355,31.545127893592497,0.999999999999999,-2.295136750743211,-4.055395076974165,-828.6488596675647
345.087152391947,31.547787754573836,0.999999999999999,-2.2919299923775824,-4.05351597696891,-902.9859358313706
345.0987418319086,31.550439908931217,0.999999999999999,-2.28872295663124,-4.051640092640525,-977.8959126856954
345.110335609732,31.553084341912715,0.9999999999999989,-2.285515644192806,-4.049767429275235,-1053.3804563213853
345.12193373053117,31.555721038763576,0.999999999999999,-2.2823080557533544,-4.047897992159761,-1129.4412328292829
345.1335361994111,31.55834998472606,0.999999999999999,-2.27910019200619,-4.046031786582148,-1206.079908300232
345.1451430214673,31.560971165039554,0.9999999999999991,-2.275892053647098,-4.044168817830993,-1283.298148825079
345.1567542017859,31.563584564940545,0.9999999999999989,-2.272683641374016,-4.042309091196003,-1361.0976204946535
345.16836974544367,31.566190169662594,0.9999999999999988,-2.2694749558873966,-4.04045261196751,-1439.4799893998113
345.17998965750814,31.56878796443636,0.9999999999999988,-2.266265997889974,-4.038599385437067,-1518.4469216313882
345.19161394303717,31.571377934489586,0.9999999999999989,-2.2630567680868836,-4.036749416896868,-1598.0000832802305
345.2032426070794,31.573960065047114,0.9999999999999989,-2.25984726718562,-4.034902711640058,-1678.1411404371795
345.214875654674,31.57653434133085,0.999999999999999,-2.2566374958956743,-4.033059274960607,-1758.871759193078
345.22651309085074,31.579100748559814,0.999999999999999,-2.2534274549294793,-4.031219112153423,-1840.1936056387797
345.2381549206298,31.581659271950112,0.9999999999999989,-2.2502171450015993,-4.029382228514379,-1922.1083458651085
345.2498011490219,31.58420989671491,0.9999999999999989,-2.247006566828972,-4.02754862933989,-2004.6176459629153
345.2614517810284,31.586752608064483,0.9999999999999989,-2.2437957211305104,-4.025718319927648,-2087.723172023044
345.273106821641,31.589287391206177,0.999999999999999,-2.240584608628353,-4.023891305575972,-2171.4265901363383
345.2847662758419,31.59181423134445,0.999999999999999,-2.2373732300464866,-4.022067591584062,-2255.7295663936443
345.29643014860386,31.5943331136808,0.9999999999999989,-2.2341615861108295,-4.020247183252081,-2340.6337668857964
345.3080984448898,31.59684402341385,0.9999999999999988,-2.2309496775511093,-4.0184300858809365,-2426.140857703651
345.31977116965356,31.599346945739267,0.999999999999999,-2.2277375050975508,-4.016616304772612,-2512.2525049380365
345.3314483278388,31.60184186584983,0.9999999999999989,-2.2245250694848693,-4.0148058452296596,-2598.9703746798004
345.34312992438004,31.604328768935392,0.999999999999999,-2.2213123714483487,-4.012998712555657,-2686.296133019788
345.3548159642019,31.60680764018288,0.9999999999999989,-2.2180994117266977,-4.011194912054975,-2774.2314460488387
345.36650645221954,31.609278464776313,0.9999999999999989,-2.2148861910605433,-4.009394449032868,-2862.7779798578003
345.37820139333826,31.61174122789676,0.9999999999999989,-2.2116727101934686,-4.007597328795839,-2951.9374005375103
345.38990079245383,31.614195914722416,0.9999999999999988,-2.208458969871373,-4.005803556650164,-3041.7113741788235
345.40160465445234,31.61664251042851,0.999999999999999,-2.2052449708419886,-4.004013137904224,-3132.1015668725645
345.4133129842101,31.619081000187382,0.9999999999999989,-2.202030713855919,-4.002226077866283,-3223.1096447095865
345.4250257865937,31.62151136916843,0.9999999999999988,-2.1988161996664815,-4.000442381846142,-3314.737273780732
345.43674306646005,31.62393360253813,0.9999999999999988,-2.195601429029182,-3.9986620551541705,-3406.9861201768435
345.44846482865637,31.626347685460036,0.9999999999999989,-2.192386402701203,-3.99688510310159,-3499.8578499887617
345.4601910780199,31.62875360309479,0.999999999999999,-2.189171121443451,-3.9951115310000205,-3593.354129307338
345.4719218193782,31.6311513406001,0.9999999999999987,-2.1859555860183093,-3.9933413441627863,-3687.4766242234095
345.4836570575491,31.633540883130745,0.9999999999999988,-2.1827397971920846,-3.9915745479032694,-3782.2270008278133
345.4953967973406,31.635922215838576,0.9999999999999989,-2.1795237557307985,-3.989811147536386,-3877.6069252114
345.50714104355075,31.63829532387253,0.9999999999999988,-2.1763074624059016,-3.988051148377224,-3973.618063465005
345.51888980096777,31.640660192378604,0.9999999999999989,-2.173090917989981,-3.9862945557422904,-4070.2620816794774
345.5306430743701,31.643016806499876,0.9999999999999987,-2.169874123257671,-3.9845413749482077,-4167.540645945658
345.54240086852633,31.6453651513765,0.9999999999999987,-2.1666570789864465,-3.982791611312848,-4265.455422354392
345.554163188195,31.647705212145674,0.9999999999999988,-2.163439785956882,-3.9810452701556187,-4364.008076996531
345.5659300381248,31.65003697394173,0.9999999999999988,-2.1602222449508304,-3.979302356795074,-4463.200275962899
345.5777014230545,31.652360421895988,0.9999999999999988,-2.1570044567541515,-3.977562876552156,-4563.033685344346
345.58947734771294,31.654675541136903,0.9999999999999988,-2.153786422154525,-3.9758268347477497,-4663.509971231719
345.601257816819,31.656982316789968,0.9999999999999988,-2.150568141940454,-3.974094236704161,-4764.630799715859
345.6130428350815,31.659280733977756,0.9999999999999988,-2.147349616906098,-3.9723650877437535,-4866.397836887606
345.62483240719934,31.661570777819882,0.9999999999999988,-2.1441308478459575,-3.9706393931907087,-4968.812748837803
345.63662653786145,31.66385243343309,0.9999999999999988,-2.140911835556949,-3.9689171583688108,-5071.877201657302
345.64842523174656,31.666125685931135,0.9999999999999987,-2.1376925808401666,-3.9671983886034923,-5175.592861436942
345.66022849352345,31.668390520424854,0.9999999999999988,-2.134473084498012,-3.965483089221152,-5279.961394267562
345.672036327851,31.670646922022186,0.999999999999999,-2.1312533473348196,-3.963771265547905,-5384.984466239997
345.68384873937777,31.67289487582806,0.9999999999999988,-2.1280333701584198,-3.962062922911855,-5490.663743445103
345.6956657327423,31.675134366944555,0.9999999999999987,-2.1248131537793427,-3.9603580666416747,-5597.000891973718
345.70748731257305,31.677365380470757,0.9999999999999988,-2.1215926990104492,-3.958656702065923,-5703.997577916691
345.7193134834883,31.679587901502853,0.9999999999999988,-2.118372006667016,-3.9569588345151487,-5811.655467364857
345.7311442500963,31.68180191513405,0.9999999999999989,-2.115151077566651,-3.955264469320582,-5919.976226409064
345.74297961699506,31.68400740645469,0.9999999999999988,-2.1119299125285522,-3.953573611812544,-6028.961521140151
345.75481958877236,31.68620436055211,0.9999999999999988,-2.108708512377632,-3.9518862673247668,-6138.613017648962
345.7666641700059,31.68839276251075,0.9999999999999989,-2.105486877937551,-3.950202441189731,-6248.932382026337
345.7785133652631,31.69057259741209,0.9999999999999987,-2.1022650100373426,-3.948522138741623,-6359.921280363126
345.7903671791012,31.69274385033469,0.9999999999999988,-2.099042909506693,-3.946845365314971,-6471.581378750165
345.8022256160672,31.69490650635416,0.9999999999999988,-2.0958205771800635,-3.945172126246007,-6583.914343278301
345.8140886806977,31.697060550543185,0.9999999999999987,-2.0925980138927684,-3.9435024268707366,-6696.921840038388
345.8259563775192,31.699205967971498,0.9999999999999988,-2.0893752204823954,-3.9418362725258476,-6810.605535121246
345.83782871104796,31.701342743705915,0.9999999999999987,-2.0861521977893744,-3.940173668549619,-6924.9670946177275
345.84970568578973,31.703470862810263,0.9999999999999987,-2.082928946659081,-3.938514620281012,-7040.008184618674
345.86158730624004,31.705590310345503,0.9999999999999986,-2.0797054679356393,-3.9368591330587606,-7155.730471214938
345.8734735768841,31.70770107136958,0.9999999999999986,-2.076481762468461,-3.9352072122235313,-7272.135620497362
345.88536450219675,31.709803130937562,0.9999999999999987,-2.073257831108265,-3.9335588631164455,-7389.225298556774
345.89726008664246,31.711896474101525,0.9999999999999987,-2.0700336747096344,-3.931914091078852,-7507.001171484028
345.9091603346752,31.71398108591064,0.9999999999999988,-2.066809294129257,-3.9302729014533497,-7625.464905369962
345.92106525073876,31.716056951411122,0.9999999999999988,-2.063584690225241,-3.9286352995839025,-7744.618166305419
345.93297483926636,31.718124055646257,0.9999999999999988,-2.060359863859617,-3.927001290813223,-7864.462620381245
345.9448891046808,31.72018238365637,0.9999999999999987,-2.0571348158967453,-3.9253708804872076,-7984.999933688281
345.9568080513944,31.722231920478837,0.9999999999999988,-2.0539095472045688,-3.9237440739506155,-8106.231772317374
345.9687316838091,31.724272651148116,0.9999999999999986,-2.0506840586498356,-3.922120876550707,-8228.159802359365
345.98066000631627,31.726304560695723,0.9999999999999988,-2.0474583511076503,-3.9205012936333787,-8350.785689905093
345.9925930232968,31.728327634150205,0.9999999999999986,-2.044232425450673,-3.9188853305473685,-8474.11110104541
346.00453073912115,31.73034185653719,0.9999999999999986,-2.041006282557248,-3.9172729926405054,-8598.137701871143
346.0164731581491,31.732347212879336,0.9999999999999987,-2.0377799233078235,-3.9156642852626646,-8722.86715847317
346.0284202847299,31.734343688196397,0.9999999999999987,-2.0345533485852343,-3.914059213763494,-8848.301136942286
346.0403721232024,31.736331267505133,0.9999999999999987,-2.031326559273623,-3.9124577834936645,-8974.441303369356
346.0523286778946,31.738309935819384,0.9999999999999987,-2.0280995562635553,-3.9108599998054387,-9101.289323845229
346.06428995312416,31.740279678150063,0.9999999999999988,-2.0248723404418456,-3.9092658680499426,-9228.846864460742
346.076255953198,31.742240479505117,0.9999999999999988,-2.021644912705142,-3.9076753935802344,-9357.11559130673
346.0882266824123,31.74419232488953,0.9999999999999987,-2.0184172739474207,-3.9060885817516464,-9486.097170474051
346.1002021450528,31.746135199305375,0.9999999999999987,-2.0151894250687974,-3.904505437916555,-9615.79326805354
346.1121823453944,31.74806908775175,0.9999999999999988,-2.011961366970354,-3.902925967431088,-9746.205550136041
346.12416728770137,31.749993975224847,0.9999999999999987,-2.00873310055664,-3.901350175650805,-9877.335682812396
346.1361569762275,31.75190984671786,0.9999999999999987,-2.0055046267323746,-3.8997780679324023,-10009.185332173445
346.1481514152154,31.753816687221068,0.9999999999999986,-2.002275946409327,-3.8982096496332588,-10141.756164310036
346.16015060889737,31.755714481721803,0.9999999999999987,-1.999047060498583,-3.8966449261108664,-10275.049845313015
346.1721545614948,31.75760321520442,0.9999999999999986,-1.9958179699154357,-3.8950839027249913,-10409.068041273214
346.18416327721826,31.759482872650363,0.9999999999999987,-1.9925886755767124,-3.8935265848346035,-10543.812418281514
346.19617676026763,31.76135343903812,0.9999999999999986,-1.9893591784042428,-3.891972977799128,-10679.2846424287
346.208195014832,31.76321489934321,0.9999999999999984,-1.986129479318322,-3.8904230869808316,-10815.48637980564
346.2202180450895,31.765067238538236,0.9999999999999986,-1.9828995792468618,-3.8888769177392533,-10952.41929650318
346.2322458552076,31.76691044159281,0.9999999999999986,-1.979669479118627,-3.8873344754390473,-11090.085058612158
346.24427844934297,31.768744493473648,0.9999999999999986,-1.9764391798616998,-3.8857957654408892,-11228.485332223423
346.25631583164113,31.770569379144472,0.9999999999999986,-1.9732086824143948,-3.8842607931098883,-11367.621783427818
346.26835800623695,31.77238508356607,0.9999999999999986,-1.9699779877096262,-3.882729563810244,-11507.496078316171
346.28040497725436,31.774191591696294,0.9999999999999987,-1.966747096688266,-3.8812020829068388,-11648.109882979348
346.29245674880644,31.775988888490033,0.9999999999999987,-1.9635160102909026,-3.879678355765236,-11789.464863508178
346.3045133249952,31.777776958899242,0.9999999999999986,-1.9602847294653998,-3.878158387751,-11931.5626859935
346.3165747099117,31.779555787872894,0.9999999999999984,-1.9570532551564384,-3.8766421842331056,-12074.40501652617
346.3286409076363,31.781325360357055,0.9999999999999987,-1.9538215883142698,-3.8751297505773437,-12217.993521197028
346.34071192223803,31.783085661294784,0.9999999999999984,-1.9505897298947161,-3.8736210921542806,-12362.329866096905
346.3527877577751,31.784836675626256,0.9999999999999984,-1.947357680852292,-3.8721162143317542,-12507.41571731668
346.3648684182948,31.786578388288657,0.9999999999999988,-1.9441254421454914,-3.870615122479194,-12653.252740947148
346.37695390783324,31.788310784216243,0.9999999999999986,-1.9408930147337742,-3.869117821966938,-12799.842603079169
346.3890442304155,31.790033848340283,0.9999999999999987,-1.9376603995842743,-3.8676243181678274,-12947.186969803592
346.4011393900556,31.79174756558914,0.9999999999999986,-1.9344275976631025,-3.8661346164519728,-13095.28750721125
