galstreams/tracks/track.st.Cetus-Palca.thomas2021.ecsv
# %ECSV 1.0
# ---
# datatype:
# - {name: ra, unit: deg, datatype: float64}
# - {name: dec, unit: deg, datatype: float64}
# - {name: distance, unit: kpc, datatype: float64}
# - {name: pm_ra_cosdec, unit: mas / yr, datatype: float64}
# - {name: pm_dec, unit: mas / yr, datatype: float64}
# - {name: radial_velocity, unit: km / s, datatype: float64}
# delimiter: ','
# meta: !!omap
# - __serialized_columns__:
#     dec:
#       __class__: astropy.coordinates.angles.Latitude
#       unit: &id001 !astropy.units.Unit {unit: deg}
#       value: !astropy.table.SerializedColumn {name: dec}
#     distance:
#       __class__: astropy.coordinates.distances.Distance
#       unit: !astropy.units.Unit {unit: kpc}
#       value: !astropy.table.SerializedColumn {name: distance}
#     pm_dec:
#       __class__: astropy.units.quantity.Quantity
#       unit: !astropy.units.Unit {unit: mas / yr}
#       value: !astropy.table.SerializedColumn {name: pm_dec}
#     pm_ra_cosdec:
#       __class__: astropy.units.quantity.Quantity
#       unit: !astropy.units.Unit {unit: mas / yr}
#       value: !astropy.table.SerializedColumn {name: pm_ra_cosdec}
#     ra:
#       __class__: astropy.coordinates.angles.Longitude
#       unit: *id001
#       value: !astropy.table.SerializedColumn {name: ra}
#       wrap_angle: !astropy.coordinates.Angle
#         unit: *id001
#         value: 360.0
#     radial_velocity:
#       __class__: astropy.units.quantity.Quantity
#       unit: !astropy.units.Unit {unit: km / s}
#       value: !astropy.table.SerializedColumn {name: radial_velocity}
# schema: astropy-2.0
ra,dec,distance,pm_ra_cosdec,pm_dec,radial_velocity
[from data line 8752]
36.32826297926359,-53.103070437691294,34.8469736373578,1.0496325903083568,-0.06374417765297134,1.2631150694808506e-14
36.33274130325404,-53.11251969351549,34.847020743423975,1.049695277236545,-0.0634962982482046,-1.9999321933446802e-14
36.3372211815344,-53.121968894446496,34.847067884071514,1.0497579300153328,-0.06324834932716122,0.0
36.34170261531909,-53.13141804039736,34.84711505938334,1.0498205486083934,-0.06300033087190145,0.0
36.34618560582376,-53.140867131280935,34.847162269442435,1.0498831329793705,-0.06275224286446537,-4.210383564936169e-15
36.35067015426525,-53.150316167010075,34.84720951433174,1.049945683091879,-0.06250408528687709,4.210383564936169e-15
36.35515626186163,-53.15976514749752,34.84725679413421,1.0500081989095063,-0.06225585812113735,1.473634247727659e-14
36.359643929832146,-53.16921407265588,34.847304108932796,1.0500706803958089,-0.06200756134923191,-1.9999321933446802e-14
36.36413315939728,-53.178662942397715,34.84735145881045,1.050133127514317,-0.061759194953125124,9.47336302110638e-15
36.36862395177872,-53.18811175663553,34.847398843850115,1.0501955402285303,-0.06151075891476261,1.3683746586042549e-14
36.37311630819938,-53.19756051528169,34.84744626413477,1.050257918501921,-0.061262253216069755,1.1578554803574466e-14
36.37761022988334,-53.20700921824846,34.847493719747355,1.050320262297931,-0.061013677838955394,7.368171238638296e-15
36.38210571805596,-53.21645786544808,34.84754121077081,1.0503825715799742,-0.06076503276530684,-1.0525958912340423e-14
36.3866027739438,-53.22590645679266,34.8475887372881,1.0504448463114353,-0.06051631797699215,8.420767129872338e-15
36.39110139877458,-53.23535499219419,34.84763629938218,1.0505070864556698,-0.06026753345586365,-6.315575347404253e-15
36.395601593777315,-53.244803471564644,34.84768389713599,1.0505692919760048,-0.060018679183749174,-8.420767129872338e-15
36.400103360182214,-53.254251894815866,34.8477315306325,1.0506314628357378,-0.059769755142460634,2.315710960714893e-14
36.4046066992207,-53.26370026185962,34.847779199954644,1.050693598998138,-0.05952076131379041,-2.6314897280851058e-15
36.40911161212542,-53.27314857260756,34.84782690518541,1.0507557004264434,-0.05927169767951032,-2.1051917824680846e-14
36.41361810013029,-53.28259682697128,34.847874646407696,1.0508177670838652,-0.059022564221375175,-1.5788938368510633e-15
36.418126164470415,-53.292045024862276,34.8479224237045,1.0508797989335847,-0.05877336092111608,3.1577876737021266e-15
36.42263580638211,-53.30149316619195,34.847970237158776,1.0509417959387526,-0.05852408776045036,-1.0525958912340423e-15
36.42714702710295,-53.31094125087163,34.848018086853436,1.0510037580624927,-0.05827474472107105,-2.7367493172085098e-14
36.43165982787176,-53.3203892788125,34.848065972871474,1.0510656852678975,-0.058025331784655285,1.2631150694808506e-14
36.43617420992858,-53.329837249925745,34.848113895295825,1.0511275775180307,-0.05777584893285866,7.894469184255318e-15
36.44069017451466,-53.33928516412236,34.84816185420942,1.0511894347759283,-0.05752629614731847,8.420767129872338e-15
36.44520772287252,-53.34873302131333,34.84820984969527,1.0512512570045929,-0.057276673409651674,6.8418732930212744e-15
36.44972685624592,-53.35818082140953,34.848257881836275,1.051313044167002,-0.0570269807014569,-2.1051917824680846e-14
36.45424757587987,-53.36762856432173,34.848305950715414,1.0513747962261013,-0.056777218004311694,4.210383564936169e-15
36.45876988302056,-53.377076249960595,34.84835405641564,1.0514365131448062,-0.05652738529977579,1.5262640422893612e-14
36.46329377891548,-53.38652387823674,34.84840219901987,1.0514981948860045,-0.056277482569388235,1.3157448640425528e-14
36.46781926481334,-53.39597144906065,34.84845037861111,1.051559841412553,-0.05602750979466989,5.789277401787233e-15
36.47234634196415,-53.40541896234277,34.848498595272275,1.0516214526872805,-0.05577746695711893,1.842042809659574e-14
36.47687501161907,-53.4148664179934,34.84854684908635,1.0516830286729844,-0.05552735403821808,5.2629794561702115e-15
36.48140527503062,-53.42431381592278,34.84859514013625,1.0517445693324325,-0.055277171019427265,-2.6314897280851058e-15
36.485937133452445,-53.43376115604106,34.84864346850495,1.051806074628363,-0.05502691788218823,-4.210383564936169e-15
36.49047058813959,-53.443208438258296,34.8486918342754,1.051867544523486,-0.054776594607922786,2.6314897280851058e-15
36.495005640348225,-53.4526556624844,34.848740237530556,1.0519289789804782,-0.05452620117803347,1.5788938368510633e-15
36.499542291335835,-53.4621028286293,34.84878867835336,1.0519903779619897,-0.05427573757390253,-1.5262640422893612e-14
36.50408054236119,-53.47154993660275,34.84883715682679,1.0520517414306392,-0.05402520377689273,-8.420767129872338e-15
36.508620394684236,-53.48099698631443,34.84888567303376,1.0521130693490164,-0.05377459976834723,-2.1051917824680846e-14
36.51316184956626,-53.490443977673955,34.84893422705726,1.052174361679679,-0.05352392552958825,-8.947065075489359e-15
36.51770490826977,-53.4998909105908,34.84898281898021,1.0522356183851567,-0.053273181041921094,-2.6314897280851058e-15
36.522249572058556,-53.50933778497442,34.8490314488856,1.0522968394279482,-0.05302236628662842,-7.894469184255318e-15
36.52679584219764,-53.518784600734094,34.84908011685635,1.0523580247705224,-0.05277148124497347,1.473634247727659e-14
36.53134371995335,-53.52823135777905,34.849128822975416,1.0524191743753186,-0.0525205258982026,2.0525619879063826e-14
36.53589320659326,-53.53767805601846,34.84917756732577,1.0524802882047433,-0.0522695002275383,1.9999321933446802e-14
36.54044430338622,-53.54712469536132,34.84922634999036,1.0525413662211758,-0.05201840421418555,-1.9999321933446802e-14
36.544997011602355,-53.55657127571662,34.849275171052135,1.052602408386964,-0.05176723783932917,-3.1577876737021266e-15
36.54955133251306,-53.566017796993236,34.84932403059403,1.0526634146644254,-0.05151600108413372,1.1578554803574466e-14
36.554107267391025,-53.57546425909987,34.84937292869903,1.052724385015847,-0.05126469392974352,1.2104852749191486e-14
36.55866481751017,-53.584910661945266,34.849421865450076,1.0527853194034864,-0.051013316357282686,4.73668151055319e-15
36.56322398414571,-53.594357005437956,34.849470840930096,1.0528462177895688,-0.05076186834785878,-1.6841534259744676e-14
36.567784768574164,-53.60380328948644,34.84951985522209,1.0529070801362899,-0.050510349882553415,-1.3683746586042549e-14
36.572347172073336,-53.61324951399913,34.849568908408976,1.052967906405816,-0.050258760942433894,1.1052256857957444e-14
36.576911195922236,-53.62269567888431,34.84961800057371,1.0530286965602818,-0.05000710150854475,-9.999660966723401e-15
36.581476841401276,-53.63214178405021,34.84966713179926,1.0530894505617916,-0.04975537156190904,-9.47336302110638e-15
36.586044109792056,-53.64158782940493,34.84971630216856,1.0531501683724187,-0.04950357108353359,-1.9999321933446802e-14
36.59061300237752,-53.651033814856525,34.849765511764566,1.053210849954206,-0.049251700054402214,-7.894469184255318e-15
36.59518352044187,-53.66047974031287,34.84981476067026,1.053271495269166,-0.04899975845547881,-4.73668151055319e-15
36.599755665270614,-53.66992560568183,34.849864048968556,1.0533321042792794,-0.0487477462677095,-2.1051917824680846e-14
36.60432943815055,-53.67937141087117,34.849913376742435,1.0533926769464979,-0.04849566347201835,-4.210383564936169e-15
36.60890484036976,-53.6888171557885,34.84996274407483,1.0534532132327412,-0.04824351004930834,-9.47336302110638e-15
36.61348187321764,-53.698262840341414,34.8500121510487,1.053513713099898,-0.04799128598046487,-1.5788938368510633e-15
36.61806053798487,-53.70770846443733,34.850061597747015,1.0535741765098254,-0.047738991246351406,-1.473634247727659e-14
36.622640835963416,-53.717154027983646,34.85011108425269,1.0536346034243522,-0.047486625827810686,-5.262979456170211e-16
36.62722276844659,-53.72659953088765,34.85016061064872,1.0536949938052733,-0.04723418970566741,4.73668151055319e-15
36.63180633672895,-53.73604497305646,34.850210177018035,1.0537553476143546,-0.04698168286072421,-4.210383564936169e-15
36.63639154210638,-53.745490354397226,34.85025978344358,1.05381566481333,-0.04672910527376434,-2.0525619879063826e-14
36.64097838587611,-53.75493567481688,34.85030943000832,1.053875945363902,-0.04647645692554975,2.6841195226468077e-14
36.64556686933659,-53.76438093422235,34.85035911679522,1.0539361892277417,-0.046223737796823976,-8.420767129872338e-15
36.650156993787675,-53.77382613252045,34.85040884388721,1.0539963963664913,-0.045970947868307244,5.789277401787233e-15
36.65474876053046,-53.78327126961784,34.850458611367266,1.0540565667417585,-0.045718087120702994,7.894469184255318e-15
36.659342170867376,-53.792716345421184,34.8505084193183,1.0541167003151237,-0.04546515553469062,0.0
36.66393722610216,-53.802161359836944,34.85055826782334,1.054176797048131,-0.04521215309093256,6.8418732930212744e-15
36.66853392753988,-53.81160631277159,34.85060815696525,1.0542368569022966,-0.044959079770068834,-3.684085619319148e-15
36.67313227648691,-53.821051204131386,34.85065808682704,1.0542968798391052,-0.04470593555272019,-2.1051917824680845e-15
36.67773227425095,-53.83049603382261,34.850708057491644,1.0543568658200086,-0.04445272041948459,-1.4210044531659571e-14
36.68233392214102,-53.83994080175137,34.850758069042016,1.0544168148064281,-0.04419943435094168,-5.2629794561702115e-15
36.686937221467424,-53.84938550782372,34.850808121561116,1.0544767267597532,-0.0439460773276506,-1.4210044531659571e-14
36.691542173541855,-53.858830151945604,34.85085821513189,1.0545366016413427,-0.0436926493301496,6.8418732930212744e-15
36.69614877967728,-53.868274734022854,34.85090834983728,1.0545964394125213,-0.04343915033895621,-8.947065075489359e-15
36.70075704118801,-53.8777192539612,34.850958525760284,1.0546562400345842,-0.04318558033456716,-1.2104852749191486e-14
36.705366959389714,-53.88716371166635,34.8510087429838,1.054716003468796,-0.04293193929745869,4.73668151055319e-15
36.709978535599326,-53.896608107043804,34.85105900159079,1.0547757296763869,-0.04267822720808691,1.0525958912340423e-14
36.71459177113514,-53.906052439999065,34.851109301664245,1.0548354186185558,-0.042424444046887375,-1.1578554803574466e-14
36.719206667316826,-53.91549671043747,34.85115964328709,1.0548950702564712,-0.042170589794274856,-8.420767129872338e-15
36.72382322546533,-53.924940918264284,34.851210026542276,1.054954684551269,-0.04191666443064239,-1.473634247727659e-14
36.72844144690298,-53.934385063384724,34.85126045151275,1.055014261464052,-0.04166266793636492,-9.47336302110638e-15
36.7330613329534,-53.9438291457038,34.85131091828149,1.0550738009558946,-0.041408600291793767,-1.2631150694808506e-14
36.73768288494158,-53.95327316512653,34.85136142693145,1.0551333029878343,-0.04115446147726129,-8.947065075489359e-15
36.742306104193844,-53.96271712155777,34.85141197754553,1.0551927675208812,-0.04090025147307822,2.1051917824680845e-15
36.74693099203787,-53.97216101490231,34.85146257020674,1.0552521945160107,-0.040645970259535584,1.473634247727659e-14
36.751557549802676,-53.98160484506487,34.85151320499802,1.055311583934166,-0.0403916178169027,5.789277401787233e-15
36.756185778818605,-53.99104861194998,34.851563882002296,1.0553709357362602,-0.04013719412542946,-5.2629794561702115e-15
36.760815680417394,-54.00049231546216,34.85161460130256,1.0554302498831707,-0.03988269916534295,1.6841534259744676e-14
36.765447255932095,-54.00993595550582,34.851665362981734,1.0554895263357473,-0.03962813291684961,-9.47336302110638e-15
36.77008050669712,-54.01937953198521,34.851716167122795,1.0555487650548034,-0.039373495360137366,2.1051917824680845e-15
36.77471543404824,-54.02882304480455,34.851767013808676,1.055607966001122,-0.039118786475371065,5.262979456170211e-16
36.77935203932255,-54.03826649386793,34.85181790312233,1.0556671291354542,-0.03886400624269553,-1.7894130150978717e-14
36.78399032385859,-54.04770987907936,34.85186883514673,1.0557262544185169,-0.0386091546422337,1.1052256857957444e-14
36.788630288996146,-54.057153200342746,34.85191980996482,1.0557853418109966,-0.03835423165408998,-3.684085619319148e-15
36.79327193607643,-54.066596457561886,34.85197082765954,1.055844391273546,-0.0380992372583442,2.4736003443999992e-14
36.797915266442004,-54.076039650640496,34.85202188831385,1.055903402766786,-0.03784417143505809,1.3683746586042549e-14
36.8025602814368,-54.08548277948215,34.85207299201071,1.055962376251304,-0.037589034164272006,-5.262979456170211e-16
36.80720698240611,-54.09492584399038,34.85212413883306,1.056021311687655,-0.03733382542600426,1.6841534259744676e-14
36.81185537069657,-54.10436884406859,34.852175328863865,1.0560802090363632,-0.037078545200252444,5.2629794561702115e-15
36.81650544765623,-54.1138117796201,34.852226562186075,1.056139068257917,-0.03682319346699388,-5.789277401787233e-15
36.82115721463448,-54.12325465054809,34.85227783888264,1.056197889312775,-0.03656777020618308,-2.2104513715914887e-14
36.825810672982115,-54.13269745675569,34.852329159036515,1.0562566721613604,-0.036312275397754966,-1.4210044531659571e-14
36.83046582405126,-54.14214019814593,34.85238052273066,1.0563154167640656,-0.036056709021623674,1.1052256857957444e-14
36.83512266919542,-54.151582874621695,34.85243193004802,1.0563741230812482,-0.03580107105768066,-1.6315236314127656e-14
36.83978120976953,-54.161025486085826,34.852483381071536,1.0564327910732365,-0.035545361485797705,-1.5788938368510635e-14
36.844441447129824,-54.17046803244099,34.852534875884174,1.0564914207003215,-0.03528958028582411,-1.1052256857957444e-14
36.849103382634006,-54.179910513589846,34.85258641456888,1.0565500119227633,-0.03503372743758868,-1.5788938368510635e-14
36.8537670176411,-54.18935292943487,34.85263799720863,1.056608564700789,-0.0347778029208991,-2.4209705498382972e-14
36.85843235351152,-54.1987952798785,34.85268962388635,1.056667078994592,-0.034521806715542336,-3.1577876737021266e-15
36.863099391607115,-54.208237564823044,34.852741294685,1.0567255547643337,-0.034265738801281156,-9.999660966723401e-15
36.86776813329107,-54.21767978417072,34.85279300968755,1.0567839919701405,-0.03400959915786079,-3.1577876737021266e-15
36.87243857992798,-54.227121937823625,34.85284476897692,1.0568423905721076,-0.033753387765004035,-2.2104513715914887e-14
36.877110732883814,-54.23656402568377,34.852896572636084,1.056900750530296,-0.033497104602411024,4.73668151055319e-15
36.88178459352598,-54.246006047653076,34.852948420748,1.0569590718047315,-0.03324074964976183,9.47336302110638e-15
36.88646016322322,-54.25544800363334,34.853000313395604,1.057017354355411,-0.03298432288671432,2.1051917824680845e-15
36.891137443345734,-54.264889893526274,34.85305225066187,1.0570755981422932,-0.032727824292905806,6.315575347404253e-15
36.895816435265075,-54.27433171723351,34.853104232629725,1.0571338031253075,-0.03247125384795198,1.3157448640425528e-14
36.90049714035421,-54.283773474656535,34.85315625938213,1.0571919692643468,-0.03221461153144661,-1.0525958912340423e-15
36.90517955998756,-54.29321516569676,34.85320833100206,1.0572500965192717,-0.03195789732296052,6.8418732930212744e-15
36.90986369554081,-54.30265679025545,34.853260447572445,1.0573081848499088,-0.03170111120204834,-6.315575347404253e-15
36.91454954839123,-54.31209834823385,34.85331260917624,1.0573662342160508,-0.03144425314823736,7.894469184255318e-15
36.91923711991737,-54.32153983953306,34.8533648158964,1.057424244577459,-0.031187323141036206,-4.73668151055319e-15
36.92392641149924,-54.330981264054046,34.85341706781588,1.0574822158938582,-0.03093032115993115,-1.6841534259744676e-14
36.92861742451825,-54.34042262169775,34.85346936501765,1.0575401481249402,-0.030673247184388054,-2.1051917824680845e-15
36.93331016035723,-54.349863912364924,34.853521707584626,1.0575980412303643,-0.03041610119384887,3.684085619319148e-15
36.938004620400434,-54.359305135956276,34.85357409559978,1.0576558951697541,-0.03015888316773601,-1.2104852749191486e-14
