galstreams/tracks/track.st.AAU-AliqaUMa.li2020.ecsv
# %ECSV 0.9
# ---
# datatype:
# - {name: ra, unit: deg, datatype: float64}
# - {name: dec, unit: deg, datatype: float64}
# - {name: distance, unit: kpc, datatype: float64}
# - {name: pm_ra_cosdec, unit: mas / yr, datatype: float64}
# - {name: pm_dec, unit: mas / yr, datatype: float64}
# - {name: radial_velocity, unit: km / s, datatype: float64}
# delimiter: ','
# meta: !!omap
# - __serialized_columns__:
#     dec:
#       __class__: astropy.coordinates.angles.Latitude
#       unit: &id001 !astropy.units.Unit {unit: deg}
#       value: !astropy.table.SerializedColumn {name: dec}
#     distance:
#       __class__: astropy.coordinates.distances.Distance
#       unit: !astropy.units.Unit {unit: kpc}
#       value: !astropy.table.SerializedColumn {name: distance}
#     pm_dec:
#       __class__: astropy.units.quantity.Quantity
#       unit: !astropy.units.Unit {unit: mas / yr}
#       value: !astropy.table.SerializedColumn {name: pm_dec}
#     pm_ra_cosdec:
#       __class__: astropy.units.quantity.Quantity
#       unit: !astropy.units.Unit {unit: mas / yr}
#       value: !astropy.table.SerializedColumn {name: pm_ra_cosdec}
#     ra:
#       __class__: astropy.coordinates.angles.Longitude
#       unit: *id001
#       value: !astropy.table.SerializedColumn {name: ra}
#       wrap_angle: !astropy.coordinates.Angle
#         unit: *id001
#         value: 360.0
#     radial_velocity:
#       __class__: astropy.units.quantity.Quantity
#       unit: !astropy.units.Unit {unit: km / s}
#       value: !astropy.table.SerializedColumn {name: radial_velocity}
# schema: astropy-2.0
ra,dec,distance,pm_ra_cosdec,pm_dec,radial_velocity
0.4170970025994205,-15.901759208991665,30.8466896007834,0.21709720318009024,-0.5040205349991602,-163.7219800329032
0.46235041754300454,-15.923534878331358,30.815532577413084,0.21727544139317712,-0.5057583551931859,-163.67330314322248
0.507602123878943,-15.94532094975238,30.78442441507476,0.2174496428800242,-0.5074927836390546,-163.6243006554977
0.5528521438803635,-15.967117413306038,30.753365113768417,0.2176198070730032,-0.5092238231566562,-163.57497256972863
0.5981004998431817,-15.9889242590546,30.722354673494063,0.21778593339864455,-0.5109514765745689,-163.5253188859155
0.6433472140863031,-16.010741477071367,30.691393094251698,0.21794802127765617,-0.5126757467300557,-163.4753396040581
0.6885923089515319,-16.03256905744055,30.660480376041317,0.21810607012493952,-0.5143966364690631,-163.42503472415663
0.7338358068037695,-16.054406990257352,30.629616518862914,0.21826007934960867,-0.5161141486462169,-163.37440424621087
0.7790777300307067,-16.076255265627722,30.59880152271651,0.21841004835500571,-0.5178282861248205,-163.32344817022096
0.8243181010430454,-16.098113873668474,30.568035387602087,0.21855597653871983,-0.5195390517768533,-163.27216649618688
0.8695569422743812,-16.119982804507117,30.537318113519646,0.2186978632926036,-0.5212464484829665,-163.22055922410865
0.9147942761814197,-16.141862048281954,30.506649700469193,0.21883570800279128,-0.5229504791324808,-163.16862635398618
0.9600301252436694,-16.163751595141868,30.476030148450732,0.21896951004971574,-0.5246511466233856,-163.11636788581959
1.0052645119635986,-16.18565143524634,30.445459457464253,0.21909926880812575,-0.5263484538623346,-163.06378381960872
1.0504974588667937,-16.207561558765505,30.414937627509758,0.21922498364710416,-0.528042403764645,-163.01087415535375
1.0957289885016472,-16.229481955879912,30.38446465858725,0.21934665393008426,-0.5297329992542933,-162.9576388930546
1.1409591234395753,-16.2514126167806,30.354040550696737,0.2194642790148683,-0.531420243263915,-162.90407803271123
1.1861878862749082,-16.27335353166899,30.323665303838197,0.21957785825364434,-0.5331041387348009,-162.85019157432376
1.2314152996251093,-16.29530469075697,30.293338918011656,0.21968739099300422,-0.5347846886168952,-162.795979517892
1.2766413861304589,-16.317266084266635,30.26306139321709,0.2197928765739603,-0.536461895868793,-162.74144186341604
1.3218661684542234,-16.33923770243035,30.232832729454515,0.21989431433196338,-0.5381357634577388,-162.68657861089605
1.367089669282803,-16.361219535490772,30.20265292672393,0.219991703596921,-0.5398062943596227,-162.63138976033176
1.4123119113254292,-16.383211573700674,30.172521985025323,0.22008504369321313,-0.5414734915589798,-162.5758753117234
1.4575329173143785,-16.40521380732293,30.142439904358707,0.22017433393971161,-0.5431373580489878,-162.52003526507065
1.5027527100048717,-16.42722622663049,30.112406684724082,0.22025957364979612,-0.5447978968314638,-162.46386962037397
1.5479713121752783,-16.449248821906405,30.082422326121428,0.22034076213137305,-0.5464551109168629,-162.40737837763294
1.593188746626817,-16.471281583443584,30.05248682855078,0.220417898686892,-0.5481090033242764,-162.35056153684775
1.6384050361837645,-16.49332450154493,30.022600192012103,0.22049098261336378,-0.549759577081429,-162.2934190980184
1.683620203693356,-16.51537756652316,29.99276241650542,0.2205600132023776,-0.5514068352246767,-162.23595106114487
1.728834272025997,-16.537440768700904,29.96297350203072,0.22062498974011993,-0.5530507807990062,-162.17815742622716
1.7740472640749563,-16.559514098410492,29.933233448588002,0.22068591150739036,-0.554691416858031,-162.12003819326523
1.8192592027565258,-16.58159754599398,29.903542256177285,0.22074277777961965,-0.5563287464639902,-162.06159336225917
1.864470111010182,-16.603691101803182,29.87389992479854,0.2207955878268882,-0.5579627726877477,-162.0028229332089
1.9096800117982797,-16.625794756199454,29.844306454451786,0.220844340913943,-0.5595934986087878,-161.94372690611448
1.9548889281062607,-16.647908499553758,29.814761845137014,0.22088903630021495,-0.5612209273152154,-161.88430528097587
2.000096882942559,-16.67003232224656,29.78526609685424,0.2209296732398367,-0.5628450619037533,-161.82455805779313
2.045303899338816,-16.692166214667903,29.755819209603438,0.2209662509816608,-0.5644659054797404,-161.7644852365661
2.090510000349563,-16.71431016721716,29.726421183384627,0.2209987687692764,-0.5660834611571302,-161.70408681729506
2.1357152090524485,-16.736464170303123,29.697072018197808,0.22102722584102774,-0.567697732058488,-161.64336279997966
2.1809195485481285,-16.75862821434388,29.66777171404297,0.22105162143003088,-0.5693087213149908,-161.58231318462015
2.226123041960486,-16.780802289766903,29.638520270920118,0.22107195476419264,-0.5709164320664242,-161.5209379712164
2.2713257124363224,-16.8029863870088,29.609317688829247,0.22108822506622666,-0.5725208674611807,-161.4592371597686
2.316527583145521,-16.825180496515387,29.580163967770375,0.22110043155367218,-0.5741220306562593,-161.39721075027649
2.361728677281207,-16.847384608741667,29.55105910774348,0.22110857343891155,-0.5757199248172619,-161.3348587427402
2.40692901805944,-16.869598714151664,29.522003108748578,0.22111264992918742,-0.5773145531183931,-161.2721811371598
2.4521286287194344,-16.89182280321848,29.49299597078565,0.22111266022662096,-0.578905918742459,-161.2091779335352
2.4973275325234527,-16.91405686642416,29.46403769385472,0.22110860352822875,-0.5804940248808632,-161.14584913186644
2.542525752757029,-16.93630089425977,29.435128277955776,0.22110047902594204,-0.5820788747336075,-161.0821947321535
2.5877233127286563,-16.958554877225204,29.406267723088817,0.22108828590662216,-0.5836604715092908,-161.01821473439628
2.6329202357699506,-16.980818805829173,29.377456029253835,0.2210720233520806,-0.5852388184251045,-160.95390913859495
2.678116545235818,-17.00309267058928,29.34869319645085,0.2210516905390951,-0.5868139187068341,-160.88927794474947
2.723312264504144,-17.02537646203177,29.319979224679845,0.2210272866394277,-0.5883857755888564,-160.82432115285977
2.768507416976009,-17.047670170691614,29.291314113940828,0.22099881081984257,-0.5899543923141382,-160.75903876292594
2.813702026075594,-17.069973787112414,29.262697864233797,0.22096626224212382,-0.5915197721342351,-160.6934307749478
2.8588961152503947,-17.092287301846426,29.234130475558754,0.22092964006309368,-0.5930819183092899,-160.62749718892556
2.9040897079709156,-17.114610705454385,29.20561194791569,0.22088894343462928,-0.5946408341080317,-160.5612380048592
2.949282827730887,-17.136943988505543,29.17714228130462,0.2208441715036808,-0.5961965228077731,-160.4946532227486
2.9944754980471644,-17.159287141577565,29.148721475725544,0.22079532341228897,-0.5977489876944108,-160.4277428425938
3.0396677424599505,-17.1816401552566,29.120349531178444,0.2207423982976039,-0.5992982320624239,-160.36050686439486
3.0848595845324858,-17.20400302013705,29.09202644766333,0.2206853952919014,-0.6008442592148716,-160.29294528815174
3.1300510478512114,-17.226375726821644,29.063752225180203,0.2206243135226012,-0.6023870724633928,-160.22505811386438
3.1752421560259396,-17.2487582659214,29.035526863729057,0.220559152112286,-0.6039266751282047,-160.15684534153291
3.2204329326895413,-17.27115062805548,29.0073503633099,0.2204899101787166,-0.6054630705381016,-160.08830697115712
3.265623401498172,-17.293552803851217,28.979222723922742,0.22041658683485227,-0.6069962620304541,-160.01944300273738
3.310813586131162,-17.315964783944015,28.951143945567555,0.22033918118886725,-0.6085262529512081,-159.95025343627324
3.3560035102912487,-17.338386558977398,28.92311402824436,0.2202576923441683,-0.6100530466548818,-159.88073827176504
3.4011931977042607,-17.360818119602826,28.89513297195315,0.2201721193994138,-0.611576646504568,-159.81089750921265
3.446382672119286,-17.383259456479706,28.867200776693934,0.22008246144852972,-0.6130970558719302,-159.74073114861596
3.4915719573088415,-17.405710560275416,28.839317442466687,0.2199887175807294,-0.6146142781372028,-159.6702391899753
3.536761077068562,-17.428171421665112,28.811482969271438,0.2198908868805295,-0.61612831668919,-159.59942163329032
3.581950055217422,-17.45064203133177,28.783697357108174,0.21978896842776896,-0.6176391749252643,-159.52827847856116
3.6271389155976395,-17.473122379966114,28.755960605976895,0.21968296129762674,-0.6191468562513671,-159.45680972578785
3.672327682074892,-17.495612458266628,28.728272715877605,0.2195728645606391,-0.6206513640820059,-159.38501537497035
3.7175163785380145,-17.518112256939375,28.700633686810296,0.21945867728271815,-0.6221527018402547,-159.31289542610875
3.7627050288992163,-17.540621766698052,28.67304351877497,0.21934039852516887,-0.6236508729577523,-159.24044987920286
3.8078936570939876,-17.563140978263878,28.645502211771642,0.2192180273447074,-0.6251458808747021,-159.16767873425277
3.8530822870813157,-17.585669882365654,28.618009765800302,0.21909156279347924,-0.626637729039871,-159.09458199125854
3.898270942843385,-17.608208469739573,28.590566180860936,0.21896100391907664,-0.6281264209105897,-159.02115965022017
3.9434596483857347,-17.630756731129203,28.563171456953558,0.21882634976455576,-0.6296119599527497,-158.94741171113756
3.988648427737439,-17.65331465728558,28.535825594078172,0.21868759936845633,-0.6310943496408044,-158.8733381740108
4.033837304950788,-17.67588223896693,28.508528592234768,0.2185447517648178,-0.6325735934577681,-158.79893903883985
4.0790263041015224,-17.698459466938793,28.48128045142335,0.21839780598319797,-0.6340496948952153,-158.7242143056247
4.124215449288725,-17.721046331973863,28.45408117164392,0.21824676104869056,-0.6355226574532793,-158.6491639743654
4.169404764635049,-17.743642824852078,28.426930752896478,0.2180916159819441,-0.6369924846406524,-158.57378804506192
4.214594274286412,-17.766248936360427,28.399829195181013,0.21793236979917818,-0.6384591799745862,-158.49808651771426
4.259784002412214,-17.788864657292933,28.372776498497544,0.21776902151220207,-0.6399227469808881,-158.4220593923224
4.304973973205247,-17.811489978450638,28.345772662846063,0.217601570128433,-0.6413831891939243,-158.34570666888635
4.350164210881913,-17.83412489064161,28.31881768822656,0.21743001465091383,-0.6428405101566178,-158.26902834740616
4.395354739681918,-17.856769384680746,28.291911574639045,0.21725435407833066,-0.6442947134204461,-158.19202442788176
4.440545583868444,-17.879423451389794,28.265054322083518,0.21707458740503066,-0.6457458025454446,-158.1146949103132
4.485736767728315,-17.90208708159738,28.23824593055998,0.21689071362104068,-0.6471937811002023,-158.0370397947004
4.530928315571697,-17.924760266138836,28.211486400068427,0.21670273171208443,-0.6486386526618644,-157.95905908104353
4.576120251732315,-17.947442995856207,28.184775730608855,0.2165106406596005,-0.6500804208161307,-157.88075276934237
4.621312600567357,-17.97013526159818,28.15811392218128,0.21631443944076034,-0.6515190891572551,-157.80212085959704
4.666505386457707,-17.992837054220118,28.131500974785684,0.21611412702848715,-0.6529546612880451,-157.72316335180756
4.711698633807623,-18.015548364583868,28.10493688842207,0.21590970239147203,-0.6543871408198633,-157.64388024597386
4.756892367044926,-18.03826918355779,28.078421663090445,0.21570116449419247,-0.6558165313726237,-157.5642715420961
4.802086610621156,-18.060999502016788,28.051955298790805,0.215488512296932,-0.6572428365747962,-157.484337240174
4.8472813890112745,-18.083739310842066,28.02553779552316,0.21527174475579525,-0.6586660600634016,-157.4040773402078
4.892476726713879,-18.10648860092125,27.999169153287493,0.2150508608227284,-0.6600862054840155,-157.32349184219743
4.937672648251143,-18.129247363148227,27.972849372083825,0.21482585944553506,-0.6615032764907646,-157.24258074614292
4.9828691781689365,-18.152015588423215,27.946578451912124,0.21459673956789635,-0.6629172767463299,-157.1613440520441
5.028066341036682,-18.174793267652586,27.92035639277242,0.2143635001293871,-0.6643282099219451,-157.0797817599012
5.073264161447461,-18.197580391748875,27.8941831946647,0.21412614006549446,-0.6657360796973948,-156.99789386971406
5.118462664018005,-18.220376951630747,27.868058857588956,0.21388465830763603,-0.6671408897610184,-156.91568038148273
5.163661873388707,-18.24318293822291,27.841983381545216,0.21363905378317732,-0.6685426438097064,-156.8331412952073
5.208861814223642,-18.26599834245608,27.815956766533457,0.2133893254154503,-0.6699413455489027,-156.75027661088762
5.254062511210567,-18.288823155266947,27.78997901255368,0.21313547212377115,-0.6713369986926045,-156.6670863285238
5.299263989060941,-18.311657367598105,27.76405011960589,0.2128774928234579,-0.6727296069633606,-156.58357044811586
5.344466272509946,-18.334500970398,27.73817008769009,0.21261538642584837,-0.6741191740922736,-156.49972896966358
5.389669386316483,-18.357353954620883,27.712338916806267,0.2123491518383195,-0.6755057038189998,-156.4155618931672
5.434873355263198,-18.380216311226782,27.68655660695444,0.21207878796430335,-0.6768891998917477,-156.33106921862662
5.48007820415649,-18.403088031181422,27.660823158134598,0.21180429370330597,-0.6782696660672797,-156.2462509460419
5.5252839578265265,-18.42596910545619,27.63513857034674,0.21152566795092598,-0.6796471061109128,-156.16110707541299
5.570490641127259,-18.44885952502808,27.60950284359087,0.2112429095988718,-0.6810215237965174,-156.0756376067399
5.615698278936429,-18.47175928087965,27.583915977866983,0.21095601753497956,-0.6823929229065181,-155.98984254002258
5.660906896155593,-18.49466836399897,27.55837797317508,0.2106649906432319,-0.6837613072318951,-155.90372187526108
5.706116517710124,-18.51758676537955,27.532888829515162,0.210369827803775,-0.685126680572183,-155.81727561245543
5.751327168549238,-18.540514476020334,27.50744854688724,0.21007052789293718,-0.6864890467354718,-155.73050375160562
5.796538873645996,-18.56345148692561,27.482057125291302,0.20976708978324687,-0.6878484095384079,-155.6434062927116
5.841751657997331,-18.586397789104982,27.45671456472735,0.2094595123434504,-0.6892047728061934,-155.55598323577345
5.886965546624049,-18.6093533735733,27.431420865195374,0.20914779443852996,-0.6905581403725882,-155.46823458079098
5.932180564570852,-18.632318231350638,27.406176026695395,0.20883193492972224,-0.6919085160799088,-155.3801603277645
5.977396736906352,-18.65529235346223,27.380980049227393,0.20851193267453583,-0.6932559037790297,-155.2917604766937
6.022614088723083,-18.678275730938406,27.355832932791387,0.20818778652676906,-0.6946003073293838,-155.2030350275788
6.067832645137516,-18.70126835481455,27.33073467738737,0.2078594953365288,-0.6959417305989632,-155.11398398041976
6.1130524312900745,-18.724270216131085,27.305685283015325,0.2075270579502478,-0.6972801774643198,-155.02460733521642
6.158273472345153,-18.747281305933363,27.280684749675274,0.20719047321070316,-0.6986156518105653,-154.934905091969
6.203495793491118,-18.77030161527164,27.25573307736721,0.20684973995703415,-0.6999481575313726,-154.84487725067734
6.24871941994035,-18.793331135201065,27.230830266091136,0.2065048570247601,-0.701277698528977,-154.75452381134153
6.293944376929231,-18.816369856781556,27.20597631584704,0.20615582324579895,-0.702604278714175,-154.66384477396153
6.339170689718171,-18.83941777107781,27.181171226634934,0.20580263744848448,-0.7039279020063274,-154.57284013853732
6.3843983835916305,-18.862474869159232,27.156414998454817,0.20544529845758558,-0.7052485723333581,-154.48150990506895
6.429627483858123,-18.88554114209987,27.131707631306686,0.20508380509432264,-0.7065662936317569,-154.38985407355645
6.474858015850244,-18.908616580978407,27.10704912519053,0.2047181561763876,-0.7078810698465794,-154.29787264399965
6.520090004924672,-18.931701176878047,27.082439480106377,0.20434835051796002,-0.7091929049314458,-154.20556561639876
6.565323476462196,-18.954794920886528,27.057878696054196,0.20397438692972647,-0.7105018028485466,-154.11293299075368
6.610558455867731,-18.97789780409603,27.033366773034007,0.203596264218898,-0.7118077675686385,-154.01997476706438
