galstreams/tracks/track.st.NGC6397.ibata2021.ecsv
# %ECSV 1.0
# ---
# datatype:
# - {name: ra, unit: deg, datatype: float64}
# - {name: dec, unit: deg, datatype: float64}
# - {name: distance, unit: kpc, datatype: float64}
# - {name: pm_ra_cosdec, unit: mas / yr, datatype: float64}
# - {name: pm_dec, unit: mas / yr, datatype: float64}
# - {name: radial_velocity, unit: km / s, datatype: float64}
# delimiter: ','
# meta: !!omap
# - __serialized_columns__:
#     dec:
#       __class__: astropy.coordinates.angles.Latitude
#       unit: &id001 !astropy.units.Unit {unit: deg}
#       value: !astropy.table.SerializedColumn {name: dec}
#     distance:
#       __class__: astropy.coordinates.distances.Distance
#       unit: !astropy.units.Unit {unit: kpc}
#       value: !astropy.table.SerializedColumn {name: distance}
#     pm_dec:
#       __class__: astropy.units.quantity.Quantity
#       unit: !astropy.units.Unit {unit: mas / yr}
#       value: !astropy.table.SerializedColumn {name: pm_dec}
#     pm_ra_cosdec:
#       __class__: astropy.units.quantity.Quantity
#       unit: !astropy.units.Unit {unit: mas / yr}
#       value: !astropy.table.SerializedColumn {name: pm_ra_cosdec}
#     ra:
#       __class__: astropy.coordinates.angles.Longitude
#       unit: *id001
#       value: !astropy.table.SerializedColumn {name: ra}
#       wrap_angle: !astropy.coordinates.Angle
#         unit: *id001
#         value: 360.0
#     radial_velocity:
#       __class__: astropy.units.quantity.Quantity
#       unit: !astropy.units.Unit {unit: km / s}
#       value: !astropy.table.SerializedColumn {name: radial_velocity}
# schema: astropy-2.0
ra,dec,distance,pm_ra_cosdec,pm_dec,radial_velocity
[from data line 1420]
282.2420890178684,-54.017716266692325,2.5660026419037028,5.639318442100272,-14.967830309135058,35.17177931571074
282.258910934771,-54.0167682823398,2.5660767389270265,5.64191715051429,-14.965583260102722,35.25727633377338
282.275731805409,-54.015813545138734,2.5661508304664586,5.644517425165093,-14.963337596052973,35.34281652342879
282.292551621822,-54.01485204288057,2.5662249166598037,5.647119268935267,-14.961093318734108,35.4283996729505
282.3093703760316,-54.013883763359125,2.5662989976448665,5.649722684706276,-14.958850429893372,35.51402557061239
282.32618806004115,-54.0129086943706,2.5663730735594514,5.652327675358402,-14.956608931277078,35.59969400468806
282.3430046658361,-54.011926823713566,2.5664471445413617,5.654934243770781,-14.954368824630508,35.68540476345125
282.3598201853834,-54.01093813918901,2.5665212107284017,5.657542392821384,-14.952130111697983,35.771157635175555
282.3766346106323,-54.00994262860029,2.5665952722583785,5.660152125387047,-14.949892794222823,35.856952408134745
282.393447933514,-54.00894027975318,2.566669329269092,5.662763444343473,-14.947656873947382,35.942788870602506
282.4102601459414,-54.007931080455876,2.5667433818983487,5.665376352565217,-14.945422352613031,36.02866681085248
282.4270712398096,-54.00691501851898,2.5668174302839533,5.6679908529256835,-14.94318923196016,36.11458601715845
282.4438812069957,-54.00589208175549,2.5668914745637084,5.670606948297188,-14.940957513728204,36.200546277793975
282.4606900393587,-54.00486225798089,2.5669655148754202,5.673224641550883,-14.938727199655595,36.28654738103291
282.4774977287399,-54.00382553501307,2.5670395513568924,5.675843935556806,-14.936498291479843,36.37258911514884
282.49430426696244,-54.00278190067233,2.5671135841459285,5.678464833183915,-14.93427079093745,36.458671268415465
282.5111096458316,-54.00173134278146,2.5671876133803337,5.681087337299995,-14.932044699763996,36.54479362910641
282.527913857135,-54.000673849165686,2.5672616391979113,5.683711450771799,-14.929820019694066,36.63095598549554
282.5447168926421,-53.99960940765272,2.567335661736466,5.686337176464907,-14.927596752461318,36.7171581258564
282.5615187441047,-53.99853800607268,2.5674096811338023,5.688964517243836,-14.925374899798431,36.80339983846274
282.5783194032569,-53.99745963225821,2.5674836975277247,5.69159347597202,-14.923154463437148,36.88968091158829
282.59511886181474,-53.996374274044406,2.567557711056037,5.694224055511775,-14.92093544510827,36.97600113350665
282.61191711147654,-53.99528191926886,2.567631721856544,5.696856258724345,-14.91871784654164,37.06236029249152
282.62871414392316,-53.99418255577165,2.5677057300670487,5.699490088469911,-14.91650166946615,37.148758176816635
282.64550995081754,-53.99307617139536,2.567779735825357,5.702125547607558,-14.914286915609775,37.235194574755816
282.6623045238048,-53.99196275398503,2.5678537392692715,5.7047626389953034,-14.912073586699545,37.3216692745825
282.6790978545125,-53.99084229138825,2.567927740536599,5.707401365490098,-14.909861684461537,37.40818206457046
282.6958899345506,-53.989714771455134,2.568001739765141,5.710041729947829,-14.90765121062093,37.49473273299346
282.7126807555115,-53.98858018203829,2.5680757370927023,5.712683735223356,-14.905442166901933,37.58132106812521
282.7294703089697,-53.98743851099285,2.5681497326570892,5.71532738417044,-14.903234555027854,37.66794685823926
282.7462585864825,-53.986289746176496,2.568223726596104,5.717972679641834,-14.901028376721072,37.75460989160942
282.7630455795893,-53.985133875449435,2.5682977190475516,5.720619624489214,-14.898823633703051,37.84130995650936
282.77983127981213,-53.98397088667443,2.5683717101492363,5.72326822156324,-14.896620327694324,37.92804684121278
282.7966156786554,-53.98280076771675,2.5684457000389616,5.725918473713535,-14.894418460414512,38.01482033399335
282.81339876760626,-53.98162350644429,2.5685196888545327,5.72857038378868,-14.892218033582322,38.10163022312471
282.83018053813424,-53.98043909072748,2.5685936767337547,5.731223954636265,-14.89001904891555,38.18847629688069
282.84696098169127,-53.97924750843926,2.56866766381443,5.733879189102808,-14.887821508131095,38.275358343534826
282.86374008971217,-53.978048747455226,2.568741650234364,5.736536090033865,-14.88562541294494,38.3622761513609
282.88051785361415,-53.97684279565351,2.56881563613136,5.739194660273941,-14.883430765072164,38.44922950863255
282.89729426479715,-53.97562964091484,2.568889621643223,5.741854902666562,-14.881237566226945,38.536218203623505
282.91406931464377,-53.97440927112253,2.568963606907758,5.744516820054248,-14.879045818122567,38.6232420246075
282.9308429945192,-53.973181674162504,2.5690375920627684,5.747180415278507,-14.876855522471434,38.71030075985821
282.9476152957713,-53.97194683792326,2.5691115772460575,5.749845691179868,-14.874666680985031,38.79739419764921
282.96438620973083,-53.97070475029594,2.569185562595432,5.752512650597874,-14.872479295373967,38.88452212625429
282.98115572771127,-53.96945539917425,2.5692595482486933,5.755181296371097,-14.87029336734798,38.971684333947145
282.99792384100874,-53.968198772454606,2.569333534343648,5.7578516313371075,-14.86810889861589,39.058880609001434
283.0146905409023,-53.96693485803595,2.5694075210180993,5.76052365833252,-14.865925890885666,39.14611073969092
283.0314558186536,-53.965663643819916,2.5694815084098526,5.76319738019298,-14.863744345864369,39.233374514289196
283.0482196655075,-53.96438511771075,2.5695554966567107,5.765872799753153,-14.861564265258234,39.32067172106994
283.06498207269146,-53.96309926761535,2.569629485896478,5.768549919846793,-14.85938565077257,39.40800214830696
283.08174303141595,-53.96180608144328,2.56970347626696,5.771228743306645,-14.857208504111838,39.49536558427393
283.0985025328743,-53.96050554710672,2.56977746790596,5.77390927296454,-14.85503282697964,39.582761817244446
283.1152605682429,-53.95919765252056,2.5698514609512815,5.776591511651362,-14.852858621078697,39.67019063549226
283.1320171286809,-53.9578823856023,2.569925455540731,5.7792754621970435,-14.850685888110878,39.757651827291056
283.1487722053309,-53.95655973427217,2.569999451812111,5.781961127430614,-14.848514629777176,39.84514518091454
283.1655257893179,-53.95522968645302,2.5700734499032265,5.784648510180125,-14.846344847777761,39.93267048463632
283.18227787175044,-53.953892230070444,2.5701474499518815,5.78733761327276,-14.84417654381191,40.020227526730245
283.19902844371995,-53.952547353052665,2.570221452095879,5.790028439534739,-14.842009719578087,40.10781609546981
283.215777496301,-53.95119504333068,2.5702954564730263,5.792720991791393,-14.839844376773865,40.19543597912892
283.2325250205513,-53.949835288838074,2.570369463221126,5.7954152728671495,-14.83768051709599,40.28308696598112
283.24927100751165,-53.94846807751123,2.570443472477981,5.798111285585511,-14.83551814224039,40.3707688443001
283.2660154482061,-53.94709339728924,2.5705174843813983,5.800809032769094,-14.833357253902104,40.458481402359716
283.2827583336418,-53.94571123611385,2.5705914990691814,5.803508517239611,-14.831197853775379,40.546224428433405
283.2994996548094,-53.94432158192956,2.5706655166791315,5.806209741817916,-14.829039943553603,40.63399771079495
283.3162394026825,-53.94292442268366,2.570739537349058,5.8089127093239465,-14.826883524929315,40.721801037718286
283.3329775682182,-53.941519746326065,2.5708135612167604,5.811617422576775,-14.82472859959427,40.80963419747673
283.3497141423568,-53.940107540809514,2.570887588420046,5.8143238843946,-14.822575169239352,40.89749697834419
283.36644911602195,-53.93868779408946,2.570961619096718,5.817032097594748,-14.820423235554648,40.98538916859432
283.38318248012075,-53.93726049412411,2.571035653384581,5.81974206499369,-14.818272800229401,41.07331055650082
283.3999142255436,-53.93582562887441,2.571109691421439,5.822453789407037,-14.81612386495205,41.16126093033734
283.41664434316436,-53.93438318630411,2.571183733345096,5.8251672736495355,-14.813976431410227,41.24924007837762
283.43337282384033,-53.93293315437968,2.5712577792933575,5.827882520535088,-14.811830501290721,41.33724778889524
283.45009965841234,-53.93147552107042,2.5713318294040266,5.830599532876777,-14.809686076279537,41.42528385016408
283.4668248377047,-53.930010274348334,2.5714058838149074,5.833318313486815,-14.807543158061858,41.51334805045766
283.48354835252513,-53.92853740218828,2.571479942663805,5.836038865176604,-14.805401748322064,41.601440178049806
283.5002701936651,-53.92705689256788,2.5715540060885234,5.83876119075671,-14.803261848743727,41.68956002121412
283.5169903518995,-53.92556873346754,2.571628074226866,5.841485293036875,-14.801123461009633,41.77770736822436
283.53370881798696,-53.92407291287047,2.5717021472166395,5.84421117482602,-14.79898658680176,41.86588200735412
283.5504255826697,-53.922569418762684,2.5717762251956455,5.846938838932273,-14.79685122780128,41.95408372687716
283.56714063667357,-53.92105823913303,2.57185030830169,5.849668288162935,-14.7947173856886,42.04231231506714
283.58385397070816,-53.91953936197316,2.5719243966725753,5.85239952532451,-14.792585062143324,42.130567560197754
283.6005655754668,-53.918012775277546,2.571998490446108,5.855132553222717,-14.790454258844257,42.21884925054274
283.6172754416266,-53.916478467043476,2.572072589760091,5.85786737466248,-14.788324977469443,42.307157174375746
283.63398355984833,-53.91493642527109,2.572146694752329,5.860603992447925,-14.786197219696119,42.395491119970515
283.65068992077664,-53.913386637963356,2.572220805560626,5.863342409382405,-14.784070987200762,42.48385087560068
283.66739451504003,-53.9118290931261,2.572294922322788,5.86608262826849,-14.78194628165907,42.57223622953998
283.6840973332509,-53.91026377876797,2.572369045176616,5.8688246519080165,-14.779823104745969,42.66064697006201
283.70079836600553,-53.908690682900485,2.5724431742599165,5.871568483102001,-14.7777014581356,42.749082885440565
283.71749760388406,-53.90710979353805,2.5725173097104923,5.874314124650752,-14.775581343501358,42.83754376394935
283.73419503745055,-53.905521098697875,2.57259145166615,5.877061579353773,-14.773462762515855,42.92602939386195
283.75089065725314,-53.903924586400095,2.5726656002646915,5.879810850009862,-14.771345716850949,43.01453956345209
283.76758445382404,-53.90232024466769,2.572739755643923,5.882561939417056,-14.769230208177724,43.103074060993556
283.7842764176794,-53.90070806152654,2.5728139179416476,5.885314850372662,-14.767116238166533,43.19163267475997
283.8009665393194,-53.89908802500538,2.5728880872956705,5.888069585673231,-14.765003808486952,43.28021519302495
283.8176548092284,-53.89746012313589,2.572962263843794,5.8908261481146145,-14.762892920807817,43.36882140406233
283.83434121787474,-53.895824343952604,2.573036447723825,5.893584540491924,-14.760783576797209,43.45745109614569
283.85102575571125,-53.894180675492954,2.573110639073565,5.8963447655995695,-14.758675778122466,43.546104057548774
283.8677084131746,-53.89252910579731,2.5731848380308207,5.899106826231238,-14.756569526450175,43.63478007654531
283.8843891806858,-53.89086962290892,2.5732590447333954,5.9018707251799025,-14.754464823446195,43.72347894140888
283.90106804865025,-53.889202214874,2.573333259319094,5.90463646523787,-14.752361670775626,43.81220044041325
283.9177450074573,-53.887526869741606,2.5734074819257184,5.9074040491967175,-14.750260070102861,43.9009443618321
283.93442004748096,-53.88584357556381,2.573481712691076,5.910173479847344,-14.74816002309153,43.989710493939114
283.95109315907933,-53.88415232039558,2.5735559517529687,5.912944759979972,-14.746061531404555,44.078498625008045
283.967764332595,-53.882453092294796,2.5736301992492026,5.9157178923841265,-14.743964596704117,44.16730854331245
283.98443355835485,-53.88074587932233,2.573704455317581,5.9184928798486816,-14.741869220651676,44.256140037126166
284.0011008266703,-53.87903066954196,2.573778720095908,5.921269725161833,-14.739775404907977,44.34499289472279
284.0177661278373,-53.87730745102046,2.5738529937219887,5.924048431111121,-14.737683151133027,44.433866904376075
284.03442945213595,-53.87557621182749,2.573927276333627,5.926829000483411,-14.735592460986137,44.52276185435962
284.0510907898312,-53.87383694003577,2.574001568068626,5.92961143606494,-14.73350333612589,44.61167753294721
284.06775013117255,-53.87208962372091,2.5740758690647914,5.9323957406412955,-14.731415778210165,44.70061372841251
284.08440746639377,-53.87033425096154,2.5741501794599273,5.935181916997406,-14.729329788896115,44.789570229029195
284.1010627857135,-53.86857080983923,2.5742244993918373,5.937969967917582,-14.727245369840215,44.87854682307092
284.117716079335,-53.86679928843857,2.5742988289983266,5.940759896185506,-14.725162522698213,44.96754329881146
284.1343673374462,-53.86501967484712,2.5743731684171993,5.943551704584237,-14.723081249125158,45.05655944452452
284.1510165502196,-53.863231957155435,2.574447517786259,5.946345395896207,-14.72100155077542,45.14559504848371
284.1676637078126,-53.86143612345707,2.57452187724331,5.949140972903249,-14.718923429302656,45.234649898962715
284.18430880036726,-53.859632161848566,2.5745962469261574,5.951938438386565,-14.716846886359825,45.32372378423525
284.2009518180106,-53.85782006042952,2.5746706269726043,5.954737795126801,-14.714771923599216,45.4128164925751
284.2175927508541,-53.855999807302474,2.5747450175204567,5.957539045903955,-14.712698542672417,45.50192781225579
284.23423158899465,-53.854171390573065,2.574819418707517,5.960342193497482,-14.710626745230325,45.591057531551165
284.2508683225135,-53.85233479834987,2.574893830671591,5.963147240686208,-14.708556532923165,45.6802054387348
284.2675029414772,-53.85049001874458,2.574968253550482,5.96595419024843,-14.706487907400483,45.76937132208049
284.28413543593706,-53.84863703987183,2.5750426874819934,5.968763044961845,-14.704420870311138,45.85855496986183
284.30076579592946,-53.84677584984937,2.5751171326039324,5.9715738076035665,-14.702355423303327,45.947756170352555
284.3173940114757,-53.844906436797956,2.5751915890541,5.974386480950173,-14.700291568024575,46.03697471182633
284.3340200725823,-53.84302878884137,2.575266056970303,5.977201067777687,-14.69822930612172,46.12621038255686
284.3506439692408,-53.841142894106504,2.5753405364903443,5.980017570861584,-14.696168639240943,46.215462970817946
284.36726569142775,-53.83924874072324,2.5754150277520282,5.982835992976761,-14.694109569027784,46.30473226488306
284.383885229105,-53.837346316824586,2.575489530893159,5.985656336897625,-14.692052097127082,46.394018053026116
284.40050257221947,-53.83543561054656,2.575564046051542,5.98847860539802,-14.689996225183037,46.48332012352068
284.41711771070334,-53.833516610028276,2.575638573364981,5.991302801251262,-14.687941954839214,46.57263826464039
284.4337306344741,-53.831589303411945,2.5757131129712794,5.994128927230165,-14.68588928773848,46.66197226465909
284.45034133343444,-53.82965367884281,2.5757876650082423,5.996956986107019,-14.683838225523093,46.75132191185037
284.4669497974724,-53.827709724469244,2.5758622296136737,5.999786980653597,-14.681788769834636,46.84068699448799
284.4835560164614,-53.82575742844267,2.575936806925378,6.002618913641186,-14.679740922314059,46.930067300845536
284.50015998026015,-53.823796778917654,2.57601139708116,6.00545278784055,-14.677694684601658,47.019462619196865
284.5167616787128,-53.8218277640518,2.576086000218822,6.008288606021982,-14.67565005833712,47.10887273781546
284.533361101649,-53.819850372005874,2.5761606164761695,6.011126370955289,-14.673607045159454,47.19829744497513
284.54995823888385,-53.81786459094371,2.5762352459910076,6.013966085409773,-14.671565646707059,47.28773652894953
284.566553080218,-53.81587040903228,2.57630988890114,6.016807752154303,-14.669525864617686,47.37718977801246
284.58314561543756,-53.813867814441664,2.5763845453443706,6.019651373957237,-14.667487700528483,47.46665698043749
284.59973583431434,-53.81185679534505,2.576459215458504,6.022496953586495,-14.665451156075942,47.55613792449838
