galstreams/tracks/track.st.NGC3201-Gjoll.ibata2024.ecsv
# %ECSV 1.0
# ---
# datatype:
# - {name: ra, unit: deg, datatype: float64}
# - {name: dec, unit: deg, datatype: float64}
# - {name: distance, unit: kpc, datatype: float64}
# - {name: pm_ra_cosdec, unit: mas / yr, datatype: float64}
# - {name: pm_dec, unit: mas / yr, datatype: float64}
# - {name: radial_velocity, unit: km / s, datatype: float64}
# delimiter: ','
# meta: !!omap
# - __serialized_columns__:
#     dec:
#       __class__: astropy.coordinates.angles.Latitude
#       unit: &id001 !astropy.units.Unit {unit: deg}
#       value: !astropy.table.SerializedColumn {name: dec}
#     distance:
#       __class__: astropy.coordinates.distances.Distance
#       unit: !astropy.units.Unit {unit: kpc}
#       value: !astropy.table.SerializedColumn {name: distance}
#     pm_dec:
#       __class__: astropy.units.quantity.Quantity
#       unit: !astropy.units.Unit {unit: mas / yr}
#       value: !astropy.table.SerializedColumn {name: pm_dec}
#     pm_ra_cosdec:
#       __class__: astropy.units.quantity.Quantity
#       unit: !astropy.units.Unit {unit: mas / yr}
#       value: !astropy.table.SerializedColumn {name: pm_ra_cosdec}
#     ra:
#       __class__: astropy.coordinates.angles.Longitude
#       unit: *id001
#       value: !astropy.table.SerializedColumn {name: ra}
#       wrap_angle: !astropy.coordinates.Angle
#         unit: *id001
#         value: 360.0
#     radial_velocity:
#       __class__: astropy.units.quantity.Quantity
#       unit: !astropy.units.Unit {unit: km / s}
#       value: !astropy.table.SerializedColumn {name: radial_velocity}
# schema: astropy-2.0
ra,dec,distance,pm_ra_cosdec,pm_dec,radial_velocity
[from data line 8508]
127.66812365375448,-40.30683889103402,0.9999999999999997,16.984198452146707,-8.70815532715416,411.67254290698617
127.68013121282627,-40.3108760192649,0.9999999999999999,16.980747637305882,-8.704044485024824,411.72531929976105
127.69214002763401,-40.314912277117344,0.9999999999999999,16.977295910580693,-8.699934035679519,411.7780865243933
127.70415009822221,-40.31894766442343,0.9999999999999997,16.973843272053596,-8.695823979715016,411.8308445795643
127.71616142463512,-40.32298218101532,0.9999999999999998,16.970389721807347,-8.69171431772812,411.8835934639548
127.72817400691692,-40.32701582672512,1.0,16.966935259924767,-8.687605050315604,411.9363331762462
127.74018784511162,-40.33104860138496,0.9999999999999999,16.963479886488905,-8.683496178074314,411.989063715119
127.75220293926306,-40.33508050482696,0.9999999999999999,16.960023601582993,-8.679387701601051,412.0417850792547
127.76421928941501,-40.33911153688324,0.9999999999999998,16.956566405290395,-8.675279621492692,412.0944972673339
127.776236895611,-40.343141697385924,0.9999999999999998,16.95310829769467,-8.671171938346077,412.147200278038
127.78825575789452,-40.34717098616712,0.9999999999999998,16.949649278879548,-8.667064652758121,412.19989411004764
127.80027587630883,-40.35119940305898,0.9999999999999998,16.946189348928932,-8.662957765325665,412.252578762044
127.81229725089707,-40.35522694789358,0.9999999999999998,16.942728507926883,-8.658851276645649,412.30525423270825
127.82431988170224,-40.35925362050307,0.9999999999999999,16.939266755957675,-8.654745187315001,412.35792052072117
127.83634376876722,-40.36327942071956,0.9999999999999998,16.93580409310574,-8.650639497930662,412.4105776247639
127.84836891213469,-40.36730434837515,0.9999999999999998,16.93234051945565,-8.646534209089594,412.46322554351747
127.8603953118472,-40.37132840330197,0.9999999999999999,16.928876035092184,-8.642429321388732,412.5158642756628
127.87242296794723,-40.37535158533214,0.9999999999999998,16.92541064010027,-8.638324835425095,412.5684938198809
127.884451880477,-40.379373894297764,0.9999999999999998,16.921944334565033,-8.634220751795695,412.62111417485306
127.89648204947866,-40.383395330030964,0.9999999999999998,16.91847711857178,-8.630117071097494,412.6737253392599
127.90851347499417,-40.387415892363855,0.9999999999999998,16.915008992205973,-8.626013793927562,412.7263273117826
127.92054615706539,-40.39143558112853,0.9999999999999997,16.911539955553234,-8.621910920882918,412.778920091102
127.93258009573401,-40.395454396157135,0.9999999999999997,16.908070008699358,-8.617808452560624,412.8315036758996
127.94461529104156,-40.39947233728176,0.9999999999999998,16.90459915173039,-8.613706389557777,412.8840780648561
127.95665174302945,-40.403489404334515,0.9999999999999999,16.901127384732433,-8.609604732471432,412.9366432566524
127.9686894517389,-40.40750559714753,0.9999999999999999,16.897654707791887,-8.605503481898701,412.9891992499694
127.98072841721107,-40.4115209155529,0.9999999999999999,16.8941811209952,-8.601402638436674,413.0417460434886
127.99276863948691,-40.415535359382744,0.9999999999999999,16.890706624429054,-8.597302202682485,413.0942836358909
128.0048101186072,-40.41954892846916,0.9999999999999998,16.88723121818036,-8.593202175233301,413.1468120258569
128.01685285461264,-40.42356162264429,0.9999999999999999,16.88375490233609,-8.589102556686228,413.19933121206816
128.02889684754373,-40.42757344174021,0.9999999999999998,16.880277676983532,-8.585003347638484,413.25184119320534
128.04094209744085,-40.43158438558905,0.9999999999999999,16.876799542209987,-8.580904548687194,413.30434196794937
128.05298860434425,-40.43559445402291,0.9999999999999999,16.873320498103084,-8.576806160429584,413.35683353498155
128.06503636829402,-40.439603646873906,0.9999999999999997,16.869840544750478,-8.57270818346283,413.40931589298293
128.07708538933002,-40.44361196397415,0.9999999999999999,16.866359682240176,-8.568610618384184,413.46178904063413
128.08913566749212,-40.44761940515574,0.9999999999999998,16.86287791066019,-8.56451346579086,413.51425297661643
128.10118720281992,-40.451625970250795,0.9999999999999998,16.859395230098794,-8.560416726280089,413.566707699611
128.1132399953529,-40.455631659091424,0.9999999999999998,16.855911640644443,-8.556320400449138,413.6191532082984
128.12529404513043,-40.45963647150974,0.9999999999999999,16.852427142385746,-8.552224488895256,413.6715895013601
128.13734935219173,-40.46364040733785,0.9999999999999998,16.84894173541146,-8.548128992215723,413.72401657747696
128.14940591657583,-40.46764346640785,0.9999999999999998,16.845455419810573,-8.54403391100788,413.7764344353298
128.16146373832163,-40.47164564855187,0.9999999999999998,16.84196819567223,-8.539939245868958,413.8288430735999
128.1735228174679,-40.475646953602016,0.9999999999999998,16.838480063085704,-8.53584499739631,413.8812424909682
128.18558315405323,-40.47964738139038,0.9999999999999998,16.83499102214054,-8.53175116618727,413.9336326861156
128.19764474811612,-40.4836469317491,0.9999999999999997,16.831501072926365,-8.527657752839126,413.98601365772333
128.20970759969484,-40.48764560451028,0.9999999999999997,16.82801021553305,-8.523564757949266,414.0383854044722
128.22177170882756,-40.491643399506,0.9999999999999998,16.8245184500506,-8.51947218211506,414.09074792504316
128.23383707555237,-40.495640316568426,0.9999999999999997,16.821025776569222,-8.515380025933837,414.14310121811764
128.24590369990705,-40.49963635552962,0.9999999999999999,16.817532195179247,-8.511288290003009,414.1954452823762
128.25797158192938,-40.503631516221716,0.9999999999999999,16.814037705971273,-8.507196974919985,414.2477801165002
128.27004072165693,-40.50762579847682,0.9999999999999998,16.810542309036016,-8.503106081282148,414.3001057191703
128.2821111191271,-40.51161920212705,0.9999999999999997,16.807046004464354,-8.499015609686893,414.3524220890676
128.29418277437716,-40.51561172700452,0.9999999999999998,16.803548792347442,-8.494925560731687,414.4047292248735
128.30625568744432,-40.51960337294132,0.9999999999999998,16.80005067277645,-8.490835935013955,414.45702712526855
128.31832985836544,-40.52359413976961,0.9999999999999997,16.796551645842843,-8.486746733131092,414.509315788934
128.33040528717746,-40.52758402732146,0.9999999999999998,16.793051711638217,-8.482657955680615,414.56159521455083
128.34248197391702,-40.53157303542901,0.9999999999999999,16.789550870254413,-8.47856960325997,414.6138654007999
128.35455991862062,-40.535561163924356,0.9999999999999998,16.78604912178337,-8.474481676466631,414.66612634636243
128.36663912132474,-40.53954841263964,0.9999999999999999,16.782546466317154,-8.470394175898072,414.7183780499195
128.37871958206554,-40.54353478140696,0.9999999999999998,16.779042903948202,-8.46630710215181,414.77062051015196
128.39080130087913,-40.547520270058435,0.9999999999999998,16.775538434768972,-8.462220455825346,414.82285372574063
128.4028842778015,-40.55150487842619,0.9999999999999997,16.772033058872147,-8.458134237516198,414.8750776953668
128.41496851286834,-40.55548860634233,0.9999999999999998,16.768526776350576,-8.45404844782189,414.9272924177116
128.42705400611538,-40.559471453638984,0.9999999999999998,16.765019587297235,-8.449963087339917,414.9794978914557
128.43914075757806,-40.56345342014827,0.9999999999999999,16.761511491805447,-8.445878156667895,415.0316941152804
128.45122876729175,-40.56743450570232,0.9999999999999997,16.758002489968515,-8.441793656403298,415.0838810878665
128.46331803529165,-40.57141471013324,0.9999999999999997,16.75449258188003,-8.437709587143743,415.13605880789504
128.47540856161282,-40.57539403327315,0.9999999999999999,16.750981767633753,-8.433625949486775,415.1882272740473
128.4875003462901,-40.5793724749542,0.9999999999999998,16.747470047323592,-8.429542744029995,415.2403864850041
128.49959338935824,-40.58335003500847,0.9999999999999998,16.743957421043703,-8.42545997137097,415.2925364394463
128.5116876908519,-40.58732671326814,0.9999999999999998,16.740443888888255,-8.421377632107259,415.34467713605505
128.52378325080548,-40.59130250956529,0.9999999999999998,16.736929450951813,-8.417295726836535,415.3968085735116
128.53588006925327,-40.595277423732064,0.9999999999999997,16.733414107328976,-8.413214256156365,415.4489307504964
128.5479781462294,-40.5992514556006,0.9999999999999999,16.729897858114583,-8.409133220664373,415.50104366569116
128.56007748176793,-40.60322460500301,0.9999999999999998,16.726380703403596,-8.40505262095823,415.55314731777634
128.57217807590268,-40.60719687177143,0.9999999999999997,16.722862643291183,-8.400972457635511,415.6052417054331
128.5842799286673,-40.61116825573801,0.9999999999999998,16.71934367787277,-8.396892731293853,415.6573268273426
128.59638304009545,-40.615138756734844,0.9999999999999998,16.715823807243833,-8.392813442530993,415.7094026821858
128.60848741022033,-40.619108374594106,0.9999999999999999,16.712303031500127,-8.388734591944498,415.76146926864374
128.62059303907537,-40.6230771091479,0.9999999999999996,16.708781350737492,-8.384656180132083,415.81352658539726
128.6326999266936,-40.62704496022839,0.9999999999999997,16.705258765052054,-8.380578207691393,415.8655746311275
128.64480807310792,-40.631011927667686,0.9999999999999998,16.70173527454004,-8.376500675220122,415.91761340451546
128.65691747835115,-40.634978011297946,0.9999999999999996,16.698210879297882,-8.372423583315964,415.9696429042422
128.669028142456,-40.638943210951304,0.9999999999999999,16.694685579422195,-8.368346932576578,416.02166312898873
128.68114006545483,-40.642907526459894,0.9999999999999999,16.691159375009835,-8.36427072359971,416.073674077436
128.69325324738003,-40.646870957655864,0.9999999999999998,16.687632266157685,-8.360194956983044,416.12567574826494
128.70536768826386,-40.65083350437138,0.9999999999999998,16.68410425296296,-8.356119633324298,416.17766814015675
128.71748338813825,-40.65479516643855,0.9999999999999998,16.680575335522935,-8.352044753221179,416.2296512517923
128.7296003470352,-40.658755943689535,0.9999999999999998,16.677045513935166,-8.347970317271425,416.2816250818527
128.74171856498634,-40.66271583595649,0.9999999999999999,16.673514788297343,-8.343896326072752,416.33358962901906
128.75383804202332,-40.66667484307156,0.9999999999999998,16.669983158707332,-8.339822780222924,416.38554489197213
128.76595877817752,-40.67063296486692,0.9999999999999998,16.666450625263227,-8.335749680319637,416.43749086939306
128.7780807734803,-40.67459020117468,0.9999999999999999,16.662917188063194,-8.331677026960698,416.489427559963
128.79020402796263,-40.678546551827026,0.9999999999999998,16.65938284720576,-8.327604820743836,416.54135496236256
128.8023285416557,-40.68250201665609,0.9999999999999997,16.655847602789393,-8.323533062266833,416.5932730752733
128.81445431459017,-40.68645659549407,0.9999999999999999,16.65231145491295,-8.319461752127353,416.6451818973759
128.82658134679676,-40.69041028817308,0.9999999999999997,16.648774403675397,-8.315390890923325,416.6970814273513
128.83870963830603,-40.694363094525315,0.9999999999999998,16.64523644917586,-8.31132047925243,416.74897166388075
128.85083918914827,-40.69831501438292,0.9999999999999997,16.64169759151367,-8.307250517712447,416.8008526056451
128.8629699993538,-40.702266047578064,0.9999999999999998,16.638157830788305,-8.303181006901205,416.8527242513255
128.8751020689526,-40.70621619394292,0.9999999999999999,16.63461716709947,-8.299111947416428,416.90458659960285
128.88723539797462,-40.710165453309656,0.9999999999999998,16.631075600547064,-8.295043339855965,416.9564396491583
128.89936998644959,-40.714113825510424,0.9999999999999998,16.627533131231093,-8.290975184817654,417.00828339867263
128.91150583440717,-40.71806131037743,0.9999999999999997,16.623989759251803,-8.286907482899196,417.06011784682704
128.92364294187675,-40.72200790774282,0.9999999999999999,16.620445484709588,-8.282840234698455,417.1119429923026
128.93578130888767,-40.725953617438776,0.9999999999999998,16.616900307705116,-8.278773440813254,417.1637588337799
128.94792093546909,-40.72989843929749,0.9999999999999998,16.61335422833906,-8.274707101841372,417.21556536994063
128.96006182165,-40.733842373151134,0.9999999999999998,16.60980724671246,-8.27064121838066,417.2673625994653
128.97220396745914,-40.73778541883188,0.9999999999999998,16.60625936292647,-8.266575791028934,417.31915052103506
128.98434737292536,-40.74172757617194,0.9999999999999998,16.60271057708233,-8.262510820384016,417.37092913333095
128.99649203807712,-40.74566884500347,0.9999999999999997,16.599160889281613,-8.25844630704374,417.42269843503396
129.0086379629428,-40.74960922515868,0.9999999999999997,16.59561029962599,-8.254382251605932,417.47445842482506
129.02078514755067,-40.75354871646975,0.9999999999999997,16.592058808217338,-8.25031865466844,417.5262091013853
129.03293359192875,-40.75748731876886,0.9999999999999998,16.58850641515771,-8.246255516829144,417.57795046339595
129.04508329610502,-40.76142503188825,0.9999999999999997,16.584953120549343,-8.242192838685789,417.6296825095376
129.0572342601072,-40.765361855660075,0.9999999999999997,16.581398924494657,-8.238130620836287,417.6814052384914
129.06938648396294,-40.76929778991655,0.9999999999999998,16.577843827096295,-8.234068863878505,417.73311864893856
129.0815399676997,-40.773232834489875,0.9999999999999998,16.574287828456953,-8.230007568410237,417.7848227395598
129.09369471134477,-40.77716698921227,0.9999999999999998,16.5707309286797,-8.225946735029382,417.8365175090364
129.10585071492534,-40.781100253915916,0.9999999999999999,16.56717312786762,-8.221886364333763,417.8882029560492
129.11800797846837,-40.78503262843304,0.9999999999999998,16.56361442612409,-8.217826456921301,417.9398790792794
129.13016650200078,-40.78896411259584,0.9999999999999997,16.5600548235526,-8.213767013389763,417.9915458774077
129.14232628554916,-40.79289470623655,0.9999999999999997,16.556494320256906,-8.209708034337076,418.0432033491153
129.1544873291401,-40.79682440918738,0.9999999999999999,16.552932916340847,-8.205649520361092,418.0948514930833
129.1666496328,-40.80075322128053,0.9999999999999999,16.54937061190851,-8.20159147205969,418.1464903079926
129.1788131965551,-40.80468114234826,0.9999999999999997,16.545807407064167,-8.197533890030698,418.19811979252415
129.19097802043143,-40.80860817222275,0.9999999999999999,16.542243301912208,-8.193476774872025,418.24973994535924
129.20314410445496,-40.81253431073626,0.9999999999999997,16.538678296557315,-8.189420127181528,418.3013507651785
129.21531144865142,-40.81645955772102,0.9999999999999999,16.53511239110429,-8.185363947557057,418.35295225066335
129.22748005304643,-40.82038391300922,0.9999999999999998,16.53154558565809,-8.18130823659655,418.4045444004944
129.23964991766547,-40.82430737643317,0.9999999999999998,16.527977880323895,-8.177252994897778,418.45612721335294
129.25182104253383,-40.828229947825044,0.9999999999999998,16.52440927520709,-8.173198223058712,418.50770068791985
129.26399342767667,-40.83215162701711,0.9999999999999999,16.52083977041321,-8.169143921677161,418.5592648228763
129.27616707311898,-40.8360724138416,0.9999999999999999,16.517269366047962,-8.16509009135104,418.61081961690326
129.28834197888557,-40.83999230813078,0.9999999999999998,16.513698062217323,-8.161036732678213,418.6623650686816
129.30051814500115,-40.84391130971688,0.9999999999999997,16.510125859027337,-8.156983846256566,418.7139011768924
129.31269557149025,-40.847829418432156,0.9999999999999997,16.50655275658429,-8.15293143268395,418.76542794021674
129.32487425837724,-40.85174663410887,0.9999999999999999,16.502978754994693,-8.148879492558251,418.8169453573355
129.3370542056863,-40.85566295657926,0.9999999999999997,16.499403854365188,-8.144828026477391,418.86845342692976
129.34923541344156,-40.859578385675626,0.9999999999999998,16.49582805480255,-8.140777035039179,418.9199521476807
129.3614178816669,-40.863492921230204,0.9999999999999997,16.49225135641387,-8.13672651884152,418.9714415182692
