galstreams/tracks/track.st.Gaia-11.ibata2021.ecsv
# %ECSV 0.9
# ---
# datatype:
# - {name: ra, unit: deg, datatype: float64}
# - {name: dec, unit: deg, datatype: float64}
# - {name: distance, unit: kpc, datatype: float64}
# - {name: pm_ra_cosdec, unit: mas / yr, datatype: float64}
# - {name: pm_dec, unit: mas / yr, datatype: float64}
# - {name: radial_velocity, unit: km / s, datatype: float64}
# delimiter: ','
# meta: !!omap
# - __serialized_columns__:
#     dec:
#       __class__: astropy.coordinates.angles.Latitude
#       unit: &id001 !astropy.units.Unit {unit: deg}
#       value: !astropy.table.SerializedColumn {name: dec}
#     distance:
#       __class__: astropy.coordinates.distances.Distance
#       unit: !astropy.units.Unit {unit: kpc}
#       value: !astropy.table.SerializedColumn {name: distance}
#     pm_dec:
#       __class__: astropy.units.quantity.Quantity
#       unit: !astropy.units.Unit {unit: mas / yr}
#       value: !astropy.table.SerializedColumn {name: pm_dec}
#     pm_ra_cosdec:
#       __class__: astropy.units.quantity.Quantity
#       unit: !astropy.units.Unit {unit: mas / yr}
#       value: !astropy.table.SerializedColumn {name: pm_ra_cosdec}
#     ra:
#       __class__: astropy.coordinates.angles.Longitude
#       unit: *id001
#       value: !astropy.table.SerializedColumn {name: ra}
#       wrap_angle: !astropy.coordinates.Angle
#         unit: *id001
#         value: 360.0
#     radial_velocity:
#       __class__: astropy.units.quantity.Quantity
#       unit: !astropy.units.Unit {unit: km / s}
#       value: !astropy.table.SerializedColumn {name: radial_velocity}
# schema: astropy-2.0
ra,dec,distance,pm_ra_cosdec,pm_dec,radial_velocity
[from data line 1956]
276.42911386234215,30.277781056266967,13.361259750825308,-3.4333509850235946,4.74278077734801,5.0524602779234026e-14
276.4330472920771,30.26836568395244,13.363126187367804,-3.4327486892261274,4.743486796888046,1.0104920555846805e-13
276.43698020486937,30.258950261234574,13.364995536467747,-3.4321467986340997,4.7441938569995905,8.420767129872338e-14
276.44091260071514,30.249534788057634,13.36686780118582,-3.431545313804871,4.74490195773821,5.0524602779234026e-14
276.4448444796106,30.240119264365934,13.368742984582711,-3.4309442352958905,4.7456110991595235,1.6841534259744676e-14
276.44877584155176,30.230703690103773,13.370621089719105,-3.430343563664697,4.746321281319195,-1.6841534259744676e-14
276.45270668653484,30.221288065215543,13.372502119655685,-3.429743299468913,4.747032504272935,1.347322740779574e-13
276.45663701455584,30.21187238964559,13.374386077453138,-3.429143443266251,4.747744768076509,1.515738083377021e-13
276.4605668256107,30.2024566633383,13.376272966172152,-3.4285439956145143,4.7484580727857235,6.73661370389787e-14
276.4644961196954,30.193040886238123,13.3781627888734,-3.427944957071593,4.74917241845644,0.0
276.4684248968058,30.183625058289497,13.38005554861758,-3.4273463281954633,4.749887805144555,-8.420767129872338e-14
276.47235315693763,30.174209179436897,13.381951248465372,-3.426748109544196,4.7506042329060225,6.73661370389787e-14
276.4762809000868,30.16479324962481,13.383849891477457,-3.426150301675941,4.751321701796846,8.420767129872338e-14
276.48020812624895,30.155377268797782,13.385751480714527,-3.4255529051489435,4.7520402118730685,1.0104920555846805e-13
276.48413483541975,30.14596123690033,13.387656019237262,-3.4249559205215343,4.7527597631907845,1.0104920555846805e-13
276.4880610275949,30.13654515387705,13.38956351010635,-3.424359348352132,4.753480355806134,1.347322740779574e-13
276.4919867027699,30.12712901967252,13.391473956382473,-3.4237631891992435,4.754201989775308,1.6841534259744676e-14
276.49591186094034,30.11771283423136,13.393387361126324,-3.4231674436214656,4.754924665154536,8.420767129872338e-14
276.49983650210163,30.10829659749822,13.395303727398575,-3.422572112177481,4.755648382000104,3.368306851948935e-14
276.5037606262492,30.098880309417765,13.397223058259922,-3.421977195426063,4.756373140368344,-3.368306851948935e-14
276.5076842333784,30.08946396993471,13.399145356771047,-3.421382693926069,4.757098940315625,3.368306851948935e-14
276.5116073234846,30.080047578993742,13.401070625992629,-3.4207886082364505,4.757825781898374,1.347322740779574e-13
276.5155298965632,30.07063113653961,13.402998868985359,-3.4201949389162367,4.7585536651730616,0.0
276.5194519526091,30.06121464251708,13.404930088809921,-3.419601686524561,4.759282590196198,3.368306851948935e-14
276.52337349161775,30.05179809687096,13.406864288527002,-3.4190088516206267,4.760012557024351,-5.0524602779234026e-14
276.52729451358414,30.042381499546035,13.408801471197284,-3.418416434763738,4.760743565714124,-5.0524602779234026e-14
276.5312150185034,30.03296485048718,13.41074163988145,-3.417824436513285,4.761475616322177,0.0
276.5351350063705,30.02354814963922,13.41268479764019,-3.417232857428739,4.762208708905206,6.73661370389787e-14
276.53905447718046,30.01413139694706,13.414630947534187,-3.4166416980696654,4.762942843519965,5.0524602779234026e-14
276.5429734309282,30.00471459235562,13.416580092624129,-3.416050958995717,4.763678020223239,8.420767129872338e-14
276.54689186760857,29.995297735809807,13.418532235970693,-3.415460640766633,4.764414239071872,1.0104920555846805e-13
276.55080978721634,29.98588082725462,13.42048738063457,-3.4148707439422403,4.765151500122752,1.1789073981821273e-13
276.5547271897464,29.976463866635008,13.422445529676446,-3.4142812690824527,4.765889803432805,-3.368306851948935e-14
276.55864407519346,29.967046853895987,13.424406686157,-3.413692216747277,4.7666291490590105,-8.420767129872338e-14
276.562560443552,29.957629788982608,13.426370853136925,-3.4131035874968063,4.767369537058389,1.6841534259744676e-14
276.5664762948169,29.948212671839894,13.428338033676901,-3.4125153818912124,4.768110967488009,1.6841534259744676e-14
276.5703916289825,29.93879550241295,13.43030823083761,-3.4119276004907673,4.7688534404049845,3.368306851948935e-14
276.5743064460435,29.92937828064687,13.432281447679744,-3.411340243855825,4.7695969558664775,3.368306851948935e-14
276.5782207459943,29.919961006486787,13.434257687263985,-3.410753312546827,4.770341513929689,3.368306851948935e-14
276.5821345288293,29.91054367987783,13.43623695265102,-3.4101668071243028,4.771087114651865,8.420767129872338e-14
276.5860477945429,29.9011263007652,13.438219246901523,-3.4095807281488733,4.771833758090307,1.0104920555846805e-13
276.5899605431294,29.89170886909409,13.440204573076196,-3.408995076181238,4.772581444302354,1.6841534259744676e-14
276.59387277458313,29.8822913848097,13.442192934235717,-3.408409851782195,4.773330173345384,0.0
276.5977844888982,29.872873847857303,13.444184333440763,-3.4078250555126255,4.774079945276835,3.368306851948935e-14
276.6016956860689,29.863456258182165,13.44617877375203,-3.4072406879334958,4.774830760154179,0.0
276.6056063660893,29.854038615729568,13.448176258230198,-3.406656749605862,4.775582618034933,-1.6841534259744676e-14
276.6095165289534,29.844620920444832,13.450176789935954,-3.4060732410908705,4.77633551897666,3.368306851948935e-14
276.61342617465533,29.83520317227331,13.452180371929977,-3.405490162949753,4.777089463036976,1.0104920555846805e-13
276.61733530318907,29.82578537116035,13.454187007272964,-3.404907515743823,4.777844450273526,8.420767129872338e-14
276.6212439145485,29.816367517051344,13.456196699025586,-3.4043253000344933,4.778600480744013,1.0104920555846805e-13
276.6251520087274,29.80694960989171,13.458209450248537,-3.403743516383255,4.779357554506177,3.368306851948935e-14
276.62905958571974,29.797531649626887,13.4602252640025,-3.4031621653516906,4.7801156716178035,1.347322740779574e-13
276.63296664551916,29.78811363620232,13.462244143348157,-3.40258124750147,4.780874832136726,5.0524602779234026e-14
276.6368731881195,29.77869556956349,13.464266091346202,-3.402000763394348,4.781635036120814,-6.73661370389787e-14
276.6407792135144,29.76927744965592,13.466291111057311,-3.401420713592172,4.782396283627992,1.347322740779574e-13
276.64468472169744,29.759859276425132,13.46831920554217,-3.4008410986568713,4.783158574716219,1.0104920555846805e-13
276.6485897126623,29.75044104981668,13.470350377861465,-3.400261919150464,4.783921909443505,6.73661370389787e-14
276.6524941864023,29.741022769776116,13.472384631075885,-3.3996831756350607,4.784686287867893,1.0104920555846805e-13
276.65639814291114,29.73160443624906,13.474421968246112,-3.399104868672852,4.785451710047485,6.73661370389787e-14
276.6603015821821,29.72218604918114,13.476462392432827,-3.3985269988261204,4.786218176040412,-5.0524602779234026e-14
276.66420450420856,29.71276760851801,13.478505906696718,-3.397949566657236,4.786985685904861,1.0104920555846805e-13
276.66810690898393,29.70334911420531,13.480552514098477,-3.3973725727286523,4.787754239699055,5.0524602779234026e-14
276.6720087965014,29.693930566188754,13.482602217698776,-3.396796017602915,4.788523837481261,6.73661370389787e-14
276.67591016675425,29.68451196441403,13.48465502055831,-3.396219901842654,4.789294479309788,3.368306851948935e-14
276.6798110197356,29.675093308826913,13.486710925737762,-3.3956442260105884,4.790066165242995,1.0104920555846805e-13
276.6837113554387,29.665674599373137,13.488769936297816,-3.3950689906695204,4.790838895339281,-5.0524602779234026e-14
276.68761117385645,29.656255835998518,13.49083205529915,-3.3944941963823485,4.791612669657079,3.368306851948935e-14
276.69151047498195,29.64683701864882,13.49289728580246,-3.3939198437120464,4.79238748825488,-5.0524602779234026e-14
276.6954092588082,29.637418147269912,13.494965630868428,-3.3933459332216884,4.793163351191208,1.0104920555846805e-13
276.6993075253281,29.62799922180763,13.497037093557738,-3.3927724654744207,4.793940258524631,5.0524602779234026e-14
276.7032052745346,29.61858024220787,13.499111676931072,-3.39219944103349,4.794718210313767,-1.6841534259744676e-14
276.7071025064204,29.6091612084165,13.501189384049122,-3.3916268604622246,4.795497206617264,1.6841534259744676e-14
276.71099922097835,29.599742120379467,13.503270217972563,-3.3910547243240416,4.796277247493824,1.1789073981821273e-13
276.7148954182012,29.590322978042707,13.505354181762087,-3.3904830331824423,4.797058333002186,1.1789073981821273e-13
276.7187910980816,29.580903781352205,13.50744127847838,-3.3899117876010156,4.79784046320113,1.1789073981821273e-13
276.7226862606122,29.571484530253937,13.509531511182123,-3.3893409881434415,4.798623638149486,8.420767129872338e-14
276.7265809057855,29.562065224693914,13.511624882934003,-3.388770635373482,4.799407857906116,1.6841534259744676e-14
276.7304750335942,29.5526458646182,13.513721396794704,-3.3882007298549914,4.800193122529935,-3.368306851948935e-14
276.73436864403055,29.543226449972817,13.515821055824912,-3.3876312721519075,4.800979432079885,-1.6841534259744676e-14
276.7382617370872,29.533806980703883,13.517923863085313,-3.3870622628282545,4.801766786614969,-5.0524602779234026e-14
276.7421543127564,29.524387456757502,13.52002982163659,-3.386493702448147,4.8025551861942155,5.0524602779234026e-14
276.74604637103045,29.514967878079776,13.522138934539429,-3.385925591575784,4.803344630876706,8.420767129872338e-14
276.7499379119017,29.505548244616868,13.524251204854512,-3.3853579307754535,4.804135120721556,8.420767129872338e-14
276.7538289353625,29.496128556314957,13.526366635642528,-3.3847907206115253,4.804926655787931,3.368306851948935e-14
276.7577194414048,29.486708813120256,13.52848522996416,-3.3842239616484635,4.805719236135027,6.73661370389787e-14
276.7616094300209,29.477289014978947,13.530606990880095,-3.3836576544508135,4.806512861822091,1.0104920555846805e-13
276.76549890120276,29.467869161837296,13.532731921451013,-3.3830917995832124,4.807307532908409,8.420767129872338e-14
276.7693878549425,29.458449253641568,13.534860024737608,-3.3825263976103797,4.808103249453304,1.347322740779574e-13
276.7732762912322,29.449029290338057,13.536991303800555,-3.3819614490971213,4.808900011516153,6.73661370389787e-14
276.77716421006363,29.439609271873046,13.539125761700545,-3.3813969546083356,4.809697819156352,-1.6841534259744676e-14
276.7810516114287,29.430189198192885,13.541263401498265,-3.3808329147090057,4.810496672433359,1.0104920555846805e-13
276.7849384953193,29.420769069243928,13.543404226254394,-3.3802693299641975,4.811296571406663,6.73661370389787e-14
276.7888248617272,29.411348884972554,13.545548239029618,-3.3797062009390673,4.8120975161358,-1.6841534259744676e-14
276.79271071064414,29.40192864532516,13.547695442884624,-3.3791435281988575,4.812899506680339,-1.6841534259744676e-14
276.7965960420618,29.392508350248175,13.549845840880101,-3.378581312308899,4.813702543099891,6.73661370389787e-14
276.80048085597184,29.38308799968802,13.551999436076724,-3.378019553834604,4.8145066254541184,5.0524602779234026e-14
276.80436515236585,29.37366759359119,13.554156231535185,-3.3774582533414783,4.815311753802714,-1.6841534259744676e-14
276.8082489312353,29.364247131904165,13.556316230316169,-3.3768974113951105,4.816117928205408,1.347322740779574e-13
276.81213219257177,29.354826614573447,13.558479435480358,-3.376337028561177,4.8169251487219835,1.515738083377021e-13
276.8160149363667,29.345406041545573,13.560645850088438,-3.375777105405436,4.817733415412254,6.73661370389787e-14
276.81989716261137,29.335985412767098,13.562815477201095,-3.3752176424937463,4.818542728336078,1.347322740779574e-13
276.8237788712973,29.326564728184607,13.564988319879017,-3.3746586403920342,4.819353087553348,8.420767129872338e-14
276.82766006241565,29.317143987744686,13.56716438118288,-3.3741000996663275,4.820164493124009,3.368306851948935e-14
276.83154073595773,29.307723191393986,13.569343664173378,-3.3735420208827347,4.8209769451080335,8.420767129872338e-14
276.8354208919147,29.298302339079115,13.571526171911193,-3.3729844046074504,4.821790443565438,0.0
276.8393005302777,29.288881430746763,13.573711907457007,-3.372427251406761,4.822604988556283,-3.368306851948935e-14
276.8431796510378,29.279460466343615,13.575900873871507,-3.371870561847034,4.823420580140665,1.515738083377021e-13
276.8470582541862,29.270039445816373,13.578093074215383,-3.3713143364947182,4.824237218378721,-1.6841534259744676e-14
276.8509363397137,29.260618369111786,13.58028851154931,-3.3707585759163643,4.825054903330624,6.73661370389787e-14
276.85481390761146,29.251197236176587,13.582487188933982,-3.370203280678597,4.825873635056599,3.368306851948935e-14
276.8586909578701,29.241776046957565,13.584689109430077,-3.369648451348134,4.826693413616892,1.347322740779574e-13
276.8625674904808,29.232354801401517,13.586894276098285,-3.3690940884917717,4.827514239071805,-5.0524602779234026e-14
276.8664435054341,29.22293349945527,13.589102691999292,-3.3685401926764036,4.828336111481668,0.0
276.8703190027208,29.213512141065642,13.591314360193776,-3.3679867644690025,4.829159030906855,1.6841534259744677e-13
276.87419398233175,29.20409072617953,13.593529283742432,-3.367433804436625,4.829982997407783,5.0524602779234026e-14
276.87806844425745,29.19466925474379,13.595747465705934,-3.3668813131464237,4.830808011044899,1.0104920555846805e-13
276.8819423884886,29.185247726705356,13.597968909144978,-3.3663292911656297,4.831634071878699,6.73661370389787e-14
276.88581581501563,29.175826142011132,13.600193617120242,-3.365777739061564,4.832461179969707,1.6841534259744677e-13
276.88968872382924,29.166404500608095,13.602421592692407,-3.3652266574016316,4.833289335378501,1.6841534259744677e-13
276.89356111491975,29.156982802443196,13.604652838922169,-3.3646760467533254,4.834118538165681,1.0104920555846805e-13
276.89743298827756,29.14756104746343,13.606887358870205,-3.364125907684224,4.834948788391895,3.368306851948935e-14
276.9013043438931,29.138139235615824,13.609125155597203,-3.363576240761995,4.835780086117829,-3.368306851948935e-14
276.90517518175665,29.128717366847425,13.611366232163846,-3.363027046554387,4.836612431404207,5.0524602779234026e-14
276.90904550185843,29.11929544110527,13.613610591630822,-3.362478325629239,4.837445824311787,3.368306851948935e-14
276.91291530418874,29.109873458336455,13.615858237058816,-3.3619300785544732,4.838280264901375,0.0
276.91678458873764,29.100451418488085,13.618109171508513,-3.3613823058981036,4.8391157532338065,1.0104920555846805e-13
276.9206533554953,29.09102932150726,13.620363398040592,-3.360835008228223,4.8399522893699585,1.0104920555846805e-13
276.92452160445185,29.08160716734114,13.622620919715743,-3.360288186113013,4.84078987337075,-3.368306851948935e-14
276.9283893355972,29.07218495593692,13.624881739594649,-3.3597418401207473,4.841628505297129,0.0
276.9322565489213,29.06276268724174,13.627145860737999,-3.3591959708197763,4.8424681852100875,8.420767129872338e-14
276.9361232444142,29.053340361202828,13.629413286206475,-3.358650578778541,4.843308913170656,-1.6841534259744676e-14
276.93998942206565,29.043917977767435,13.631684019060764,-3.3581056645655707,4.8441506892399016,8.420767129872338e-14
276.94385508186554,29.03449553688279,13.633958062361543,-3.3575612287494776,4.844993513478927,1.1789073981821273e-13
276.94772022380357,29.025073038496192,13.636235419169509,-3.3570172718989597,4.845837385948875,8.420767129872338e-14
276.9515848478695,29.01565048255491,13.638516092545345,-3.356473794582802,4.846682306710926,1.515738083377021e-13
276.95544895405305,29.006227869006263,13.640800085549724,-3.355930797369879,4.847528275826297,1.347322740779574e-13
276.9593125423438,28.9968051977976,13.643087401243342,-3.3553882808291444,4.848375293356243,6.73661370389787e-14
276.9631756127313,28.987382468876273,13.645378042686882,-3.354846245529642,4.849223359362057,1.1789073981821273e-13
