galstreams/tracks/track.po.Ophiuchus.bernard2014.ecsv
# %ECSV 1.0
# ---
# datatype:
# - {name: ra, unit: deg, datatype: float64}
# - {name: dec, unit: deg, datatype: float64}
# - {name: distance, unit: kpc, datatype: float64}
# - {name: pm_ra_cosdec, unit: mas / yr, datatype: float64}
# - {name: pm_dec, unit: mas / yr, datatype: float64}
# - {name: radial_velocity, unit: km / s, datatype: float64}
# delimiter: ','
# meta: !!omap
# - __serialized_columns__:
#     dec:
#       __class__: astropy.coordinates.angles.Latitude
#       unit: &id001 !astropy.units.Unit {unit: deg}
#       value: !astropy.table.SerializedColumn {name: dec}
#     distance:
#       __class__: astropy.coordinates.distances.Distance
#       unit: !astropy.units.Unit {unit: kpc}
#       value: !astropy.table.SerializedColumn {name: distance}
#     pm_dec:
#       __class__: astropy.units.quantity.Quantity
#       unit: !astropy.units.Unit {unit: mas / yr}
#       value: !astropy.table.SerializedColumn {name: pm_dec}
#     pm_ra_cosdec:
#       __class__: astropy.units.quantity.Quantity
#       unit: !astropy.units.Unit {unit: mas / yr}
#       value: !astropy.table.SerializedColumn {name: pm_ra_cosdec}
#     ra:
#       __class__: astropy.coordinates.angles.Longitude
#       unit: *id001
#       value: !astropy.table.SerializedColumn {name: ra}
#       wrap_angle: !astropy.coordinates.Angle
#         unit: *id001
#         value: 360.0
#     radial_velocity:
#       __class__: astropy.units.quantity.Quantity
#       unit: !astropy.units.Unit {unit: km / s}
#       value: !astropy.table.SerializedColumn {name: radial_velocity}
# schema: astropy-2.0
ra,dec,distance,pm_ra_cosdec,pm_dec,radial_velocity
240.5765362311171,-7.164009145206815,9.500000000000014,0.0,0.0,-0.0
240.58648515552247,-7.162166187820816,9.500000000000012,0.0,0.0,-0.0
240.59643399949857,-7.160323016730022,9.500000000000012,0.0,0.0,-0.0
240.60638276305755,-7.158479631991733,9.500000000000012,0.0,0.0,-0.0
240.61633144621183,-7.156636033663239,9.500000000000014,0.0,0.0,-0.0
240.6262800489735,-7.154792221801879,9.500000000000014,0.0,0.0,-0.0
240.63622857135488,-7.15294819646495,9.500000000000016,0.0,0.0,-0.0
240.64617701336826,-7.151103957709776,9.500000000000014,0.0,0.0,-0.0
240.65612537502588,-7.14925950559368,9.500000000000018,0.0,0.0,-0.0
240.6660736563402,-7.147414840173996,9.500000000000018,0.0,0.0,-0.0
240.67602185732335,-7.145569961508051,9.500000000000018,0.0,0.0,-0.0
240.68596997798775,-7.1437248696531865,9.500000000000018,0.0,0.0,-0.0
240.69591801834562,-7.14187956466675,9.50000000000002,0.0,0.0,-0.0
240.70586597840946,-7.14003404660609,9.500000000000018,0.0,0.0,-0.0
240.71581385819152,-7.138188315528555,9.500000000000014,0.0,0.0,-0.0
240.72576165770414,-7.136342371491505,9.500000000000016,0.0,0.0,-0.0
240.73570937695968,-7.134496214552309,9.500000000000016,0.0,0.0,-0.0
240.7456570159706,-7.132649844768325,9.500000000000014,0.0,0.0,-0.0
240.75560457474913,-7.130803262196935,9.500000000000012,0.0,0.0,-0.0
240.76555205330789,-7.128956466895511,9.500000000000014,0.0,0.0,-0.0
240.77549945165904,-7.127109458921437,9.50000000000001,0.0,0.0,-0.0
240.78544676981514,-7.125262238332103,9.500000000000009,0.0,0.0,-0.0
240.7953940077886,-7.1234148051848845,9.500000000000007,0.0,0.0,-0.0
240.80534116559178,-7.121567159537206,9.500000000000007,0.0,0.0,-0.0
240.81528824323715,-7.1197193014464535,9.500000000000004,0.0,0.0,-0.0
240.8252352407372,-7.117871230970034,9.500000000000002,0.0,0.0,-0.0
240.83518215810432,-7.116022948165361,9.5,0.0,0.0,-0.0
240.845128995351,-7.1141744530898485,9.5,0.0,0.0,-0.0
240.85507575248968,-7.1123257458009155,9.499999999999998,0.0,0.0,-0.0
240.86502242953298,-7.110476826355994,9.499999999999996,0.0,0.0,-0.0
240.87496902649326,-7.1086276948125064,9.499999999999996,0.0,0.0,-0.0
240.88491554338304,-7.106778351227895,9.499999999999995,0.0,0.0,-0.0
240.89486198021493,-7.104928795659593,9.499999999999995,0.0,0.0,-0.0
240.90480833700136,-7.103079028165048,9.499999999999995,0.0,0.0,-0.0
240.91475461375484,-7.10122904880171,9.499999999999995,0.0,0.0,-0.0
240.92470081048802,-7.099378857627034,9.499999999999995,0.0,0.0,-0.0
240.93464692721335,-7.097528454698476,9.499999999999995,0.0,0.0,-0.0
240.9445929639434,-7.095677840073502,9.499999999999995,0.0,0.0,-0.0
240.95453892069074,-7.0938270138095785,9.499999999999995,0.0,0.0,-0.0
240.964484797468,-7.091975975964182,9.499999999999996,0.0,0.0,-0.0
240.97443059428778,-7.090124726594779,9.499999999999993,0.0,0.0,-0.0
240.9843763111626,-7.08827326575887,9.499999999999995,0.0,0.0,-0.0
240.99432194810512,-7.086421593513935,9.499999999999993,0.0,0.0,-0.0
241.00426750512787,-7.084569709917465,9.499999999999993,0.0,0.0,-0.0
241.01421298224355,-7.082717615026957,9.499999999999996,0.0,0.0,-0.0
241.02415837946478,-7.080865308899912,9.499999999999996,0.0,0.0,-0.0
241.03410369680424,-7.079012791593842,9.499999999999996,0.0,0.0,-0.0
241.04404893427454,-7.077160063166255,9.499999999999998,0.0,0.0,-0.0
241.05399409188828,-7.075307123674661,9.499999999999996,0.0,0.0,-0.0
241.0639391696582,-7.073453973176589,9.499999999999998,0.0,0.0,-0.0
241.07388416759701,-7.071600611729559,9.499999999999998,0.0,0.0,-0.0
241.08382908571738,-7.069747039391107,9.499999999999998,0.0,0.0,-0.0
241.093773924032,-7.067893256218765,9.5,0.0,0.0,-0.0
241.1037186825535,-7.06603926227007,9.499999999999998,0.0,0.0,-0.0
241.1136633612947,-7.064185057602568,9.5,0.0,0.0,-0.0
241.1236079602683,-7.062330642273813,9.500000000000002,0.0,0.0,-0.0
241.13355247948695,-7.060476016341351,9.500000000000002,0.0,0.0,-0.0
241.14349691896356,-7.058621179862749,9.5,0.0,0.0,-0.0
241.1534412787108,-7.056766132895553,9.500000000000002,0.0,0.0,-0.0
241.1633855587413,-7.054910875497353,9.500000000000002,0.0,0.0,-0.0
241.17332975906805,-7.053055407725718,9.5,0.0,0.0,-0.0
241.1832738797037,-7.051199729638219,9.500000000000002,0.0,0.0,-0.0
241.19321792066106,-7.049343841292438,9.500000000000002,0.0,0.0,-0.0
241.20316188195298,-7.047487742745966,9.5,0.0,0.0,-0.0
241.21310576359218,-7.045631434056394,9.5,0.0,0.0,-0.0
241.22304956559157,-7.043774915281314,9.500000000000004,0.0,0.0,-0.0
241.23299328796392,-7.041918186478331,9.500000000000002,0.0,0.0,-0.0
241.24293693072207,-7.040061247705053,9.500000000000002,0.0,0.0,-0.0
241.25288049387888,-7.038204099019086,9.5,0.0,0.0,-0.0
241.2628239774472,-7.036346740478046,9.5,0.0,0.0,-0.0
241.27276738143988,-7.034489172139556,9.5,0.0,0.0,-0.0
241.28271070586985,-7.032631394061236,9.5,0.0,0.0,-0.0
241.29265395074992,-7.030773406300719,9.5,0.0,0.0,-0.0
241.302597116093,-7.02891520891564,9.500000000000002,0.0,0.0,-0.0
241.31254020191196,-7.027056801963639,9.5,0.0,0.0,-0.0
241.3224832082198,-7.025198185502354,9.499999999999998,0.0,0.0,-0.0
241.33242613502944,-7.023339359589422,9.499999999999998,0.0,0.0,-0.0
241.3423689823537,-7.021480324282523,9.499999999999998,0.0,0.0,-0.0
241.3523117502056,-7.0196210796393,9.499999999999998,0.0,0.0,-0.0
241.362254438598,-7.0177616257174185,9.499999999999996,0.0,0.0,-0.0
241.37219704754395,-7.015901962574542,9.499999999999995,0.0,0.0,-0.0
241.3821395770563,-7.014042090268346,9.499999999999995,0.0,0.0,-0.0
241.39208202714823,-7.012182008856501,9.499999999999995,0.0,0.0,-0.0
241.40202439783255,-7.01032171839669,9.499999999999996,0.0,0.0,-0.0
241.41196668912227,-7.0084612189466045,9.499999999999995,0.0,0.0,-0.0
241.42190890103038,-7.006600510563929,9.499999999999995,0.0,0.0,-0.0
241.43185103356998,-7.004739593306358,9.499999999999993,0.0,0.0,-0.0
241.44179308675402,-7.002878467231594,9.499999999999995,0.0,0.0,-0.0
241.45173506059558,-7.001017132397341,9.499999999999995,0.0,0.0,-0.0
241.4616769551076,-6.999155588861309,9.499999999999993,0.0,0.0,-0.0
241.47161877030325,-6.997293836681208,9.499999999999993,0.0,0.0,-0.0
241.4815605061955,-6.99543187591476,9.499999999999991,0.0,0.0,-0.0
241.49150216279745,-6.993569706619686,9.499999999999993,0.0,0.0,-0.0
241.50144374012217,-6.991707328853713,9.499999999999993,0.0,0.0,-0.0
241.51138523818267,-6.9898447426745784,9.499999999999993,0.0,0.0,-0.0
241.52132665699227,-6.987981948140003,9.499999999999991,0.0,0.0,-0.0
241.5312679965638,-6.986118945307752,9.499999999999993,0.0,0.0,-0.0
241.54120925691046,-6.9842557342355605,9.499999999999991,0.0,0.0,-0.0
241.55115043804543,-6.982392314981181,9.499999999999991,0.0,0.0,-0.0
241.56109153998185,-6.980528687602366,9.499999999999993,0.0,0.0,-0.0
241.57103256273274,-6.97866485215688,9.499999999999991,0.0,0.0,-0.0
241.58097350631132,-6.9768008087024835,9.499999999999991,0.0,0.0,-0.0
241.59091437073084,-6.9749365572969495,9.499999999999993,0.0,0.0,-0.0
241.60085515600431,-6.97307209799805,9.499999999999993,0.0,0.0,-0.0
241.61079586214493,-6.971207430863567,9.499999999999993,0.0,0.0,-0.0
241.62073648916595,-6.969342555951282,9.499999999999993,0.0,0.0,-0.0
241.63067703708052,-6.96747747331898,9.499999999999993,0.0,0.0,-0.0
241.64061750590187,-6.9656121830244615,9.499999999999993,0.0,0.0,-0.0
241.6505578956432,-6.963746685125515,9.499999999999995,0.0,0.0,-0.0
241.66049820631775,-6.96188097967995,9.49999999999999,0.0,0.0,-0.0
241.67043843793869,-6.9600150667455685,9.499999999999991,0.0,0.0,-0.0
241.6803785905193,-6.958148946380184,9.499999999999991,0.0,0.0,-0.0
241.6903186640728,-6.956282618641611,9.499999999999993,0.0,0.0,-0.0
241.70025865861254,-6.954416083587662,9.499999999999995,0.0,0.0,-0.0
241.7101985741517,-6.952549341276182,9.499999999999995,0.0,0.0,-0.0
241.72013841070356,-6.950682391764988,9.499999999999993,0.0,0.0,-0.0
241.7300781682814,-6.948815235111918,9.499999999999995,0.0,0.0,-0.0
241.74001784689852,-6.946947871374809,9.499999999999995,0.0,0.0,-0.0
241.7499574465683,-6.9450803006115045,9.499999999999995,0.0,0.0,-0.0
241.7598969673039,-6.943212522879853,9.499999999999995,0.0,0.0,-0.0
241.76983640911877,-6.94134453823771,9.499999999999993,0.0,0.0,-0.0
241.77977577202614,-6.9394763467429295,9.499999999999995,0.0,0.0,-0.0
241.78971505603943,-6.937607948453374,9.499999999999995,0.0,0.0,-0.0
241.799654261172,-6.9357393434269135,9.499999999999995,0.0,0.0,-0.0
241.80959338743713,-6.933870531721414,9.499999999999991,0.0,0.0,-0.0
241.81953243484824,-6.932001513394756,9.499999999999995,0.0,0.0,-0.0
241.82947140341864,-6.930132288504819,9.499999999999995,0.0,0.0,-0.0
241.83941029316182,-6.928262857109486,9.499999999999995,0.0,0.0,-0.0
241.84934910409106,-6.926393219266648,9.499999999999995,0.0,0.0,-0.0
241.85928783621992,-6.924523375034203,9.499999999999993,0.0,0.0,-0.0
241.8692264895616,-6.922653324470046,9.499999999999993,0.0,0.0,-0.0
241.8791650641297,-6.92078306763208,9.499999999999995,0.0,0.0,-0.0
241.88910355993752,-6.918912604578213,9.499999999999995,0.0,0.0,-0.0
241.89904197699857,-6.917041935366358,9.499999999999995,0.0,0.0,-0.0
241.9089803153263,-6.915171060054436,9.499999999999995,0.0,0.0,-0.0
241.91891857493422,-6.913299978700366,9.499999999999995,0.0,0.0,-0.0
241.92885675583562,-6.911428691362072,9.499999999999995,0.0,0.0,-0.0
241.9387948580441,-6.909557198097491,9.499999999999995,0.0,0.0,-0.0
241.94873288157322,-6.907685498964554,9.499999999999995,0.0,0.0,-0.0
241.9586708264363,-6.9058135940212,9.499999999999995,0.0,0.0,-0.0
241.9686086926469,-6.903941483325378,9.499999999999995,0.0,0.0,-0.0
241.97854648021857,-6.902069166935036,9.499999999999993,0.0,0.0,-0.0
241.98848418916486,-6.900196644908126,9.499999999999995,0.0,0.0,-0.0
241.9984218194992,-6.898323917302608,9.499999999999995,0.0,0.0,-0.0
242.00835937123526,-6.896450984176445,9.499999999999995,0.0,0.0,-0.0
242.0182968443864,-6.894577845587603,9.499999999999995,0.0,0.0,-0.0
242.02823423896638,-6.89270450159406,9.499999999999993,0.0,0.0,-0.0
242.0381715549886,-6.890830952253782,9.499999999999995,0.0,0.0,-0.0
242.0481087924667,-6.888957197624761,9.499999999999995,0.0,0.0,-0.0
242.05804595141433,-6.887083237764978,9.499999999999995,0.0,0.0,-0.0
242.067983031845,-6.885209072732421,9.499999999999995,0.0,0.0,-0.0
242.07792003377233,-6.883334702585089,9.499999999999996,0.0,0.0,-0.0
242.08785695720988,-6.881460127380984,9.499999999999996,0.0,0.0,-0.0
242.0977938021713,-6.879585347178103,9.499999999999996,0.0,0.0,-0.0
242.10773056867035,-6.877710362034459,9.499999999999995,0.0,0.0,-0.0
242.1176672567205,-6.875835172008063,9.499999999999995,0.0,0.0,-0.0
242.12760386633542,-6.873959777156934,9.499999999999995,0.0,0.0,-0.0
242.13754039752888,-6.872084177539093,9.499999999999995,0.0,0.0,-0.0
242.14747685031443,-6.87020837321257,9.499999999999996,0.0,0.0,-0.0
242.15741322470575,-6.8683323642353935,9.499999999999998,0.0,0.0,-0.0
242.16734952071658,-6.866456150665601,9.499999999999998,0.0,0.0,-0.0
242.17728573836055,-6.864579732561231,9.499999999999996,0.0,0.0,-0.0
242.18722187765144,-6.8627031099803295,9.499999999999998,0.0,0.0,-0.0
242.19715793860288,-6.860826282980944,9.499999999999998,0.0,0.0,-0.0
242.20709392122865,-6.8589492516211354,9.499999999999996,0.0,0.0,-0.0
242.21702982554245,-6.857072015958953,9.5,0.0,0.0,-0.0
242.22696565155798,-6.8551945760524635,9.5,0.0,0.0,-0.0
242.23690139928905,-6.8533169319597365,9.5,0.0,0.0,-0.0
242.2468370687494,-6.851439083738843,9.5,0.0,0.0,-0.0
242.25677265995273,-6.849561031447858,9.499999999999998,0.0,0.0,-0.0
242.26670817291293,-6.8476827751448655,9.5,0.0,0.0,-0.0
242.27664360764368,-6.84580431488795,9.5,0.0,0.0,-0.0
242.2865789641588,-6.843925650735199,9.500000000000002,0.0,0.0,-0.0
242.29651424247206,-6.842046782744709,9.5,0.0,0.0,-0.0
242.30644944259737,-6.840167710974584,9.5,0.0,0.0,-0.0
242.31638456454846,-6.838288435482918,9.5,0.0,0.0,-0.0
242.32631960833916,-6.836408956327827,9.5,0.0,0.0,-0.0
242.33625457398335,-6.834529273567421,9.5,0.0,0.0,-0.0
242.34618946149482,-6.832649387259816,9.500000000000002,0.0,0.0,-0.0
242.35612427088748,-6.830769297463138,9.500000000000002,0.0,0.0,-0.0
242.36605900217515,-6.828889004235507,9.500000000000002,0.0,0.0,-0.0
242.3759936553717,-6.827008507635061,9.500000000000002,0.0,0.0,-0.0
242.38592823049106,-6.82512780771993,9.5,0.0,0.0,-0.0
242.39586272754707,-6.823246904548254,9.5,0.0,0.0,-0.0
242.40579714655362,-6.821365798178181,9.499999999999998,0.0,0.0,-0.0
242.4157314875247,-6.819484488667854,9.499999999999998,0.0,0.0,-0.0
242.42566575047414,-6.81760297607543,9.5,0.0,0.0,-0.0
242.4355999354159,-6.8157212604590685,9.5,0.0,0.0,-0.0
242.4455340423639,-6.813839341876927,9.499999999999998,0.0,0.0,-0.0
242.45546807133204,-6.811957220387171,9.499999999999998,0.0,0.0,-0.0
242.4654020223344,-6.81007489604798,9.499999999999996,0.0,0.0,-0.0
242.47533589538486,-6.808192368917521,9.499999999999996,0.0,0.0,-0.0
242.48526969049732,-6.80630963905398,9.499999999999998,0.0,0.0,-0.0
242.49520340768592,-6.804426706515537,9.499999999999996,0.0,0.0,-0.0
242.50513704696453,-6.802543571360386,9.499999999999995,0.0,0.0,-0.0
242.51507060834717,-6.800660233646718,9.499999999999996,0.0,0.0,-0.0
242.52500409184782,-6.798776693432729,9.499999999999993,0.0,0.0,-0.0
242.53493749748063,-6.796892950776623,9.499999999999995,0.0,0.0,-0.0
242.54487082525944,-6.795009005736609,9.499999999999995,0.0,0.0,-0.0
242.55480407519838,-6.793124858370894,9.499999999999993,0.0,0.0,-0.0
242.56473724731148,-6.791240508737694,9.499999999999995,0.0,0.0,-0.0
242.5746703416128,-6.789355956895236,9.499999999999995,0.0,0.0,-0.0
242.5846033581164,-6.787471202901741,9.499999999999995,0.0,0.0,-0.0
242.59453629683628,-6.785586246815436,9.499999999999995,0.0,0.0,-0.0
242.60446915778667,-6.783701088694556,9.499999999999996,0.0,0.0,-0.0
242.6144019409815,-6.781815728597342,9.499999999999996,0.0,0.0,-0.0
242.62433464643487,-6.779930166582033,9.499999999999995,0.0,0.0,-0.0
242.63426727416098,-6.778044402706879,9.499999999999995,0.0,0.0,-0.0
242.64419982417394,-6.776158437030126,9.499999999999998,0.0,0.0,-0.0
242.65413229648783,-6.774272269610037,9.499999999999996,0.0,0.0,-0.0
242.66406469111672,-6.772385900504868,9.499999999999996,0.0,0.0,-0.0
242.67399700807488,-6.770499329772885,9.499999999999998,0.0,0.0,-0.0
242.6839292473763,-6.768612557472358,9.499999999999998,0.0,0.0,-0.0
242.69386140903535,-6.766725583661561,9.5,0.0,0.0,-0.0
242.70379349306606,-6.764838408398767,9.500000000000002,0.0,0.0,-0.0
242.71372549948256,-6.762951031742267,9.500000000000002,0.0,0.0,-0.0
242.72365742829913,-6.761063453750344,9.500000000000005,0.0,0.0,-0.0
242.73358927952987,-6.759175674481288,9.500000000000004,0.0,0.0,-0.0
242.7435210531891,-6.757287693993396,9.500000000000005,0.0,0.0,-0.0
242.75345274929097,-6.75539951234497,9.500000000000009,0.0,0.0,-0.0
242.76338436784974,-6.753511129594313,9.500000000000009,0.0,0.0,-0.0
242.77331590887954,-6.751622545799733,9.50000000000001,0.0,0.0,-0.0
242.78324737239473,-6.749733761019545,9.500000000000009,0.0,0.0,-0.0
242.79317875840943,-6.747844775312072,9.500000000000012,0.0,0.0,-0.0
242.80311006693796,-6.745955588735628,9.50000000000001,0.0,0.0,-0.0
242.81304129799457,-6.744066201348543,9.50000000000001,0.0,0.0,-0.0
242.82297245159359,-6.742176613209153,9.500000000000012,0.0,0.0,-0.0
242.8329035277493,-6.740286824375786,9.500000000000012,0.0,0.0,-0.0
242.84283452647585,-6.738396834906784,9.500000000000012,0.0,0.0,-0.0
242.85276544778773,-6.736506644860499,9.500000000000012,0.0,0.0,-0.0
242.86269629169908,-6.734616254295271,9.50000000000001,0.0,0.0,-0.0
242.87262705822434,-6.732725663269455,9.50000000000001,0.0,0.0,-0.0
242.8825577473778,-6.730834871841411,9.500000000000009,0.0,0.0,-0.0
242.89248835917374,-6.728943880069501,9.500000000000009,0.0,0.0,-0.0
242.90241889362665,-6.727052688012091,9.500000000000007,0.0,0.0,-0.0
242.9123493507507,-6.72516129572755,9.500000000000005,0.0,0.0,-0.0
242.92227973056038,-6.723269703274256,9.500000000000004,0.0,0.0,-0.0
242.93221003306996,-6.721377910710585,9.500000000000004,0.0,0.0,-0.0
242.942140258294,-6.719485918094927,9.5,0.0,0.0,-0.0
242.9520704062466,-6.7175937254856635,9.5,0.0,0.0,-0.0
