galstreams/tracks/track.st.Cetus-Palca.thomas2021.ecsv
# %ECSV 0.9
# ---
# datatype:
# - {name: ra, unit: deg, datatype: float64}
# - {name: dec, unit: deg, datatype: float64}
# - {name: distance, unit: kpc, datatype: float64}
# - {name: pm_ra_cosdec, unit: mas / yr, datatype: float64}
# - {name: pm_dec, unit: mas / yr, datatype: float64}
# - {name: radial_velocity, unit: km / s, datatype: float64}
# delimiter: ','
# meta: !!omap
# - __serialized_columns__:
#     dec:
#       __class__: astropy.coordinates.angles.Latitude
#       unit: &id001 !astropy.units.Unit {unit: deg}
#       value: !astropy.table.SerializedColumn {name: dec}
#     distance:
#       __class__: astropy.coordinates.distances.Distance
#       unit: !astropy.units.Unit {unit: kpc}
#       value: !astropy.table.SerializedColumn {name: distance}
#     pm_dec:
#       __class__: astropy.units.quantity.Quantity
#       unit: !astropy.units.Unit {unit: mas / yr}
#       value: !astropy.table.SerializedColumn {name: pm_dec}
#     pm_ra_cosdec:
#       __class__: astropy.units.quantity.Quantity
#       unit: !astropy.units.Unit {unit: mas / yr}
#       value: !astropy.table.SerializedColumn {name: pm_ra_cosdec}
#     ra:
#       __class__: astropy.coordinates.angles.Longitude
#       unit: *id001
#       value: !astropy.table.SerializedColumn {name: ra}
#       wrap_angle: !astropy.coordinates.Angle
#         unit: *id001
#         value: 360.0
#     radial_velocity:
#       __class__: astropy.units.quantity.Quantity
#       unit: !astropy.units.Unit {unit: km / s}
#       value: !astropy.table.SerializedColumn {name: radial_velocity}
# schema: astropy-2.0
ra,dec,distance,pm_ra_cosdec,pm_dec,radial_velocity
[from data line 9011]
15.8477385964645,19.822345990428516,29.175887515261245,0.7454594914493128,-0.0663505692089186,-5.262979456170211e-16
15.845293505526653,19.832066050121593,29.173607885841346,0.7455047101940849,-0.0660416461092101,0.0
15.84284821421293,19.841786098681464,29.171327643104913,0.7455499516710893,-0.06573261687002294,-3.684085619319148e-15
15.840402722392776,19.85150613610111,29.169046786969375,0.7455952158722855,-0.06542348147877167,3.1577876737021266e-15
15.83795702993557,19.86122616237353,29.166765317352148,0.7456405027896269,-0.06511423992286672,-3.1577876737021266e-15
15.83551113671066,19.870946177491653,29.164483234170667,0.7456858124150598,-0.06480489218971812,2.1051917824680845e-15
15.83306504258731,19.880666181448483,29.162200537342347,0.7457311447405237,-0.06449543826673262,1.0525958912340423e-15
15.830618747434768,19.890386174236994,29.159917226784614,0.7457764997579508,-0.06418587814131482,-4.210383564936169e-15
15.828172251122231,19.90010615585014,29.15763330241489,0.7458218774592671,-0.06387621180086864,-1.0525958912340423e-15
15.825725553518826,19.909826126280876,29.15534876415061,0.7458672778363907,-0.0635664392327944,0.0
15.823278654493647,19.91954608552222,29.153063611909182,0.7459127008812336,-0.06325656042449085,-6.315575347404253e-15
15.820831553915745,19.92926603356708,29.150777845608033,0.7459581465857007,-0.06294657536335543,2.1051917824680845e-15
15.818384251654102,19.93898597040845,29.148491465164586,0.7460036149416902,-0.06263648403678246,0.0
15.81593674757766,19.948705896039282,29.14620447049627,0.7460491059410921,-0.06232628643216407,5.262979456170211e-16
15.813489041555318,19.958425810452532,29.143916861520506,0.7460946195757909,-0.062015982536891695,-2.1051917824680845e-15
15.811041133455916,19.968145713641157,29.141628638154714,0.746140155837664,-0.061705572338353304,-6.8418732930212744e-15
15.808593023148251,19.977865605598115,29.13933980031633,0.7461857147185811,-0.061395055823934994,-1.1578554803574466e-14
15.80614471050108,19.987585486316355,29.137050347922756,0.7462312962104055,-0.06108443298102193,4.73668151055319e-15
15.803696195383079,19.99730535578882,29.134760280891438,0.7462769003049934,-0.060773703796995676,-3.684085619319148e-15
15.801247477662907,20.007025214008497,29.132469599139778,0.7463225269941944,-0.06046286825923627,-7.894469184255318e-15
15.798798557209166,20.01674506096828,29.13017830258522,0.74636817626985,-0.06015192635512246,5.2629794561702115e-15
15.796349433890393,20.02646489666116,29.12788639114516,0.7464138481237965,-0.059840878072029355,1.0525958912340423e-15
15.793900107575098,20.036184721080044,29.12559386473706,0.7464595425478617,-0.059529723397331605,0.0
15.79145057813172,20.045904534217886,29.12330072327833,0.7465052595338668,-0.05921846231840095,5.262979456170211e-16
15.789000845428665,20.055624336067655,29.121006966686366,0.7465509990736273,-0.05890709482260635,-4.210383564936169e-15
15.786550909334283,20.065344126622247,29.11871259487862,0.74659676115895,-0.05859562089731643,-5.262979456170211e-16
15.78410076971687,20.07506390587462,29.116417607772508,0.7466425457816354,-0.05828404052989632,-1.0525958912340423e-15
15.781650426444678,20.08478367381771,29.114122005285456,0.7466883529334769,-0.057972353707708986,1.0525958912340423e-15
15.779199879385914,20.09450343044444,29.11182578733488,0.7467341826062612,-0.05766056041811692,9.999660966723401e-15
15.776749128408719,20.104223175747745,29.109528953838208,0.7467800347917681,-0.05734866064847872,-3.684085619319148e-15
15.774298173381196,20.11394290972056,29.107231504712864,0.74682590948177,-0.05703665438615143,-2.1051917824680845e-15
15.771847014171396,20.12366263235579,29.104933439876277,0.7468718066680319,-0.05672454161849073,-8.420767129872338e-15
15.769395650647333,20.13338234364639,29.102634759245863,0.7469177263423133,-0.056412322332849506,-4.210383564936169e-15
15.766944082676936,20.14310204358528,29.100335462739036,0.7469636684963654,-0.056099996516578106,-2.1051917824680845e-15
15.764492310128121,20.15282173216535,29.09803555027324,0.7470096331219321,-0.0557875641570262,-3.684085619319148e-15
15.762040332868745,20.16254140937954,29.095735021765886,0.7470556202107521,-0.055475025241540486,1.0525958912340423e-15
15.75958815076659,20.172261075220785,29.093433877134398,0.7471016297545554,-0.0551623797574648,2.1051917824680845e-15
15.757135763689412,20.181980729681968,29.09113211629621,0.7471476617450651,-0.054849627692142786,-6.8418732930212744e-15
15.754683171504926,20.19170037275601,29.088829739168734,0.7471937161739983,-0.05453676903291461,-1.0525958912340423e-15
15.752230374080767,20.20142000443586,29.086526745669396,0.7472397930330641,-0.05422380376711802,1.1578554803574466e-14
15.74977737128454,20.21113962471437,29.08422313571563,0.7472858923139649,-0.05391073188209033,-4.210383564936169e-15
15.747324162983794,20.220859233584505,29.081918909224836,0.7473320140083964,-0.053597553365164814,-2.6314897280851058e-15
15.74487074904603,20.230578831039118,29.079614066114463,0.7473781581080469,-0.05328426820367445,-3.684085619319148e-15
15.742417129338703,20.24029841707114,29.07730860630192,0.7474243246045976,-0.05297087638494913,-7.8944691842553165e-16
15.739963303729198,20.25001799167349,29.075002529704623,0.747470513489723,-0.05265737789631604,5.2629794561702115e-15
15.737509272084871,20.259737554839038,29.072695836240023,0.7475167247550898,-0.052343772725101954,-1.1052256857957444e-14
15.735055034273014,20.269457106560694,29.07038852582552,0.747562958392359,-0.052030060858630246,-5.789277401787233e-15
15.732600590160889,20.279176646831367,29.068080598378536,0.7476092143931828,-0.0517162422842221,-2.6314897280851058e-15
15.730145939615674,20.28889617564393,29.06577205381651,0.7476554927492085,-0.051402316989197935,5.262979456170211e-16
15.727691082504522,20.298615692991284,29.06346289205687,0.7477017934520735,-0.051088284960874704,4.473532537744679e-15
15.725236018694531,20.308335198866335,29.061153113017006,0.7477481164934114,-0.050774146186567504,8.420767129872338e-15
15.722780748052738,20.31805469326195,29.058842716614375,0.747794461864846,-0.05045990065359032,1.3157448640425529e-15
15.720325270446152,20.327774176171033,29.056531702766385,0.7478408295579955,-0.050145548349253874,1.0525958912340423e-15
15.717869585741692,20.33749364758646,29.054220071390464,0.7478872195644706,-0.04983108926086693,1.3157448640425529e-15
15.715413693806266,20.347213107501112,29.051907822404036,0.7479336318758751,-0.04951652337573707,-2.8946387008936164e-15
15.712957594506713,20.35693255590787,29.049594955724523,0.7479800664838049,-0.04920185068116895,2.1051917824680845e-15
15.71050128770982,20.366651992799635,29.047281471269347,0.7480265233798503,-0.048887071164464904,2.6314897280851058e-15
15.708044773282325,20.37637141816925,29.04496736895594,0.7480730025555931,-0.04857218481292617,-7.631320211446806e-15
15.705588051090919,20.386090832009625,29.042652648701708,0.7481195040026092,-0.04825719161385067,-3.947234592127659e-15
15.703131121002242,20.395810234313604,29.040337310424093,0.7481660277124662,-0.047942091554535694,2.1051917824680845e-15
15.700673982882874,20.405529625074063,29.038021354040513,0.7482125736767253,-0.04762688462227515,1.3157448640425529e-15
15.698216636599346,20.415249004283904,29.035704779468375,0.7482591418869412,-0.04731157080436065,-5.262979456170211e-16
15.695759082018155,20.42496837193595,29.033387586625135,0.7483057323346598,-0.046996150088083576,2.6314897280851057e-16
15.69330131900572,20.434687728023096,29.031069775428186,0.7483523450114213,-0.04668062246073113,-3.1577876737021266e-15
15.690843347428423,20.444407072538198,29.02875134579497,0.7483989799087584,-0.046364987909589,7.8944691842553165e-16
15.688385167152603,20.454126405474113,29.026432297642902,0.7484456370181966,-0.046049246421941886,-4.473532537744679e-15
15.685926778044532,20.46384572682371,29.0241126308894,0.7484923163312543,-0.04573339798507103,-1.5788938368510633e-15
15.68346817997043,20.47356503657985,29.021792345451903,0.748539017839443,-0.045417442586255505,-8.157618157063828e-15
15.681009372796487,20.48328433473536,29.019471441247834,0.7485857415342658,-0.045101380212773795,-1.3157448640425529e-15
15.678550356388817,20.493003621283133,29.017149918194594,0.7486324874072212,-0.04478521085190081,3.684085619319148e-15
15.676091130613488,20.502722896216003,29.014827776209632,0.7486792554497979,-0.044468934490909336,1.3157448640425529e-15
15.67363169533653,20.51244215952681,29.012505015210365,0.7487260456534794,-0.04415255111707155,-1.842042809659574e-15
15.67117205042391,20.52216141120842,29.010181635114208,0.7487728580097409,-0.043836060717655896,-4.210383564936169e-15
15.668712195741545,20.531880651253676,29.007857635838587,0.7488196925100511,-0.043519463279929074,3.947234592127659e-15
15.666252131155296,20.541599879655415,29.00553301730093,0.7488665491458709,-0.043202758791156474,-1.0262809939531913e-14
15.663791856530983,20.551319096406488,29.003207779418656,0.7489134279086548,-0.04288594723860022,2.6314897280851058e-15
15.661331371734365,20.561038301499718,29.000881922109194,0.7489603287898492,-0.04256902860952166,-4.73668151055319e-15
15.658870676631159,20.570757494927964,28.998555445289963,0.7490072517808948,-0.042252002891178975,3.947234592127659e-15
15.656409771087013,20.580476676684064,28.99622834887838,0.7490541968732233,-0.04193487007082805,-7.8944691842553165e-16
15.653948654967538,20.59019584676083,28.993900632791885,0.7491011640582607,-0.04161763013572392,6.315575347404253e-15
15.651487328138282,20.599915005151104,28.9915722969479,0.7491481533274247,-0.04130028307311836,-2.368340755276595e-15
15.649025790464762,20.609634151847736,28.989243341263823,0.7491951646721272,-0.040982828870260966,-6.8418732930212744e-15
15.64656404181242,20.61935328684351,28.98691376565711,0.7492421980837716,-0.04066526751440058,5.2629794561702115e-15
15.644102082046652,20.629072410131297,28.984583570045167,0.7492892535537548,-0.04034759899278247,1.3157448640425529e-15
15.641639911032808,20.63879152170392,28.982252754345417,0.7493363310734661,-0.040029823292649834,1.3157448640425529e-15
15.639177528636184,20.64851062155416,28.97992131847528,0.7493834306342881,-0.03971194040124521,3.4209366465106372e-15
15.636714934722013,20.65822970967486,28.977589262352208,0.7494305522275956,-0.03939395030580774,-4.473532537744679e-15
15.634252129155488,20.66794878605887,28.975256585893593,0.749477695844757,-0.03907585299357396,-2.1051917824680845e-15
15.631789111801758,20.67766785069896,28.97292328901686,0.7495248614771327,-0.038757648451780397,4.473532537744679e-15
15.629325882525894,20.687386903587953,28.970589371639456,0.7495720491160762,-0.038439336667659245,-4.210383564936169e-15
15.626862441192934,20.697105944718693,28.968254833678785,0.749619258752934,-0.03812091762844108,-3.947234592127659e-15
15.624398787667856,20.706824974083958,28.965919675052273,0.7496664903790451,-0.03780239132135609,5.789277401787233e-15
15.621934921815589,20.716543991676563,28.96358389567735,0.7497137439857411,-0.03748375773363012,2.1051917824680845e-15
15.61947084350101,20.72626299748933,28.961247495471426,0.7497610195643472,-0.03716501685248744,-2.8946387008936164e-15
15.617006552588936,20.73598199151504,28.95891047435194,0.7498083171061802,-0.03684616866515136,5.2629794561702115e-15
15.614542048944134,20.745700973746512,28.956572832236308,0.7498556366025505,-0.03652721315884146,-1.0525958912340423e-15
15.612077332431339,20.755419944176534,28.95423456904196,0.7499029780447611,-0.03620815032077665,-9.736511993914891e-15
15.609612402915204,20.76513890279791,28.951895684686306,0.7499503414241075,-0.03588898013817284,2.8946387008936164e-15
15.60714726026033,20.77485784960345,28.949556179086784,0.7499977267318784,-0.03556970259824353,-4.9998304833617005e-15
15.604681904331295,20.784576784585916,28.947216052160815,0.7500451339593551,-0.03525031768820114,1.842042809659574e-15
15.602216334992596,20.79429570773813,28.94487530382581,0.750092563097811,-0.034930825395255334,7.8944691842553165e-16
15.599750552108684,20.80401461905287,28.942533933999208,0.7501400141385135,-0.034611225706613,1.5788938368510633e-15
15.597284555543963,20.81373351852293,28.94019194259842,0.7501874870727215,-0.034291518609480764,4.9998304833617005e-15
15.594818345162782,20.82345240614108,28.937849329540885,0.7502349818916868,-0.03397170409106119,-2.1051917824680845e-15
15.59235192082943,20.833171281900132,28.935506094744003,0.7502824985866554,-0.03365178213855511,2.368340755276595e-15
15.589885282408154,20.842890145792847,28.933162238125213,0.7503300371488644,-0.03333175273916261,-2.1051917824680845e-15
15.58741842976314,20.85260899781199,28.930817759601954,0.7503775975695435,-0.03301161588008035,5.262979456170211e-16
15.584951362758522,20.862327837950385,28.928472659091618,0.7504251798399165,-0.03269137154850239,-2.8946387008936164e-15
15.582484081258386,20.872046666200767,28.926126936511643,0.7504727839511994,-0.03237101973162246,5.262979456170211e-16
15.58001658512676,20.88176548255592,28.92378059177946,0.7505204098946001,-0.03205056041663065,1.5788938368510633e-15
15.57754887422761,20.89148428700863,28.92143362481248,0.75056805766132,-0.03172999359071498,-1.5788938368510633e-15
15.57508094842487,20.901203079551635,28.919086035528135,0.7506157272425529,-0.03140931924106244,5.789277401787233e-15
15.572612807582399,20.910921860177755,28.916737823843842,0.7506634186294858,-0.03108853735485654,2.368340755276595e-15
15.570144451564023,20.920640628879703,28.914388989677022,0.7507111318132977,-0.030767647919280102,-2.6314897280851058e-15
15.567675880233502,20.930359385650267,28.91203953294511,0.7507588667851607,-0.03044665092151254,-1.3157448640425529e-15
15.565207093454534,20.9400781304822,28.909689453565527,0.7508066235362392,-0.030125546348731054,-2.368340755276595e-15
15.562738091090786,20.949796863368263,28.90733875145569,0.7508544020576908,-0.029804334188112454,-5.789277401787233e-15
15.560268873005858,20.959515584301222,28.904987426533022,0.7509022023406661,-0.029483014426829428,6.8418732930212744e-15
15.557799439063288,20.969234293273825,28.902635478714952,0.7509500243763071,-0.02916158705205309,-2.8946387008936164e-15
15.555329789126581,20.97895299027882,28.900282907918907,0.7509978681557491,-0.028840052050953545,1.3157448640425529e-15
15.552859923059174,20.988671675308964,28.897929714062297,0.7510457336701208,-0.0285184094106972,-9.21021404829787e-15
15.550389840724455,20.99839034835702,28.895575897062553,0.7510936209105429,-0.02819665911844884,1.3157448640425529e-15
15.54791954198575,21.008109009415698,28.893221456837104,0.7511415298681281,-0.027874801161371865,-2.6314897280851057e-16
15.545449026706349,21.017827658477763,28.89086639330337,0.7511894605339833,-0.027552835526626532,-6.578724320212764e-15
15.542978294749465,21.027546295535977,28.888510706378767,0.7512374128992069,-0.027230762201371,-1.842042809659574e-15
15.54050734597828,21.037264920583056,28.886154395980725,0.7512853869548901,-0.02690858117276265,-1.5788938368510633e-15
15.53803618025591,21.046983533611733,28.883797462026674,0.751333382692117,-0.02658629242795494,3.4209366465106372e-15
15.535564797445401,21.056702134614774,28.881439904434025,0.7513814001019644,-0.02626389595409966,-4.73668151055319e-15
15.53309319740979,21.066420723584873,28.879081723120212,0.7514294391755018,-0.025941391738347672,1.0262809939531913e-14
15.530621380012013,21.076139300514804,28.876722918002642,0.7514774999037904,-0.025618779767845837,6.447149833808509e-15
15.52814934511498,21.085857865397273,28.87436348899876,0.7515255822778856,-0.025296060029740563,-9.868086480319147e-15
15.525677092581532,21.095576418224994,28.872003436025977,0.7515736862888341,-0.024973232511175246,9.21021404829787e-16
15.523204622274466,21.105294958990733,28.86964275900172,0.751621811927676,-0.024650297199290537,4.8682559969574454e-15
15.520731934056519,21.11501348768718,28.867281457843408,0.7516699591854434,-0.024327254081226508,-1.9736172960638294e-15
