galstreams/tracks/track.st.Kwando.ibata2021.ecsv
# %ECSV 0.9
# ---
# datatype:
# - {name: ra, unit: deg, datatype: float64}
# - {name: dec, unit: deg, datatype: float64}
# - {name: distance, unit: kpc, datatype: float64}
# - {name: pm_ra_cosdec, unit: mas / yr, datatype: float64}
# - {name: pm_dec, unit: mas / yr, datatype: float64}
# - {name: radial_velocity, unit: km / s, datatype: float64}
# delimiter: ','
# meta: !!omap
# - __serialized_columns__:
#     dec:
#       __class__: astropy.coordinates.angles.Latitude
#       unit: &id001 !astropy.units.Unit {unit: deg}
#       value: !astropy.table.SerializedColumn {name: dec}
#     distance:
#       __class__: astropy.coordinates.distances.Distance
#       unit: !astropy.units.Unit {unit: kpc}
#       value: !astropy.table.SerializedColumn {name: distance}
#     pm_dec:
#       __class__: astropy.units.quantity.Quantity
#       unit: !astropy.units.Unit {unit: mas / yr}
#       value: !astropy.table.SerializedColumn {name: pm_dec}
#     pm_ra_cosdec:
#       __class__: astropy.units.quantity.Quantity
#       unit: !astropy.units.Unit {unit: mas / yr}
#       value: !astropy.table.SerializedColumn {name: pm_ra_cosdec}
#     ra:
#       __class__: astropy.coordinates.angles.Longitude
#       unit: *id001
#       value: !astropy.table.SerializedColumn {name: ra}
#       wrap_angle: !astropy.coordinates.Angle
#         unit: *id001
#         value: 360.0
#     radial_velocity:
#       __class__: astropy.units.quantity.Quantity
#       unit: !astropy.units.Unit {unit: km / s}
#       value: !astropy.table.SerializedColumn {name: radial_velocity}
# schema: astropy-2.0
ra,dec,distance,pm_ra_cosdec,pm_dec,radial_velocity
[from data line 267]
16.886037684746334,-16.05006209085273,7.300323159639983,-0.0554818515288523,0.06619590286913309,1.842042809659574e-15
16.893754854980603,-16.05752819949714,7.298447555812875,-0.05581049204071643,0.06587486036869951,1.5788938368510633e-15
16.90147278781837,-16.06499387405701,7.29658272691751,-0.056138219570310906,0.06555409404614464,1.7104683232553186e-15
16.909191481238725,-16.07245911636759,7.294728657297985,-0.056465035211776156,0.06523360420129638,1.5788938368510633e-15
16.916910933220727,-16.079923928264378,7.292885331298391,-0.056790940059337415,0.06491339113395392,1.5788938368510633e-15
16.92463114174332,-16.087388311583044,7.291052733262822,-0.05711593520730465,0.06459345514388729,1.7104683232553186e-15
16.93235210478555,-16.09485226815964,7.2892308475353715,-0.057440021750072706,0.06427379653083723,1.644681080053191e-15
16.940073820326475,-16.102315799830482,7.287419658460136,-0.057763200782121334,0.06395441559451492,1.644681080053191e-15
16.94779628634499,-16.10977890843203,7.2856191503812076,-0.05808547339801522,0.06363531263460158,1.842042809659574e-15
16.955519500820138,-16.117241595801158,7.28382930764268,-0.058406840692404156,0.06331648795074817,1.5131065936489357e-15
16.963243461730922,-16.124703863774993,7.282050114588647,-0.058727303760023095,0.06299794184257522,1.842042809659574e-15
16.970968167056252,-16.13216571419083,7.280281555563206,-0.05904686369569205,0.0626796746096726,1.5788938368510633e-15
16.97869361477511,-16.139627148886344,7.278523614910449,-0.0593655215943163,0.06236168655159893,1.5131065936489357e-15
16.986419802866507,-16.147088169699487,7.2767762769744655,-0.05968327855088665,0.06204397796788166,1.7762555664574464e-15
16.994146729309293,-16.154548778468364,7.275039526099354,-0.060000135660478834,0.06172654915801661,1.9078300528617015e-15
17.00187439208247,-16.162008977031494,7.273313346629211,-0.06031609401825442,0.06140940042146753,1.3815321072446804e-15
17.00960278916498,-16.169468767227627,7.2715977229081235,-0.060631154719460296,0.06109253205766623,1.7104683232553186e-15
17.017331918535692,-16.176928150895712,7.269892639280192,-0.060945318859429,0.060775944366011914,1.7762555664574464e-15
17.02506177817355,-16.18438712987507,7.2681980800895065,-0.06125858753357853,0.060459637645871,1.7104683232553186e-15
17.032792366057475,-16.191845706005275,7.2665140296801605,-0.06157096183741277,0.06014361219657696,1.644681080053191e-15
17.040523680166395,-16.199303881126188,7.264840472396252,-0.06188244286652118,0.059827868317429825,1.7104683232553186e-15
17.04825571847914,-16.206761657077863,7.263177392581871,-0.06219303171657924,0.059512406307696074,1.3815321072446804e-15
17.05598847897464,-16.21421903570071,7.2615247745811144,-0.0625027294833481,0.05919722646660832,1.9078300528617015e-15
17.063721959631817,-16.22167601883548,7.259882602738073,-0.06281153726267501,0.05888232909336488,1.4473193504468082e-15
17.07145615842946,-16.22913260832301,7.258250861396843,-0.06311945615049301,0.05856771448712976,1.842042809659574e-15
17.0791910733465,-16.236588806004587,7.25662953490152,-0.06342648724282146,0.058253382947032084,1.3157448640425529e-15
17.086926702361815,-16.244044613721744,7.2550186075961935,-0.06373263163576574,0.057939334772165896,1.7104683232553186e-15
17.094663043454208,-16.251500033316205,7.2534180638249595,-0.06403789042551737,0.05762557026159005,1.7762555664574464e-15
17.10240009460256,-16.25895506663007,7.251827887931916,-0.0643422647083541,0.05731208971432765,1.7762555664574464e-15
17.110137853785762,-16.266409715505734,7.250248064261149,-0.06464575558064017,0.05699889342936594,1.644681080053191e-15
17.11787631898258,-16.273863981785738,7.248678577156758,-0.064948364138826,0.05668598170565606,1.4473193504468082e-15
17.125615488171896,-16.28131786731303,7.247119410962837,-0.06525009147944855,0.056373354842112464,1.7104683232553186e-15
17.13335535933257,-16.288771373930857,7.245570550023478,-0.06555093869913117,0.056061013137613094,1.7104683232553186e-15
17.141095930443353,-16.29622450348261,7.2440319786827745,-0.06585090689458391,0.05574895689099866,1.4473193504468082e-15
17.148837199483115,-16.303677257812076,7.2425036812848225,-0.06614999716260331,0.05543718640107255,1.5788938368510633e-15
17.156579164430692,-16.311129638763354,7.240985642173715,-0.06644821060007265,0.05512570196660058,1.5131065936489357e-15
17.164321823264842,-16.318581648180672,7.239477845693546,-0.06674554830396204,0.05481450388631065,1.4473193504468082e-15
17.1720651739644,-16.326033287908693,7.237980276188409,-0.06704201137132815,0.0545035924588924,1.5131065936489357e-15
17.179809214508175,-16.333484559792296,7.2364929180024005,-0.06733760089931468,0.05419296798299707,1.5788938368510633e-15
17.187553942875,-16.340935465676715,7.235015755479608,-0.06763231798515229,0.05388263075723696,1.7104683232553186e-15
17.19529935704359,-16.348386007407324,7.233548772964134,-0.0679261637261584,0.05357258108018553,1.7104683232553186e-15
17.20304545499279,-16.355836186829915,7.232091954800068,-0.0682191392197377,0.05326281925037669,1.3157448640425529e-15
17.210792234701408,-16.363286005790567,7.230645285331503,-0.06851124556338185,0.05295334556630479,1.7762555664574464e-15
17.218539694148163,-16.370735466135514,7.229208748902535,-0.0688024838546697,0.052644160326424265,1.7104683232553186e-15
17.22628783131187,-16.378184569711422,7.227782329857257,-0.06909285519126729,0.0523352638291493,1.5788938368510633e-15
17.23403664417134,-16.38563331836522,7.226366012539763,-0.06938236067092804,0.05202665637285354,1.5788938368510633e-15
17.241786130705275,-16.393081713944003,7.2249597812941495,-0.06967100139149245,0.051718338255869904,1.1841703776382976e-15
17.24953628889248,-16.4005297582953,7.223563620464503,-0.06995877845088876,0.05141030977649021,1.644681080053191e-15
17.257287116711765,-16.407977453266906,7.222177514394927,-0.07024569294713229,0.0511025712329649,1.5788938368510633e-15
17.26503861214182,-16.4154248007068,7.220801447429508,-0.07053174597832614,0.05079512292350271,1.5788938368510633e-15
17.27279077316143,-16.42287180246336,7.219435403912346,-0.07081693864266085,0.050487965146270464,1.3815321072446804e-15
17.2805435977494,-16.43031846038526,7.218079368187531,-0.07110127203841465,0.05018109819939275,1.842042809659574e-15
17.28829708388442,-16.43776477632134,7.216733324599156,-0.07138474726395339,0.04987452238095162,1.3815321072446804e-15
17.296051229545267,-16.445210752120857,7.215397257491319,-0.07166736541773062,0.04956823798898626,1.5131065936489357e-15
17.303806032710746,-16.452656389633358,7.214071151208112,-0.0719491275982878,0.04926224532149282,1.5788938368510633e-15
17.311561491359516,-16.46010169070856,7.21275499009363,-0.07223003490425417,0.04895654467642409,1.644681080053191e-15
17.319317603470367,-16.467546657196596,7.211448758491962,-0.07251008843434689,0.04865113635168904,1.3157448640425529e-15
17.327074367022057,-16.474991290947845,7.2101524407472075,-0.07278928928737105,0.04834602064515275,1.3157448640425529e-15
17.33483177999335,-16.482435593813022,7.208866021203461,-0.07306763856221982,0.048041197854635995,1.644681080053191e-15
17.34258984036293,-16.489879567643026,7.207589484204812,-0.07334513735787439,0.04773666827791506,1.3157448640425529e-15
17.350348546109558,-16.497323214289153,7.206322814095357,-0.07362178677340409,0.04743243221272135,1.2499576208404251e-15
17.358107895212026,-16.50476653560301,7.205065995219189,-0.07389758790796651,0.04712848995674109,1.1841703776382976e-15
17.36586788564899,-16.512209533436362,7.203819011920404,-0.07417254186080742,0.04682484180761509,1.2499576208404251e-15
17.373628515399222,-16.51965220964141,7.202581848543094,-0.07444664973126087,0.046521488062938564,1.3157448640425529e-15
17.38138978244151,-16.527094566070627,7.2013544894313535,-0.07471991261874938,0.046218429020260555,1.5131065936489357e-15
17.389151684754506,-16.534536604576683,7.200136918929278,-0.07499233162278365,0.04591566497708393,1.3815321072446804e-15
17.39691422031698,-16.541978327012657,7.198929121380957,-0.0752639078429631,0.045613196230864926,1.7104683232553186e-15
17.40467738710772,-16.54941973523193,7.197731081130489,-0.07553464237897557,0.0453110230790129,1.1183831344361698e-15
17.41244118310536,-16.556860831088038,7.196542782521967,-0.07580453633059737,0.04500914581889,1.4473193504468082e-15
17.420205606288693,-16.56430161643497,7.195364209899483,-0.07607359079769364,0.044707564747811054,1.3815321072446804e-15
17.42797065463649,-16.571742093126996,7.194195347607133,-0.07634180688021808,0.04440628016304292,1.3157448640425529e-15
17.4357363261274,-16.579182263018556,7.1930361799890115,-0.07660918567821312,0.044105292361804695,1.842042809659574e-15
17.443502618740194,-16.58662212796452,7.19188669138921,-0.07687572829180998,0.043804601641266906,1.3157448640425529e-15
17.45126953045366,-16.59406168982007,7.190746866151824,-0.0771414358212288,0.04350420829855161,1.5131065936489357e-15
17.459037059246448,-16.601500950440546,7.189616688620947,-0.0774063093667786,0.04320411263073187,1.3815321072446804e-15
17.466805203097334,-16.608939911681713,7.188496143140675,-0.07767035002885725,0.042904314934831586,1.3815321072446804e-15
17.474573959985083,-16.61637857539965,7.187385214055096,-0.0779335589079518,0.04260481550782512,1.3157448640425529e-15
17.482343327888376,-16.62381694345061,7.1862838857083124,-0.07819593710463817,0.04230561464663714,1.0525958912340423e-15
17.490113304785968,-16.631255017691256,7.185192142444411,-0.07845748571958154,0.042006712648142125,1.1841703776382976e-15
17.497883888656613,-16.638692799978536,7.1841099686074905,-0.07871820585353613,0.0417081098091643,1.4473193504468082e-15
17.505655077479084,-16.646130292169737,7.183037348541643,-0.07897809860734552,0.04140980642647709,1.3815321072446804e-15
17.51342686923206,-16.653567496122307,7.18197426659096,-0.07923716508194245,0.04111180279680321,1.0525958912340423e-15
17.521199261894303,-16.66100441369414,7.180920707099541,-0.07949540637834895,0.04081409921681386,1.1183831344361698e-15
17.528972253444607,-16.66844104674342,7.179876654411475,-0.0797528235976766,0.040516695983128834,1.5131065936489357e-15
17.53674584186164,-16.675877397128545,7.178842092870859,-0.08000941784112622,0.04021959339231613,1.644681080053191e-15
17.544520025124196,-16.683313466708295,7.177817006821786,-0.08026519020998818,0.03992279174089161,1.5131065936489357e-15
17.552294801211065,-16.69074925734178,7.176801380608349,-0.08052014180564242,0.039626291325318634,1.3157448640425529e-15
17.56007016810091,-16.698184770888293,7.175795198574642,-0.08077427372955832,0.039330092442008024,1.5131065936489357e-15
17.56784612377254,-16.705620009207564,7.17479844506476,-0.0810275870832951,0.03903419538731747,1.4473193504468082e-15
17.57562266620474,-16.713054974159604,7.173811104422796,-0.08128008296850146,0.03873860045755148,1.3157448640425529e-15
17.5833997933762,-16.720489667604625,7.172833160992848,-0.0815317624869159,0.038443307948960906,1.7762555664574464e-15
17.59117750326573,-16.72792409140328,7.171864599119004,-0.08178262674036678,0.03814831815774283,1.4473193504468082e-15
17.598955793852117,-16.735358247416517,7.170905403145363,-0.08203267683077217,0.037853631380040074,1.3815321072446804e-15
17.60673466311407,-16.742792137505468,7.169955557416014,-0.08228191386014014,0.03755924791194099,1.1183831344361698e-15
17.614514109030388,-16.75022576353169,7.169015046275054,-0.08253033893056859,0.0372651680494793,1.1183831344361698e-15
17.62229412957989,-16.757659127357073,7.168083854066577,-0.08277795314424545,0.036971392088633655,1.7104683232553186e-15
17.63007472274128,-16.76509223084367,7.167161965134675,-0.08302475760344867,0.036677920325327316,1.5788938368510633e-15
17.637855886493377,-16.77252507585399,7.166249363823445,-0.0832707534105463,0.03638475305542798,9.868086480319147e-16
17.645637618814966,-16.779957664250787,7.165346034476979,-0.08351594166799645,0.03609189057474739,1.644681080053191e-15
17.653419917684882,-16.787389997897183,7.164451961439371,-0.08376032347834753,0.03579933317904114,1.3815321072446804e-15
17.661202781081837,-16.794822078656487,7.163567129054715,-0.0840038999442381,0.035507081164008227,1.2499576208404251e-15
17.668986206984663,-16.80225390839244,7.162691521667106,-0.08424667216839692,0.03521513482529096,1.2499576208404251e-15
17.676770193372207,-16.809685488969095,7.161825123620638,-0.08448864125364333,0.03492349445847447,1.0525958912340423e-15
17.684554738223188,-16.81711682225069,7.160967919259403,-0.08472980830288672,0.03463216035908663,1.5131065936489357e-15
17.692339839516467,-16.824547910101916,7.160119892927496,-0.08497017441912713,0.03434113282259753,1.644681080053191e-15
17.700125495230896,-16.83197875438776,7.159281028969013,-0.08520974070545494,0.034050412144419374,1.2499576208404251e-15
17.707911703345214,-16.839409356973405,7.158451311728044,-0.08544850826505113,0.033759998619906056,1.4473193504468082e-15
17.715698461838294,-16.846839719724475,7.157630725548686,-0.08568647820118719,0.033469892544352946,1.3157448640425529e-15
17.723485768688988,-16.854269844506906,7.156819254775032,-0.08592365161722527,0.0331800942129965,1.9078300528617015e-15
17.731273621876063,-16.86169973318683,7.156016883751177,-0.08616002961661813,0.032890603921014214,1.9078300528617015e-15
17.7390620193784,-16.869129387630817,7.155223596821212,-0.08639561330290926,0.03260142196352395,1.1841703776382976e-15
17.746850959174882,-16.87655880970575,7.154439378329234,-0.08663040377973294,0.03231254863558405,1.5788938368510633e-15
17.754640439244273,-16.8839880012787,7.1536642126193355,-0.08686440215081412,0.03202398423219263,1.3157448640425529e-15
17.76243045756548,-16.89141696421719,7.15289808403561,-0.08709760951996874,0.031735729048287704,1.2499576208404251e-15
17.7702210121174,-16.898845700389057,7.152140976922154,-0.08733002699110352,0.031447783378746534,1.1183831344361698e-15
17.77801210087882,-16.906274211662332,7.15139287562306,-0.08756165566821619,0.031160147518385577,1.1183831344361698e-15
17.78580372182865,-16.913702499905476,7.150653764482421,-0.08779249665539543,0.03087282176196001,1.1512767560372338e-15
17.793595872945772,-16.921130566987255,7.149923627844332,-0.08802255105682098,0.03058580640416369,1.2499576208404251e-15
17.801388552209126,-16.928558414776766,7.149202450052886,-0.08825181997676362,0.030299101739628454,1.1841703776382976e-15
17.809181757597507,-16.935986045143327,7.148490215452177,-0.08848030451958525,0.03001270806292431,1.085489512835106e-15
17.816975487089866,-16.94341345995667,7.147786908386301,-0.08870800578973892,0.02972662566855881,1.2499576208404251e-15
17.82476973866514,-16.95084066108688,7.147092513199352,-0.08893492489176891,0.02944085485097679,1.1512767560372338e-15
17.832564510302166,-16.958267650404217,7.146407014235422,-0.08916106293031083,0.029155395904560236,1.2499576208404251e-15
17.8403597999799,-16.96569442977939,7.145730395838604,-0.08938642101009135,0.02887024912362789,1.0197022696329785e-15
17.848155605677313,-16.973121001083445,7.145062642352994,-0.08961100023592881,0.02858541480243483,9.21021404829787e-16
17.85595192537325,-16.980547366187594,7.144403738122684,-0.08983480171273264,0.028300893235172514,1.5460002152499995e-15
17.863748757046704,-16.98797352696354,7.1437536674917705,-0.09005782654550393,0.028016684715968042,1.6775747016542548e-15
17.87154609867665,-16.99539948528326,7.143112414804347,-0.09028007583933506,0.027732789538884303,1.3157448640425529e-15
17.879343948241974,-17.00282524301898,7.142479964404507,-0.09050155069940999,0.027449207997919344,1.2828512424414891e-15
17.887142303721678,-17.01025080204332,7.141856300636343,-0.09072225223100433,0.027165940387006243,1.3157448640425529e-15
17.894941163094767,-17.017676164229275,7.141241407843951,-0.09094218153948518,0.026882987000012824,9.868086480319147e-16
17.902740524340146,-17.025101331450013,7.140635270371424,-0.09116133973031128,0.026600348130741254,1.0525958912340423e-15
