galstreams/tracks/track.po.Corvus.mateu2018.ecsv
# %ECSV 0.9
# ---
# datatype:
# - {name: ra, unit: deg, datatype: float64}
# - {name: dec, unit: deg, datatype: float64}
# - {name: distance, unit: kpc, datatype: float64}
# - {name: pm_ra_cosdec, unit: mas / yr, datatype: float64}
# - {name: pm_dec, unit: mas / yr, datatype: float64}
# - {name: radial_velocity, unit: km / s, datatype: float64}
# delimiter: ','
# meta: !!omap
# - __serialized_columns__:
#     dec:
#       __class__: astropy.coordinates.angles.Latitude
#       unit: &id001 !astropy.units.Unit {unit: deg}
#       value: !astropy.table.SerializedColumn {name: dec}
#     distance:
#       __class__: astropy.coordinates.distances.Distance
#       unit: !astropy.units.Unit {unit: kpc}
#       value: !astropy.table.SerializedColumn {name: distance}
#     pm_dec:
#       __class__: astropy.units.quantity.Quantity
#       unit: !astropy.units.Unit {unit: mas / yr}
#       value: !astropy.table.SerializedColumn {name: pm_dec}
#     pm_ra_cosdec:
#       __class__: astropy.units.quantity.Quantity
#       unit: !astropy.units.Unit {unit: mas / yr}
#       value: !astropy.table.SerializedColumn {name: pm_ra_cosdec}
#     ra:
#       __class__: astropy.coordinates.angles.Longitude
#       unit: *id001
#       value: !astropy.table.SerializedColumn {name: ra}
#       wrap_angle: !astropy.coordinates.Angle
#         unit: *id001
#         value: 360.0
#     radial_velocity:
#       __class__: astropy.units.quantity.Quantity
#       unit: !astropy.units.Unit {unit: km / s}
#       value: !astropy.table.SerializedColumn {name: radial_velocity}
# schema: astropy-2.0
ra,dec,distance,pm_ra_cosdec,pm_dec,radial_velocity
[from data line 3271]
174.79225810808407,-14.101098851425292,8.220980819770386,0.0,0.0,0.0
174.80257432320738,-14.101933987203912,8.22241072018488,0.0,0.0,0.0
174.81289052760573,-14.102769452288978,8.22384086353114,0.0,0.0,0.0
174.82320672134793,-14.103605246654237,8.22527124976217,0.0,0.0,0.0
174.83352290450296,-14.104441370273358,8.226701878830923,0.0,0.0,0.0
174.84383907713968,-14.105277823119941,8.228132750690301,0.0,0.0,0.0
174.85415523932704,-14.106114605167507,8.229563865293155,0.0,0.0,0.0
174.86447139113403,-14.106951716389485,8.230995222592282,0.0,0.0,0.0
174.87478753262957,-14.107789156759235,8.23242682254043,0.0,0.0,0.0
174.88510366388263,-14.108626926250047,8.233858665090294,0.0,0.0,0.0
174.8954197849623,-14.109465024835112,8.23529075019452,0.0,0.0,0.0
174.90573589593745,-14.110303452487566,8.236723077805703,0.0,0.0,0.0
174.9160519968773,-14.111142209180443,8.238155647876383,0.0,0.0,0.0
174.9263680878507,-14.111981294886709,8.239588460359045,0.0,0.0,0.0
174.93668416892686,-14.112820709579259,8.241021515206134,0.0,0.0,0.0
174.94700024017482,-14.113660453230898,8.242454812370035,0.0,0.0,0.0
174.95731630166364,-14.114500525814359,8.243888351803085,0.0,0.0,0.0
174.96763235346248,-14.115340927302286,8.245322133457563,0.0,0.0,0.0
174.97794839564048,-14.116181657667259,8.24675615728571,0.0,0.0,0.0
174.98826442826675,-14.117022716881774,8.2481904232397,0.0,0.0,0.0
174.99858045141048,-14.117864104918237,8.249624931271669,0.0,0.0,0.0
175.0088964651408,-14.118705821748996,8.251059681333691,0.0,0.0,0.0
175.01921246952696,-14.119547867346306,8.252494673377797,0.0,0.0,0.0
175.02952846463816,-14.120390241682344,8.25392990735596,0.0,0.0,0.0
175.03984445054363,-14.121232944729215,8.255365383220104,0.0,0.0,0.0
175.05016042731262,-14.122075976458941,8.256801100922104,0.0,0.0,0.0
175.06047639501435,-14.12291933684346,8.25823706041378,0.0,0.0,0.0
175.07079235371813,-14.123763025854648,8.259673261646903,0.0,0.0,0.0
175.08110830349324,-14.124607043464284,8.261109704573187,0.0,0.0,0.0
175.09142424440898,-14.125451389644079,8.262546389144301,0.0,0.0,0.0
175.10174017653472,-14.126296064365661,8.263983315311865,0.0,0.0,0.0
175.11205609993976,-14.127141067600586,8.26542048302744,0.0,0.0,0.0
175.12237201469344,-14.127986399320319,8.26685789224254,0.0,0.0,0.0
175.13268792086515,-14.128832059496265,8.268295542908623,0.0,0.0,0.0
175.14300381852428,-14.129678048099718,8.269733434977102,0.0,0.0,0.0
175.15331970774025,-14.130524365101937,8.271171568399334,0.0,0.0,0.0
175.16363558858245,-14.131371010474073,8.272609943126625,0.0,0.0,0.0
175.1739514611203,-14.132217984187204,8.27404855911023,0.0,0.0,0.0
175.18426732542332,-14.133065286212327,8.27548741630136,0.0,0.0,0.0
175.19458318156092,-14.133912916520371,8.27692651465116,0.0,0.0,0.0
175.2048990296026,-14.134760875082165,8.278365854110735,0.0,0.0,0.0
175.21521486961785,-14.135609161868501,8.27980543463113,0.0,0.0,0.0
175.22553070167615,-14.136457776850046,8.28124525616335,0.0,0.0,0.0
175.23584652584708,-14.137306719997406,8.282685318658341,0.0,0.0,0.0
175.2461623422002,-14.13815599128112,8.28412562206699,0.0,0.0,0.0
175.25647815080498,-14.13900559067164,8.28556616634015,0.0,0.0,0.0
175.2667939517311,-14.139855518139326,8.28700695142861,0.0,0.0,0.0
175.27710974504808,-14.140705773654481,8.288447977283116,0.0,0.0,0.0
175.28742553082552,-14.141556357187326,8.28988924385435,0.0,0.0,0.0
175.2977413091331,-14.14240726870798,8.291330751092959,0.0,0.0,0.0
175.3080570800404,-14.143258508186518,8.292772498949521,0.0,0.0,0.0
175.31837284361714,-14.144110075592902,8.29421448737458,0.0,0.0,0.0
175.32868859993295,-14.144961970897048,8.295656716318614,0.0,0.0,0.0
175.3390043490575,-14.145814194068775,8.297099185732064,0.0,0.0,0.0
175.34932009106046,-14.146666745077821,8.298541895565299,0.0,0.0,0.0
175.3596358260116,-14.147519623893857,8.299984845768654,0.0,0.0,0.0
175.36995155398066,-14.148372830486467,8.301428036292414,0.0,0.0,0.0
175.38026727503734,-14.149226364825159,8.3028714670868,0.0,0.0,0.0
175.3905829892514,-14.150080226879364,8.304315138101988,0.0,0.0,0.0
175.40089869669265,-14.150934416618435,8.305759049288103,0.0,0.0,0.0
175.41121439743083,-14.151788934011636,8.307203200595218,0.0,0.0,0.0
175.4215300915358,-14.152643779028173,8.308647591973351,0.0,0.0,0.0
175.43184577907735,-14.153498951637149,8.31009222337248,0.0,0.0,0.0
175.44216146012533,-14.154354451807606,8.31153709474252,0.0,0.0,0.0
175.45247713474956,-14.155210279508507,8.312982206033334,0.0,0.0,0.0
175.46279280301994,-14.156066434708723,8.31442755719474,0.0,0.0,0.0
175.4731084650063,-14.156922917377068,8.31587314817651,0.0,0.0,0.0
175.4834241207786,-14.157779727482257,8.317318978928341,0.0,0.0,0.0
175.49373977040673,-14.158636864992925,8.318765049399913,0.0,0.0,0.0
175.5040554139606,-14.159494329877653,8.320211359540824,0.0,0.0,0.0
175.51437105151012,-14.16035212210492,8.321657909300638,0.0,0.0,0.0
175.5246866831253,-14.161210241643142,8.323104698628862,0.0,0.0,0.0
175.5350023088761,-14.162068688460646,8.324551727474951,0.0,0.0,0.0
175.5453179288325,-14.162927462525674,8.325998995788309,0.0,0.0,0.0
175.5556335430645,-14.163786563806415,8.32744650351829,0.0,0.0,0.0
175.5659491516421,-14.164645992270952,8.3288942506142,0.0,0.0,0.0
175.5762647546353,-14.16550574788731,8.330342237025285,0.0,0.0,0.0
175.5865803521142,-14.166365830623425,8.33179046270074,0.0,0.0,0.0
175.59689594414886,-14.167226240447148,8.33323892758972,0.0,0.0,0.0
175.6072115308093,-14.168086977326265,8.334687631641325,0.0,0.0,0.0
175.61752711216565,-14.16894804122849,8.33613657480459,0.0,0.0,0.0
175.627842688288,-14.169809432121427,8.337585757028513,0.0,0.0,0.0
175.6381582592465,-14.170671149972637,8.339035178262039,0.0,0.0,0.0
175.6484738251112,-14.171533194749575,8.340484838454056,0.0,0.0,0.0
175.65878938595233,-14.172395566419638,8.341934737553405,0.0,0.0,0.0
175.66910494184,-14.173258264950142,8.343384875508873,0.0,0.0,0.0
175.6794204928444,-14.174121290308307,8.344835252269199,0.0,0.0,0.0
175.68973603903572,-14.174984642461286,8.346285867783067,0.0,0.0,0.0
175.7000515804842,-14.175848321376158,8.347736721999109,0.0,0.0,0.0
175.71036711725998,-14.17671232701993,8.349187814865909,0.0,0.0,0.0
175.72068264943331,-14.177576659359499,8.350639146332004,0.0,0.0,0.0
175.73099817707453,-14.17844131836172,8.352090716345868,0.0,0.0,0.0
175.74131370025378,-14.179306303993348,8.353542524855932,0.0,0.0,0.0
175.7516292190414,-14.180171616221067,8.354994571810574,0.0,0.0,0.0
175.76194473350768,-14.181037255011487,8.356446857158115,0.0,0.0,0.0
175.77226024372288,-14.181903220331124,8.357899380846836,0.0,0.0,0.0
175.78257574975737,-14.182769512146429,8.35935214282496,0.0,0.0,0.0
175.79289125168148,-14.183636130423775,8.360805143040658,0.0,0.0,0.0
175.8032067495655,-14.184503075129447,8.362258381442045,0.0,0.0,0.0
175.81352224347987,-14.18537034622966,8.363711857977199,0.0,0.0,0.0
175.8238377334949,-14.18623794369055,8.365165572594135,0.0,0.0,0.0
175.834153219681,-14.187105867478174,8.366619525240822,0.0,0.0,0.0
175.8444687021086,-14.187974117558502,8.368073715865167,0.0,0.0,0.0
175.85478418084807,-14.188842693897435,8.369528144415044,0.0,0.0,0.0
175.86509965596989,-14.189711596460803,8.370982810838257,0.0,0.0,0.0
175.87541512754447,-14.190580825214335,8.372437715082576,0.0,0.0,0.0
175.8857305956423,-14.191450380123703,8.373892857095706,0.0,0.0,0.0
175.8960460603338,-14.192320261154492,8.375348236825308,0.0,0.0,0.0
175.90636152168946,-14.1931904682722,8.376803854218988,0.0,0.0,0.0
175.91667697977988,-14.194061001442263,8.378259709224302,0.0,0.0,0.0
175.92699243467544,-14.194931860630037,8.379715801788757,0.0,0.0,0.0
175.93730788644677,-14.195803045800785,8.381172131859806,0.0,0.0,0.0
175.9476233351644,-14.196674556919696,8.382628699384851,0.0,0.0,0.0
175.95793878089884,-14.197546393951903,8.38408550431124,0.0,0.0,0.0
175.96825422372066,-14.198418556862432,8.385542546586278,0.0,0.0,0.0
175.9785696637005,-14.199291045616237,8.386999826157208,0.0,0.0,0.0
175.98888510090887,-14.20016386017821,8.388457342971234,0.0,0.0,0.0
175.9992005354165,-14.20103700051314,8.389915096975496,0.0,0.0,0.0
176.0095159672939,-14.201910466585765,8.39137308811709,0.0,0.0,0.0
176.0198313966118,-14.20278425836072,8.392831316343058,0.0,0.0,0.0
176.0301468234408,-14.203658375802576,8.3942897816004,0.0,0.0,0.0
176.04046224785154,-14.204532818875826,8.395748483836044,0.0,0.0,0.0
176.05077766991474,-14.205407587544874,8.397207422996885,0.0,0.0,0.0
176.0610930897011,-14.206282681774054,8.398666599029767,0.0,0.0,0.0
176.07140850728132,-14.20715810152762,8.400126011881468,0.0,0.0,0.0
176.08172392272607,-14.208033846769744,8.40158566149873,0.0,0.0,0.0
176.09203933610615,-14.208909917464535,8.403045547828235,0.0,0.0,0.0
176.10235474749229,-14.209786313576005,8.404505670816615,0.0,0.0,0.0
176.11267015695523,-14.210663035068102,8.405966030410452,0.0,0.0,0.0
176.12298556456574,-14.211540081904667,8.407426626556282,0.0,0.0,0.0
176.13330097039466,-14.212417454049508,8.408887459200578,0.0,0.0,0.0
176.14361637451267,-14.213295151466326,8.410348528289767,0.0,0.0,0.0
176.15393177699073,-14.214173174118747,8.411809833770233,0.0,0.0,0.0
176.16424717789957,-14.215051521970317,8.413271375588295,0.0,0.0,0.0
176.1745625773101,-14.21593019498451,8.414733153690229,0.0,0.0,0.0
176.1848779752931,-14.216809193124728,8.41619516802226,0.0,0.0,0.0
176.19519337191943,-14.217688516354276,8.41765741853056,0.0,0.0,0.0
176.20550876726006,-14.218568164636388,8.419119905161253,0.0,0.0,0.0
176.21582416138577,-14.219448137934235,8.420582627860396,0.0,0.0,0.0
176.2261395543676,-14.220328436210893,8.422045586574024,0.0,0.0,0.0
176.23645494627633,-14.221209059429357,8.42350878124809,0.0,0.0,0.0
176.24677033718297,-14.222090007552561,8.424972211828516,0.0,0.0,0.0
176.25708572715843,-14.222971280543344,8.42643587826117,0.0,0.0,0.0
176.2674011162737,-14.223852878364482,8.427899780491858,0.0,0.0,0.0
176.27771650459974,-14.224734800978664,8.429363918466343,0.0,0.0,0.0
176.2880318922075,-14.225617048348495,8.430828292130345,0.0,0.0,0.0
176.298347279168,-14.226499620436512,8.432292901429513,0.0,0.0,0.0
176.30866266555228,-14.227382517205164,8.433757746309464,0.0,0.0,0.0
176.31897805143134,-14.228265738616845,8.435222826715748,0.0,0.0,0.0
176.3292934368762,-14.22914928463384,8.436688142593876,0.0,0.0,0.0
176.3396088219579,-14.230033155218365,8.438153693889305,0.0,0.0,0.0
176.34992420674754,-14.23091735033258,8.43961948054743,0.0,0.0,0.0
176.36023959131614,-14.231801869938538,8.441085502513614,0.0,0.0,0.0
176.37055497573485,-14.232686713998232,8.442551759733153,0.0,0.0,0.0
176.3808703600747,-14.233571882473566,8.444018252151299,0.0,0.0,0.0
176.39118574440687,-14.234457375326372,8.445484979713246,0.0,0.0,0.0
176.4015011288024,-14.235343192518396,8.446951942364151,0.0,0.0,0.0
176.41181651333252,-14.23622933401133,8.448419140049104,0.0,0.0,0.0
176.4221318980683,-14.237115799766752,8.449886572713153,0.0,0.0,0.0
176.43244728308096,-14.23800258974619,8.451354240301292,0.0,0.0,0.0
176.44276266844165,-14.238889703911076,8.45282214275847,0.0,0.0,0.0
176.45307805422155,-14.239777142222778,8.454290280029568,0.0,0.0,0.0
176.46339344049187,-14.24066490464259,8.455758652059437,0.0,0.0,0.0
176.4737088273238,-14.241552991131698,8.457227258792862,0.0,0.0,0.0
176.48402421478858,-14.24244140165124,8.458696100174585,0.0,0.0,0.0
176.49433960295747,-14.243330136162268,8.460165176149285,0.0,0.0,0.0
176.5046549919017,-14.244219194625748,8.461634486661614,0.0,0.0,0.0
176.5149703816925,-14.24510857700258,8.463104031656144,0.0,0.0,0.0
176.5252857724012,-14.245998283253574,8.464573811077415,0.0,0.0,0.0
176.53560116409903,-14.24688831333947,8.46604382486991,0.0,0.0,0.0
176.54591655685732,-14.24777866722093,8.467514072978062,0.0,0.0,0.0
176.5562319507474,-14.24866934485854,8.468984555346248,0.0,0.0,0.0
176.56654734584055,-14.249560346212785,8.470455271918805,0.0,0.0,0.0
176.5768627422081,-14.250451671244111,8.471926222640004,0.0,0.0,0.0
176.58717813992146,-14.251343319912866,8.473397407454076,0.0,0.0,0.0
176.59749353905192,-14.252235292179304,8.474868826305197,0.0,0.0,0.0
176.6078089396709,-14.253127588003629,8.476340479137496,0.0,0.0,0.0
176.61812434184975,-14.254020207345956,8.477812365895044,0.0,0.0,0.0
176.6284397456599,-14.254913150166306,8.479284486521866,0.0,0.0,0.0
176.6387551511727,-14.255806416424662,8.480756840961927,0.0,0.0,0.0
176.64907055845964,-14.256700006080886,8.482229429159162,0.0,0.0,0.0
176.6593859675921,-14.257593919094784,8.48370225105743,0.0,0.0,0.0
176.66970137864155,-14.258488155426082,8.485175306600556,0.0,0.0,0.0
176.6800167916794,-14.259382715034429,8.486648595732303,0.0,0.0,0.0
176.6903322067772,-14.260277597879384,8.488122118396392,0.0,0.0,0.0
176.70064762400636,-14.26117280392045,8.48959587453649,0.0,0.0,0.0
176.7109630434384,-14.262068333117037,8.49106986409621,0.0,0.0,0.0
176.72127846514482,-14.262964185428475,8.49254408701911,0.0,0.0,0.0
176.73159388919711,-14.263860360814027,8.494018543248716,0.0,0.0,0.0
176.74190931566685,-14.264756859232865,8.495493232728478,0.0,0.0,0.0
176.75222474462552,-14.265653680644098,8.49696815540181,0.0,0.0,0.0
176.76254017614468,-14.26655082500674,8.498443311212078,0.0,0.0,0.0
176.77285561029595,-14.267448292279745,8.499918700102581,0.0,0.0,0.0
176.78317104715083,-14.268346082421985,8.501394322016585,0.0,0.0,0.0
176.79348648678092,-14.269244195392245,8.502870176897286,0.0,0.0,0.0
176.80380192925784,-14.270142631149229,8.504346264687856,0.0,0.0,0.0
176.8141173746532,-14.271041389651579,8.505822585331385,0.0,0.0,0.0
176.82443282303862,-14.271940470857857,8.507299138770934,0.0,0.0,0.0
176.8347482744857,-14.272839874726538,8.5087759249495,0.0,0.0,0.0
176.84506372906608,-14.273739601216013,8.510252943810043,0.0,0.0,0.0
176.85537918685148,-14.274639650284618,8.511730195295458,0.0,0.0,0.0
176.8656946479135,-14.275540021890595,8.513207679348595,0.0,0.0,0.0
176.87601011232383,-14.276440715992115,8.514685395912256,0.0,0.0,0.0
176.88632558015416,-14.277341732547258,8.516163344929183,0.0,0.0,0.0
176.89664105147622,-14.278243071514048,8.517641526342082,0.0,0.0,0.0
176.90695652636168,-14.27914473285041,8.519119940093589,0.0,0.0,0.0
176.9172720048823,-14.280046716514203,8.520598586126306,0.0,0.0,0.0
176.9275874871098,-14.280949022463213,8.522077464382772,0.0,0.0,0.0
176.93790297311588,-14.28185165065514,8.523556574805484,0.0,0.0,0.0
176.94821846297236,-14.2827546010476,8.525035917336881,0.0,0.0,0.0
176.95853395675098,-14.283657873598145,8.526515491919358,0.0,0.0,0.0
176.9688494545235,-14.284561468264238,8.527995298495254,0.0,0.0,0.0
176.97916495636176,-14.28546538500328,8.529475337006852,0.0,0.0,0.0
176.98948046233753,-14.286369623772568,8.5309556073964,0.0,0.0,0.0
176.9997959725226,-14.28727418452935,8.532436109606083,0.0,0.0,0.0
177.01011148698885,-14.288179067230791,8.533916843578032,0.0,0.0,0.0
177.02042700580805,-14.289084271833953,8.535397809254336,0.0,0.0,0.0
177.03074252905208,-14.28998979829584,8.536879006577037,0.0,0.0,0.0
177.0410580567928,-14.29089564657339,8.538360435488105,0.0,0.0,0.0
177.05137358910207,-14.29180181662344,8.539842095929485,0.0,0.0,0.0
177.06168912605176,-14.292708308402762,8.54132398784305,0.0,0.0,0.0
177.07200466771374,-14.293615121868054,8.542806111170636,0.0,0.0,0.0
177.08232021416,-14.294522256975915,8.544288465854024,0.0,0.0,0.0
177.09263576546235,-14.2954297136829,8.545771051834942,0.0,0.0,0.0
177.10295132169273,-14.296337491945451,8.547253869055073,0.0,0.0,0.0
177.11326688292314,-14.29724559171996,8.548736917456038,0.0,0.0,0.0
177.12358244922544,-14.298154012962733,8.550220196979415,0.0,0.0,0.0
177.1338980206716,-14.299062755629986,8.551703707566734,0.0,0.0,0.0
177.14421359733362,-14.299971819677877,8.553187449159468,0.0,0.0,0.0
177.1545291792835,-14.300881205062478,8.55467142169904,0.0,0.0,0.0
177.16484476659312,-14.301790911739783,8.55615562512682,0.0,0.0,0.0
177.17516035933457,-14.302700939665696,8.557640059384143,0.0,0.0,0.0
177.18547595757985,-14.30361128879607,8.559124724412271,0.0,0.0,0.0
177.1957915614009,-14.30452195908666,8.560609620152425,0.0,0.0,0.0
