galstreams/tracks/track.st.NGC5466.jensen2021.ecsv
# %ECSV 0.9
# ---
# datatype:
# - {name: ra, unit: deg, datatype: float64}
# - {name: dec, unit: deg, datatype: float64}
# - {name: distance, unit: kpc, datatype: float64}
# - {name: pm_ra_cosdec, unit: mas / yr, datatype: float64}
# - {name: pm_dec, unit: mas / yr, datatype: float64}
# - {name: radial_velocity, unit: km / s, datatype: float64}
# delimiter: ','
# meta: !!omap
# - __serialized_columns__:
#     dec:
#       __class__: astropy.coordinates.angles.Latitude
#       unit: &id001 !astropy.units.Unit {unit: deg}
#       value: !astropy.table.SerializedColumn {name: dec}
#     distance:
#       __class__: astropy.coordinates.distances.Distance
#       unit: !astropy.units.Unit {unit: kpc}
#       value: !astropy.table.SerializedColumn {name: distance}
#     pm_dec:
#       __class__: astropy.units.quantity.Quantity
#       unit: !astropy.units.Unit {unit: mas / yr}
#       value: !astropy.table.SerializedColumn {name: pm_dec}
#     pm_ra_cosdec:
#       __class__: astropy.units.quantity.Quantity
#       unit: !astropy.units.Unit {unit: mas / yr}
#       value: !astropy.table.SerializedColumn {name: pm_ra_cosdec}
#     ra:
#       __class__: astropy.coordinates.angles.Longitude
#       unit: *id001
#       value: !astropy.table.SerializedColumn {name: ra}
#       wrap_angle: !astropy.coordinates.Angle
#         unit: *id001
#         value: 360.0
#     radial_velocity:
#       __class__: astropy.units.quantity.Quantity
#       unit: !astropy.units.Unit {unit: km / s}
#       value: !astropy.table.SerializedColumn {name: radial_velocity}
# schema: astropy-2.0
ra,dec,distance,pm_ra_cosdec,pm_dec,radial_velocity
[from data line 2992]
223.72127086787395,22.270655343986697,14.327676069562798,-6.570533795697876,-0.2530376074264462,7.28880118627e-05
223.7305747853473,22.265541489135323,14.32749804150689,-6.571543707410991,-0.252605343316637,7.29868390078068e-05
223.7398781902594,22.260427340953072,14.327322681779068,-6.5725537571169355,-0.25217310230875967,7.3085744286054e-05
223.749181082798,22.255312899598298,14.327149990379326,-6.573563944832989,-0.25174088442483067,7.318472773007208e-05
223.75848346315095,22.25019816522932,14.326979967307663,-6.574574270576434,-0.25130868968687425,7.328378926933713e-05
223.76778533150602,22.245083138004446,14.326812612564085,-6.5755847343645595,-0.250876518116935,7.338292924699539e-05
223.77708668805107,22.239967818081972,14.32664792614859,-6.576595336214639,-0.25044436973706874,7.348214740621348e-05
223.78638753297386,22.23485220562018,14.326485908061173,-6.577606076143965,-0.25001224456934534,7.358144435223402e-05
223.79568786646226,22.22973630077734,14.32632655830184,-6.578616954169813,-0.24958014263584435,7.368081944192093e-05
223.80498768870413,22.224620103711697,14.326169876870583,-6.579627970309463,-0.24914806395866726,7.37802731636787e-05
223.8142869998873,22.219503614581505,14.326015863767415,-6.580639124580197,-0.24871600855992493,7.387980553329628e-05
223.82358580019957,22.21438683354497,14.325864518992322,-6.581650416999292,-0.24828397646174147,7.397941667813776e-05
223.8328840898289,22.209269760760325,14.325715842545314,-6.582661847584028,-0.24785196768625634,7.407910644873453e-05
223.84218186896314,22.204152396385766,14.325569834426386,-6.583673416351682,-0.24741998225562173,7.417887485140216e-05
223.8514791377901,22.199034740579464,14.325426494635535,-6.584685123319533,-0.24698802019200755,7.427872240928082e-05
223.86077589649778,22.193916793499596,14.32528582317277,-6.585696968504848,-0.24655608151759192,7.437864870133212e-05
223.870072145274,22.188798555304313,14.325147820038083,-6.586708951924914,-0.24612416625456945,7.447865412543736e-05
223.87936788430676,22.183680026151766,14.325012485231479,-6.587721073597002,-0.24569227442514954,7.457873858265248e-05
223.88866311378388,22.17856120620008,14.324879818752956,-6.588733333538383,-0.24526040605155566,7.467890186561612e-05
223.89795783389332,22.17344209560737,14.324749820602513,-6.589745731766335,-0.24482856115602353,7.477914460693839e-05
223.90725204482303,22.16832269453174,14.32462249078015,-6.590758268298126,-0.24439673976080567,7.487946676977843e-05
223.91654574676096,22.16320300313127,14.324497829285866,-6.591770943151035,-0.24396494188816156,7.4979867753104e-05
223.925838939895,22.158083021564043,14.324375836119666,-6.592783756342325,-0.24353316756037613,7.508034857688053e-05
223.93513162441317,22.152962749988113,14.324256511281545,-6.593796707889272,-0.2431014167997357,7.518090840850465e-05
223.94442380050344,22.147842188561523,14.324139854771506,-6.594809797809143,-0.24266968962855143,7.528154792058515e-05
223.95371546835378,22.142721337442307,14.324025866589542,-6.595823026119212,-0.24223798606914032,7.538226694891705e-05
223.9630066281521,22.137600196788483,14.323914546735663,-6.5968363928367415,-0.24180630614384016,7.5483065840857e-05
223.9722972800865,22.132478766758062,14.323805895209862,-6.597849897979002,-0.24137464987499574,7.558394422062828e-05
223.98158742434492,22.12735704750902,14.323699912012144,-6.598863541563262,-0.2409430172849707,7.568490232401236e-05
223.9908770611154,22.122235039199346,14.323596597142506,-6.599877323606785,-0.24051140839614057,7.578594014785146e-05
224.00016619058593,22.117112741987,14.323495950600943,-6.6008912441268395,-0.24007982323089605,7.588705799950357e-05
224.00945481294457,22.111990156029933,14.323397972387461,-6.60190530314069,-0.2396482618116395,7.598825565581837e-05
224.01874292837934,22.106867281486075,14.32330266250206,-6.6029195006656,-0.23921672416079315,7.60895334620473e-05
224.02803053707825,22.101744118513338,14.32321002094474,-6.6039338367188325,-0.23878521030078534,7.619089124661724e-05
224.03731763922934,22.096620667269658,14.323120047715502,-6.604948311317651,-0.23835372025406426,7.629232936109522e-05
224.04660423502077,22.091496927912903,14.32303274281434,-6.60596292447932,-0.23792225404308562,7.639384728865665e-05
224.05589032464047,22.08637290060096,14.32294810624126,-6.606977676221099,-0.23749081169033046,7.649544594821774e-05
224.06517590827664,22.08124858549171,14.322866137996257,-6.60799256656025,-0.23705939321827998,7.659712453033227e-05
224.07446098611726,22.07612398274299,14.322786838079335,-6.609007595514031,-0.2366279986494422,7.669888374339726e-05
224.0837455583505,22.070999092512636,14.322710206490486,-6.610022763099705,-0.2361966280063282,7.680072326426576e-05
224.0930296251644,22.065873914958484,14.322636243229725,-6.611038069334528,-0.23576528131147167,7.690264338029646e-05
224.10231318674712,22.060748450238343,14.322564948297039,-6.6120535142357575,-0.23533395858741463,7.700464401254468e-05
224.11159624328673,22.055622698510014,14.322496321692432,-6.613069097820654,-0.23490265985671543,7.710672540100225e-05
224.12087879497136,22.050496659931266,14.322430363415908,-6.6140848201064735,-0.23447138514194688,7.720888737620127e-05
224.13016084198915,22.045370334659893,14.32236707346746,-6.615100681110469,-0.23404013446569416,7.731113018023877e-05
224.13944238452822,22.040243722853628,14.32230645184709,-6.616116680849901,-0.23360890785055838,7.74134538794283e-05
224.14872342277678,22.03511682467023,14.322248498554801,-6.617132819342021,-0.23317770531915355,7.751585845377055e-05
224.1580039569229,22.029989640267434,14.322193213590593,-6.618149096604084,-0.2327465268941062,7.761834402747181e-05
224.16728398715478,22.024862169802933,14.322140596954457,-6.619165512653343,-0.2323153725980606,7.772091055527047e-05
224.1765635136606,22.019734413434445,14.322090648646407,-6.620182067507047,-0.2318842424536724,7.782355824768571e-05
224.1858425366285,22.01460637131966,14.32204336866643,-6.621198761182457,-0.23145313648361146,7.7926287033141e-05
224.19512105624673,22.009478043616244,14.321998757014535,-6.622215593696815,-0.2310220547105644,7.80290971800483e-05
224.2043990727034,22.004349430481867,14.321956813690717,-6.62323256506738,-0.23059099715722542,7.813198854420198e-05
224.2136765861868,21.999220532074162,14.321917538694974,-6.624249675311395,-0.23015996384631052,7.823496126980767e-05
224.22295359688508,21.994091348550782,14.321880932027312,-6.625266924446114,-0.2297289548005449,7.833801556106896e-05
224.23223010498648,21.988961880069336,14.32184699368773,-6.62628431248878,-0.22929797004266866,7.844115107168183e-05
224.24150611067918,21.983832126787448,14.321815723676224,-6.6273018394566465,-0.22886700959543968,7.854436857319903e-05
224.25078161415146,21.978702088862672,14.3217871219928,-6.628319505366957,-0.2284360734816211,7.864766726775291e-05
224.26005661559157,21.973571766452626,14.32176118863745,-6.629337310236965,-0.22800516172399796,7.875104790268654e-05
224.26933111518773,21.968441159714864,14.32173792361018,-6.630355254083905,-0.2275742743453707,7.885451022537691e-05
224.27860511312818,21.963310268806932,14.321717326910985,-6.631373336925031,-0.22714341136854554,7.895805434845176e-05
224.28787860960122,21.958179093886372,14.32169939853987,-6.632391558777583,-0.2267125728163501,7.906168023401767e-05
224.2971516047951,21.95304763511071,14.321684138496837,-6.633409919658808,-0.2262817587116224,7.916538822943125e-05
224.30642409889808,21.94791589263746,14.321671546781875,-6.634428419585946,-0.22585096907721686,7.926917835574444e-05
224.31569609209848,21.94278386662412,14.321661623394991,-6.635447058576248,-0.22542020393599785,7.937305038980691e-05
224.32496758458456,21.93765155722817,14.32165436833619,-6.6364658366469405,-0.22498946331085168,7.947700477686673e-05
224.33423857654464,21.932518964607084,14.321649781605462,-6.6374847538152775,-0.2245587472246687,7.958104127798461e-05
224.34350906816704,21.927386088918322,14.321647863202813,-6.638503810098497,-0.22412805570036162,7.968516008262781e-05
224.35277905964006,21.922252930319324,14.321648613128241,-6.6395230055138335,-0.2236973887608523,7.978936116237627e-05
224.36204855115201,21.917119488967515,14.321652031381745,-6.640542340078531,-0.22326674642908076,7.989364487090218e-05
224.37131754289126,21.91198576502033,14.321658117963327,-6.641561813809826,-0.22283612872799452,7.99980108366392e-05
224.3805860350461,21.906851758635153,14.321666872872989,-6.642581426724957,-0.2224055356805667,8.010245952904512e-05
224.3898540278049,21.90171746996939,14.321678296110726,-6.6436011788411635,-0.2219749673097702,8.020699078496754e-05
224.39912152135602,21.8965828991804,14.321692387676539,-6.644621070175678,-0.2215444236386035,8.031160462861619e-05
224.40838851588776,21.891448046425555,14.32170914757043,-6.6456411007457366,-0.22111390469007333,8.041630146734566e-05
224.4176550115886,21.886312911862202,14.321728575792397,-6.646661270568577,-0.2206834104872026,8.052108074749053e-05
224.42692100864684,21.881177495647687,14.321750672342443,-6.647681579661432,-0.22025294105302892,8.062594330270675e-05
224.43618650725085,21.87604179793933,14.321775437220563,-6.648702028041535,-0.21982249641060173,8.073088867722027e-05
224.44545150758907,21.870905818894425,14.32180287042676,-6.649722615726121,-0.2193920765829869,8.083591708681328e-05
224.45471600984985,21.865769558670284,14.321832971961035,-6.650743342732419,-0.218961681593262,8.094102847780336e-05
224.4639800142216,21.860633017424178,14.321865741823386,-6.651764209077664,-0.21853131146452268,8.1046223349121e-05
224.47324352089277,21.855496195313375,14.321901180013812,-6.652785214779088,-0.2181009662198723,8.115150106184045e-05
224.48250653005175,21.85035909249515,14.321939286532315,-6.653806359853916,-0.21767064588243762,8.125686232751657e-05
224.49176904188695,21.84522170912672,14.321980061378897,-6.654827644319383,-0.21724035047534906,8.1362307027206e-05
224.50103105658684,21.84008404536532,14.322023504553554,-6.6558490681927145,-0.2168100800217599,8.146783493144284e-05
224.51029257433981,21.83494610136818,14.322069616056282,-6.656870631491143,-0.21637983454483523,8.157344648021219e-05
224.51955359533437,21.829807877292485,14.322118395887093,-6.657892334231892,-0.21594961406774876,8.167914166404068e-05
224.52881411975892,21.824669373295432,14.322169844045977,-6.658914176432192,-0.21551941861369478,8.178492031346034e-05
224.53807414780195,21.819530589534192,14.322223960532936,-6.659936158109269,-0.2150892482058821,8.18907827874064e-05
224.54733367965193,21.814391526165924,14.322280745347971,-6.6609582792803455,-0.21465910286752823,8.199672903009129e-05
224.55659271549732,21.809252183347777,14.322340198491085,-6.66198053996265,-0.214228982621869,8.210275906046171e-05
224.5658512555266,21.80411256123689,14.32240231996227,-6.663002940173406,-0.21379888749215362,8.220887298061947e-05
224.5751092999283,21.798972659990383,14.322467109761536,-6.664025479929833,-0.21336881750164582,8.231507095266433e-05
224.58436684889085,21.793832479765364,14.322534567888873,-6.6650481592491655,-0.21293877267362163,8.242135297343851e-05
224.59362390260281,21.788692020718923,14.322604694344289,-6.666070978148614,-0.2125087530313744,8.252771902610048e-05
224.60288046125265,21.783551283008144,14.322677489127777,-6.667093936645407,-0.21207875859820957,8.26341695022159e-05
224.61213652502894,21.7784102667901,14.322752952239343,-6.668117034756762,-0.21164878939744622,8.274070395758932e-05
