galstreams/tracks/track.st.Gunnthra.ibata2020.ecsv
# %ECSV 0.9
# ---
# datatype:
# - {name: ra, unit: deg, datatype: float64}
# - {name: dec, unit: deg, datatype: float64}
# - {name: distance, unit: kpc, datatype: float64}
# - {name: pm_ra_cosdec, unit: mas / yr, datatype: float64}
# - {name: pm_dec, unit: mas / yr, datatype: float64}
# - {name: radial_velocity, unit: km / s, datatype: float64}
# delimiter: ','
# meta: !!omap
# - __serialized_columns__:
#     dec:
#       __class__: astropy.coordinates.angles.Latitude
#       unit: &id001 !astropy.units.Unit {unit: deg}
#       value: !astropy.table.SerializedColumn {name: dec}
#     distance:
#       __class__: astropy.coordinates.distances.Distance
#       unit: !astropy.units.Unit {unit: kpc}
#       value: !astropy.table.SerializedColumn {name: distance}
#     pm_dec:
#       __class__: astropy.units.quantity.Quantity
#       unit: !astropy.units.Unit {unit: mas / yr}
#       value: !astropy.table.SerializedColumn {name: pm_dec}
#     pm_ra_cosdec:
#       __class__: astropy.units.quantity.Quantity
#       unit: !astropy.units.Unit {unit: mas / yr}
#       value: !astropy.table.SerializedColumn {name: pm_ra_cosdec}
#     ra:
#       __class__: astropy.coordinates.angles.Longitude
#       unit: *id001
#       value: !astropy.table.SerializedColumn {name: ra}
#       wrap_angle: !astropy.coordinates.Angle
#         unit: *id001
#         value: 360.0
#     radial_velocity:
#       __class__: astropy.units.quantity.Quantity
#       unit: !astropy.units.Unit {unit: km / s}
#       value: !astropy.table.SerializedColumn {name: radial_velocity}
# schema: astropy-2.0
ra,dec,distance,pm_ra_cosdec,pm_dec,radial_velocity
[from data line 137]
296.41109061351597,-66.27726585309077,3.081215591957864,-9.906828855804674,-28.766856634793204,0.0
296.48298611669725,-66.18122780214362,3.0819148959160825,-9.868489964016067,-28.808086709304987,6.73661370389787e-14
296.5541451737136,-66.08512405856698,3.0826613070895412,-9.830416066592633,-28.848824465404135,1.0104920555846805e-13
296.6245880678146,-65.9889573452164,3.0834556131848805,-9.792600560898482,-28.889066421405758,6.73661370389787e-14
296.6943348056899,-65.89273035213965,3.084298601908742,-9.755036944177121,-28.928808992641425,1.0104920555846805e-13
296.7634051216944,-65.79644573732007,3.085191060967768,-9.717718813227968,-28.968048493818152,3.368306851948935e-14
296.83181848203776,-65.70010612739456,3.0861337780685987,-9.680639864080678,-29.006781141320506,3.368306851948935e-14
296.8995940889377,-65.60371411834683,3.0871275409178764,-9.643793891668057,-29.045003055457634,-3.368306851948935e-14
296.96675088473495,-65.50727227617654,3.0881731372222427,-9.607174789499238,-29.082710262656143,6.73661370389787e-14
297.0333075559696,-65.41078313754451,3.0892713546883384,-9.570776549333988,-29.119898697600277,1.0104920555846805e-13
297.09928253741697,-65.31424921039519,3.0904229810228045,-9.534593260859172,-29.156564205320738,0.0
297.1646940160831,-65.21767297455631,3.091628803932282,-9.498619111368377,-29.192702543233157,6.73661370389787e-14
297.2295599351581,-65.1210568823165,3.092889611123415,-9.462848385445731,-29.228309383127804,6.73661370389787e-14
297.2938979979271,-65.02440335898142,3.094206190302843,-9.427275464654409,-29.263380313111554,6.73661370389787e-14
297.3577256716385,-64.9277148034089,3.0955793291772062,-9.391894827230997,-29.29791083950335,0.0
297.4210601913279,-64.83099358852347,3.0970098154531494,-9.35670104778617,-29.331896388684292,1.347322740779574e-13
297.4839185635986,-64.7342420618107,3.09849843683731,-9.321688797012525,-29.365332308903824,6.73661370389787e-14
297.54631757035725,-64.63746254579229,3.1000459810363328,-9.286852841399922,-29.398213872042753,1.0104920555846805e-13
297.60827377250496,-64.54065733848167,3.101653235756857,-9.252188042959197,-29.43053627533462,3.368306851948935e-14
297.66980351358274,-64.44382871382115,3.1033209887055246,-9.217689358954782,-29.462294643046214,1.0104920555846805e-13
297.7309229233726,-64.34697892210079,3.1050500275889785,-9.183351841646237,-29.493484028118637,6.73661370389787e-14
297.791647921452,-64.25011019035948,3.1068411401138576,-9.149170638039829,-29.524099413769797,3.368306851948935e-14
297.851994220704,-64.1532247227686,3.1086951139868044,-9.115140989649992,-29.55413571505944,-3.368306851948935e-14
297.9119773307808,-64.05632470099884,3.1106127369144607,-9.081258232271344,-29.583587780417773,3.368306851948935e-14
297.9716125615221,-63.95941228457038,3.1125947966034677,-9.047517795761502,-29.61245039313872,0.0
298.03091502632776,-63.86248961118696,3.1146420807604667,-9.01391520383493,-29.640718272838807,3.368306851948935e-14
298.0898996454852,-63.765558797054275,3.1167553770920993,-8.980446073868247,-29.66838607688257,3.368306851948935e-14
298.1485811494509,-63.66862193718292,3.1189354733050063,-8.947106116717055,-29.695448401775693,3.368306851948935e-14
298.2069740820871,-63.571681105676326,3.1211831571058304,-8.913891136544613,-29.721899784526432,3.368306851948935e-14
298.26509280385295,-63.474738356004195,3.1234992162012114,-8.88079703066256,-29.747734703976626,3.368306851948935e-14
298.322951494951,-63.377795721261485,3.125884438297791,-8.84781978938385,-29.772947582103043,0.0
298.3805641584293,-63.28085521441366,3.1283396111022124,-8.814955495887688,-29.797532785289903,0.0
298.4379446232381,-63.18391882852824,3.1308655223211144,-8.782200326097437,-29.821484625573536,6.73661370389787e-14
298.4951065472434,-63.086988536993154,3.1334629596611405,-8.749550548570543,-29.844797361859982,6.73661370389787e-14
298.55206342019625,-62.99006629372217,3.1361327108289307,-8.717002524401329,-29.867465201116396,3.368306851948935e-14
298.6088285666581,-62.89315403334774,3.1388755635311276,-8.684552707136465,-29.889482299537,0.0
298.66541514888337,-62.79625367140156,3.141692305474372,-8.652197642703104,-29.910842763684574,0.0
298.72183616965884,-62.6993671044831,3.1445837243653045,-8.619933969349733,-29.931540651607964,6.73661370389787e-14
298.778104475101,-62.60249621041654,3.147550607910568,-8.587758417599787,-29.951569973936678,6.73661370389787e-14
298.83423275741,-62.505642848396256,3.150593743816803,-8.555667810218187,-29.970924694953098,3.368306851948935e-14
298.89023355758343,-62.40880885912123,3.153713919790651,-8.523659062190426,-29.989598733643202,6.73661370389787e-14
298.94611926808705,-62.311996064918574,3.1569119235387535,-8.491729180714598,-30.007585964726346,1.0104920555846805e-13
299.0019021354859,-62.215206269856616,3.160188542767752,-8.459875265205849,-30.024880219665025,6.73661370389787e-14
299.0575942630337,-62.118441259847565,3.1635445651842877,-8.42809450731376,-30.04147528765501,0.0
299.1132076132226,-62.02170280274023,3.1669807784950024,-8.396384190952215,-30.057364916596917,6.73661370389787e-14
299.168754010293,-61.92499264840293,3.1704979704065366,-8.364741692341797,-30.072542814049385,3.368306851948935e-14
299.2242451427042,-61.82831252879686,3.174096928625534,-8.33316448006458,-30.08700264816499,3.368306851948935e-14
299.2796925655656,-61.731664158040225,3.1777784408586327,-8.301650115131482,-30.10073804860924,-3.368306851948935e-14
299.33510770302985,-61.63504923246327,3.181543294812476,-8.270196251061787,-30.113742607463173,3.368306851948935e-14
299.3905018506478,-61.53846943065446,3.1853922781937056,-8.23880063397486,-30.126009880110576,3.368306851948935e-14
299.44588617768596,-61.44192641349815,3.1893261787089617,-8.207461102693964,-30.137533386109936,-6.73661370389787e-14
299.5012717294061,-61.345421824203875,3.193345784064888,-8.1761755888622,-30.14830661005201,3.368306851948935e-14
299.55666942930907,-61.2489572883273,3.1974518819681226,-8.144942117070077,-30.158323002403492,6.73661370389787e-14
299.61209008134153,-61.15253441378348,3.2016452601253094,-8.113758804995083,-30.16757598033724,3.368306851948935e-14
299.6675443720672,-61.05615479085221,3.2059267062430887,-8.082623863552739,-30.17605892854973,3.368306851948935e-14
299.72304287280235,-60.959819992175845,3.210297008028102,-8.051535597059175,-30.183765200066233,3.368306851948935e-14
299.7785960417168,-60.86353157274984,3.2147569531869915,-8.020492403405171,-30.190688117034213,-3.368306851948935e-14
299.8342142258996,-60.76729106990602,3.2193073294263974,-7.989492774241317,-30.19682097150535,0.0
299.8899076633912,-60.67110000328899,3.2239489244529618,-7.958535295174374,-30.202157026206898,-6.73661370389787e-14
299.94568648518185,-60.5749598748257,3.2286825259733263,-7.927618645974522,-30.206689515302703,3.368306851948935e-14
300.00156071717646,-60.478872168688376,3.2335089216941326,-7.896741600793359,-30.210411645144376,0.0
300.0575402821266,-60.38283835125108,3.2384288993220207,-7.8659030283928075,-30.213316595013143,-3.368306851948935e-14
300.1136350015303,-60.286859871039965,3.243443246563633,-7.835101892384179,-30.215397517852768,6.73661370389787e-14
