galstreams/tracks/track.st.Pal5.starkman2020.ecsv
# %ECSV 0.9
# ---
# datatype:
# - {name: ra, unit: deg, datatype: float64}
# - {name: dec, unit: deg, datatype: float64}
# - {name: distance, unit: kpc, datatype: float64}
# - {name: pm_ra_cosdec, unit: mas / yr, datatype: float64}
# - {name: pm_dec, unit: mas / yr, datatype: float64}
# - {name: radial_velocity, unit: km / s, datatype: float64}
# delimiter: ','
# meta: !!omap
# - __serialized_columns__:
#     dec:
#       __class__: astropy.coordinates.angles.Latitude
#       unit: &id001 !astropy.units.Unit {unit: deg}
#       value: !astropy.table.SerializedColumn {name: dec}
#     distance:
#       __class__: astropy.coordinates.distances.Distance
#       unit: !astropy.units.Unit {unit: kpc}
#       value: !astropy.table.SerializedColumn {name: distance}
#     pm_dec:
#       __class__: astropy.units.quantity.Quantity
#       unit: !astropy.units.Unit {unit: mas / yr}
#       value: !astropy.table.SerializedColumn {name: pm_dec}
#     pm_ra_cosdec:
#       __class__: astropy.units.quantity.Quantity
#       unit: !astropy.units.Unit {unit: mas / yr}
#       value: !astropy.table.SerializedColumn {name: pm_ra_cosdec}
#     ra:
#       __class__: astropy.coordinates.angles.Longitude
#       unit: *id001
#       value: !astropy.table.SerializedColumn {name: ra}
#       wrap_angle: !astropy.coordinates.Angle
#         unit: *id001
#         value: 360.0
#     radial_velocity:
#       __class__: astropy.units.quantity.Quantity
#       unit: !astropy.units.Unit {unit: km / s}
#       value: !astropy.table.SerializedColumn {name: radial_velocity}
# schema: astropy-2.0
ra,dec,distance,pm_ra_cosdec,pm_dec,radial_velocity
[from data line 474]
235.4604885227708,3.5668805794427345,22.500000000000018,0.0,0.0,0.0
235.45079364415983,3.5627326711648357,22.500000000000014,0.0,0.0,0.0
235.44110111539592,3.5585820572930094,22.500000000000014,0.0,0.0,0.0
235.4314109369,3.554428737653357,22.500000000000018,0.0,0.0,0.0
235.42172310909285,3.5502727120716586,22.500000000000014,0.0,0.0,0.0
235.41203763239469,3.5461139803734003,22.500000000000018,0.0,0.0,0.0
235.4023545072256,3.541952542383778,22.500000000000018,0.0,0.0,0.0
235.39267373400548,3.5377883979277414,22.500000000000018,0.0,0.0,0.0
235.38299531315351,3.5336215468298358,22.500000000000014,0.0,0.0,0.0
235.37331924508894,3.5294519889144302,22.500000000000014,0.0,0.0,0.0
235.36364553023063,3.525279724005566,22.500000000000018,0.0,0.0,0.0
235.35397416899698,3.5211047519270022,22.500000000000014,0.0,0.0,0.0
235.34430516180618,3.5169270725021953,22.50000000000002,0.0,0.0,0.0
235.3346385090762,3.512746685554365,22.500000000000014,0.0,0.0,0.0
235.32497421122454,3.50856359090632,22.500000000000018,0.0,0.0,0.0
235.31531226866844,3.5043777883806944,22.500000000000014,0.0,0.0,0.0
235.3056526818249,3.5001892777997976,22.500000000000018,0.0,0.0,0.0
235.29599545111063,3.4959980589856468,22.50000000000002,0.0,0.0,0.0
235.28634057694177,3.491804131759973,22.500000000000018,0.0,0.0,0.0
235.27668805973462,3.4876074959442516,22.500000000000014,0.0,0.0,0.0
235.26703789990466,3.4834081513595576,22.500000000000014,0.0,0.0,0.0
235.2573900978674,3.479206097826791,22.500000000000014,0.0,0.0,0.0
235.24774465403792,3.475001335166522,22.500000000000018,0.0,0.0,0.0
235.23810156883107,3.470793863199033,22.50000000000002,0.0,0.0,0.0
235.22846084266135,3.466583681744355,22.500000000000014,0.0,0.0,0.0
235.21882247594277,3.4623707906221117,22.500000000000018,0.0,0.0,0.0
235.20918646908945,3.4581551896517557,22.500000000000018,0.0,0.0,0.0
235.1995528225148,3.4539368786524096,22.500000000000018,0.0,0.0,0.0
235.18992153663208,3.4497158574429068,22.500000000000018,0.0,0.0,0.0
235.1802926118544,3.445492125841791,22.500000000000018,0.0,0.0,0.0
235.1706660485943,3.4412656836673525,22.500000000000014,0.0,0.0,0.0
235.1610418472641,3.4370365307374784,22.50000000000002,0.0,0.0,0.0
235.15142000827586,3.4328046668698837,22.500000000000014,0.0,0.0,0.0
235.14180053204132,3.4285700918819497,22.500000000000018,0.0,0.0,0.0
235.13218341897192,3.4243328055907685,22.500000000000018,0.0,0.0,0.0
235.12256866947877,3.4200928078131483,22.500000000000014,0.0,0.0,0.0
235.11295628397272,3.4158500983656332,22.500000000000018,0.0,0.0,0.0
235.10334626286422,3.411604677064377,22.500000000000018,0.0,0.0,0.0
235.0937386065636,3.4073565437253484,22.500000000000018,0.0,0.0,0.0
235.08413331548056,3.40310569816419,22.500000000000018,0.0,0.0,0.0
235.07453039002488,3.398852140196254,22.50000000000002,0.0,0.0,0.0
235.06492983060582,3.3945958696366407,22.500000000000014,0.0,0.0,0.0
235.05533163763232,3.3903368863000485,22.500000000000014,0.0,0.0,0.0
235.04573581151303,3.3860751900009927,22.500000000000018,0.0,0.0,0.0
235.03614235265644,3.381810780553668,22.500000000000018,0.0,0.0,0.0
235.02655126147062,3.3775436577719713,22.50000000000002,0.0,0.0,0.0
235.01696253836326,3.3732738214695175,22.500000000000014,0.0,0.0,0.0
235.00737618374197,3.3690012714596596,22.500000000000014,0.0,0.0,0.0
234.99779219801377,3.364726007555351,22.50000000000002,0.0,0.0,0.0
234.98821058158558,3.3604480295693717,22.500000000000014,0.0,0.0,0.0
234.97863133486402,3.356167337314166,22.500000000000014,0.0,0.0,0.0
234.9690544582553,3.351883930601891,22.500000000000018,0.0,0.0,0.0
234.9594799521654,3.347597809244415,22.500000000000014,0.0,0.0,0.0
234.94990781700002,3.3433089730533503,22.500000000000014,0.0,0.0,0.0
234.94033805316442,3.3390174218399045,22.500000000000018,0.0,0.0,0.0
234.93077066106378,3.33472315541511,22.500000000000018,0.0,0.0,0.0
234.92120564110272,3.330426173589672,22.500000000000018,0.0,0.0,0.0
234.9116429936858,3.3261264761739993,22.500000000000018,0.0,0.0,0.0
234.90208271921725,3.3218240629782545,22.500000000000018,0.0,0.0,0.0
234.8925248181007,3.3175189338121878,22.500000000000018,0.0,0.0,0.0
234.8829692907398,3.31321108848538,22.50000000000002,0.0,0.0,0.0
234.87341613753784,3.3089005268070766,22.500000000000018,0.0,0.0,0.0
234.86386535889778,3.3045872485862375,22.500000000000018,0.0,0.0,0.0
234.8543169552222,3.300271253631524,22.500000000000014,0.0,0.0,0.0
234.8447709269136,3.295952541751352,22.500000000000018,0.0,0.0,0.0
234.83522727437386,3.291631112753729,22.50000000000002,0.0,0.0,0.0
234.8256859980048,3.287306966446485,22.500000000000014,0.0,0.0,0.0
234.8161470982079,3.2829801026371226,22.500000000000018,0.0,0.0,0.0
234.8066105753842,3.27865052113285,22.500000000000014,0.0,0.0,0.0
234.79707642993475,3.274318221740584,22.500000000000018,0.0,0.0,0.0
234.78754466226005,3.2699832042669934,22.500000000000018,0.0,0.0,0.0
234.7780152727602,3.2656454685183363,22.500000000000018,0.0,0.0,0.0
234.7684882618353,3.261305014300694,22.500000000000018,0.0,0.0,0.0
234.75896362988505,3.2569618414198227,22.500000000000018,0.0,0.0,0.0
234.74944137730864,3.252615949681181,22.500000000000014,0.0,0.0,0.0
234.73992150450536,3.248267338889939,22.50000000000002,0.0,0.0,0.0
234.73040401187387,3.2439160088510155,22.50000000000002,0.0,0.0,0.0
234.72088889981262,3.2395619593689196,22.500000000000018,0.0,0.0,0.0
234.71137616871982,3.235205190247985,22.500000000000014,0.0,0.0,0.0
234.70186581899333,3.230845701292216,22.500000000000014,0.0,0.0,0.0
234.69235785103072,3.2264834923053236,22.500000000000018,0.0,0.0,0.0
234.6828522652294,3.222118563090766,22.500000000000018,0.0,0.0,0.0
234.67334906198616,3.2177509134515994,22.500000000000014,0.0,0.0,0.0
234.66384824169785,3.2133805431906945,22.500000000000018,0.0,0.0,0.0
234.65434980476073,3.209007452110597,22.500000000000018,0.0,0.0,0.0
234.64485375157108,3.2046316400135626,22.500000000000018,0.0,0.0,0.0
234.6353600825245,3.2002531067015507,22.500000000000018,0.0,0.0,0.0
234.6258687980167,3.1958718519762725,22.500000000000014,0.0,0.0,0.0
234.6163798984428,3.191487875639025,22.500000000000018,0.0,0.0,0.0
234.6068933841977,3.187101177490934,22.500000000000018,0.0,0.0,0.0
234.59740925567607,3.1827117573327945,22.500000000000018,0.0,0.0,0.0
234.5879275132722,3.178319614965108,22.500000000000018,0.0,0.0,0.0
234.5784481573802,3.173924750188124,22.500000000000018,0.0,0.0,0.0
234.56897118839376,3.1695271628016823,22.500000000000018,0.0,0.0,0.0
234.55949660670635,3.1651268526054475,22.500000000000014,0.0,0.0,0.0
234.55002441271102,3.160723819398753,22.50000000000002,0.0,0.0,0.0
234.54055460680078,3.156318062980642,22.500000000000018,0.0,0.0,0.0
234.53108718936815,3.1519095831498634,22.500000000000014,0.0,0.0,0.0
234.5216221608055,3.1474983797049134,22.500000000000018,0.0,0.0,0.0
234.5121595215046,3.143084452443881,22.500000000000018,0.0,0.0,0.0
234.5026992718573,3.1386678011646776,22.50000000000002,0.0,0.0,0.0
234.49324141225495,3.1342484256648837,22.500000000000018,0.0,0.0,0.0
234.48378594308855,3.129826325741788,22.500000000000018,0.0,0.0,0.0
234.47433286474916,3.1254015011923886,22.500000000000018,0.0,0.0,0.0
234.46488217762715,3.120973951813425,22.500000000000018,0.0,0.0,0.0
234.45543388211274,3.1165436774012356,22.500000000000018,0.0,0.0,0.0
234.44598797859587,3.112110677751977,22.500000000000018,0.0,0.0,0.0
234.43654446746626,3.1076749526614766,22.50000000000002,0.0,0.0,0.0
234.42710334911314,3.103236501925268,22.500000000000018,0.0,0.0,0.0
234.41766462392576,3.098795325338596,22.500000000000018,0.0,0.0,0.0
234.40822829229276,3.094351422696446,22.500000000000014,0.0,0.0,0.0
234.39879435460261,3.0899047937934,22.500000000000018,0.0,0.0,0.0
234.38936281124356,3.085455438423863,22.500000000000014,0.0,0.0,0.0
234.37993366260352,3.0810033563819066,22.50000000000001,0.0,0.0,0.0
234.37050690907006,3.0765485474613095,22.500000000000014,0.0,0.0,0.0
234.36108255103056,3.0720910114555973,22.500000000000018,0.0,0.0,0.0
234.35166058887205,3.067630748157889,22.500000000000014,0.0,0.0,0.0
234.34224102298117,3.063167757361127,22.500000000000018,0.0,0.0,0.0
234.33282385374457,3.058702038857921,22.500000000000014,0.0,0.0,0.0
234.3234090815482,3.054233592440586,22.50000000000001,0.0,0.0,0.0
234.31399670677803,3.049762417901146,22.500000000000018,0.0,0.0,0.0
234.3045867298198,3.045288515031372,22.500000000000018,0.0,0.0,0.0
234.29517915105856,3.04081188362263,22.500000000000014,0.0,0.0,0.0
234.28577397087952,3.0363325234660983,22.500000000000018,0.0,0.0,0.0
234.27637118966723,3.0318504343526356,22.500000000000014,0.0,0.0,0.0
234.2669708078063,3.0273656160728013,22.500000000000014,0.0,0.0,0.0
234.2575728256808,3.022878068416862,22.500000000000018,0.0,0.0,0.0
234.24817724367463,3.018387791174834,22.500000000000014,0.0,0.0,0.0
234.2387840621713,3.0138947841363226,22.50000000000002,0.0,0.0,0.0
234.2293932815542,3.0093990470907555,22.500000000000014,0.0,0.0,0.0
234.22000490220623,3.0049005798272286,22.50000000000002,0.0,0.0,0.0
234.2106189245102,3.000399382134548,22.500000000000018,0.0,0.0,0.0
234.20123534884854,2.9958954538012614,22.50000000000002,0.0,0.0,0.0
234.19185417560325,2.9913887946155118,22.500000000000014,0.0,0.0,0.0
234.18247540515634,2.986879404365264,22.500000000000018,0.0,0.0,0.0
234.1730990378893,2.9823672828381484,22.500000000000014,0.0,0.0,0.0
234.1637250741835,2.9778524298215068,22.500000000000018,0.0,0.0,0.0
234.15435351441994,2.9733348451023813,22.500000000000018,0.0,0.0,0.0
234.14498435897934,2.9688145284675698,22.500000000000018,0.0,0.0,0.0
234.135617608242,2.9642914797034523,22.500000000000018,0.0,0.0,0.0
234.12625326258822,2.9597656985962373,22.500000000000025,0.0,0.0,0.0
234.11689132239786,2.9552371849317987,22.500000000000014,0.0,0.0,0.0
234.10753178805032,2.950705938495717,22.500000000000014,0.0,0.0,0.0
234.09817465992515,2.9461719590732827,22.500000000000014,0.0,0.0,0.0
234.08881993840131,2.9416352464495277,22.500000000000018,0.0,0.0,0.0
234.0794676238574,2.9370958004090806,22.500000000000014,0.0,0.0,0.0
234.07011771667197,2.9325536207363867,22.500000000000018,0.0,0.0,0.0
234.06077021722308,2.9280087072155623,22.500000000000014,0.0,0.0,0.0
234.05142512588876,2.923461059630432,22.50000000000002,0.0,0.0,0.0
234.0420824430466,2.918910677764563,22.500000000000018,0.0,0.0,0.0
234.03274216907377,2.914357561401118,22.500000000000018,0.0,0.0,0.0
234.02340430434745,2.909801710323076,22.50000000000002,0.0,0.0,0.0
234.0140688492443,2.9052431243130887,22.500000000000014,0.0,0.0,0.0
234.00473580414084,2.9006818031535144,22.50000000000002,0.0,0.0,0.0
233.99540516941326,2.8961177466264174,22.500000000000014,0.0,0.0,0.0
233.9860769454375,2.8915509545136056,22.500000000000018,0.0,0.0,0.0
233.97675113258913,2.8869814265964795,22.50000000000002,0.0,0.0,0.0
233.9674277312435,2.8824091626562667,22.500000000000014,0.0,0.0,0.0
233.95810674177568,2.877834162473854,22.500000000000018,0.0,0.0,0.0
233.9487881645605,2.8732564258298408,22.500000000000014,0.0,0.0,0.0
233.93947199997243,2.868675952504532,22.50000000000002,0.0,0.0,0.0
233.93015824838577,2.8640927422779776,22.500000000000018,0.0,0.0,0.0
233.92084691017433,2.859506794929819,22.500000000000018,0.0,0.0,0.0
233.91153798571182,2.8549181102395207,22.500000000000018,0.0,0.0,0.0
233.9022314753717,2.8503266879862132,22.500000000000018,0.0,0.0,0.0
233.89292737952704,2.845732527948737,22.500000000000014,0.0,0.0,0.0
233.88362569855067,2.841135629905634,22.500000000000014,0.0,0.0,0.0
233.8743264328152,2.836535993635195,22.500000000000014,0.0,0.0,0.0
233.86502958269276,2.8319336189153037,22.500000000000018,0.0,0.0,0.0
233.85573514855542,2.8273285055236625,22.500000000000018,0.0,0.0,0.0
233.8464431307749,2.8227206532376434,22.500000000000018,0.0,0.0,0.0
233.83715352972268,2.8181100618343256,22.500000000000018,0.0,0.0,0.0
233.82786634576996,2.8134967310905297,22.500000000000014,0.0,0.0,0.0
233.8185815792874,2.8088806607826733,22.500000000000014,0.0,0.0,0.0
233.80929923064585,2.804261850686993,22.500000000000014,0.0,0.0,0.0
233.80001930021552,2.7996403005793913,22.50000000000002,0.0,0.0,0.0
233.7907417883665,2.7950160102354835,22.500000000000014,0.0,0.0,0.0
233.78146669546848,2.790388979430582,22.500000000000018,0.0,0.0,0.0
233.7721940218911,2.785759207939755,22.500000000000018,0.0,0.0,0.0
233.76292376800356,2.781126695537656,22.500000000000018,0.0,0.0,0.0
233.7536559341747,2.7764914419987607,22.500000000000018,0.0,0.0,0.0
233.7443905207733,2.771853447097213,22.50000000000002,0.0,0.0,0.0
233.7351275281677,2.767212710606864,22.500000000000014,0.0,0.0,0.0
233.72586695672607,2.7625692323012707,22.500000000000018,0.0,0.0,0.0
233.71660880681623,2.757923011953737,22.500000000000014,0.0,0.0,0.0
233.70735307880577,2.7532740493371555,22.500000000000014,0.0,0.0,0.0
233.69809977306193,2.7486223442242426,22.50000000000002,0.0,0.0,0.0
233.68884888995177,2.743967896387382,22.500000000000018,0.0,0.0,0.0
233.6796004298421,2.7393107055986654,22.500000000000018,0.0,0.0,0.0
233.67035439309936,2.7346507716299224,22.50000000000002,0.0,0.0,0.0
233.6611107800897,2.7299880942525863,22.500000000000018,0.0,0.0,0.0
233.65186959117912,2.725322673237902,22.500000000000018,0.0,0.0,0.0
233.6426308267332,2.7206545083567875,22.500000000000014,0.0,0.0,0.0
233.63339448711739,2.7159835993798644,22.500000000000018,0.0,0.0,0.0
233.62416057269675,2.7113099460774612,22.50000000000002,0.0,0.0,0.0
233.61492908383627,2.7066335482196537,22.500000000000018,0.0,0.0,0.0
233.60570002090034,2.701954405576108,22.50000000000002,0.0,0.0,0.0
233.5964733842533,2.6972725179163115,22.500000000000018,0.0,0.0,0.0
233.58724917425914,2.692587885009418,22.500000000000014,0.0,0.0,0.0
233.5780273912817,2.6879005066242896,22.500000000000018,0.0,0.0,0.0
233.56880803568444,2.683210382529498,22.500000000000014,0.0,0.0,0.0
233.55959110783053,2.678517512493354,22.500000000000014,0.0,0.0,0.0
233.55037660808296,2.673821896283761,22.50000000000001,0.0,0.0,0.0
233.5411645368043,2.669123533668449,22.500000000000018,0.0,0.0,0.0
233.53195489435703,2.664422424414809,22.500000000000018,0.0,0.0,0.0
233.52274768110328,2.659718568289945,22.500000000000014,0.0,0.0,0.0
233.51354289740493,2.6550119650606994,22.500000000000018,0.0,0.0,0.0
233.50434054362344,2.650302614493514,22.500000000000014,0.0,0.0,0.0
233.49514062012028,2.645590516354645,22.500000000000014,0.0,0.0,0.0
233.48594312725638,2.6408756704100202,22.500000000000018,0.0,0.0,0.0
233.47674806539257,2.6361580764252737,22.500000000000018,0.0,0.0,0.0
233.46755543488936,2.6314377341657433,22.500000000000018,0.0,0.0,0.0
233.45836523610703,2.626714643396516,22.500000000000018,0.0,0.0,0.0
233.4491774694055,2.621988803882267,22.50000000000002,0.0,0.0,0.0
233.43999213514448,2.617260215387496,22.500000000000014,0.0,0.0,0.0
233.4308092336834,2.612528877676369,22.500000000000014,0.0,0.0,0.0
233.42162876538146,2.6077947905127563,22.500000000000018,0.0,0.0,0.0
233.41245073059758,2.6030579536602394,22.500000000000014,0.0,0.0,0.0
233.40327512969037,2.5983183668821415,22.500000000000018,0.0,0.0,0.0
233.39410196301822,2.593576029941378,22.500000000000018,0.0,0.0,0.0
233.38493123093912,2.588830942600689,22.500000000000014,0.0,0.0,0.0
233.37576293381107,2.5840831046224735,22.50000000000002,0.0,0.0,0.0
233.36659707199158,2.579332515768849,22.500000000000014,0.0,0.0,0.0
233.35743364583797,2.574579175801669,22.500000000000018,0.0,0.0,0.0
233.34827265570715,2.569823084482385,22.500000000000014,0.0,0.0,0.0
233.339114101956,2.565064241572263,22.500000000000014,0.0,0.0,0.0
233.32995798494105,2.5603026468322456,22.50000000000002,0.0,0.0,0.0
233.32080430501853,2.555538300022973,22.500000000000018,0.0,0.0,0.0
233.31165306254434,2.5507712009048005,22.50000000000002,0.0,0.0,0.0
233.30250425787435,2.5460013492378195,22.500000000000018,0.0,0.0,0.0
233.29335789136385,2.5412287447817237,22.500000000000018,0.0,0.0,0.0
233.28421396336802,2.5364533872960178,22.500000000000018,0.0,0.0,0.0
233.27507247424188,2.53167527653988,22.500000000000018,0.0,0.0,0.0
233.26593342434006,2.526894412272196,22.500000000000014,0.0,0.0,0.0
