galstreams/tracks/track.st.Svol.ibata2021.ecsv
# %ECSV 1.0
# ---
# datatype:
# - {name: ra, unit: deg, datatype: float64}
# - {name: dec, unit: deg, datatype: float64}
# - {name: distance, unit: kpc, datatype: float64}
# - {name: pm_ra_cosdec, unit: mas / yr, datatype: float64}
# - {name: pm_dec, unit: mas / yr, datatype: float64}
# - {name: radial_velocity, unit: km / s, datatype: float64}
# delimiter: ','
# meta: !!omap
# - __serialized_columns__:
#     dec:
#       __class__: astropy.coordinates.angles.Latitude
#       unit: &id001 !astropy.units.Unit {unit: deg}
#       value: !astropy.table.SerializedColumn {name: dec}
#     distance:
#       __class__: astropy.coordinates.distances.Distance
#       unit: !astropy.units.Unit {unit: kpc}
#       value: !astropy.table.SerializedColumn {name: distance}
#     pm_dec:
#       __class__: astropy.units.quantity.Quantity
#       unit: !astropy.units.Unit {unit: mas / yr}
#       value: !astropy.table.SerializedColumn {name: pm_dec}
#     pm_ra_cosdec:
#       __class__: astropy.units.quantity.Quantity
#       unit: !astropy.units.Unit {unit: mas / yr}
#       value: !astropy.table.SerializedColumn {name: pm_ra_cosdec}
#     ra:
#       __class__: astropy.coordinates.angles.Longitude
#       unit: *id001
#       value: !astropy.table.SerializedColumn {name: ra}
#       wrap_angle: !astropy.coordinates.Angle
#         unit: *id001
#         value: 360.0
#     radial_velocity:
#       __class__: astropy.units.quantity.Quantity
#       unit: !astropy.units.Unit {unit: km / s}
#       value: !astropy.table.SerializedColumn {name: radial_velocity}
# schema: astropy-2.0
ra,dec,distance,pm_ra_cosdec,pm_dec,radial_velocity
[from data line 717]
228.92005013956964,28.496519918560576,8.021981867588918,1.5164146951559991,-4.466120932722616,-105.26925123672812
228.9314582267623,28.496090156724026,8.020871809958608,1.5173228932864817,-4.4667643725759865,-105.39026088654973
228.94286560441094,28.495656848305195,8.019762116517002,1.518232012686678,-4.467409037048844,-105.51085530342473
228.9542722719377,28.49521999554639,8.018652787238976,1.5191420523558583,-4.468054925506386,-105.63103480936998
228.96567822876614,28.49477960068987,8.017543822099423,1.5200530112936206,-4.468702037313391,-105.75079972640222
228.97708347432086,28.494335665977967,8.016435221073229,1.5209648884998965,-4.469350371834224,-105.87015037653815
228.98848800802776,28.493888193652985,8.015326984135276,1.5218776829749556,-4.469999928432834,-105.98908708179454
228.99989182931384,28.49343718595726,8.014219111260457,1.5227913937193898,-4.470650706472744,-106.10761016418827
229.0112949376075,28.492982645133093,8.013111602423649,1.5237060197341332,-4.471302705317074,-106.22571994573595
229.02269733233825,28.492524573422834,8.012004457599748,1.524621560020444,-4.471955924328516,-106.34341674845435
229.03409901293682,28.492062973068823,8.010897676763634,1.5255380135799212,-4.472610362869353,-106.46070089436036
229.04549997883518,28.491597846313393,8.009791259890191,1.5264553794144886,-4.47326602030145,-106.57757270547067
229.0569002294665,28.491129195398905,8.008685206954315,1.527373656526407,-4.473922895986254,-106.69403250380198
229.06829976426528,28.49065702256769,8.007579517930884,1.5282928439182675,-4.474580989284802,-106.81008061137109
229.07969858266708,28.49018133006211,8.006474192794787,1.5292129405929957,-4.4752402995577105,-106.92571735019483
229.0910966841088,28.489702120124555,8.005369231520909,1.53013394555385,-4.475900826165184,-107.04094304228992
229.10249406802845,28.489219394997356,8.004264634084135,1.5310558578044202,-4.476562568467007,-107.15575800967308
229.11389073386533,28.488733156922912,8.003160400459356,1.5319786763486296,-4.477225525822556,-107.27016257436111
229.12528668106,28.488243408143575,8.002056530621454,1.532902400190735,-4.477889697590788,-107.38415705837076
229.13668190905412,28.487750150901732,8.000953024545318,1.5338270283353252,-4.478555083130248,-107.49774178371881
229.14807641729067,28.487253387439765,7.999849882205829,1.5347525597873235,-4.479221681799068,-107.61091707242203
229.15947020521386,28.486753120000046,7.9987471035778785,1.5356789935519837,-4.479889492954961,-107.72368324649705
229.17086327226892,28.486249350824988,7.997644688636352,1.5366063286348977,-4.480558515955231,-107.83604062796084
229.18225561790263,28.48574208215694,7.996542637356133,1.537534564041982,-4.481228750156766,-107.94798953883
229.1936472415627,28.48523131623831,7.995440949712111,1.5384636987794928,-4.481900194916042,-108.05953030112141
229.20503814269833,28.48471705531149,7.99433962567917,1.5393937318540196,-4.482572849589124,-108.17066323685168
229.21642832075958,28.48419930161887,7.993238665232196,1.5403246622724844,-4.4832467135316545,-108.28138866803779
229.227817775198,28.48367805740284,7.992138068346078,1.541256489042139,-4.4839217860988745,-108.39170691669632
229.2392065054663,28.483153324905803,7.9910378349957,1.5421892111705735,-4.4845980666456065,-108.50161830484404
229.25059451101845,28.48262510637015,7.989937965155945,1.5431228276657099,-4.485275554526261,-108.61112315449778
229.26198179130955,28.482093404038277,7.988838458801706,1.5440573375358029,-4.485954249094835,-108.72022178767428
229.2733683457959,28.481558220152586,7.987739315907865,1.5449927397894414,-4.4866341497049165,-108.82891452639028
229.28475417393503,28.481019556955466,7.986640536449309,1.5459290334355495,-4.487315255709682,-108.93720169266263
229.29613927518588,28.4804774166893,7.9855421204009245,1.5468662174833778,-4.487997566461894,-109.04508360850794
229.30752364900835,28.479931801596496,7.984444067737596,1.5478042909425191,-4.488681081313905,-109.15256059594311
229.31890729486375,28.479382713919446,7.983346378434214,1.5487432528228966,-4.4893657996176515,-109.25963297698482
229.33029021221446,28.478830155900543,7.982249052465659,1.549683102134767,-4.4900517207246695,-109.36630107364986
229.34167240052412,28.478274129782168,7.981152089806821,1.5506238378887225,-4.490738843986069,-109.47256520795499
229.35305385925764,28.477714637806724,7.980055490432585,1.551565459095688,-4.491427168752564,-109.57842570191696
229.36443458788116,28.477151682216586,7.9789592543178385,1.5525079647669209,-4.492116694374449,-109.68388287755255
229.37581458586192,28.47658526525414,7.977863381437465,1.553451353914014,-4.492807420201611,-109.78893705687852
229.38719385266845,28.47601538916178,7.976767871766355,1.554395625548898,-4.493499345583528,-109.89358856191159
229.39857238777057,28.475442056181873,7.97567272527939,1.5553407786838283,-4.494192469869264,-109.99783771466862
229.40995019063922,28.474865268556794,7.974577941951456,1.5562868123314018,-4.494886792407483,-110.10168483716622
229.42132726074655,28.474285028528904,7.973483521757445,1.557233725504548,-4.495582312546427,-110.20513025142127
229.43270359756602,28.473701338340604,7.972389464672238,1.5581815172165312,-4.496279029633933,-110.30817427945055
229.44407920057225,28.473114200234228,7.971295770670723,1.5591301864809477,-4.496976943017436,-110.41081724327064
229.45545406924094,28.472523616452154,7.970202439727787,1.5600797323117295,-4.49767605204395,-110.51305946489857
229.46682820304932,28.471929589236726,7.969109471818314,1.5610301537231428,-4.498376356060092,-110.61490126635086
229.47820160147552,28.471332120830308,7.968016866917193,1.561981449729789,-4.49907785441206,-110.7163429696444
229.4895742639991,28.470731213475243,7.966924624999307,1.5629336193466015,-4.499780546445653,-110.81738489679599
229.50094619010068,28.470126869413875,7.965832746039545,1.5638866615888538,-4.500484431506255,-110.91802736982228
229.51231737926233,28.469519090888525,7.964741230012792,1.5648405754721448,-4.501189508938847,-111.01827071074004
229.5236878309671,28.46890788014154,7.963650076893933,1.5657953600124148,-4.501895778087998,-111.1181152415661
229.5350575446993,28.468293239415228,7.962559286657857,1.5667510142259367,-4.502603238297871,-111.21756128431721
229.54642651994456,28.467675170951914,7.961468859279448,1.5677075371293183,-4.503311888912226,-111.31660916101006
229.5577947561896,28.46705367699391,7.960378794733592,1.5686649277395026,-4.504021729274408,-111.41525919366147
229.5691622529225,28.466428759783522,7.959289092995177,1.5696231850737663,-4.50473275872736,-111.51351170428822
229.5805290096324,28.465800421563046,7.9581997540390885,1.570582308149721,-4.505444976613617,-111.61136701490702
229.59189502580972,28.46516866457477,7.957110777840211,1.5715422959853147,-4.50615838227531,-111.7088254475347
229.60326030094626,28.464533491060983,7.956022164373433,1.572503147598826,-4.5068729750541605,-111.8058873241879
229.61462483453457,28.463894903263952,7.95493391361364,1.5734648620088743,-4.507588754291484,-111.90255296688353
229.62598862606907,28.463252903425946,7.953846025535718,1.5744274382344081,-4.508305719328191,-111.99882269763823
229.6373516750449,28.46260749378922,7.9527585001145535,1.575390875294715,-4.509023869504786,-112.09469683846885
229.64871398095852,28.461958676596016,7.951671337325031,1.5763551722094151,-4.5097432041613725,-112.19017571139207
229.66007554330773,28.46130645408859,7.950584537142039,1.5773203279984647,-4.51046372263764,-112.28525963842475
229.67143636159145,28.46065082850917,7.949498099540462,1.5782863416821562,-4.51118542427288,-112.37994894158349
229.68279643530977,28.45999180209997,7.948412024495189,1.5792532122811127,-4.511908308405972,-112.47424394288532
229.69415576396412,28.459329377103206,7.9473263119811035,1.5802209388162984,-4.512632374375399,-112.56814496434671
229.70551434705712,28.458663555761074,7.946240961973092,1.5811895203090112,-4.513357621519236,-112.66165232798457
229.7168721840924,28.457994340315786,7.945155974446041,1.5821589557808813,-4.5140840491751515,-112.75476635581563
229.72822927457514,28.457321733009497,7.9440713493748385,1.5831292442538736,-4.514811656680416,-112.8474873698567
229.73958561801152,28.456645736084386,7.942987086734368,1.5841003847502917,-4.515540443371887,-112.93981569212444
229.75094121390893,28.455966351782617,7.941903186499516,1.585072376292773,-4.516270408586027,-113.03175164463573
229.76229606177603,28.45528358234634,7.940819648645169,1.5860452179042899,-4.517001551658886,-113.12329554940725
229.77365016112276,28.45459743001768,7.939736473146215,1.5870189086081534,-4.5177338719261275,-113.2144477284558
229.78500351146008,28.45390789703877,7.938653659977539,1.5879934474280037,-4.518467368722987,-113.30520850379811
229.79635611230034,28.453214985651726,7.937571209114027,1.5889688333878218,-4.519202041384319,-113.39557819745099
229.80770796315713,28.452518698098654,7.936489120530564,1.5899450655119225,-4.519937889244563,-113.48555713143114
229.81905906354496,28.451819036621632,7.935407394202038,1.5909221428249578,-4.520674911637764,-113.57514562775535
229.83040941297998,28.45111600346273,7.934326030103335,1.5919000643519081,-4.521413107897558,-113.66434400844037
229.8417590109792,28.450409600864017,7.933245028209341,1.5928788291180966,-4.522152477357185,-113.753152595503
229.85310785706102,28.449699831067534,7.932164388494941,1.5938584361491825,-4.522893019349474,-113.84157171095998
229.86445595074503,28.44898669631533,7.931084110935023,1.5948388844711556,-4.5236347332068645,-113.92960167682803
229.87580329155202,28.44827019884941,7.930004195504473,1.5958201731103459,-4.524377618261385,-114.01724281512394
229.88714987900383,28.447550340911793,7.928924642178175,1.5968023010934158,-4.525121673844668,-114.10449544786454
229.8984957126239,28.446827124744473,7.927845450931019,1.5977852674473658,-4.525866899287942,-114.19135989706649
229.90984079193652,28.446100552589417,7.9267666217378885,1.5987690711995315,-4.526613293922036,-114.27783648474659
229.92118511646737,28.445370626688597,7.92568815457367,1.599753711377585,-4.527360857077378,-114.36392553292157
229.93252868574308,28.44463734928397,7.92461004941325,1.6007391870095333,-4.528109588083996,-114.4496273636083
229.94387149929204,28.443900722617443,7.923532306231514,1.6017254971237151,-4.52885948627152,-114.53494229882344
229.9552135566434,28.443160748930943,7.92245492500335,1.6027126407488148,-4.529610550969175,-114.61987066058373
229.96655485732754,28.442417430466374,7.9213779057036415,1.6037006169138435,-4.530362781505794,-114.70441277090602
229.97789540087618,28.441670769465624,7.920301248307277,1.6046894246481518,-4.531116177209798,-114.78856895180704
229.98923518682233,28.440920768170553,7.919224952789142,1.605679062981429,-4.531870737409221,-114.87233952530352
230.00057421469998,28.440167428823024,7.918149019124122,1.606669530943696,-4.532626461431691,-114.95572481341219
230.01191248404447,28.439410753664863,7.9170734472871045,1.6076608275653121,-4.533383348604441,-115.03872513814993
230.02324999439236,28.438650744937885,7.915998237252976,1.608652951876971,-4.5341413982543015,-115.12134082153344
230.03458674528142,28.437887404883888,7.914923388996621,1.6096459029097043,-4.534900609707709,-115.2035721855794
230.04592273625047,28.43712073574468,7.913848902492925,1.6106396796948832,-4.535660982290694,-115.2854195523047
230.05725796683984,28.436350739761984,7.912774777716778,1.611634281264203,-4.536422515328899,-115.36688324372606
230.06859243659085,28.435577419177573,7.911701014643062,1.6126297066497082,-4.537185208147564,-115.44796358186024
230.07992614504602,28.434800776233164,7.9106276132466675,1.6136259548837715,-4.537949060071524,-115.52866088872396
230.09125909174924,28.434020813170463,7.9095545735024775,1.6146230249991067,-4.538714070425231,-115.60897548633399
230.10259127624545,28.43323753223117,7.908481895385377,1.6156209160287622,-4.539480238532731,-115.68890769670715
230.11392269808084,28.432450935656956,7.907409578870255,1.616619627006121,-4.54024756371767,-115.76845784186014
230.1252533568029,28.431661025689454,7.9063376239319965,1.6176191569649045,-4.541016045303303,-115.84762624380974
230.13658325196022,28.43086780457031,7.905266030545488,1.618619504939171,-4.541785682612491,-115.92641322457271
230.1479123831026,28.430071274541152,7.904194798685617,1.6196206699633142,-4.542556474967688,-116.00481910616581
230.15924074978113,28.42927143784352,7.903123928327268,1.6206226510720585,-4.543328421690964,-116.08284421060587
230.17056835154813,28.42846829671902,7.902053419445328,1.6216254473004743,-4.544101522103983,-116.16048885990958
230.18189518795697,28.427661853409198,7.900983272014681,1.6226290576839641,-4.544875775528019,-116.23775337609366
230.19322125856237,28.426852110155576,7.899913486010218,1.6236334812582656,-4.545651181283947,-116.31463808117493
230.20454656292014,28.426039069199657,7.89884406140682,1.6246387170594567,-4.546427738692248,-116.39114329717016
230.21587110058746,28.425222732782938,7.897774998179377,1.625644764123946,-4.547205447073012,-116.46726934609615
230.2271948711226,28.42440310314687,7.896706296302772,1.6266516214884854,-4.5479843057459295,-116.5430165499695
230.23851787408506,28.4235801825329,7.895637955751895,1.6276592881901584,-4.548764314030296,-116.61838523080714
230.2498401090355,28.422753973182466,7.894569976501628,1.6286677632663908,-4.549545471245011,-116.69337571062577
230.26116157553588,28.421924477336926,7.8935023585268596,1.6296770457549337,-4.5503277767085875,-116.76798831144212
230.27248227314936,28.421091697237674,7.892435101802477,1.6306871346938867,-4.551111229739137,-116.84222335527305
230.28380220144024,28.420255635126058,7.8913682063033646,1.6316980291216783,-4.551895829654378,-116.91608116413515
230.29512135997405,28.419416293243398,7.890301672004409,1.6327097280770804,-4.552681575771638,-116.98956206004533
230.30643974831756,28.418573673831016,7.889235498880496,1.6337222305991972,-4.553468467407851,-117.06266636502035
230.31775736603873,28.41772777913017,7.8881696869065125,1.6347355357274687,-4.5542565038795555,-117.13539440107688
230.32907421270667,28.416878611382128,7.887104236057345,1.635749642501675,-4.555045684502899,-117.20774649023173
230.34039028789178,28.416026172828115,7.886039146307878,1.63676454996193,-4.555836008593634,-117.27972295450165
230.35170559116565,28.415170465709345,7.884974417633,1.6377802571486866,-4.556627475467121,-117.35132411590345
230.3630201221009,28.414311492266997,7.883910050007595,1.638796763102735,-4.557420084438332,-117.42255029645379
230.37433388027176,28.413449254742222,7.882846043406552,1.639814066865197,-4.5582138348218395,-117.49340181816954
230.38564686525322,28.412583755376144,7.881782397804754,1.6408321674775355,-4.5590087259318315,-117.56387900306744
230.39695907662178,28.41171499640988,7.880719113177089,1.6418510639815531,-4.5598047570821,-117.6339821731642
230.40827051395505,28.410842980084514,7.879656189498442,1.6428707554193833,-4.560601927586047,-117.70371165047658
230.41958117683174,28.409967708641084,7.878593626743701,1.643891240833499,-4.561400236756684,-117.77306775702138
230.43089106483188,28.40908918432062,7.877531424887753,1.644912519266712,-4.562199683906624,-117.84205081481537
230.4422001775367,28.408207409364127,7.87646958390548,1.6459345897621662,-4.563000268348106,-117.91066114587534
230.45350851452866,28.407322386012588,7.875408103771771,1.646957451363348,-4.5638019893929584,-117.97889907221786
230.46481607539127,28.40643411650693,7.874346984461514,1.647981103114077,-4.564604846352631,-118.04676491585994
230.47612285970942,28.405542603088097,7.873286225949589,1.6490055440585143,-4.565408838538181,-118.1142589988182
230.48742886706916,28.40464784799695,7.87222582821089,1.6500307732411477,-4.566213965260278,-118.18138164310942
230.49873409705765,28.403749853474356,7.8711657912202995,1.651056789706812,-4.567020225829196,-118.24813317075042
