galstreams/tracks/track.st.New-25.ibata2024.ecsv
# %ECSV 1.0
# ---
# datatype:
# - {name: ra, unit: deg, datatype: float64}
# - {name: dec, unit: deg, datatype: float64}
# - {name: distance, unit: kpc, datatype: float64}
# - {name: pm_ra_cosdec, unit: mas / yr, datatype: float64}
# - {name: pm_dec, unit: mas / yr, datatype: float64}
# - {name: radial_velocity, unit: km / s, datatype: float64}
# delimiter: ','
# meta: !!omap
# - __serialized_columns__:
#     dec:
#       __class__: astropy.coordinates.angles.Latitude
#       unit: &id001 !astropy.units.Unit {unit: deg}
#       value: !astropy.table.SerializedColumn {name: dec}
#     distance:
#       __class__: astropy.coordinates.distances.Distance
#       unit: !astropy.units.Unit {unit: kpc}
#       value: !astropy.table.SerializedColumn {name: distance}
#     pm_dec:
#       __class__: astropy.units.quantity.Quantity
#       unit: !astropy.units.Unit {unit: mas / yr}
#       value: !astropy.table.SerializedColumn {name: pm_dec}
#     pm_ra_cosdec:
#       __class__: astropy.units.quantity.Quantity
#       unit: !astropy.units.Unit {unit: mas / yr}
#       value: !astropy.table.SerializedColumn {name: pm_ra_cosdec}
#     ra:
#       __class__: astropy.coordinates.angles.Longitude
#       unit: *id001
#       value: !astropy.table.SerializedColumn {name: ra}
#       wrap_angle: !astropy.coordinates.Angle
#         unit: *id001
#         value: 360.0
#     radial_velocity:
#       __class__: astropy.units.quantity.Quantity
#       unit: !astropy.units.Unit {unit: km / s}
#       value: !astropy.table.SerializedColumn {name: radial_velocity}
# schema: astropy-2.0
ra,dec,distance,pm_ra_cosdec,pm_dec,radial_velocity
[from data line 1119]
334.342699230315,-29.75808149860487,1.0000000000000036,0.9149974306650854,-2.5419564400209342,-68.00952995589485
334.3487332697353,-29.766857213097275,1.0000000000000033,0.9150687205087333,-2.541916169453672,-68.01817138883749
334.3547692252796,-29.775632203271144,1.0000000000000036,0.9151394022662451,-2.541875158387974,-68.02638126179221
334.3608070922981,-29.784406471655117,1.0000000000000033,0.9152094767792827,-2.541833407539176,-68.03415800288968
334.36684686614,-29.793180020778628,1.0000000000000033,0.9152789448893666,-2.5417909176225875,-68.04150004026046
334.3728885421537,-29.801952853171827,1.0000000000000036,0.9153478074379002,-2.5417476893534845,-68.04840580203516
334.3789321156867,-29.810724971365822,1.0000000000000036,0.9154160652661361,-2.5417037234471227,-68.05487371634436
334.38497758208547,-29.819496377892325,1.0000000000000033,0.9154837192152039,-2.541659020618712,-68.06090221131862
334.3910249366956,-29.82826707528393,1.0000000000000033,0.9155507701261065,-2.541613581583454,-68.06648971508861
334.3970741748617,-29.837037066073986,1.0000000000000036,0.9156172188396834,-2.5415674070565037,-68.07163465578488
334.40312529192767,-29.845806352796636,1.0000000000000033,0.9156830661966948,-2.541520497752991,-68.07633546153802
334.40917828323626,-29.854574937986847,1.0000000000000033,0.9157483130377191,-2.5414728543880143,-68.08059056047865
334.4152331441294,-29.86334282418033,1.0000000000000033,0.915812960203235,-2.541424477676638,-68.08439838073733
334.42128986994805,-29.87211001391365,1.0000000000000036,0.9158770085335819,-2.541375368333898,-68.08775735044469
334.42734845603235,-29.880876509724125,1.0000000000000036,0.915940458868965,-2.541325527074793,-68.0906658977313
334.4334088977215,-29.88964231414987,1.0000000000000036,0.9160033120494733,-2.541274954614294,-68.09312245072773
334.43947119035363,-29.898407429729822,1.0000000000000036,0.9160655689150561,-2.541223651667333,-68.09512543756465
334.44553532926614,-29.907171859003707,1.0000000000000036,0.9161272303055323,-2.541171618948808,-68.09667328637258
334.4516013097954,-29.915935604512047,1.0000000000000036,0.9161882970606108,-2.5411188571735908,-68.09776442528215
334.4576691272768,-29.92469866879617,1.0000000000000033,0.9162487700198341,-2.5410653670565075,-68.09839728242396
334.4637387770451,-29.9334610543982,1.0000000000000033,0.9163086500226711,-2.54101114931235,-68.09857028592857
334.4698102544337,-29.942222763861086,1.0000000000000036,0.9163679379084275,-2.540956204655881,-68.09828186392662
334.47588355477546,-29.95098379972857,1.0000000000000036,0.9164266345162817,-2.5409005338018247,-68.09753044454868
334.48195867340206,-29.95974416454518,1.0000000000000033,0.9164847406853047,-2.540844137464859,-68.09631445592532
334.4880356056444,-29.968503860856288,1.0000000000000036,0.9165422572544273,-2.5407870163596344,-68.09463232618718
334.4941143468325,-29.97726289120805,1.0000000000000036,0.9165991850624611,-2.5407291712007627,-68.09248248346483
334.50019489229527,-29.986021258147446,1.0000000000000036,0.9166555249481192,-2.540670602702816,-68.0898633558889
334.5062772373608,-29.994778964222267,1.0000000000000036,0.9167112777499282,-2.5406113115803226,-68.08677337158991
334.51236137735634,-30.003536011981108,1.0000000000000033,0.9167664443063561,-2.540551298547781,-68.08321095869849
334.518447307608,-30.012292403973383,1.0000000000000033,0.9168210254557048,-2.5404905643196365,-68.07917454534525
334.5245350234413,-30.021048142749322,1.0000000000000033,0.9168750220361837,-2.540429109610309,-68.07466255966077
334.5306245201804,-30.02980323085997,1.0000000000000036,0.916928434885838,-2.540366935134168,-68.06967342977563
334.5367157931489,-30.03855767085718,1.0000000000000036,0.9169812648426445,-2.5403040416055465,-68.0642055838205
334.54280883766944,-30.047311465293653,1.0000000000000033,0.9170335127444327,-2.5402404297387307,-68.05825744992589
334.5489036490634,-30.056064616722857,1.0000000000000036,0.9170851794288915,-2.5401761002479635,-68.0518274562224
334.5550002226516,-30.064817127699158,1.0000000000000036,0.9171362657336157,-2.540111053847462,-68.04491403084069
334.56109855375377,-30.073569000777667,1.0000000000000033,0.9171867724960823,-2.5400452912513805,-68.03751560191125
334.5671986376888,-30.082320238514374,1.0000000000000036,0.9172367005536355,-2.5399788131738354,-68.02963059756476
334.57330046977455,-30.09107084346604,1.0000000000000038,0.9172860507434963,-2.5399116203288994,-68.02125744593181
334.57940404532803,-30.099820818190313,1.0000000000000038,0.917334823902781,-2.5398437134306056,-68.01239457514293
334.58550935966525,-30.108570165245634,1.0000000000000038,0.9173830208684732,-2.539775093192941,-68.0030404133288
334.5916164081014,-30.11731888719126,1.0000000000000036,0.917430642477461,-2.539705760329837,-67.99319338861997
334.59772518595065,-30.126066986587308,1.0000000000000038,0.9174776895664971,-2.5396357155551854,-67.98285192914702
334.60383568852626,-30.134814465994694,1.0000000000000036,0.9175241629722182,-2.5395649595828402,-67.97201446304052
334.6099479111405,-30.143561327975203,1.0000000000000036,0.9175700635311372,-2.5394934931265976,-67.96067941843114
334.616061849105,-30.15230757509143,1.0000000000000038,0.9176153920796741,-2.539421316900212,-67.94884522344948
334.62217749773004,-30.161053209906786,1.0000000000000038,0.9176601494541217,-2.539348431617382,-67.93651030622603
334.6282948523252,-30.169798234985553,1.0000000000000038,0.9177043364906448,-2.539274837991769,-67.92367309489144
334.63441390819924,-30.178542652892833,1.0000000000000038,0.917747954025316,-2.539200536736982,-67.91033201757637
334.6405346606596,-30.187286466194553,1.0000000000000038,0.9177910028940657,-2.5391255285665713,-67.89648550241132
334.64665710501333,-30.196029677457506,1.0000000000000038,0.9178334839327409,-2.539049814194053,-67.88213197752692
334.6527812365661,-30.204772289249313,1.0000000000000038,0.9178753979770562,-2.5389733943328823,-67.86726987105375
334.6589070506229,-30.213514304138418,1.0000000000000036,0.917916745862617,-2.538896269696469,-67.85189761112242
334.66503454248755,-30.22225572469413,1.0000000000000038,0.9179575284249264,-2.538818440998168,-67.83601362586353
334.6711637074632,-30.23099655348659,1.0000000000000036,0.9179977464993483,-2.538739908951287,-67.81961634340767
334.67729454085196,-30.2397367930868,1.0000000000000038,0.9180374009211612,-2.5386606742690754,-67.80270419188544
334.68342703795497,-30.248476446066572,1.0000000000000038,0.9180764925255227,-2.538580737664736,-67.7852755994274
334.68956119407255,-30.257215514998606,1.0000000000000038,0.9181150221474859,-2.5385000998514204,-67.76732899416417
334.6956970045038,-30.265954002456425,1.0000000000000036,0.9181529906219685,-2.538418761542217,-67.74886280422638
334.70183446454735,-30.2746919110144,1.0000000000000038,0.9181903987838265,-2.5383367234501684,-67.72987545774455
334.7079735695005,-30.283429243247763,1.0000000000000038,0.9182272474677546,-2.538253986288261,-67.71036538284929
334.7141143146598,-30.29216600173259,1.0000000000000036,0.9182635375083708,-2.5381705507694283,-67.69033100767126
334.72025669532076,-30.30090218904581,1.0000000000000038,0.9182992697401646,-2.5380864176065403,-67.669770760341
334.72640070677807,-30.30963780776523,1.0000000000000038,0.9183344449975426,-2.538001587512424,-67.64868306898911
334.73254634432544,-30.318372860469466,1.0000000000000038,0.9183690641147768,-2.537916061199841,-67.62706636174617
334.7386936032556,-30.327107349738025,1.0000000000000036,0.9184031279260427,-2.5378298393815015,-67.60491906674281
334.7448424788605,-30.33584127815125,1.0000000000000038,0.9184366372654162,-2.5377429227700485,-67.58223961210962
334.75099296643094,-30.34457464829035,1.0000000000000038,0.9184695929668631,-2.537655312078078,-67.55902642597715
334.7571450612568,-30.353307462737423,1.0000000000000038,0.9185019958642187,-2.537567008018134,-67.53527793647605
334.76329875862723,-30.362039724075363,1.0000000000000036,0.9185338467912523,-2.5374780113026763,-67.51099257173686
334.76945405383026,-30.37077143488799,1.0000000000000038,0.9185651465816029,-2.5373883226441363,-67.48616875989023
334.7756109421531,-30.379502597759938,1.0000000000000036,0.9185958960688181,-2.537297942754863,-67.46080492906673
334.7817694188819,-30.38823321527674,1.0000000000000038,0.9186260960863208,-2.5372068723471575,-67.43489950739692
334.78792947930197,-30.396963290024768,1.0000000000000036,0.9186557474674633,-2.5371151121332574,-67.40845092301146
334.7940911186976,-30.40569282459128,1.0000000000000038,0.918684851045457,-2.537022662825337,-67.38145760404088
334.8002543323523,-30.414421821564382,1.0000000000000038,0.9187134076534376,-2.5369295251355126,-67.35391797861583
334.8064191155484,-30.423150283533083,1.0000000000000038,0.9187414181244087,-2.5368356997758417,-67.32583047486689
334.8125854635675,-30.431878213087206,1.0000000000000038,0.918768883291321,-2.536741187458307,-67.29719352092458
334.8187533716901,-30.4406056128175,1.0000000000000038,0.9187958039869777,-2.5366459888948434,-67.26800554491959
334.82492283519593,-30.44933248531555,1.0000000000000038,0.9188221810440993,-2.5365501047973185,-67.2382649749825
334.8310938493637,-30.458058833173816,1.0000000000000038,0.9188480152952971,-2.5364535358775218,-67.20797023924386
334.83726640947106,-30.466784658985663,1.0000000000000036,0.9188733075730919,-2.536356282847203,-67.17711976583433
334.8434405107949,-30.4755099653453,1.000000000000004,0.918898058709904,-2.5362583464180286,-67.14571198288445
334.84961614861106,-30.484234754847815,1.0000000000000038,0.9189222695380428,-2.5361597273016097,-67.1137453185248
334.85579331819457,-30.492959030089192,1.000000000000004,0.9189459408897349,-2.5360604262094855,-67.08121820088603
334.86197201481934,-30.50168279366628,1.000000000000004,0.9189690735970988,-2.535960443853135,-67.04812905809868
334.86815223375845,-30.510406048176797,1.000000000000004,0.9189916684921506,-2.5358597809439694,-67.01447631829342
334.874333970284,-30.519128796219363,1.000000000000004,0.9190137264068179,-2.5357584381933282,-66.98025840960074
334.8805172196671,-30.527851040393468,1.000000000000004,0.919035248172908,-2.5356564163124915,-66.94547376015132
334.8867019771781,-30.536572783299484,1.000000000000004,0.9190562346221798,-2.535553716012661,-66.9101207980757
334.89288823808624,-30.54529402753868,1.000000000000004,0.919076686586247,-2.535450338004983,-66.87419795150453
334.8990759976598,-30.55401477571319,1.000000000000004,0.9190966048966551,-2.535346283000526,-66.83770364856835
334.90526525116616,-30.56273503042604,1.0000000000000038,0.9191159903848272,-2.53524155171029,-66.80063631739777
334.91145599387187,-30.57145479428116,1.000000000000004,0.9191348438821247,-2.5351361448452066,-66.76299438612338
334.9176482210423,-30.580174069883352,1.000000000000004,0.919153166219802,-2.5350300631161424,-66.72477628287582
334.92384192794214,-30.588892859838303,1.000000000000004,0.9191709582289977,-2.5349233072338837,-66.68598043578564
334.9300371098348,-30.59761116675262,1.000000000000004,0.919188220740776,-2.534815877909158,-66.6466052729834
334.93623376198315,-30.606328993233745,1.0000000000000038,0.919204954586113,-2.5347077758526035,-66.6066492225998
334.94243187964884,-30.61504634189009,1.000000000000004,0.9192211605958924,-2.5345990017748097,-66.56611071276532
334.9486314580926,-30.62376321533089,1.0000000000000038,0.9192368396008819,-2.5344895563862746,-66.52498817161066
334.95483249257427,-30.632479616166304,1.000000000000004,0.9192519924317715,-2.5343794403974265,-66.48328002726633
334.96103497835276,-30.6411955470074,1.0000000000000038,0.9192666199191732,-2.5342686545186277,-66.44098470786295
334.967238910686,-30.649911010466123,1.000000000000004,0.91928072289359,-2.5341571994601617,-66.39810064153113
334.97344428483086,-30.658626009155334,1.000000000000004,0.9192943021854241,-2.5340450759322417,-66.35462625640145
334.9796510960434,-30.66734054568877,1.000000000000004,0.9193073586250149,-2.533932284644999,-66.3105599806045
334.98585933957884,-30.676054622681097,1.000000000000004,0.9193198930425979,-2.5338188263085,-66.26590024227089
334.9920690106911,-30.684768242747843,1.000000000000004,0.9193319062683107,-2.5337047016327263,-66.2206454695312
334.9982801046336,-30.69348140850548,1.0000000000000038,0.9193433991322273,-2.5335899113275833,-66.17479409051602
335.00449261665835,-30.702194122571356,1.000000000000004,0.9193543724642996,-2.533474456102905,-66.12834453335597
335.0107065420167,-30.71090638756375,1.000000000000004,0.9193648270944133,-2.533358336668453,-66.08129522618161
335.01692187595904,-30.719618206101796,1.0000000000000038,0.9193747638523657,-2.5332415537338937,-66.03364459712354
335.02313861373466,-30.728329580805614,1.0000000000000038,0.9193841835678462,-2.5331241080088374,-65.98539107431242
335.029356750592,-30.737040514296158,1.000000000000004,0.919393087070481,-2.5330060002028016,-65.93653308587875
335.03557628177856,-30.745751009195327,1.000000000000004,0.9194014751898081,-2.532887231025228,-65.88706905995318
335.0417972025408,-30.754461068125913,1.0000000000000038,0.9194093487552557,-2.532767801185476,-65.83699742466628
335.04801950812436,-30.763170693711643,1.000000000000004,0.9194167085961933,-2.532647711392838,-65.78631660814865
335.0542431937738,-30.771879888577146,1.000000000000004,0.919423555541905,-2.532526962356516,-65.73502503853088
335.0604682547328,-30.78058865534796,1.0000000000000038,0.919429890421557,-2.532405554785627,-65.6831211439436
335.0666946862441,-30.789296996650513,1.0000000000000038,0.919435714064277,-2.532283489389216,-65.63060335251735
335.0729224835493,-30.7980049151122,1.000000000000004,0.9194410272990572,-2.5321607668762454,-65.5774700923828
335.0791516418893,-30.80671241336131,1.0000000000000038,0.9194458309548477,-2.532037387955591,-65.52371979167043
335.08538215650395,-30.815419494027015,1.0000000000000038,0.9194501258605126,-2.531913353336047,-65.46935087851094
335.0916140226321,-30.824126159739475,1.0000000000000042,0.9194539128448014,-2.5317886637263305,-65.41436178103486
335.0978472355117,-30.8328324131297,1.0000000000000042,0.9194571927364263,-2.531663319835065,-65.35875092737281
335.1040817903797,-30.841538256829665,1.0000000000000042,0.9194599663639789,-2.531537322370797,-65.30251674565538
335.11031768247204,-30.850243693472255,1.0000000000000042,0.9194622345559802,-2.5314106720419955,-65.24565766401315
335.11655490702384,-30.858948725691274,1.0000000000000042,0.919463998140877,-2.5312833695570305,-65.1881721105768
335.1227934592692,-30.867653356121437,1.0000000000000042,0.919465257947035,-2.5311554156241876,-65.13005851347677
335.1290333344412,-30.87635758739843,1.000000000000004,0.9194660148027394,-2.531026810951686,-65.07131530084378
335.1352745277721,-30.885061422158813,1.0000000000000042,0.9194662695361906,-2.5308975562476377,-65.01194090080838
335.14151703449295,-30.8937648630401,1.0000000000000042,0.9194660229754996,-2.5307676522200815,-64.95193374150116
335.14776084983424,-30.902467912680713,1.0000000000000042,0.9194652759487392,-2.530637099576949,-64.89129225105272
335.1540059690251,-30.911170573720042,1.000000000000004,0.9194640292838514,-2.5305058990261147,-64.83001485759365
335.1602523872939,-30.91987284879837,1.0000000000000042,0.9194622838087376,-2.5303740512753423,-64.76809998925458
335.166500099868,-30.92857474055692,1.000000000000004,0.9194600403511988,-2.530241557032314,-64.70554607416605
335.17274910197386,-30.93727625163786,1.0000000000000042,0.9194572997389727,-2.530108417004624,-64.64235154045869
335.17899938883687,-30.94597738468427,1.000000000000004,0.9194540627997174,-2.529974631899777,-64.57851481626305
335.1852509556815,-30.954678142340185,1.0000000000000042,0.9194503303610118,-2.529840202425188,-64.51403432970979
335.1915037977314,-30.96337852725057,1.000000000000004,0.91944610325036,-2.52970512928818,-64.44890850892943
335.19775791020896,-30.97207854206131,1.000000000000004,0.9194413822951883,-2.5295694131959907,-64.38313578205265
