galstreams/tracks/track.st.New-15.ibata2024.ecsv
# %ECSV 1.0
# ---
# datatype:
# - {name: ra, unit: deg, datatype: float64}
# - {name: dec, unit: deg, datatype: float64}
# - {name: distance, unit: kpc, datatype: float64}
# - {name: pm_ra_cosdec, unit: mas / yr, datatype: float64}
# - {name: pm_dec, unit: mas / yr, datatype: float64}
# - {name: radial_velocity, unit: km / s, datatype: float64}
# delimiter: ','
# meta: !!omap
# - __serialized_columns__:
#     dec:
#       __class__: astropy.coordinates.angles.Latitude
#       unit: &id001 !astropy.units.Unit {unit: deg}
#       value: !astropy.table.SerializedColumn {name: dec}
#     distance:
#       __class__: astropy.coordinates.distances.Distance
#       unit: !astropy.units.Unit {unit: kpc}
#       value: !astropy.table.SerializedColumn {name: distance}
#     pm_dec:
#       __class__: astropy.units.quantity.Quantity
#       unit: !astropy.units.Unit {unit: mas / yr}
#       value: !astropy.table.SerializedColumn {name: pm_dec}
#     pm_ra_cosdec:
#       __class__: astropy.units.quantity.Quantity
#       unit: !astropy.units.Unit {unit: mas / yr}
#       value: !astropy.table.SerializedColumn {name: pm_ra_cosdec}
#     ra:
#       __class__: astropy.coordinates.angles.Longitude
#       unit: *id001
#       value: !astropy.table.SerializedColumn {name: ra}
#       wrap_angle: !astropy.coordinates.Angle
#         unit: *id001
#         value: 360.0
#     radial_velocity:
#       __class__: astropy.units.quantity.Quantity
#       unit: !astropy.units.Unit {unit: km / s}
#       value: !astropy.table.SerializedColumn {name: radial_velocity}
# schema: astropy-2.0
ra,dec,distance,pm_ra_cosdec,pm_dec,radial_velocity
[from data line 1161]
179.0965551740769,12.857300567116836,1.0000000000000004,3.61114620629525,-3.509554509903362,190.3543591994257
179.10658577834235,12.86156033470408,1.0000000000000004,3.6100351655809892,-3.5102887880894365,190.35421164246742
179.11661722849635,12.865816953668707,1.0000000000000002,3.6089241740950366,-3.5110213871141394,190.35409253638733
179.1266495284951,12.870070401062815,1.0000000000000002,3.60781323250313,-3.5117522995730432,190.3540020047068
179.1366826822913,12.874320653937882,1.0000000000000004,3.6067023414721717,-3.512481518061767,190.35394017094734
179.14671669383426,12.878567689344782,1.0000000000000004,3.605591501670207,-3.5132090351759864,190.35390715863056
179.1567515670698,12.88281148433375,1.0000000000000004,3.604480713766421,-3.513934843511392,190.35390309127794
179.1667873059403,12.887052015954417,1.0000000000000004,3.6033699784311763,-3.51465893566375,190.35392809241102
179.17682391438467,12.891289261255793,1.0000000000000004,3.6022592963359736,-3.5153813042288338,190.3539822855513
179.1868613963384,12.895523197286272,1.0000000000000004,3.6011486681534706,-3.5161019418024937,190.3540657942203
179.19689975573345,12.89975380109362,1.0000000000000004,3.6000380945574837,-3.5168208409806017,190.3541787419396
179.20693899649842,12.903981049725,1.0000000000000004,3.5989275762229815,-3.5175379943590688,190.35432125223065
179.21697912255837,12.908204920226945,1.0000000000000004,3.5978171138260917,-3.5182533945338665,190.35449344861505
179.2270201378349,12.91242538964538,1.0000000000000004,3.5967067080440946,-3.518967034100992,190.35469545461427
179.23706204624617,12.916642435025599,1.0000000000000004,3.595596359555455,-3.519678905656489,190.35492739374982
179.24710485170684,12.920856033412289,1.0000000000000002,3.594486069039762,-3.5203890017964445,190.3551893895432
179.2571485581281,12.925066161849514,1.0000000000000004,3.5933758371778044,-3.5210973151169807,190.35548156551607
179.26719316941765,12.929272797380722,1.0000000000000004,3.5922656646515256,-3.521803838214278,190.35580404518987
179.27723868947976,12.933475917048746,1.0000000000000002,3.591155552144001,-3.52250856368454,190.3561569520861
179.28728512221517,12.93767549789579,1.0000000000000004,3.5900455003395075,-3.5232114841240136,190.35654040972628
179.29733247152112,12.941871516963454,1.0000000000000007,3.588935509923488,-3.5239125921289984,190.35695454163195
179.3073807412914,12.946063951292716,1.0000000000000004,3.587825581582539,-3.5246118802958355,190.3573994713247
179.3174299354163,12.950252777923929,1.0000000000000002,3.5867157160044343,-3.5253093412208836,190.35787532232598
179.3274800577826,12.954437973896834,1.0000000000000002,3.5856059138781147,-3.526004967500569,190.35838221815735
179.33753111227355,12.958619516250556,1.0000000000000004,3.5844961758937015,-3.5266987517313453,190.3589202823403
179.347583102769,12.962797382023597,1.0000000000000004,3.583386502742481,-3.527390686509708,190.35948963839633
179.35763603314518,12.966971548253841,1.0000000000000004,3.582276895116915,-3.5280807644321976,190.360090409847
179.36768990727492,12.971141991978566,1.0000000000000002,3.5811673537106365,-3.5287689780953952,190.36072272021383
179.37774472902743,12.975308690234417,1.0000000000000002,3.5800578792184785,-3.529455320095913,190.36138669301837
179.3878005022685,12.979471620057424,1.0000000000000004,3.5789484723364264,-3.530139783030406,190.36208245178213
179.39785723086038,12.983630758483017,1.0000000000000004,3.5778391337616613,-3.5308223594955885,190.3628101200267
179.40791491866176,12.987786082545973,1.0000000000000002,3.576729864192531,-3.5315030420881888,190.36356982127342
179.41797356952787,12.991937569280491,1.0000000000000004,3.5756206643285675,-3.5321818234049873,190.36436167904395
179.42803318731038,12.996085195720124,1.0000000000000004,3.5745115348704912,-3.5328586960427915,190.36518581685976
179.43809377585748,13.000228938897816,1.0000000000000004,3.5734024765201973,-3.5335336525984786,190.36604235824248
179.44815533901374,13.004368775845895,1.0000000000000002,3.5722934899808108,-3.5342066856689343,190.36693142671348
179.45821788062028,13.008504683596078,1.0000000000000004,3.571184575956566,-3.534877787851098,190.36785314579453
179.46828140451467,13.012636639179446,1.0000000000000004,3.5700757351529333,-3.5355469517419458,190.3688076390068
179.4783459145309,13.016764619626482,1.0000000000000004,3.5689669682766016,-3.5362141699384964,190.36979502987202
179.4884114144995,13.020888601967037,1.0000000000000004,3.5678582760353574,-3.536879435037802,190.37081544191176
179.49847790824734,13.025008563230351,1.0000000000000002,3.566749659138286,-3.5375427396369528,190.37186899864741
179.5085453995978,13.029124480445045,1.0000000000000004,3.5656411182955985,-3.5382040763330886,190.3729558236006
179.5186138923708,13.033236330639122,1.0000000000000004,3.5645326542187155,-3.538863437723375,190.3740760402928
179.52868339038258,13.03734409083997,1.0000000000000004,3.5634242676202548,-3.5395208164050223,190.37522977224555
179.5387538974459,13.041447738074353,1.0000000000000004,3.562315959214023,-3.540176204975288,190.37641714298036
179.54882541736987,13.045547249368425,1.0000000000000004,3.561207729715059,-3.540829596031445,190.3776382760188
179.55889795396018,13.04964260174772,1.0000000000000002,3.5600995798395325,-3.541480982170828,190.3788932948823
179.56897151101884,13.053733772237154,1.0000000000000002,3.5589915103049017,-3.542130355990799,190.38018232309244
179.5790460923443,13.057820737861018,1.0000000000000004,3.5578835218297638,-3.5427777100887585,190.38150548417076
179.5891217017315,13.061903475643,1.0000000000000004,3.5567756151339243,-3.5434230370621487,190.38286290163887
179.5991983429718,13.065981962606159,1.0000000000000004,3.5556677909384304,-3.5440663295084454,190.3842546990181
179.6092760198529,13.07005617577294,1.0000000000000002,3.554560049965492,-3.5447075800251664,190.38568099983007
179.619354736159,13.074126092165177,1.0000000000000004,3.5534523929385666,-3.5453467812098625,190.3871419275963
179.62943449567075,13.078191688804068,1.0000000000000004,3.5523448205822734,-3.5459839256601215,190.3886376058383
179.6395153021651,13.082252942710213,1.0000000000000004,3.551237333622475,-3.5466190059735743,190.39016815807756
179.6495971594155,13.086309830903593,1.0000000000000002,3.550129932786246,-3.547252014747899,190.39173370783575
179.65968007119176,13.09036233040355,1.0000000000000004,3.549022618801851,-3.547882944580781,190.39333437863434
179.66976404126015,13.094410418228838,1.0000000000000002,3.5479153923987825,-3.548511788069966,190.39497029399462
179.67984907338325,13.098454071397576,1.0000000000000004,3.5468082543077593,-3.5491385378132305,190.3966415774385
179.68993517132017,13.102493266927265,1.0000000000000004,3.5457012052607055,-3.549763186408395,190.39834835248726
179.70002233882627,13.106527981834795,1.0000000000000004,3.5445942459907536,-3.550385726453303,190.40009074266237
179.71011057965345,13.110558193136436,1.0000000000000004,3.543487377232258,-3.551006150545847,190.40186887148548
179.72019989754986,13.114583877847839,1.0000000000000004,3.5423805997208113,-3.5516244512839465,190.40368286247815
179.73029029626014,13.118605012984045,1.0000000000000002,3.541273914193196,-3.552240621265571,190.40553283916182
179.74038177952525,13.12262157555946,1.0000000000000004,3.5401673213874654,-3.552854653088703,190.407418925058
179.75047435108257,13.126633542587896,1.0000000000000002,3.5390608220428392,-3.5534665393513887,190.40934124368826
179.76056801466584,13.13064089108253,1.0000000000000004,3.5379544168998307,-3.5540762726516935,190.4112999185743
179.7706627740052,13.13464359805593,1.0000000000000002,3.536848106700094,-3.554683845587725,190.41329507323724
179.78075863282706,13.138641640520039,1.0000000000000004,3.535741892186613,-3.55528925075762,190.4153268311989
179.79085559485438,13.142634995486189,1.0000000000000007,3.534635774103496,-3.555892480759562,190.4173953159808
179.80095366380627,13.146623639965098,1.0000000000000004,3.533529753196178,-3.5564935281917576,190.4195006511042
179.8110528433984,13.150607550966852,1.0000000000000007,3.532423830211263,-3.5570923856524574,190.42164296009094
179.82115313734266,13.154586705500941,1.0000000000000004,3.531318005896616,-3.557689045739955,190.4238223664623
179.83125454934734,13.158561080576213,1.0000000000000004,3.5302122810013223,-3.5582835010525606,190.42603899374006
179.84135708311712,13.16253065320092,1.0000000000000004,3.529106656275723,-3.5588757441886303,190.4282929654456
179.8514607423529,13.166495400382683,1.0000000000000002,3.528001132471404,-3.559465767746553,190.43058440510026
179.86156553075216,13.170455299128507,1.0000000000000004,3.526895710341137,-3.5600535643247584,190.43291343622596
179.87167145200848,13.174410326444796,1.0000000000000002,3.5257903906389836,-3.5606391265217106,190.43528018234394
179.88177850981185,13.17836045933731,1.0000000000000004,3.5246851741202634,-3.56122244693589,190.43768476697582
179.89188670784873,13.182305674811207,1.0000000000000004,3.523580061541466,-3.561803518165844,190.4401273136431
179.9019960498017,13.186245949871033,1.0000000000000004,3.5224750536604152,-3.562382332810131,190.44260794586734
179.91210653934985,13.1901812615207,1.0000000000000004,3.5213701512361233,-3.5629588834673385,190.44512678716995
179.92221818016844,13.194111586763519,1.0000000000000004,3.5202653550288723,-3.5635331627361175,190.44768396107256
179.93233097592918,13.198036902602174,1.0000000000000004,3.519160665800177,-3.564105163215131,190.45027959109672
179.94244493030004,13.201957186038731,1.0000000000000004,3.5180560843128164,-3.564674877503072,190.4529138007638
179.95256004694534,13.205872414074644,1.0000000000000002,3.5169516113308124,-3.565242298198691,190.4555867135955
179.96267632952564,13.209782563710752,1.0000000000000002,3.515847247619461,-3.5658074179007535,190.45829845311323
179.97279378169785,13.21368761194726,1.0000000000000002,3.514742993945306,-3.5663702292080535,190.4610491428386
179.98291240711524,13.217587535783776,1.0000000000000004,3.5136388510761116,-3.566930724719441,190.4638389062931
179.99303220942727,13.221482312219281,1.0000000000000004,3.5125348197809703,-3.567488897033786,190.46666786699822
180.0031531922798,13.225371918252138,1.0000000000000002,3.511430900830166,-3.568044738749995,190.46953614847544
180.01327535931492,13.229256330880094,1.0000000000000004,3.510327094995284,-3.5685982424670017,190.47244387424647
180.02339871417107,13.233135527100279,1.0000000000000004,3.5092234030491505,-3.56914940078378,190.47539116783267
180.03352326048292,13.237009483909208,1.0000000000000004,3.50811982576585,-3.56969820629934,190.4783781527555
180.04364900188145,13.240878178302772,1.0000000000000002,3.5070163639207883,-3.570244651612719,190.4814049525368
180.05377594199396,13.24474158727625,1.0000000000000004,3.5059130182905633,-3.5707887293229863,190.4844716906977
180.06390408444395,13.248599687824303,1.0000000000000004,3.5048097896530734,-3.5713304320292467,190.48757849075997
180.07403343285122,13.252452456940969,1.0000000000000004,3.503706678787514,-3.5718697523306364,190.49072547624507
180.0841639908319,13.256299871619685,1.0000000000000004,3.502603686474294,-3.5724066828263377,190.49391277067448
180.09429576199832,13.260141908853244,1.0000000000000004,3.5015008134951593,-3.5729412161155354,190.49714049756983
180.1044287499591,13.26397854563385,1.0000000000000004,3.500398060633055,-3.5734733447974785,190.5004087804526
180.11456295831914,13.267809758953069,1.0000000000000004,3.499295428672292,-3.5740030614714327,190.50371774284434
180.12469839067953,13.271635525801855,1.0000000000000004,3.4981929183983755,-3.5745303587366966,190.50706750826637
180.13483505063772,13.275455823170555,1.0000000000000002,3.497090530598138,-3.575055229192605,190.51045820024044
180.14497294178727,13.279270628048879,1.0000000000000004,3.495988266059684,-3.5755776654385194,190.51388994228805
180.1551120677182,13.283079917425939,1.0000000000000004,3.4948861255723704,-3.576097660073841,190.5173628579307
180.1652524320165,13.286883668290224,1.0000000000000004,3.49378410992689,-3.576615205697995,190.52087707068983
180.17539403826464,13.29068185762959,1.0000000000000007,3.492682219915151,-3.577130294910442,190.524432704087
180.18553689004116,13.294474462431298,1.0000000000000007,3.4915804563304276,-3.577642920310679,190.5280298816439
180.19568099092098,13.298261459681981,1.0000000000000007,3.490478819967225,-3.5781530744982275,190.53166872688183
180.20582634447507,13.302042826367659,1.0000000000000004,3.489377311621367,-3.578660750072644,190.53534936332238
180.21597295427085,13.305818539473723,1.0000000000000007,3.4882759320899264,-3.579165939633512,190.53907191448718
180.22612082387172,13.309588575984963,1.0000000000000007,3.4871746821713194,-3.5796686357804592,190.54283650389763
180.23626995683753,13.313352912885538,1.0000000000000004,3.486073562665221,-3.580168831113123,190.5466432550752
180.24642035672412,13.317111527158998,1.0000000000000007,3.484972574372641,-3.5806665182311885,190.5504922915416
180.25657202708373,13.320864395788272,1.0000000000000007,3.4838717180958243,-3.5811616897343708,190.55438373681827
180.26672497146473,13.324611495755672,1.0000000000000004,3.4827709946383623,-3.581654338222413,190.5583177144267
180.27687919341167,13.328352804042893,1.0000000000000007,3.4816704048051403,-3.582144456295084,190.56229434788844
180.28703469646535,13.332088297631012,1.0000000000000007,3.4805699494023243,-3.582632036552191,190.56631376072497
180.29719148416277,13.335817953500493,1.0000000000000004,3.4794696292373963,-3.5831170715935707,190.57037607645793
180.307349560037,13.339541748631174,1.0000000000000007,3.4783694451191636,-3.5835995540190844,190.57448141860877
180.31750892761752,13.343259660002282,1.0000000000000004,3.477269397857694,-3.5840794764286317,190.57862991069894
180.3276695904298,13.346971664592424,1.0000000000000007,3.476169488264414,-3.5845568314221365,190.58282167625012
180.3378315519956,13.350677739379595,1.0000000000000007,3.4750697171520075,-3.5850316115995513,190.58705683878364
180.3479948158328,13.354377861341167,1.0000000000000007,3.4739700853345052,-3.5855038095608744,190.59133552182124
180.35815938545554,13.35807200745389,1.0000000000000007,3.472870593627242,-3.585973417906109,190.59565784888431
180.36832526437402,13.36176015469391,1.0000000000000007,3.4717712428468754,-3.5864404292353154,190.6000239434944
180.37849245609468,13.36544228003674,1.0000000000000007,3.4706720338113324,-3.586904836148558,190.604433929173
180.3886609641201,13.369118360457295,1.0000000000000007,3.4695729673399347,-3.5873666312459527,190.60888792944164
180.39883079194905,13.372788372929845,1.0000000000000007,3.4684740442532487,-3.5878258071276274,190.61338606782198
180.40900194307645,13.37645229442807,1.0000000000000004,3.4673752653732035,-3.5882823563937505,190.6179284678354
180.4191744209933,13.380110101925023,1.0000000000000004,3.46627663152304,-3.5887362716445184,190.6225152530034
180.42934822918684,13.383761772393134,1.0000000000000007,3.4651781435273215,-3.5891875454801587,190.62714654684765
180.43952337114044,13.387407282804213,1.0000000000000007,3.4640798022119235,-3.589636170500915,190.63182247288955
180.44969985033356,13.391046610129472,1.0000000000000007,3.4629816084040925,-3.590082139307076,190.63654315465072
180.45987767024187,13.394679731339483,1.0000000000000007,3.46188356293234,-3.590525444498957,190.64130871565246
180.4700568343371,13.398306623404217,1.0000000000000007,3.4607856666265535,-3.590966078676897,190.64611927941664
180.48023734608722,13.401927263293011,1.0000000000000004,3.459687920317923,-3.5914040344412594,190.65097496946453
180.49041920895615,13.405541627974603,1.0000000000000007,3.4585903248390193,-3.5918393043924493,190.6558759093177
180.50060242640416,13.409149694417101,1.0000000000000004,3.457492881023668,-3.592271881130893,190.6608222224977
180.51078700188742,13.412751439588002,1.0000000000000009,3.4563955897071117,-3.5927017572570454,190.66581403252619
