galstreams/tracks/track.st.Gaia-8.ibata2021.ecsv
# %ECSV 0.9
# ---
# datatype:
# - {name: ra, unit: deg, datatype: float64}
# - {name: dec, unit: deg, datatype: float64}
# - {name: distance, unit: kpc, datatype: float64}
# - {name: pm_ra_cosdec, unit: mas / yr, datatype: float64}
# - {name: pm_dec, unit: mas / yr, datatype: float64}
# - {name: radial_velocity, unit: km / s, datatype: float64}
# delimiter: ','
# meta: !!omap
# - __serialized_columns__:
#     dec:
#       __class__: astropy.coordinates.angles.Latitude
#       unit: &id001 !astropy.units.Unit {unit: deg}
#       value: !astropy.table.SerializedColumn {name: dec}
#     distance:
#       __class__: astropy.coordinates.distances.Distance
#       unit: !astropy.units.Unit {unit: kpc}
#       value: !astropy.table.SerializedColumn {name: distance}
#     pm_dec:
#       __class__: astropy.units.quantity.Quantity
#       unit: !astropy.units.Unit {unit: mas / yr}
#       value: !astropy.table.SerializedColumn {name: pm_dec}
#     pm_ra_cosdec:
#       __class__: astropy.units.quantity.Quantity
#       unit: !astropy.units.Unit {unit: mas / yr}
#       value: !astropy.table.SerializedColumn {name: pm_ra_cosdec}
#     ra:
#       __class__: astropy.coordinates.angles.Longitude
#       unit: *id001
#       value: !astropy.table.SerializedColumn {name: ra}
#       wrap_angle: !astropy.coordinates.Angle
#         unit: *id001
#         value: 360.0
#     radial_velocity:
#       __class__: astropy.units.quantity.Quantity
#       unit: !astropy.units.Unit {unit: km / s}
#       value: !astropy.table.SerializedColumn {name: radial_velocity}
# schema: astropy-2.0
ra,dec,distance,pm_ra_cosdec,pm_dec,radial_velocity
[from data line 827]
189.3321749403888,-20.514799554667526,6.984319079686509,-9.553538927103176,-8.61777599896405,1.6841534259744677e-13
189.34062364359605,-20.50868650852301,6.984560336029323,-9.554139918534718,-8.618129590262992,2.694645481559148e-13
189.34907112383152,-20.50257239930485,6.984802579545713,-9.554741783281761,-8.618483050666008,2.3578147963642546e-13
189.35751738351775,-20.496457229926072,6.985045806587812,-9.555344513409498,-8.618836377092293,1.6841534259744677e-13
189.36596242507753,-20.490341003299168,6.9852900135077505,-9.555948100983876,-8.619189566459246,1.8525687685719145e-13
189.37440625093404,-20.484223722336132,6.98553519665766,-9.556552538071593,-8.619542615682477,2.3578147963642546e-13
189.3828488635108,-20.478105389948414,6.985781352389674,-9.557157816740114,-8.619895521675819,1.515738083377021e-13
189.39129026523153,-20.471986009046933,6.9860284770559185,-9.557763929057655,-8.620248281351302,1.1789073981821273e-13
189.39973045852025,-20.465865582542172,6.986276567008532,-9.558370867093187,-8.620600891619173,1.347322740779574e-13
189.4081694458014,-20.459744113344,6.986525618599644,-9.558978622916435,-8.620953349387904,2.3578147963642546e-13
189.4166072294997,-20.45362160436182,6.986775628181383,-9.559587188597883,-8.621305651564185,2.3578147963642546e-13
189.42504381204012,-20.447498058504493,6.987026592105883,-9.56019655620876,-8.621657795052924,2.694645481559148e-13
189.43347919584798,-20.441373478680372,6.987278506725273,-9.560806717821063,-8.622009776757249,1.6841534259744677e-13
189.44191338334886,-20.43524786779729,6.987531368391689,-9.56141766550753,-8.622361593578509,1.6841534259744677e-13
189.45034637696867,-20.429121228762586,6.98778517345726,-9.56202939134166,-8.622713242416284,1.515738083377021e-13
189.45877817913367,-20.422993564483015,6.988039918274119,-9.5626418873977,-8.623064720168383,1.515738083377021e-13
189.4672087922703,-20.416864877864942,6.98829559919439,-9.563255145750658,-8.62341602373084,1.8525687685719145e-13
189.4756382188054,-20.41073517181411,6.988552212570215,-9.563869158476281,-8.623767149997919,2.020984111169361e-13
189.4840664611661,-20.40460444923578,6.98880975475372,-9.564483917651083,-8.624118095862123,2.020984111169361e-13
189.4924935217798,-20.398472713034693,6.989068222097039,-9.565099415352323,-8.624468858214177,1.347322740779574e-13
189.5009194030742,-20.39233996611508,6.989327610952301,-9.565715643658004,-8.62481943394306,1.8525687685719145e-13
189.50934410747735,-20.38620621138067,6.989587917671639,-9.566332594646894,-8.625169819935971,1.515738083377021e-13
189.51776763741756,-20.380071451734633,6.989849138607184,-9.566950260398503,-8.625520013078367,1.515738083377021e-13
189.5261899953234,-20.37393569007973,6.990111270111065,-9.567568632993094,-8.625870010253927,1.8525687685719145e-13
189.53461118362372,-20.36779892931811,6.9903743085354195,-9.568187704511686,-8.626219808344585,1.515738083377021e-13
189.5430312047478,-20.361661172351436,6.990638250232376,-9.568807467036029,-8.626569404230516,2.694645481559148e-13
189.5514500611251,-20.35552242208088,6.990903091554062,-9.56942791264865,-8.626918794790154,1.347322740779574e-13
189.5598677551854,-20.349382681407075,6.991168828852617,-9.570049033432797,-8.627267976900153,2.020984111169361e-13
189.5682842893588,-20.343241953230176,6.991435458480165,-9.570670821472488,-8.627616947435447,2.1893994537668078e-13
189.57669966607568,-20.337100240449764,6.991702976788842,-9.571293268852482,-8.627965703269213,2.5262301389617017e-13
189.58511388776662,-20.330957545965035,6.991971380130778,-9.571916367658284,-8.628314241272868,1.8525687685719145e-13
189.5935269568626,-20.324813872674543,6.992240664858105,-9.57254010997615,-8.628662558316092,2.1893994537668078e-13
189.6019388757949,-20.318669223476412,6.9925108273229535,-9.573164487893083,-8.629010651266835,2.1893994537668078e-13
189.61034964699505,-20.312523601268218,6.992781863877457,-9.573789493496824,-8.629358516991289,1.347322740779574e-13
189.61875927289478,-20.306377008947056,6.993053770873744,-9.574415118875885,-8.629706152353913,2.3578147963642546e-13
189.62716775592634,-20.300229449409482,6.99332654466395,-9.575041356119502,-8.630053554217435,1.0104920555846805e-13
189.63557509852197,-20.294080925551587,6.993600181600203,-9.575668197317663,-8.630400719442829,2.020984111169361e-13
189.64398130311451,-20.287931440268874,6.9938746780346355,-9.576295634561106,-8.630747644889356,1.347322740779574e-13
189.6523863721368,-20.281780996456487,6.994150030319381,-9.57692365994131,-8.631094327414516,2.3578147963642546e-13
189.66079030802211,-20.275629597008926,6.994426234806568,-9.577552265550501,-8.631440763874114,1.515738083377021e-13
189.66919311320402,-20.269477244820234,6.99470328784833,-9.578181443481657,-8.631786951122196,1.8525687685719145e-13
189.6775947901163,-20.26332394278396,6.994981185796798,-9.578811185828489,-8.6321328860111,1.8525687685719145e-13
189.6859953411931,-20.257169693793113,6.995259925004104,-9.579441484685457,-8.632478565391422,2.020984111169361e-13
189.69439476886876,-20.25101450074025,6.995539501822377,-9.580072332147767,-8.632823986112044,2.3578147963642546e-13
189.702793075578,-20.24485836651737,6.995819912603753,-9.580703720311364,-8.633169145020126,2.020984111169361e-13
189.71119026375578,-20.23870129401597,6.996101153700359,-9.58133564127294,-8.633514038961103,2.1893994537668078e-13
189.71958633583722,-20.232543286127136,6.9963832214643285,-9.581968087129939,-8.63385866477869,2.020984111169361e-13
189.72798129425792,-20.22638434574133,6.996666112247794,-9.58260104998053,-8.634203019314885,2.1893994537668078e-13
189.7363751414536,-20.22022447574858,6.996949822402886,-9.583234521923638,-8.634547099409975,1.8525687685719145e-13
189.74476787986043,-20.2140636790384,6.997234348281735,-9.583868495058919,-8.634890901902525,1.0104920555846805e-13
189.75315951191462,-20.20790195849977,6.997519686236474,-9.584502961486773,-8.635234423629392,1.8525687685719145e-13
189.7615500400529,-20.201739317021218,6.9978058326192345,-9.585137913308358,-8.635577661425728,1.347322740779574e-13
189.76993946671215,-20.195575757490708,6.998092783782147,-9.585773342625552,-8.635920612124963,2.5262301389617017e-13
189.77832779432947,-20.189411282795806,6.998380536077344,-9.58640924154099,-8.636263272558834,2.1893994537668078e-13
189.78671502534235,-20.183245895823486,6.998669085856958,-9.58704560215803,-8.636605639557352,2.1893994537668078e-13
189.7951011621885,-20.177079599460246,6.998958429473117,-9.587682416580783,-8.63694770994885,1.515738083377021e-13
189.80348620730595,-20.170912396592094,6.999248563277955,-9.588319676914104,-8.637289480559936,1.347322740779574e-13
189.8118701631329,-20.164744290104537,6.999539483623605,-9.588957375263574,-8.637630948215525,2.3578147963642546e-13
189.82025303210796,-20.158575282882573,6.999831186862194,-9.589595503735517,-8.637972109738838,1.8525687685719145e-13
189.82863481666996,-20.152405377810684,7.000123669345857,-9.590234054437005,-8.638312961951401,1.8525687685719145e-13
189.83701551925787,-20.14623457777294,7.000416927426725,-9.590873019475838,-8.638653501673021,1.6841534259744677e-13
189.8453951423111,-20.14006288565283,7.0007109574569295,-9.591512390960563,-8.638993725721836,2.020984111169361e-13
189.85377368826929,-20.133890304333352,7.0010057557886025,-9.592152161000456,-8.639333630914276,1.0104920555846805e-13
189.8621511595723,-20.127716836697044,7.001301318773873,-9.592792321705543,-8.639673214065096,1.8525687685719145e-13
189.8705275586603,-20.121542485625906,7.001597642764875,-9.593432865186571,-8.640012471987344,1.8525687685719145e-13
189.8789028879737,-20.115367254001484,7.0018947241137415,-9.594073783555036,-8.640351401492389,2.1893994537668078e-13
189.88727714995326,-20.1091911447048,7.002192559172597,-9.594715068923174,-8.640689999389915,1.6841534259744677e-13
189.89565034703995,-20.103014160616357,7.002491144293581,-9.595356713403937,-8.64102826248792,1.6841534259744677e-13
189.90402248167484,-20.096836304616254,7.002790475828822,-9.595998709111036,-8.641366187592709,1.347322740779574e-13
189.91239355629955,-20.09065757958402,7.003090550130451,-9.596641048158912,-8.641703771508922,2.3578147963642546e-13
189.92076357335577,-20.084477988398685,7.003391363550599,-9.597283722662736,-8.642041011039513,2.020984111169361e-13
189.9291325352856,-20.078297533938834,7.003692912441399,-9.597926724738414,-8.642377902985759,1.515738083377021e-13
189.93750044453122,-20.07211621908251,7.003995193154981,-9.59857004650259,-8.642714444147249,1.8525687685719145e-13
189.94586730353527,-20.065934046707294,7.004298202043478,-9.599213680072646,-8.643050631321916,1.6841534259744677e-13
189.95423311474053,-20.05975101969023,7.004601935459024,-9.599857617566684,-8.643386461306006,1.1789073981821273e-13
189.96259788059,-20.05356714090797,7.004906389753744,-9.600501851103568,-8.643721930894099,1.515738083377021e-13
189.97096160352706,-20.047382413236587,7.005211561279773,-9.601146372802859,-8.644057036879103,2.020984111169361e-13
189.97932428599532,-20.041196839551674,7.005517446389243,-9.60179117478488,-8.644391776052256,1.8525687685719145e-13
189.98768593043857,-20.03501042272835,7.005824041434285,-9.602436249170683,-8.64472614520314,2.020984111169361e-13
189.99604653930095,-20.028823165641242,7.006131342767031,-9.603081588082036,-8.645060141119652,1.8525687685719145e-13
190.00440611502685,-20.02263507116447,7.006439346739613,-9.603727183641453,-8.645393760588043,1.0104920555846805e-13
190.0127646600608,-20.016446142171688,7.006748049704159,-9.604373027972189,-8.645727000392892,1.8525687685719145e-13
190.02112217684785,-20.01025638153602,7.007057448012804,-9.605019113198198,-8.64605985731713,2.3578147963642546e-13
190.02947866783296,-20.00406579213018,7.007367538017679,-9.6056654314442,-8.646392328142005,1.347322740779574e-13
190.03783413546157,-19.99787437682633,7.0076783160709155,-9.606311974835641,-8.646724409647135,1.1789073981821273e-13
190.04618858217933,-19.99168213849615,7.007989778524643,-9.606958735498669,-8.647056098610458,8.420767129872338e-14
190.05454201043216,-19.985489080010833,7.008301921730997,-9.607605705560204,-8.647387391808278,1.6841534259744677e-13
190.06289442266618,-19.9792952042411,7.008614742042106,-9.608252877147857,-8.647718286015234,1.515738083377021e-13
190.0712458213278,-19.973100514057176,7.008928235810101,-9.60890024239,-8.648048778004318,1.515738083377021e-13
190.07959620886376,-19.966905012328766,7.009242399387117,-9.609547793415718,-8.648378864546878,2.1893994537668078e-13
190.08794558772087,-19.96070870192519,7.00955722912528,-9.610195522354829,-8.648708542412598,1.6841534259744677e-13
190.0962939603463,-19.95451158571517,7.009872721376726,-9.610843421337885,-8.649037808369533,2.020984111169361e-13
190.10464132918744,-19.948313666567,7.010188872493584,-9.611491482496158,-8.64936665918408,2.1893994537668078e-13
190.11298769669204,-19.94211494734846,7.01050567882799,-9.612139697961652,-8.649695091621005,1.347322740779574e-13
190.12133306530794,-19.935915430926887,7.010823136732069,-9.612788059867103,-8.65002310244342,2.1893994537668078e-13
190.12967743748334,-19.929715120169085,7.011141242557958,-9.61343656034597,-8.650350688412805,1.8525687685719145e-13
190.13802081566666,-19.923514017941372,7.011459992657785,-9.614085191532435,-8.650677846289003,2.1893994537668078e-13
190.1463632023065,-19.91731212710967,7.0117793833836854,-9.61473394556142,-8.651004572830203,1.6841534259744677e-13
190.15470459985178,-19.911109450539325,7.012099411087784,-9.61538281456857,-8.651330864792985,2.020984111169361e-13
190.16304501075166,-19.904905991095227,7.012420072122217,-9.61603179069025,-8.651656718932278,2.020984111169361e-13
190.17138443745554,-19.89870175164178,7.012741362839118,-9.616680866063554,-8.651982132001372,1.347322740779574e-13
190.17972288241305,-19.892496735042926,7.013063279590614,-9.617330032826302,-8.65230710075195,1.1789073981821273e-13
190.18806034807403,-19.8862909441621,7.01338581872884,-9.61797928311704,-8.652631621934034,1.6841534259744677e-13
190.19639683688868,-19.880084381862268,7.013708976605923,-9.618628609075046,-8.652955692296052,2.1893994537668078e-13
190.20473235130743,-19.873877051005874,7.0140327495740005,-9.619278002840307,-8.65327930858478,1.6841534259744677e-13
190.2130668937807,-19.867668954455002,7.014357133985199,-9.619927456553555,-8.653602467545378,2.3578147963642546e-13
190.22140046675952,-19.861460095071134,7.014682126191653,-9.62057696235623,-8.653925165921383,1.1789073981821273e-13
190.2297330726949,-19.855250475715312,7.015007722545492,-9.621226512390509,-8.654247400454713,8.420767129872338e-14
190.2380647140382,-19.84904009924811,7.015333919398849,-9.621876098799278,-8.654569167885658,1.515738083377021e-13
190.246395393241,-19.84282896852959,7.0156607131038555,-9.622525713726157,-8.654890464952892,1.1789073981821273e-13
190.25472511275512,-19.83661708641938,7.015988100012641,-9.623175349315495,-8.65521128839348,1.8525687685719145e-13
190.26305387503268,-19.830404455776556,7.01631607647734,-9.623824997712344,-8.655531634942859,1.8525687685719145e-13
190.27138168252588,-19.824191079459847,7.016644638850083,-9.624474651062496,-8.655851501334856,2.1893994537668078e-13
190.2797085376873,-19.817976960327385,7.016973783483001,-9.62512430151246,-8.656170884301694,1.515738083377021e-13
190.28803444296972,-19.811762101236866,7.017303506728224,-9.625773941209477,-8.65648978057397,1.0104920555846805e-13
190.29635940082613,-19.805546505045513,7.017633804937886,-9.626423562301484,-8.65680818688068,1.0104920555846805e-13
190.3046834137098,-19.799330174610052,7.017964674464117,-9.627073156937165,-8.657126099949206,1.8525687685719145e-13
190.3130064840742,-19.793113112786763,7.018296111659049,-9.627722717265911,-8.657443516505333,1.515738083377021e-13
190.32132861437307,-19.786895322431423,7.018628112874816,-9.628372235437842,-8.657760433273232,1.347322740779574e-13
190.32964980706035,-19.780676806399317,7.0189606744635435,-9.629021703603792,-8.658076846975476,2.1893994537668078e-13
190.33797006459022,-19.774457567545358,7.019293792777369,-9.629671113915318,-8.658392754333024,1.8525687685719145e-13
190.34628938941708,-19.768237608723865,7.019627464168421,-9.630320458524706,-8.65870815206525,2.1893994537668078e-13
190.35460778399565,-19.76201693278874,7.019961684988832,-9.63096972958494,-8.659023036889916,1.515738083377021e-13
190.36292525078073,-19.75579554259339,7.020296451590733,-9.63161891924975,-8.659337405523196,1.8525687685719145e-13
190.3712417922275,-19.74957344099076,7.020631760326255,-9.632268019673555,-8.659651254679657,1.8525687685719145e-13
190.37955741079134,-19.743350630833316,7.02096760754753,-9.632917023011522,-8.659964581072286,1.347322740779574e-13
190.38787210892775,-19.73712711497302,7.021303989606693,-9.63356592141952,-8.660277381412454,2.020984111169361e-13
190.3961858890926,-19.73090289626148,7.02164090285587,-9.634214707054138,-8.660589652409966,1.515738083377021e-13
190.40449875374188,-19.724677977549696,7.021978343647194,-9.634863372072687,-8.660901390773013,1.8525687685719145e-13
190.4128107053319,-19.71845236168825,7.0223163083327975,-9.635511908633196,-8.661212593208216,1.347322740779574e-13
190.42112174631913,-19.712226051527264,7.022654793264812,-9.636160308894404,-8.661523256420589,1.8525687685719145e-13
190.42943187916032,-19.70599904991636,7.02299379479537,-9.636808565015778,-8.661833377113583,1.6841534259744677e-13
190.43774110631242,-19.699771359704723,7.023333309276603,-9.637456669157487,-8.662142951989038,2.1893994537668078e-13
190.44604943023265,-19.693542983741,7.023673333060638,-9.63810461348043,-8.662451977747242,2.1893994537668078e-13
190.45435685337836,-19.687313924873504,7.024013862499613,-9.638752390146221,-8.662760451086866,1.515738083377021e-13
190.46266337820717,-19.68108418594995,7.024354893945653,-9.63939999131718,-8.66306836870503,1.6841534259744677e-13
