galstreams/tracks/track.st.NGC2808.ibata2021.ecsv
# %ECSV 0.9
# ---
# datatype:
# - {name: ra, unit: deg, datatype: float64}
# - {name: dec, unit: deg, datatype: float64}
# - {name: distance, unit: kpc, datatype: float64}
# - {name: pm_ra_cosdec, unit: mas / yr, datatype: float64}
# - {name: pm_dec, unit: mas / yr, datatype: float64}
# - {name: radial_velocity, unit: km / s, datatype: float64}
# delimiter: ','
# meta: !!omap
# - __serialized_columns__:
#     dec:
#       __class__: astropy.coordinates.angles.Latitude
#       unit: &id001 !astropy.units.Unit {unit: deg}
#       value: !astropy.table.SerializedColumn {name: dec}
#     distance:
#       __class__: astropy.coordinates.distances.Distance
#       unit: !astropy.units.Unit {unit: kpc}
#       value: !astropy.table.SerializedColumn {name: distance}
#     pm_dec:
#       __class__: astropy.units.quantity.Quantity
#       unit: !astropy.units.Unit {unit: mas / yr}
#       value: !astropy.table.SerializedColumn {name: pm_dec}
#     pm_ra_cosdec:
#       __class__: astropy.units.quantity.Quantity
#       unit: !astropy.units.Unit {unit: mas / yr}
#       value: !astropy.table.SerializedColumn {name: pm_ra_cosdec}
#     ra:
#       __class__: astropy.coordinates.angles.Longitude
#       unit: *id001
#       value: !astropy.table.SerializedColumn {name: ra}
#       wrap_angle: !astropy.coordinates.Angle
#         unit: *id001
#         value: 360.0
#     radial_velocity:
#       __class__: astropy.units.quantity.Quantity
#       unit: !astropy.units.Unit {unit: km / s}
#       value: !astropy.table.SerializedColumn {name: radial_velocity}
# schema: astropy-2.0
ra,dec,distance,pm_ra_cosdec,pm_dec,radial_velocity
[from data line 1783]
153.38611904240585,-69.9836471903464,7.399577776285142,2.9964299664824394,-0.2692084831751621,7.368171238638296e-15
153.40876937606282,-69.99025568579395,7.394671868975752,2.997615757719659,-0.26882861913844713,5.262979456170211e-16
153.4314291842296,-69.99686424221733,7.389758764292729,2.998808399029727,-0.2684481545430345,2.6314897280851058e-15
153.45409847624938,-70.00347286071099,7.384838465174668,3.00000789582373,-0.2680670797235419,5.2629794561702115e-15
153.4767772614864,-70.01008154236828,7.379910974560156,3.0012142535051143,-0.26768538499796446,5.262979456170211e-16
153.4994655493259,-70.0166902882815,7.374976295387782,3.002427477469655,-0.2673030606676504,6.315575347404253e-15
153.52216334917412,-70.02329909954175,7.370034430596132,3.003647573105435,-0.26692009701728864,-7.894469184255318e-15
153.54487067045847,-70.0299079772391,7.3650853831238,3.0048745457928185,-0.266536484314878,4.73668151055319e-15
153.56758752262746,-70.03651692246248,7.360129155909374,3.0061084009044325,-0.2661522128117263,9.47336302110638e-15
153.59031391515074,-70.04312593629966,7.355165751891437,3.007349143805137,-0.2657672727424162,-4.210383564936169e-15
153.61304985751931,-70.0497350198373,7.350195174008585,3.008596779852006,-0.26538165432479016,4.210383564936169e-15
153.6357953592453,-70.05634417416093,7.345217425199402,3.0098513143943015,-0.2649953477599352,2.1051917824680845e-15
153.65855042986217,-70.06295340035494,7.340232508402477,3.0111127527734456,-0.2646083432321614,5.2629794561702115e-15
153.6813150789248,-70.06956269950257,7.335240426556402,3.0123811003230063,-0.26422063090898046,4.73668151055319e-15
153.70408931600937,-70.07617207268589,7.3302411825997655,3.0136563623686636,-0.26383220094109205,1.5788938368510633e-15
153.72687315071357,-70.08278152098585,7.325234779471158,3.01493854422819,-0.263443043462358,6.8418732930212744e-15
153.7496665926565,-70.08939104548217,7.320221220109162,3.0162276512114286,-0.263053148589789,7.894469184255318e-15
153.7724696514788,-70.09600064725348,7.315200507452371,3.0175236886202605,-0.26266250642352124,-9.999660966723401e-15
153.79528233684266,-70.10261032737716,7.310172644439373,3.018826661748591,-0.2622711070467981,-4.210383564936169e-15
153.81810465843193,-70.10922008692944,7.305137634008758,3.0201365758823173,-0.26187894052595334,5.262979456170211e-16
153.840936625952,-70.1158299269854,7.300095479099113,3.021453436299306,-0.26148599691038654,5.262979456170211e-16
153.86377824913004,-70.12243984861884,7.295046182649028,3.0227772482693727,-0.26109226623255055,1.1578554803574466e-14
153.88662953771484,-70.12904985290244,7.289989747597091,3.02410801705425,-0.26069773850792555,1.3683746586042549e-14
153.90949050147705,-70.13565994090763,7.284926176881894,3.0254457479075696,-0.26030240373500313,6.8418732930212744e-15
153.93236115020915,-70.14227011370464,7.27985547344202,3.026790446074835,-0.25990625189526495,1.0525958912340423e-15
153.9552414937254,-70.14888037236254,7.274777640216064,3.028142116793396,-0.25950927295316595,1.0525958912340423e-15
153.978131541862,-70.15549071794904,7.269692680142609,3.0295007652924237,-0.2591114568561095,-5.262979456170211e-16
154.00103130447715,-70.16210115153078,7.264600596160249,3.0308663967928875,-0.25871279353443405,2.6314897280851058e-15
154.02394079145088,-70.16871167417303,7.259501391207572,3.0322390165075284,-0.2583132729013895,-1.5788938368510633e-15
154.0468600126854,-70.17532228693992,7.254395068223164,3.0336186296408374,-0.257912884853117,5.2629794561702115e-15
154.06978897810495,-70.18193299089427,7.249281630145617,3.035005241389022,-0.2575116192686311,6.8418732930212744e-15
154.09272769765585,-70.18854378709769,7.244161079913515,3.0363988569399942,-0.25710946600980156,7.368171238638296e-15
154.11567618130658,-70.1951546766105,7.2390334204654545,3.0377994814733302,-0.25670641492132806,4.73668151055319e-15
154.1386344390479,-70.20176566049179,7.233898654740017,3.0392071201602575,-0.2563024558307233,8.947065075489359e-15
154.16160248089275,-70.20837673979933,7.228756785675797,3.0406217781636244,-0.25589757854829664,3.684085619319148e-15
154.18458031687638,-70.21498791558967,7.223607816211382,3.042043460637873,-0.25549177286712427,1.2631150694808506e-14
154.20756795705634,-70.22159918891805,7.218451749285358,3.0434721727290177,-0.25508502856304294,7.368171238638296e-15
154.2305654115126,-70.2282105608384,7.213288587836316,3.0449079195746185,-0.25467733539461795,-2.1051917824680845e-15
154.25357269034757,-70.23482203240341,7.208118334802846,3.0463507063037505,-0.25426868310312745,-7.894469184255318e-15
154.2765898036861,-70.24143360466442,7.202940993123533,3.0478005380369866,-0.2538590614125402,1.0525958912340423e-14
154.29961676167554,-70.2480452786715,7.19775656573697,3.049257419886366,-0.2534484600295061,-3.1577876737021266e-15
154.3226535744858,-70.25465705547336,7.192565055581744,3.0507213569553686,-0.25303686864331487,1.473634247727659e-14
154.3457002523094,-70.26126893611746,7.187366465596445,3.0521923543388927,-0.2526242769258999,6.315575347404253e-15
154.36875680536153,-70.26788092164988,7.182160798719661,3.0536704171232247,-0.2522106745317967,1.0525958912340423e-14
154.39182324387997,-70.2744930131154,7.17694805788998,3.055155550386018,-0.2517960510981396,-2.6314897280851058e-15
154.4148995781254,-70.28110521155743,7.1717282460459915,3.056647759196259,-0.25138039624462494,5.789277401787233e-15
154.4379858183811,-70.28771751801808,7.166501366126288,3.0581470486142512,-0.25096369957350906,-2.1051917824680845e-15
154.46108197495332,-70.2943299335381,7.16126742106945,3.059653423691582,-0.25054595066957014,-5.2629794561702115e-15
154.4841880581711,-70.30094245915681,7.156026413814075,3.0611668894710986,-0.2501271391000997,-6.8418732930212744e-15
154.50730407838637,-70.30755509591233,7.15077834729875,3.0626874509868793,-0.24970725441487715,-8.420767129872338e-15
154.53043004597416,-70.31416784484126,7.1455232244620595,3.064215113264214,-0.24928628614614695,1.2631150694808506e-14
154.55356597133226,-70.32078070697891,7.1402610482425946,3.0657498813195665,-0.24886422380860662,5.262979456170211e-16
154.57671186488176,-70.32739368335916,7.134991821578948,3.067291760160558,-0.24844105689937404,9.999660966723401e-15
154.5998677370667,-70.33400677501453,7.129715547409702,3.068840754785939,-0.24801677489797827,3.684085619319148e-15
154.62303359835428,-70.34061998297615,7.124432228673449,3.0703968701855535,-0.24759136726632755,5.789277401787233e-15
154.6462094592349,-70.34723330827374,7.119141868308777,3.0719601113403274,-0.247164823448699,-2.6314897280851058e-15
154.66939533022224,-70.35384675193566,7.113844469254279,3.0735304832222257,-0.24673713287171026,2.6314897280851058e-15
154.69259122185315,-70.36046031498877,7.108540034448538,3.07510799079424,-0.24630828494430274,-4.210383564936169e-15
154.7157971446879,-70.3670739984586,7.103228566830146,3.0766926390103486,-0.245878269057716,-4.73668151055319e-15
154.73901310931006,-70.37368780336921,7.097910069337691,3.0782844328155012,-0.24544707458547393,-1.2631150694808506e-14
154.76223912632673,-70.38030173074323,7.092584544909761,3.0798833771455842,-0.24501469088335553,6.8418732930212744e-15
154.78547520636826,-70.38691578160187,7.087251996484946,3.0814894769273944,-0.2445811072893841,-9.999660966723401e-15
154.80872136008873,-70.3935299569649,7.0819124270018365,3.0831027370786135,-0.24414631312378993,-4.73668151055319e-15
154.83197759816565,-70.40014425785061,7.076565839399021,3.08472316250778,-0.24371029768900618,8.420767129872338e-15
154.8552439313001,-70.40675868527588,7.071212236615085,3.0863507581142633,-0.24327305026964105,-4.73668151055319e-15
154.87852037021693,-70.41337324025609,7.065851621588619,3.0879855287882343,-0.24283456013245028,-5.2629794561702115e-15
154.90180692566463,-70.41998792380518,7.060483997258215,3.089627479410639,-0.2423948165263231,5.789277401787233e-15
154.92510360841536,-70.42660273693558,7.055109366562454,3.0912766148531703,-0.24195380868226266,-5.262979456170211e-16
154.94841042926515,-70.43321768065829,7.049727732439934,3.0929329399782364,-0.24151152581335714,-3.684085619319148e-15
154.97172739903382,-70.43983275598275,7.044339097829239,3.0945964596389435,-0.24106795711476206,1.0525958912340423e-15
154.9950545285651,-70.44644796391697,7.038943465668961,3.0962671786790588,-0.2406230917636813,9.47336302110638e-15
155.0183918287266,-70.45306330546747,7.033540838897686,3.097945101932981,-0.24017691891934076,-1.5788938368510633e-15
155.04173931040998,-70.45967878163918,7.028131220454002,3.099630234225726,-0.23972942772296973,-1.5788938368510633e-15
155.06509698453084,-70.46629439343558,7.022714613276501,3.1013225803728783,-0.23928060729777845,-8.947065075489359e-15
155.08846486202896,-70.47291014185863,7.017291020303768,3.103022145180585,-0.23883044674893456,1.5788938368510633e-15
155.11184295386806,-70.47952602790872,7.011860444474395,3.1047289334455064,-0.23837893516354602,1.1578554803574466e-14
155.13523127103616,-70.48614205258478,7.006422888726972,3.106442949954803,-0.23792606161063737,4.210383564936169e-15
155.15862982454547,-70.4927582168841,7.000978356000088,3.1081641994861036,-0.23747181514112337,3.684085619319148e-15
155.18203862543248,-70.49937452180254,6.995526849232326,3.109892686807474,-0.23701618478779068,-1.0525958912340423e-15
155.20545768475787,-70.5059909683343,6.990068371362279,3.111628416677385,-0.23655915956528029,-7.368171238638296e-15
155.22888701360682,-70.51260755747208,6.984602925328536,3.1133713938446954,-0.23610072847005492,-4.73668151055319e-15
155.25232662308886,-70.519224290207,6.979130514069686,3.1151216230486116,-0.235640880480389,-2.1051917824680845e-15
155.27577652433789,-70.5258411675286,6.973651140524318,3.1168791090186683,-0.23517960455633802,-2.6314897280851058e-15
155.29923672851245,-70.53245819042486,6.968164807631021,3.1186438564746886,-0.2347168896397186,5.2629794561702115e-15
155.3227072467955,-70.53907535988213,6.962671518328382,3.1204158701267675,-0.23425272465409203,-7.894469184255318e-15
155.3461880903947,-70.54569267688522,6.957171275554991,3.1221951546752367,-0.2337870985047287,-3.1577876737021266e-15
155.3696792705423,-70.55231014241733,6.951664082249437,3.1239817148106304,-0.23332000007859746,3.1577876737021266e-15
155.3931807984952,-70.55892775746,6.94614994135031,3.125775555213668,-0.23285141824434447,3.684085619319148e-15
155.41669268553514,-70.5655455229932,6.940628855796196,3.1275766805552148,-0.2323813418522616,-2.1051917824680845e-15
155.44021494296854,-70.57216343999532,6.9351008285256865,3.1293850954962554,-0.2319097597342692,-6.8418732930212744e-15
155.4637475821268,-70.57878150944302,6.929565862477372,3.1312008046878708,-0.23143666070389304,9.47336302110638e-15
155.48729061436606,-70.5853997323114,6.924023960589837,3.133023812771197,-0.23096203355624267,4.73668151055319e-15
155.51084405106747,-70.59201810957391,6.9184751258016695,3.1348541243774077,-0.2304858670679904,-6.578724320212764e-15
155.53440790363717,-70.59863664220237,6.912919361051462,3.136691744127674,-0.23000814999734084,-1.2104852749191486e-14
155.55798218350637,-70.60525533116687,6.907356669277805,3.138536676633142,-0.22952887108401762,-3.4209366465106372e-15
155.58156690213121,-70.61187417743592,6.901787053419284,3.1403889264949,-0.22904801904923797,-5.789277401787233e-15
155.60516207099315,-70.61849318197632,6.896210516414488,3.14224849830395,-0.22856558259568388,-5.2629794561702115e-15
155.62876770159872,-70.6251123457532,6.890627061202009,3.1441153966411775,-0.22808155040749278,-9.47336302110638e-15
155.65238380547973,-70.63173166973002,6.8850366907204315,3.1459896260773177,-0.22759591115021566,-2.368340755276595e-15
155.67601039419327,-70.63835115486854,6.879439407908347,3.147871191172935,-0.22710865347081277,-1.842042809659574e-15
155.69964747932173,-70.64497080212885,6.873835215704342,3.1497600964783774,-0.22661976599762212,-9.47336302110638e-15
155.7232950724729,-70.65159061246928,6.868224117047009,3.1516563465337653,-0.2261292373403309,-8.683916102680848e-15
155.74695318528003,-70.6582105868465,6.862606114874934,3.1535599458689445,-0.2256370560899655,-5.789277401787233e-15
155.77062182940182,-70.66483072621543,6.856981212126709,3.1554708990034657,-0.22514321081885758,7.8944691842553165e-16
155.79430101652247,-70.6714510315293,6.85134941174092,3.1573892104465457,-0.224647690080628,-1.1315405830765954e-14
155.81799075835187,-70.6780715037396,6.845710716656158,3.1593148846970496,-0.22415048241015628,-4.210383564936169e-15
155.8416910666254,-70.68469214379606,6.8400651298110065,3.161247926243448,-0.22365157632356658,8.420767129872338e-15
155.86540195310428,-70.69131295264667,6.834412654144061,3.1631883395637903,-0.22315096031819456,-5.789277401787233e-15
155.88912342957536,-70.69793393123771,6.828753292593909,3.1651361291256723,-0.22264862287257167,-6.8418732930212744e-15
155.9128555078513,-70.70455508051361,6.823087048099136,3.167091299386213,-0.22214455244639827,5.789277401787233e-15
155.93659819977057,-70.71117640141715,6.817413923598335,3.169053854792014,-0.22163873748052237,9.47336302110638e-15
155.96035151719752,-70.71779789488923,6.811733922030094,3.1710237997791286,-0.22113116639691616,-8.157618157063828e-15
155.9841154720226,-70.72441956186904,6.806047046332997,3.173001138773043,-0.2206218275986428,8.420767129872338e-15
156.00789007616203,-70.73104140329394,6.800353299445638,3.1749858761886265,-0.22011070946985223,-6.8418732930212744e-15
156.03167534155816,-70.73766342009952,6.794652684306608,3.176978016430114,-0.21959780037573698,-4.73668151055319e-15
156.05547128017946,-70.74428561321956,6.788945203854487,3.178977563891071,-0.21908308866252524,-1.5788938368510633e-15
156.07927790402047,-70.75090798358603,6.7832308610278735,3.1809845229543625,-0.21856656265744626,-2.6314897280851057e-16
156.10309522510204,-70.75753053212908,6.777509658765352,3.182998897992112,-0.21804821066870966,-1.3157448640425529e-15
156.12692325547113,-70.76415325977703,6.771781600005513,3.1850206933656886,-0.2175280209854849,-1.3157448640425528e-14
156.1507620072011,-70.7707761674564,6.7660466876869405,3.1870499134256614,-0.21700598187786985,-8.157618157063828e-15
156.17461149239165,-70.7773992560918,6.760304924748228,3.1890865625117644,-0.2164820815968758,-2.6314897280851057e-16
156.19847172316878,-70.78402252660608,6.754556314127963,3.191130644952877,-0.2159563083743995,-7.1050222658297854e-15
156.2223427116851,-70.79064597992019,6.748800858764737,3.1931821650669834,-0.21542865042319634,-7.1050222658297854e-15
156.24622447011959,-70.79726961695322,6.7430385615971336,3.1952411271611445,-0.21489909593685938,-1.1841703776382976e-14
156.27011701067784,-70.80389343862241,6.737269425563746,3.1973075355314613,-0.21436763308979737,-1.1578554803574466e-14
156.2940203455921,-70.81051744584308,6.7314934536031625,3.1993813944630487,-0.2138342500372029,-9.47336302110638e-15
156.3179344871212,-70.81714163952874,6.725710648653971,3.2014627082299962,-0.21329893491503668,3.947234592127659e-15
156.34185944755072,-70.82376602059095,6.719921013654761,3.203551481095337,-0.21276167584000186,-1.5262640422893612e-14
156.36579523919306,-70.83039058993938,6.71412455154412,3.205647717311027,-0.2122224609095109,-2.368340755276595e-15
156.38974187438734,-70.83701534848184,6.708321265260637,3.2077514211178872,-0.21168127820167343,-2.6314897280851058e-15
156.4136993654996,-70.84364029712417,6.702511157742902,3.2098625967455976,-0.21113811577526548,7.8944691842553165e-16
156.43766772492285,-70.8502654367703,6.696694231929507,3.2119812484126467,-0.21059296166970332,-1.2368001721999996e-14
156.46164696507702,-70.85689076832226,6.6908704907590355,3.214107380326308,-0.21004580390502264,-4.73668151055319e-15
156.48563709840906,-70.86351629268013,6.685039937170077,3.216240996682601,-0.2094966304818536,-1.1052256857957444e-14
156.50963813739313,-70.87014201074206,6.679202574101222,3.218382101666258,-0.2089454293813925,-5.2629794561702115e-15
