galstreams/tracks/track.st.Hermus.grillmair2014.ecsv
# %ECSV 1.0
# ---
# datatype:
# - {name: ra, unit: deg, datatype: float64}
# - {name: dec, unit: deg, datatype: float64}
# - {name: distance, unit: kpc, datatype: float64}
# - {name: pm_ra_cosdec, unit: mas / yr, datatype: float64}
# - {name: pm_dec, unit: mas / yr, datatype: float64}
# - {name: radial_velocity, unit: km / s, datatype: float64}
# delimiter: ','
# meta: !!omap
# - __serialized_columns__:
#     dec:
#       __class__: astropy.coordinates.angles.Latitude
#       unit: &id001 !astropy.units.Unit {unit: deg}
#       value: !astropy.table.SerializedColumn {name: dec}
#     distance:
#       __class__: astropy.coordinates.distances.Distance
#       unit: !astropy.units.Unit {unit: kpc}
#       value: !astropy.table.SerializedColumn {name: distance}
#     pm_dec:
#       __class__: astropy.units.quantity.Quantity
#       unit: !astropy.units.Unit {unit: mas / yr}
#       value: !astropy.table.SerializedColumn {name: pm_dec}
#     pm_ra_cosdec:
#       __class__: astropy.units.quantity.Quantity
#       unit: !astropy.units.Unit {unit: mas / yr}
#       value: !astropy.table.SerializedColumn {name: pm_ra_cosdec}
#     ra:
#       __class__: astropy.coordinates.angles.Longitude
#       unit: *id001
#       value: !astropy.table.SerializedColumn {name: ra}
#       wrap_angle: !astropy.coordinates.Angle
#         unit: *id001
#         value: 360.0
#     radial_velocity:
#       __class__: astropy.units.quantity.Quantity
#       unit: !astropy.units.Unit {unit: km / s}
#       value: !astropy.table.SerializedColumn {name: radial_velocity}
# schema: astropy-2.0
ra,dec,distance,pm_ra_cosdec,pm_dec,radial_velocity
[from data line 1888]
241.70821306451774,24.046200585330308,19.570658005408497,0.0,0.0,0.0
241.7070263446806,24.056268522350596,19.57099436943485,0.0,0.0,0.0
241.70584309999828,24.06633637402073,19.571330047146684,0.0,0.0,0.0
241.70466333103505,24.076404140404737,19.571665036711625,0.0,0.0,0.0
241.70348703835114,24.086471821566672,19.571999336312874,0.0,0.0,0.0
241.70231422250268,24.09653941757059,19.572332944149267,0.0,0.0,0.0
241.70114488404172,24.106606928480506,19.572665858435318,0.0,0.0,0.0
241.69997902351642,24.116674354360583,19.57299807740126,0.0,0.0,0.0
241.6988166414709,24.12674169527485,19.5733295992931,0.0,0.0,0.0
241.69765773844512,24.13680895128737,19.57366042237268,0.0,0.0,0.0
241.69650231497525,24.146876122462242,19.57399054491772,0.0,0.0,0.0
241.69535037159332,24.156943208863513,19.57431996522184,0.0,0.0,0.0
241.69420190882755,24.16701021055529,19.57464868159466,0.0,0.0,0.0
241.69305692720198,24.17707712760165,19.574976692361798,0.0,0.0,0.0
241.69191542723684,24.18714396006666,19.57530399586495,0.0,0.0,0.0
241.6907774094484,24.197210708014392,19.57563059046192,0.0,0.0,0.0
241.68964287434906,24.207277371508876,19.575956474526677,0.0,0.0,0.0
241.68851182244708,24.21734395061428,19.576281646449402,0.0,0.0,0.0
241.68738425424704,24.22741044539462,19.576606104636515,0.0,0.0,0.0
241.68626017024948,24.237476855913965,19.57692984751075,0.0,0.0,0.0
241.685139570951,24.247543182236342,19.5772528735112,0.0,0.0,0.0
241.6840224568445,24.257609424425805,19.57757518109332,0.0,0.0,0.0
241.68290882841885,24.26767558254639,19.57789676872902,0.0,0.0,0.0
241.68179868615908,24.277741656662126,19.57821763490669,0.0,0.0,0.0
241.6806920305463,24.287807646837017,19.578537778131267,0.0,0.0,0.0
241.67958886205798,24.297873553135062,19.578857196924222,0.0,0.0,0.0
241.67848918116752,24.307939375620215,19.579175889823667,0.0,0.0,0.0
241.6773929883446,24.31800511435655,19.57949385538437,0.0,0.0,0.0
241.67630028405515,24.328070769407983,19.579811092177795,0.0,0.0,0.0
241.675211068761,24.338136340838453,19.58012759879217,0.0,0.0,0.0
241.67412534292058,24.348201828711904,19.58044337383248,0.0,0.0,0.0
241.67304310698825,24.358267233092246,19.58075841592058,0.0,0.0,0.0
241.67196436141464,24.368332554043377,19.58107272369517,0.0,0.0,0.0
241.6708891066467,24.378397791629176,19.581386295811875,0.0,0.0,0.0
241.66981734312753,24.388462945913503,19.581699130943285,0.0,0.0,0.0
241.66874907129653,24.398528016960196,19.582011227778978,0.0,0.0,0.0
241.66768429158927,24.408593004833026,19.582322585025576,0.0,0.0,0.0
241.66662300443764,24.418657909595886,19.582633201406782,0.0,0.0,0.0
241.6655652102699,24.42872273131251,19.58294307566342,0.0,0.0,0.0
241.66451090951045,24.43878747004663,19.58325220655347,0.0,0.0,0.0
241.66346010258005,24.448852125861993,19.58356059285211,0.0,0.0,0.0
241.6624127898958,24.458916698822264,19.58386823335178,0.0,0.0,0.0
241.66136897187098,24.468981188991147,19.584175126862174,0.0,0.0,0.0
241.6603286489154,24.479045596432265,19.5844812722103,0.0,0.0,0.0
241.65929182143498,24.48910992120924,19.584786668240554,0.0,0.0,0.0
241.6582584898322,24.49917416338561,19.585091313814694,0.0,0.0,0.0
241.6572286545057,24.509238323025038,19.585395207811924,0.0,0.0,0.0
241.6562023158507,24.519302400190988,19.585698349128926,0.0,0.0,0.0
241.6551794742585,24.529366394946976,19.58600073667986,0.0,0.0,0.0
241.65416013011705,24.53943030735643,19.586302369396456,0.0,0.0,0.0
241.65314428381055,24.549494137482807,19.58660324622802,0.0,0.0,0.0
241.6521319357197,24.559557885389477,19.58690336614146,0.0,0.0,0.0
241.65112308622145,24.569621551139814,19.58720272812135,0.0,0.0,0.0
241.65011773568932,24.579685134797128,19.587501331169946,0.0,0.0,0.0
241.64911588449326,24.589748636424712,19.587799174307225,0.0,0.0,0.0
241.64811753299952,24.59981205608581,19.588096256570932,0.0,0.0,0.0
241.64712268157095,24.609875393843566,19.58839257701657,0.0,0.0,0.0
241.6461313305668,24.619938649761274,19.588688134717525,0.0,0.0,0.0
241.64514348034268,24.630001823902,19.58898292876499,0.0,0.0,0.0
241.64415913125092,24.64006491632883,19.589276958268076,0.0,0.0,0.0
241.6431782836401,24.650127927104805,19.58957022235382,0.0,0.0,0.0
241.64220093785548,24.66019085629292,19.589862720167215,0.0,0.0,0.0
241.6412270942387,24.670253703956146,19.590154450871246,0.0,0.0,0.0
241.640256753128,24.68031647015739,19.59044541364692,0.0,0.0,0.0
241.63928991485804,24.690379154959516,19.5907356076933,0.0,0.0,0.0
241.63832657976008,24.700441758425285,19.591025032227545,0.0,0.0,0.0
241.63736674816198,24.7105042806176,19.59131368648493,0.0,0.0,0.0
241.63641042038805,24.720566721599106,19.59160156971886,0.0,0.0,0.0
241.63545759675924,24.73062908143249,19.59188868120096,0.0,0.0,0.0
241.6345082775931,24.74069136018038,19.592175020221017,0.0,0.0,0.0
241.63356246320365,24.75075355790535,19.5924605860871,0.0,0.0,0.0
241.63262015390146,24.76081567466992,19.592745378125528,0.0,0.0,0.0
241.63168134999404,24.770877710536574,19.59302939568091,0.0,0.0,0.0
241.63074605178505,24.780939665567708,19.593312638116203,0.0,0.0,0.0
241.6298142595751,24.791001539825718,19.59359510481271,0.0,0.0,0.0
241.62888597366134,24.801063333372824,19.593876795170118,0.0,0.0,0.0
241.62796119433753,24.81112504627142,19.594157708606524,0.0,0.0,0.0
241.6270399218941,24.821186678583626,19.59443784455847,0.0,0.0,0.0
241.62612215661812,24.831248230371592,19.594717202480957,0.0,0.0,0.0
241.6252078987934,24.8413097016974,19.594995781847484,0.0,0.0,0.0
241.62429714870024,24.851371092623083,19.595273582150078,0.0,0.0,0.0
241.62338990661593,24.861432403210596,19.595550602899277,0.0,0.0,0.0
241.62248617281418,24.871493633521837,19.595826843624245,0.0,0.0,0.0
241.62158594756548,24.881554783618654,19.596102303872694,0.0,0.0,0.0
241.62068923113725,24.89161585356283,19.596376983210988,0.0,0.0,0.0
241.61979602379324,24.901676843416013,19.596650881224118,0.0,0.0,0.0
241.61890632579428,24.911737753239976,19.59692399751576,0.0,0.0,0.0
241.61802013739788,24.921798583096262,19.597196331708272,0.0,0.0,0.0
241.61713745885805,24.931859333046386,19.597467883442736,0.0,0.0,0.0
241.61625829042592,24.941920003151793,19.597738652378982,0.0,0.0,0.0
241.61538263234917,24.95198059347388,19.598008638195598,0.0,0.0,0.0
241.6145104848723,24.962041104073982,19.598277840589954,0.0,0.0,0.0
241.61364184823663,24.97210153501334,19.598546259278233,0.0,0.0,0.0
241.6127767226803,24.982161886353136,19.598813893995455,0.0,0.0,0.0
241.6119151084383,24.992222158154483,19.599080744495488,0.0,0.0,0.0
241.61105700574225,25.002282350478378,19.59934681055106,0.0,0.0,0.0
241.6102024148209,25.012342463385906,19.599612091953826,0.0,0.0,0.0
241.60935133589945,25.02240249693789,19.599876588514324,0.0,0.0,0.0
241.6085037692003,25.032462451195173,19.600140300062034,0.0,0.0,0.0
241.6076597149426,25.042522326218496,19.600403226445408,0.0,0.0,0.0
241.60681917334233,25.05258212206854,19.600665367531846,0.0,0.0,0.0
241.60598214461226,25.062641838805895,19.600926723207767,0.0,0.0,0.0
241.60514862896227,25.072701476491105,19.601187293378583,0.0,0.0,0.0
241.60431862659894,25.082761035184593,19.60144707796874,0.0,0.0,0.0
241.60349213772596,25.092820514946688,19.601706076921733,0.0,0.0,0.0
241.60266916254366,25.102879915837786,19.601964290200126,0.0,0.0,0.0
241.60184970124956,25.112939237918038,19.602221717785557,0.0,0.0,0.0
241.6010337540379,25.122998481247574,19.602478359678774,0.0,0.0,0.0
241.60022132110007,25.13305764588645,19.602734215899634,0.0,0.0,0.0
241.59941240262418,25.143116731894622,19.60298928648712,0.0,0.0,0.0
241.59860699879556,25.153175739331974,19.603243571499373,0.0,0.0,0.0
241.5978051097963,25.16323466825832,19.603497071013702,0.0,0.0,0.0
241.59700673580556,25.173293518733356,19.60374978512658,0.0,0.0,0.0
241.59621187699958,25.183352290816725,19.60400171395367,0.0,0.0,0.0
241.59542053355136,25.193410984567972,19.604252857629866,0.0,0.0,0.0
241.5946327056311,25.20346960004649,19.604503216309258,0.0,0.0,0.0
241.5938483934061,25.213528137311766,19.604752790165186,0.0,0.0,0.0
241.59306759704043,25.22358659642304,19.605001579390226,0.0,0.0,0.0
241.5922903166954,25.233644977439493,19.605249584196226,0.0,0.0,0.0
241.59151655252924,25.24370328042022,19.6054968048143,0.0,0.0,0.0
241.59074630469738,25.253761505424247,19.605743241494856,0.0,0.0,0.0
241.58997957335217,25.263819652510513,19.60598889450758,0.0,0.0,0.0
241.58921635864314,25.27387772173781,19.606233764141482,0.0,0.0,0.0
241.58845666071682,25.283935713164922,19.606477850704895,0.0,0.0,0.0
241.58770047971694,25.2939936268504,19.606721154525466,0.0,0.0,0.0
241.58694781578433,25.304051462852932,19.6069636759502,0.0,0.0,0.0
241.58619866905676,25.3141092212309,19.607205415345433,0.0,0.0,0.0
241.58545303966935,25.32416690204268,19.607446373096877,0.0,0.0,0.0
241.58471092775414,25.334224505346537,19.607686549609618,0.0,0.0,0.0
241.58397233344056,25.34428203120062,19.607925945308082,0.0,0.0,0.0
241.58323725685491,25.354339479663018,19.608164560636126,0.0,0.0,0.0
241.5825056981209,25.3643968507917,19.60840239605698,0.0,0.0,0.0
241.58177765735925,25.374454144644517,19.60863945205328,0.0,0.0,0.0
241.58105313468795,25.384511361279262,19.608875729127064,0.0,0.0,0.0
241.5803321302221,25.39456850075355,19.60911122779979,0.0,0.0,0.0
241.57961464407413,25.404625563125055,19.609345948612347,0.0,0.0,0.0
241.57890067635347,25.41468254845119,19.60957989212504,0.0,0.0,0.0
241.57819022716697,25.424739456789318,19.60981305891762,0.0,0.0,0.0
241.57748329661862,25.434796288196704,19.610045449589265,0.0,0.0,0.0
241.5767798848096,25.444853042730497,19.61027706475861,0.0,0.0,0.0
241.57607999183844,25.454909720447763,19.610507905063734,0.0,0.0,0.0
241.57538361780084,25.464966321405427,19.610737971162173,0.0,0.0,0.0
241.57469076278983,25.47502284566035,19.610967263730913,0.0,0.0,0.0
241.57400142689568,25.48507929326924,19.611195783466417,0.0,0.0,0.0
241.57331561020595,25.495135664288686,19.61142353108459,0.0,0.0,0.0
241.57263331280546,25.505191958775303,19.611650507320828,0.0,0.0,0.0
241.5719545347763,25.515248176785455,19.611876712929988,0.0,0.0,0.0
241.57127927619803,25.52530431837542,19.61210214868639,0.0,0.0,0.0
241.57060753714742,25.535360383601386,19.612326815383838,0.0,0.0,0.0
241.5699393176985,25.54541637251944,19.612550713835613,0.0,0.0,0.0
241.56927461792287,25.55547228518553,19.61277384487446,0.0,0.0,0.0
241.56861343788918,25.56552812165551,19.612996209352616,0.0,0.0,0.0
241.5679557776636,25.575583881985107,19.613217808141787,0.0,0.0,0.0
241.56730163730975,25.585639566229954,19.613438642133147,0.0,0.0,0.0
241.5666510168885,25.595695174445492,19.613658712237363,0.0,0.0,0.0
241.56600391645804,25.60575070668722,19.61387801938456,0.0,0.0,0.0
241.5653603360742,25.615806163010365,19.61409656452435,0.0,0.0,0.0
241.56472027579,25.625861543470076,19.614314348625808,0.0,0.0,0.0
241.5640837356559,25.635916848121383,19.614531372677483,0.0,0.0,0.0
241.5634507157199,25.645972077019216,19.614747637687397,0.0,0.0,0.0
241.56282121602732,25.656027230218378,19.61496314468302,0.0,0.0,0.0
241.56219523662094,25.66608230777355,19.615177894711298,0.0,0.0,0.0
241.56157277754113,25.676137309739282,19.61539188883863,0.0,0.0,0.0
241.56095383882547,25.686192236169955,19.61560512815086,0.0,0.0,0.0
241.56033842050917,25.696247087120007,19.6158176137533,0.0,0.0,0.0
241.5597265226249,25.70630186264358,19.616029346770695,0.0,0.0,0.0
241.55911814520292,25.716356562794743,19.616240328347214,0.0,0.0,0.0
241.55851328827075,25.726411187627424,19.61645055964649,0.0,0.0,0.0
241.55791195185355,25.73646573719547,19.616660041851567,0.0,0.0,0.0
241.5573141359741,25.74652021155256,19.616868776164914,0.0,0.0,0.0
241.55671984065248,25.756574610752278,19.617076763808406,0.0,0.0,0.0
241.55612906590656,25.766628934848065,19.617284006023333,0.0,0.0,0.0
241.55554181175154,25.77668318389323,19.617490504070393,0.0,0.0,0.0
241.55495807820023,25.786737357940964,19.617696259229664,0.0,0.0,0.0
241.5543778652631,25.796791457044268,19.617901272800612,0.0,0.0,0.0
241.55380117294806,25.806845481256204,19.618105546102083,0.0,0.0,0.0
241.55322800126075,25.81689943062949,19.618309080472276,0.0,0.0,0.0
241.5526583502042,25.82695330521681,19.61851187726877,0.0,0.0,0.0
241.5520922197793,25.837007105070708,19.61871393786847,0.0,0.0,0.0
241.55152960998433,25.84706083024358,19.61891526366764,0.0,0.0,0.0
241.55097052081527,25.857114480787704,19.619115856081844,0.0,0.0,0.0
241.5504149522657,25.867168056755215,19.61931571654598,0.0,0.0,0.0
241.54986290432697,25.877221558198126,19.61951484651425,0.0,0.0,0.0
241.5493143769878,25.887274985168254,19.61971324746014,0.0,0.0,0.0
241.54876937023485,25.89732833771743,19.61991092087643,0.0,0.0,0.0
241.54822788405235,25.90738161589723,19.62010786827516,0.0,0.0,0.0
241.5476899184222,25.917434819759098,19.62030409118762,0.0,0.0,0.0
241.5471554733239,25.92748794935435,19.620499591164357,0.0,0.0,0.0
241.5466245487347,25.9375410047342,19.620694369775148,0.0,0.0,0.0
241.54609714462964,25.947593985949677,19.620888428608954,0.0,0.0,0.0
241.54557326098143,25.957646893051706,19.621081769273978,0.0,0.0,0.0
241.54505289776043,25.96769972609105,19.62127439339758,0.0,0.0,0.0
241.5445360549347,25.977752485118344,19.62146630262631,0.0,0.0,0.0
241.5440227324702,25.987805170184014,19.621657498625858,0.0,0.0,0.0
241.54351293033054,25.997857781338535,19.621847983081057,0.0,0.0,0.0
241.5430066484771,26.00791031863204,19.622037757695864,0.0,0.0,0.0
241.5425038868691,26.0179627821146,19.62222682419336,0.0,0.0,0.0
241.54200464546332,26.028015171836135,19.62241518431567,0.0,0.0,0.0
241.54150892421453,26.03806748784641,19.62260283982405,0.0,0.0,0.0
241.54101672307533,26.04811973019506,19.62278979249876,0.0,0.0,0.0
241.54052804199594,26.058171898931576,19.622976044139115,0.0,0.0,0.0
241.5400428809245,26.068223994105278,19.623161596563463,0.0,0.0,0.0
241.53956123980697,26.078276015765372,19.623346451609123,0.0,0.0,0.0
241.53908311858711,26.088327963960843,19.623530611132402,0.0,0.0,0.0
241.53860851720663,26.09837983874069,19.623714077008575,0.0,0.0,0.0
241.53813743560488,26.10843164015362,19.62389685113185,0.0,0.0,0.0
241.5376698737193,26.118483368248206,19.62407893541535,0.0,0.0,0.0
241.5372058314851,26.12853502307292,19.624260331791092,0.0,0.0,0.0
241.5367453088353,26.138586604676046,19.624441042209988,0.0,0.0,0.0
241.53628830570085,26.14863811310572,19.624621068641783,0.0,0.0,0.0
241.53583482201066,26.158689548409953,19.624800413075064,0.0,0.0,0.0
241.53538485769158,26.16874091063659,19.624979077517228,0.0,0.0,0.0
241.5349384126682,26.178792199833296,19.625157063994457,0.0,0.0,0.0
241.5344954868632,26.188843416047575,19.625334374551695,0.0,0.0,0.0
241.53405608019705,26.1988945593269,19.62551101125263,0.0,0.0,0.0
241.5336201925884,26.20894562971845,19.625686976179672,0.0,0.0,0.0
241.53318782395348,26.2189966272693,19.625862271433903,0.0,0.0,0.0
241.5327589742069,26.229047552026355,19.626036899135094,0.0,0.0,0.0
241.5323336432609,26.23909840403637,19.626210861421637,0.0,0.0,0.0
241.5319118310259,26.24914918334596,19.626384160450563,0.0,0.0,0.0
241.53149353741028,26.25919989000155,19.626556798397477,0.0,0.0,0.0
241.53107876232025,26.26925052404944,19.626728777456552,0.0,0.0,0.0
241.53066750566038,26.279301085535685,19.6269000998405,0.0,0.0,0.0
241.53025976733292,26.289351574506377,19.62707076778054,0.0,0.0,0.0
241.52985554723818,26.299401991007247,19.62724078352638,0.0,0.0,0.0
241.52945484527476,26.309452335083954,19.627410149346165,0.0,0.0,0.0
241.52905766133904,26.319502606781974,19.627578867526495,0.0,0.0,0.0
241.52866399532556,26.329552806146634,19.627746940372344,0.0,0.0,0.0
241.528273847127,26.33960293322308,19.627914370207055,0.0,0.0,0.0
241.5278872166339,26.349652988056327,19.628081159372343,0.0,0.0,0.0
241.52750410373503,26.359702970691185,19.628247310228183,0.0,0.0,0.0
241.52712450831734,26.36975288117233,19.628412825152868,0.0,0.0,0.0
241.52674843026566,26.379802719544266,19.628577706542924,0.0,0.0,0.0
241.526375869463,26.38985248585127,19.628741956813094,0.0,0.0,0.0
241.5260068257907,26.399902180137623,19.628905578396317,0.0,0.0,0.0
