galstreams/tracks/track.st.NGC288.ibata2021.ecsv
# %ECSV 0.9
# ---
# datatype:
# - {name: ra, unit: deg, datatype: float64}
# - {name: dec, unit: deg, datatype: float64}
# - {name: distance, unit: kpc, datatype: float64}
# - {name: pm_ra_cosdec, unit: mas / yr, datatype: float64}
# - {name: pm_dec, unit: mas / yr, datatype: float64}
# - {name: radial_velocity, unit: km / s, datatype: float64}
# delimiter: ','
# meta: !!omap
# - __serialized_columns__:
#     dec:
#       __class__: astropy.coordinates.angles.Latitude
#       unit: &id001 !astropy.units.Unit {unit: deg}
#       value: !astropy.table.SerializedColumn {name: dec}
#     distance:
#       __class__: astropy.coordinates.distances.Distance
#       unit: !astropy.units.Unit {unit: kpc}
#       value: !astropy.table.SerializedColumn {name: distance}
#     pm_dec:
#       __class__: astropy.units.quantity.Quantity
#       unit: !astropy.units.Unit {unit: mas / yr}
#       value: !astropy.table.SerializedColumn {name: pm_dec}
#     pm_ra_cosdec:
#       __class__: astropy.units.quantity.Quantity
#       unit: !astropy.units.Unit {unit: mas / yr}
#       value: !astropy.table.SerializedColumn {name: pm_ra_cosdec}
#     ra:
#       __class__: astropy.coordinates.angles.Longitude
#       unit: *id001
#       value: !astropy.table.SerializedColumn {name: ra}
#       wrap_angle: !astropy.coordinates.Angle
#         unit: *id001
#         value: 360.0
#     radial_velocity:
#       __class__: astropy.units.quantity.Quantity
#       unit: !astropy.units.Unit {unit: km / s}
#       value: !astropy.table.SerializedColumn {name: radial_velocity}
# schema: astropy-2.0
ra,dec,distance,pm_ra_cosdec,pm_dec,radial_velocity
[from data line 1099]
14.451936998215803,-27.70716456896893,10.695319642401529,4.116618794973478,-5.627906280651548,1.6841534259744676e-14
14.460043547796744,-27.714105983536417,10.694600849720233,4.116339094529233,-5.627654246630382,-1.0104920555846805e-13
14.468157027012841,-27.721042459720493,10.693880987485604,4.116056802907673,-5.627398435149848,-1.6841534259744676e-14
14.476277453194774,-27.72797398352993,10.693160052749596,4.115771913570044,-5.627138838917045,-1.6841534259744676e-14
14.484404843671742,-27.734900540968027,10.692438042564154,4.115484419974445,-5.626875450642051,-6.73661370389787e-14
14.492539215771448,-27.741822118032626,10.691714953981222,4.1151943155758115,-5.626608263037953,-1.6841534259744676e-14
14.500680586820055,-27.74873870071604,10.690990784052751,4.114901593825891,-5.626337268820825,-5.0524602779234026e-14
14.508828974142185,-27.75565027500512,10.690265529830683,4.114606248173245,-5.626062460709781,-1.0104920555846805e-13
14.516984395060891,-27.762556826881184,10.689539188366965,4.1143082720632265,-5.625783831426958,-3.368306851948935e-14
14.525146866897643,-27.769458342320025,10.688811756713548,4.11400765893796,-5.625501373697536,0.0
14.53331640697229,-27.776354807291906,10.688083231922379,4.113704402236343,-5.6252150802497605,-3.368306851948935e-14
14.541493032603064,-27.78324620776154,10.6873536110454,4.113398495394017,-5.624924943814941,-6.73661370389787e-14
14.549676761106534,-27.79013252968809,10.686622891134563,4.113089931843362,-5.624630957127473,-6.73661370389787e-14
14.557867609797617,-27.797013759025145,10.685891069241809,4.1127787050134845,-5.62433311292485,-5.0524602779234026e-14
14.566065595989516,-27.803889881720707,10.68515814241909,4.112464808330191,-5.624031403947665,-5.0524602779234026e-14
14.574270736993723,-27.810760883717176,10.68442410771835,4.1121482352159875,-5.623725822939643,-6.73661370389787e-14
14.582483050120016,-27.817626750951387,10.683688962191535,4.11182897909006,-5.623416362647635,-5.0524602779234026e-14
14.590702552676381,-27.824487469354516,10.682952702890598,4.111507033368257,-5.6231030158216475,-6.73661370389787e-14
14.598929261969067,-27.831343024852135,10.682215326867476,4.111182391463082,-5.622785775214834,-1.6841534259744676e-14
14.607163195302487,-27.838193403364162,10.681476831174123,4.110855046783669,-5.622464633583529,-3.368306851948935e-14
14.615404369979252,-27.845038590804883,10.680737212862486,4.110524992735784,-5.622139583687252,1.6841534259744676e-14
14.623652803300134,-27.851878573082907,10.679996468984505,4.110192222721794,-5.621810618288716,-3.368306851948935e-14
14.631908512564026,-27.858713336101157,10.679254596592134,4.109856730140668,-5.6214777301538525,-5.0524602779234026e-14
14.640171515067948,-27.865542865756918,10.67851159273732,4.109518508387939,-5.62114091205181,-3.368306851948935e-14
14.648441828107007,-27.87236714794172,10.677767454472004,4.109177550855724,-5.620800156754976,-5.0524602779234026e-14
14.656719468974382,-27.87918616854142,10.677022178848132,4.108833850932682,-5.620455457038998,-1.6841534259744676e-14
14.6650044549613,-27.885999913436134,10.676275762917658,4.108487402004003,-5.620106805682772,-1.6841534259744676e-14
14.673296803357006,-27.89280836850027,10.675528203732526,4.108138197451408,-5.619754195468479,1.6841534259744676e-14
14.681596531448763,-27.89961151960246,10.674779498344682,4.10778623065312,-5.619397619181587,-1.6841534259744676e-14
14.689903656521809,-27.906409352605596,10.67402964380607,4.107431494983856,-5.619037069610875,1.6841534259744676e-14
14.698218195859333,-27.91320185336679,10.673278637168647,4.107073983814806,-5.618672539548424,-6.73661370389787e-14
14.70654016674249,-27.919989007737414,10.672526475484345,4.106713690513634,-5.61830402178966,0.0
14.714869586450307,-27.92677080156298,10.671773155805118,4.106350608444441,-5.617931509133344,-1.6841534259744676e-14
14.723206472259728,-27.93354722068326,10.671018675182921,4.105984730967766,-5.617554994381589,-3.368306851948935e-14
14.73155084144558,-27.940318250932158,10.670263030669686,4.105616051440571,-5.617174470339894,-6.73661370389787e-14
14.739902711280497,-27.947083878137782,10.669506219317372,4.105244563216213,-5.61678992981712,-1.0104920555846805e-13
14.74826209903498,-27.953844088122406,10.668748238177916,4.104870259644448,-5.616401365625547,-3.368306851948935e-14
14.756629021977295,-27.960598866702405,10.66798908430327,4.104493134071401,-5.616008770580849,-1.6841534259744676e-14
14.76500349737351,-27.967348199688345,10.66722875474538,4.104113179839553,-5.615612137502129,3.368306851948935e-14
14.77338554248743,-27.974092072884858,10.666467246556195,4.103730390287736,-5.61521145921193,-3.368306851948935e-14
14.781775174580607,-27.980830472090744,10.665704556787658,4.103344758751109,-5.614806728536244,-3.368306851948935e-14
14.790172410912298,-27.98756338309888,10.664940682491714,4.102956278561149,-5.614397938304531,1.6841534259744676e-14
14.798577268739432,-27.9942907916962,10.664175620720318,4.102564943045621,-5.613985081349723,-3.368306851948935e-14
14.80698976531662,-28.00101268366376,10.663409368525413,4.102170745528589,-5.61356815050825,3.368306851948935e-14
14.815409917896089,-28.00772904477663,10.662641922958944,4.101773679330376,-5.613147138620049,-6.73661370389787e-14
14.8238377437277,-28.014439860803975,10.661873281072857,4.101373737767565,-5.612722038528576,-8.420767129872338e-14
14.832273260058898,-28.021145117508976,10.661103439919103,4.100970914152975,-5.612292843080818,-3.368306851948935e-14
14.840716484134685,-28.02784480064883,10.660332396549622,4.10056520179565,-5.6118595451273166,-6.73661370389787e-14
14.849167433197632,-28.034538895974766,10.659560148016368,4.1001565940008415,-5.611422137522165,-5.0524602779234026e-14
14.857626124487798,-28.041227389232,10.658786691371287,4.099745084069992,-5.61098061312304,-6.73661370389787e-14
14.866092575242766,-28.047910266159743,10.65801202366632,4.099330665300728,-5.610534964791209,-5.0524602779234026e-14
14.874566802697572,-28.054587512491164,10.657236141953419,4.098913330986835,-5.6100851853915366,-5.0524602779234026e-14
14.883048824084701,-28.061259113953433,10.656459043284526,4.098493074418246,-5.609631267792515,-8.420767129872338e-14
14.891538656634076,-28.067925056267622,10.655680724711598,4.0980698888810245,-5.609173204866257,-8.420767129872338e-14
14.900036317573008,-28.074585325148796,10.654901183286565,4.097643767657356,-5.608710989488534,-1.6841534259744676e-14
14.908541824126168,-28.081239906305882,10.654120416061396,4.097214704025515,-5.608244614538763,-3.368306851948935e-14
14.917055193515612,-28.087888785441773,10.653338420088017,4.096782691259877,-5.607774072900053,-6.73661370389787e-14
14.925576442960692,-28.094531948253234,10.652555192418387,4.096347722630878,-5.6072993574591905,-6.73661370389787e-14
14.934105589678076,-28.101169380430928,10.651770730104444,4.09590979140501,-5.606820461106667,-1.6841534259744676e-14
14.942642650881696,-28.107801067659395,10.650985030198143,4.095468890844803,-5.606337376736698,-5.0524602779234026e-14
14.95118764378275,-28.114426995617027,10.65019808975143,4.09502501420881,-5.605850097247216,-5.0524602779234026e-14
14.959740585589651,-28.121047149976075,10.649409905816247,4.094578154751598,-5.605358615539922,-8.420767129872338e-14
14.96830149350803,-28.127661516402632,10.648620475444543,4.094128305723715,-5.604862924520258,-3.368306851948935e-14
14.97687038474067,-28.134270080556586,10.647829795688267,4.0936754603716965,-5.604363017097455,-3.368306851948935e-14
14.98544727648752,-28.14087282809168,10.647037863599362,4.093219611938034,-5.603858886184527,-5.0524602779234026e-14
14.994032185945663,-28.147469744655425,10.646244676229777,4.092760753661156,-5.603350524698294,-1.6841534259744676e-14
15.00262513030927,-28.15406081588912,10.645450230631457,4.092298878775431,-5.602837925559397,-6.73661370389787e-14
15.01122612676958,-28.160646027427855,10.644654523856355,4.091833980511136,-5.602321081692308,-3.368306851948935e-14
15.019835192514913,-28.167225364900467,10.643857552956407,4.091366052094447,-5.6017999860253544,-3.368306851948935e-14
15.028452344730582,-28.173798813929533,10.643059314983569,4.090895086747415,-5.601274631490717,-5.0524602779234026e-14
15.037077600598911,-28.180366360131384,10.642259806989788,4.090421077687965,-5.600745011024457,-5.0524602779234026e-14
15.045710977299207,-28.18692798911605,10.641459026027,4.089944018129867,-5.600211117566539,-1.0104920555846805e-13
15.054352492007707,-28.19348368648729,10.640656969147166,4.089463901282723,-5.599672944060822,-1.0104920555846805e-13
15.063002161897588,-28.200033437842553,10.639853633402222,4.088980720351957,-5.599130483455096,-6.73661370389787e-14
15.07166000413891,-28.206577228772968,10.639049015844119,4.08849446853879,-5.598583728701085,-1.6841534259744676e-14
15.080326035898594,-28.213115044863326,10.638243113524805,4.088005139040229,-5.5980326727544645,-5.0524602779234026e-14
15.089000274340428,-28.21964687169209,10.637435923496225,4.087512725049053,-5.597477308574883,-1.6841534259744676e-14
15.09768273662501,-28.22617269483135,10.636627442810324,4.0870172197537915,-5.596917629125965,-1.6841534259744676e-14
15.106373439909717,-28.232692499846838,10.635817668519056,4.086518616338711,-5.5963536273753345,-8.420767129872338e-14
15.115072401348696,-28.239206272297903,10.635006597674359,4.086016907983799,-5.595785296294633,0.0
15.12377963809284,-28.245713997737496,10.634194227328186,4.085512087864749,-5.5952126288595245,1.6841534259744676e-14
15.132495167289752,-28.252215661712157,10.633380554532478,4.0850041491529385,-5.594635618049716,3.368306851948935e-14
15.141219006083709,-28.258711249761994,10.632565576339188,4.084493085015421,-5.594054256848975,0.0
15.14995117161566,-28.265200747420703,10.631749289800258,4.083978888614904,-5.5934685382451415,-3.368306851948935e-14
15.158691681023168,-28.271684140215516,10.630931691967643,4.083461553109733,-5.592878455230146,-8.420767129872338e-14
15.167440551440428,-28.27816141366721,10.630112779893276,4.082941071653881,-5.592284000800022,-6.73661370389787e-14
15.176197799998192,-28.284632553290074,10.629292550629113,4.082417437396921,-5.591685167954921,-5.0524602779234026e-14
15.184963443823767,-28.291097544591914,10.6284710012271,4.08189064348402,-5.591081949699133,-5.0524602779234026e-14
15.193737500040976,-28.297556373074045,10.627648128739185,4.081360683055913,-5.59047433904109,-5.0524602779234026e-14
15.202519985770161,-28.304009024231263,10.62682393021731,4.080827549248904,-5.589862328993404,-6.73661370389787e-14
15.21131091812811,-28.310455483551817,10.625998402713426,4.080291235194823,-5.5892459125728555,-8.420767129872338e-14
15.220110314228055,-28.316895736517445,10.625171543279478,4.079751734021033,-5.5886250828004265,-5.0524602779234026e-14
15.228918191179663,-28.323329768603294,10.624343348967411,4.0792090388504025,-5.587999832701312,-1.6841534259744676e-14
15.23773456608896,-28.329757565277976,10.623513816829178,4.078663142801289,-5.587370155304936,-1.6841534259744676e-14
15.246559456058346,-28.336179112003485,10.62268294391672,4.078114038987524,-5.5867360436449625,-5.0524602779234026e-14
15.255392878186557,-28.34259439423526,10.621850727281986,4.0775617205184,-5.58609749075932,-6.73661370389787e-14
15.26423484956862,-28.349003397422102,10.621017163976921,4.077006180498648,-5.585454489690211,-6.73661370389787e-14
15.273085387295843,-28.355406107006196,10.620182251053476,4.07644741202842,-5.584807033484124,-3.368306851948935e-14
15.28194450845578,-28.361802508423093,10.61934598556359,4.075885408203276,-5.584155115191861,-1.1789073981821273e-13
15.290812230132204,-28.36819258710169,10.618508364559219,4.075320162114172,-5.583498727868543,-6.73661370389787e-14
15.299688569405083,-28.37457632846422,10.617669385092306,4.074751666847433,-5.58283786457363,-5.0524602779234026e-14
