galstreams/tracks/track.st.Gaia-8.ibata2021.ecsv
# %ECSV 0.9
# ---
# datatype:
# - {name: ra, unit: deg, datatype: float64}
# - {name: dec, unit: deg, datatype: float64}
# - {name: distance, unit: kpc, datatype: float64}
# - {name: pm_ra_cosdec, unit: mas / yr, datatype: float64}
# - {name: pm_dec, unit: mas / yr, datatype: float64}
# - {name: radial_velocity, unit: km / s, datatype: float64}
# delimiter: ','
# meta: !!omap
# - __serialized_columns__:
#     dec:
#       __class__: astropy.coordinates.angles.Latitude
#       unit: &id001 !astropy.units.Unit {unit: deg}
#       value: !astropy.table.SerializedColumn {name: dec}
#     distance:
#       __class__: astropy.coordinates.distances.Distance
#       unit: !astropy.units.Unit {unit: kpc}
#       value: !astropy.table.SerializedColumn {name: distance}
#     pm_dec:
#       __class__: astropy.units.quantity.Quantity
#       unit: !astropy.units.Unit {unit: mas / yr}
#       value: !astropy.table.SerializedColumn {name: pm_dec}
#     pm_ra_cosdec:
#       __class__: astropy.units.quantity.Quantity
#       unit: !astropy.units.Unit {unit: mas / yr}
#       value: !astropy.table.SerializedColumn {name: pm_ra_cosdec}
#     ra:
#       __class__: astropy.coordinates.angles.Longitude
#       unit: *id001
#       value: !astropy.table.SerializedColumn {name: ra}
#       wrap_angle: !astropy.coordinates.Angle
#         unit: *id001
#         value: 360.0
#     radial_velocity:
#       __class__: astropy.units.quantity.Quantity
#       unit: !astropy.units.Unit {unit: km / s}
#       value: !astropy.table.SerializedColumn {name: radial_velocity}
# schema: astropy-2.0
ra,dec,distance,pm_ra_cosdec,pm_dec,radial_velocity
181.7066673335037,-24.919072095420443,7.467913092473284,-10.122257632629362,-8.529467589752421,-1.6841534259744676e-14
181.716905883038,-24.914893482533085,7.466089006352222,-10.119341112152949,-8.529090382574292,-1.0104920555846805e-13
181.72714142541378,-24.910711176835107,7.464268924191972,-10.11643231930278,-8.528714742568397,1.6841534259744676e-14
181.73737396233352,-24.90652518182649,7.462452842344669,-10.113531245405223,-8.52834066907123,-5.0524602779234026e-14
181.74760349550138,-24.90233550100629,7.460640757162442,-10.110637881787621,-8.527968161414899,0.0
181.75783002662317,-24.898142137872753,7.458832664997422,-10.107752219778288,-8.52759721892706,1.6841534259744676e-14
181.7680535574064,-24.893945095923122,7.457028562201738,-10.104874250706484,-8.527227840930976,1.6841534259744676e-14
181.77827408956037,-24.88974437865377,7.4552284451275295,-10.102003965902439,-8.526860026745489,-1.6841534259744676e-14
181.78849162479594,-24.88553998956018,7.453432310126921,-10.099141356697348,-8.52649377568505,-6.73661370389787e-14
181.7987061648257,-24.881331932136916,7.451640153552047,-10.096286414423387,-8.526129087059703,-1.0104920555846805e-13
181.80891771136393,-24.877120209877674,7.449851971755035,-10.093439130413675,-8.525765960175093,0.0
181.81912626612666,-24.87290482627521,7.448067761088026,-10.090599496002296,-8.525404394332476,3.368306851948935e-14
181.8293318308315,-24.868685784821377,7.446287517903141,-10.087767502524317,-8.525044388828734,-1.6841534259744676e-14
181.8395344071977,-24.864463089007213,7.444511238552518,-10.08494314131576,-8.524685942956335,-1.6841534259744676e-14
181.84973399694627,-24.860236742322765,7.442738919388284,-10.082126403713623,-8.524329056003403,-5.0524602779234026e-14
181.85993060179985,-24.856006748257215,7.440970556762576,-10.079317281055852,-8.523973727253662,5.0524602779234026e-14
181.87012422348275,-24.851773110298836,7.4392061470275195,-10.076515764681378,-8.523619955986483,1.0104920555846805e-13
181.88031486372103,-24.847535831935026,7.437445686535251,-10.073721845930073,-8.523267741476861,0.0
181.89050252424224,-24.843294916652273,7.435689171637898,-10.070935516142818,-8.522917082995441,5.0524602779234026e-14
181.90068720677579,-24.83905036793613,7.433936598687596,-10.068156766661414,-8.522567979808503,0.0
181.91086891305244,-24.834802189271358,7.432187964036474,-10.065385588828667,-8.522220431177963,8.420767129872338e-14
181.92104764480496,-24.83055038414173,7.4304432640366604,-10.062621973988332,-8.521874436361417,6.73661370389787e-14
181.93122340376755,-24.826294956030146,7.4287024950402945,-10.059865913485122,-8.521529994612086,1.0104920555846805e-13
181.94139619167615,-24.822035908418613,7.4269656533995025,-10.05711739866474,-8.521187105178878,-3.368306851948935e-14
181.95156601026827,-24.81777324478826,7.425232735466417,-10.054376420873846,-8.520845767306342,3.368306851948935e-14
181.9617328612831,-24.813506968619286,7.423503737593171,-10.051642971460064,-8.520505980234718,5.0524602779234026e-14
181.9718967464616,-24.809237083391004,7.421778656131892,-10.048917041771995,-8.520167743199906,1.6841534259744676e-14
181.98205766754606,-24.804963592581913,7.420057487434714,-10.046198623159205,-8.51983105543348,5.0524602779234026e-14
181.99221562628065,-24.80068649966952,7.41834022785377,-10.043487706972227,-8.519495916162704,1.0104920555846805e-13
182.00237062441118,-24.796405808130476,7.416626873741191,-10.040784284562552,-8.519162324610521,-3.368306851948935e-14
182.01252266368493,-24.792121521440535,7.414917421449106,-10.038088347282669,-8.518830279995576,6.73661370389787e-14
182.02267174585094,-24.78783364307456,7.413211867329649,-10.035399886486006,-8.518499781532197,-5.0524602779234026e-14
182.0328178726598,-24.783542176506536,7.41151020773495,-10.032718893526981,-8.518170828430414,6.73661370389787e-14
182.0429610458638,-24.779247125209547,7.409812439017141,-10.030045359760967,-8.517843419895962,3.368306851948935e-14
182.05310126721682,-24.774948492655746,7.408118557528356,-10.027379276544304,-8.517517555130283,6.73661370389787e-14
182.06323853847428,-24.770646282316513,7.406428559620721,-10.024720635234328,-8.517193233330527,-5.0524602779234026e-14
182.07337286139324,-24.766340497662224,7.404742441646373,-10.022069427189308,-8.51687045368956,6.73661370389787e-14
182.08350423773248,-24.7620311421624,7.403060199957439,-10.019425643768518,-8.516549215395978,0.0
182.09363266925226,-24.757718219285696,7.401381830906055,-10.016789276332176,-8.516229517634084,1.0104920555846805e-13
182.10375815771457,-24.753401732499842,7.399707330844349,-10.014160316241481,-8.51591135958393,6.73661370389787e-14
182.1138807048829,-24.74908168527172,7.398036696124454,-10.0115387548586,-8.515594740421287,1.6841534259744676e-14
182.1240003125224,-24.744758081067257,7.396369923098502,-10.008924583546664,-8.515279659317667,-1.6841534259744676e-14
182.13411698239972,-24.740430923351607,7.394707008118623,-10.006317793669806,-8.51496611544032,1.6841534259744676e-14
182.14423071628323,-24.73610021558895,7.39304794753695,-10.003718376593078,-8.514654107952245,6.73661370389787e-14
182.15434151594283,-24.73176596124259,7.391392737705615,-10.001126323682541,-8.514343636012194,0.0
182.16444938315007,-24.72742816377496,7.389741374976746,-9.998541626305224,-8.514034698774674,0.0
182.17455431967798,-24.723086826647616,7.388093855702477,-9.995964275829111,-8.513727295389943,1.1789073981821273e-13
182.18465632730133,-24.7187419533212,7.386450176234941,-9.993394263623168,-8.51342142500403,1.6841534259744676e-14
182.1947554077963,-24.7143935472555,7.384810332926267,-9.990831581057328,-8.51311708675872,5.0524602779234026e-14
182.2048515629408,-24.710041611909368,7.383174322128587,-9.988276219502495,-8.512814279791586,-3.368306851948935e-14
182.2149447945142,-24.705686150740885,7.381542140194035,-9.985728170330555,-8.51251300323596,1.6841534259744676e-14
182.2250351042975,-24.70132716720715,7.379913783474737,-9.983187424914354,-8.51221325622096,3.368306851948935e-14
182.23512249407327,-24.696964664764387,7.378289248322831,-9.980653974627712,-8.511915037871491,5.0524602779234026e-14
182.24520696562573,-24.69259864686797,7.376668531090444,-9.97812781084542,-8.51161834730825,-1.6841534259744676e-14
182.2552885207405,-24.688229116972376,7.375051628129711,-9.975608924943248,-8.511323183647711,6.73661370389787e-14
182.26536716120492,-24.68385607853121,7.373438535792757,-9.97309730829794,-8.51102954600217,-1.6841534259744676e-14
182.27544288880785,-24.679479534997142,7.3718292504317215,-9.970592952287188,-8.510737433479694,6.73661370389787e-14
182.28551570533958,-24.675099489822085,7.370223768398734,-9.968095848289682,-8.510446845184177,1.0104920555846805e-13
182.29558561259216,-24.670715946456962,7.368622086045922,-9.965605987685084,-8.510157780215316,6.73661370389787e-14
182.3056526123591,-24.666328908351854,7.36702419972542,-9.963123361854008,-8.509870237668622,1.6841534259744676e-14
182.31571670643544,-24.66193837895595,7.365430105789359,-9.960647962178058,-8.509584216635425,6.73661370389787e-14
182.3257778966178,-24.65754436171757,7.363839800589873,-9.95817978003981,-8.509299716202875,5.0524602779234026e-14
182.3358361847044,-24.65314686008417,7.362253280479088,-9.955718806822807,-8.509016735453951,1.6841534259744676e-14
182.34589157249493,-24.648745877502275,7.36067054180914,-9.953265033911563,-8.508735273467467,3.368306851948935e-14
182.35594406179058,-24.64434141741763,7.359091580932158,-9.950818452691577,-8.508455329318059,5.0524602779234026e-14
182.36599365439417,-24.639933483275005,7.3575163942002755,-9.948379054549296,-8.508176902076208,6.73661370389787e-14
182.3760403521101,-24.63552207851836,7.355944977965623,-9.945946830872174,-8.507899990808255,1.1789073981821273e-13
182.38608415674418,-24.631107206590727,7.354377328580333,-9.943521773048607,-8.50762459457636,0.0
182.39612507010384,-24.6266888709343,7.352813442396536,-9.941103872467993,-8.507350712438559,6.73661370389787e-14
182.40616309399798,-24.622267074990386,7.351253315766363,-9.938693120520671,-8.507078343448734,1.1789073981821273e-13
182.41619823023711,-24.617841822199406,7.349696945041948,-9.936289508597978,-8.506807486656623,1.6841534259744676e-14
182.42623048063322,-24.613413116000903,7.348144326575418,-9.933893028092218,-8.506538141107843,1.0104920555846805e-13
182.43625984699975,-24.608980959833605,7.34659545671891,-9.931503670396669,-8.506270305843863,1.6841534259744676e-14
182.44628633115175,-24.604545357135308,7.345050331824552,-9.929121426905576,-8.506003979902035,1.347322740779574e-13
182.4563099349058,-24.600106311342934,7.3435089482444775,-9.92674628901417,-8.505739162315587,8.420767129872338e-14
182.46633066007993,-24.59566382589256,7.341971302330814,-9.924378248118641,-8.505475852113634,1.6841534259744676e-14
182.47634850849377,-24.591217904219373,7.340437390435698,-9.922017295616163,-8.505214048321163,0.0
182.4863634819683,-24.586768549757696,7.338907208911257,-9.919663422904884,-8.50495374995906,6.73661370389787e-14
182.4963755823263,-24.58231576594095,7.337380754109625,-9.917316621383911,-8.50469495604411,1.0104920555846805e-13
182.50638481139168,-24.577859556201773,7.335858022382933,-9.914976882453349,-8.504437665588991,8.420767129872338e-14
182.51639117099012,-24.57339992397184,7.334339010083314,-9.912644197514256,-8.50418187760227,1.6841534259744676e-14
182.52639466294872,-24.568936872681995,7.332823713562895,-9.910318557968687,-8.503927591088448,-1.6841534259744676e-14
182.53639528909605,-24.56447040576221,7.331312129173813,-9.907999955219642,-8.503674805047918,1.347322740779574e-13
182.54639305126227,-24.56000052664158,7.329804253268198,-9.905688380671105,-8.503423518476993,1.6841534259744676e-14
182.55638795127894,-24.555527238748336,7.3283000821981785,-9.903383825728058,-8.503173730367907,-1.6841534259744676e-14
182.56637999097907,-24.551050545509852,7.326799612315887,-9.901086281796424,-8.50292543970882,1.0104920555846805e-13
182.57636917219742,-24.54657045035259,7.325302839973458,-9.898795740283115,-8.502678645483815,-5.0524602779234026e-14
182.5863554967698,-24.542086956702242,7.3238097615230195,-9.896512192596022,-8.502433346672902,1.1789073981821273e-13
182.59633896653395,-24.53760006798353,7.322320373316706,-9.894235630144,-8.502189542252042,6.73661370389787e-14
182.60631958332877,-24.53310978762035,7.3208346717066455,-9.891966044336886,-8.501947231193126,-3.368306851948935e-14
182.61629734899475,-24.528616119035757,7.319352653044974,-9.889703426585484,-8.501706412463989,1.6841534259744677e-13
182.6262722653739,-24.524119065651895,7.317874313683818,-9.887447768301586,-8.501467085028422,1.1789073981821273e-13
182.63624433430974,-24.51961863089006,7.316399649975314,-9.885199060897934,-8.50122924784616,1.6841534259744676e-14
182.6462135576471,-24.515114818170677,7.314928658271591,-9.882957295788275,-8.50099289987291,1.1789073981821273e-13
182.65617993723234,-24.51060763091336,7.313461334924779,-9.880722464387304,-8.500758040060319,1.6841534259744676e-14
182.66614347491335,-24.506097072536797,7.311997676287013,-9.878494558110706,-8.500524667356018,0.0
182.67610417253945,-24.501583146458838,7.3105376787104195,-9.876273568375135,-8.500292780703598,0.0
182.68606203196137,-24.49706585609645,7.309081338547138,-9.87405948659822,-8.500062379042628,1.1789073981821273e-13
182.6960170550314,-24.492545204865763,7.307628652149292,-9.871852304198566,-8.499833461308654,1.1789073981821273e-13
182.70596924360325,-24.488021196182036,7.306179615869017,-9.86965201259575,-8.499606026433202,1.0104920555846805e-13
182.71591859953205,-24.483493833459626,7.304734226058444,-9.867458603210322,-8.499380073343797,1.1789073981821273e-13
182.72586512467433,-24.478963120112148,7.303292479069705,-9.865272067463808,-8.499155600963931,1.6841534259744676e-14
182.73580882088817,-24.474429059552236,7.301854371254929,-9.863092396778718,-8.49893260821311,6.73661370389787e-14
182.74574969003305,-24.469891655191702,7.30041989896625,-9.860919582578525,-8.498711094006834,1.6841534259744676e-14
182.75568773396995,-24.465350910441508,7.298989058555798,-9.858753616287677,-8.498491057256604,6.73661370389787e-14
182.7656229545612,-24.460806828711753,7.297561846375706,-9.856594489331604,-8.498272496869935,1.6841534259744676e-14
182.77555535367063,-24.456259413411672,7.296138258778103,-9.854442193136704,-8.49805541175034,1.0104920555846805e-13
182.7854849331635,-24.45170866794964,7.294718292115127,-9.852296719130344,-8.497839800797362,0.0
182.79541169490653,-24.447154595733156,7.293301942738901,-9.850158058740885,-8.497625662906561,8.420767129872338e-14
182.8053356407678,-24.442597200168947,7.291889207001561,-9.848026203397637,-8.497412996969505,5.0524602779234026e-14
182.8152567726168,-24.438036484662792,7.290480081255239,-9.84590114453091,-8.497201801873812,5.0524602779234026e-14
182.8251750923246,-24.433472452619643,7.289074561852066,-9.843782873571973,-8.496992076503123,1.0104920555846805e-13
182.83509060176354,-24.428905107443597,7.28767264514417,-9.841671381953068,-8.49678381973711,1.347322740779574e-13
182.8450033028075,-24.424334452537884,7.286274327483688,-9.839566661107419,-8.4965770304515,1.0104920555846805e-13
182.85491319733168,-24.419760491304903,7.2848796052227485,-9.83746870246923,-8.496371707518051,3.368306851948935e-14
182.86482028721275,-24.415183227146183,7.283488474713483,-9.835377497473653,-8.496167849804571,5.0524602779234026e-14
182.8747245743288,-24.41060266346236,7.2821009323080235,-9.833293037556851,-8.495965456174938,3.368306851948935e-14
182.88462606055927,-24.406018803653332,7.280716974358501,-9.831215314155934,-8.495764525489056,8.420767129872338e-14
182.8945247477851,-24.401431651118035,7.279336597217049,-9.829144318708995,-8.49556505660292,3.368306851948935e-14
182.9044206378886,-24.396841209254593,7.277959797235796,-9.827080042655101,-8.495367048368573,5.0524602779234026e-14
182.91431373275344,-24.392247481460256,7.276586570766876,-9.825022477434299,-8.495170499634135,1.1789073981821273e-13
182.9242040342648,-24.38765047113145,7.275216914162421,-9.822971614487603,-8.494975409243803,3.368306851948935e-14
182.9340915443091,-24.383050181663734,7.273850823774557,-9.820927445257004,-8.494781776037838,3.368306851948935e-14
182.94397626477436,-24.378446616451797,7.272488295955424,-9.81888996118546,-8.494589598852599,8.420767129872338e-14
182.9538581975498,-24.373839778889543,7.271129327057146,-9.81685915371692,-8.494398876520517,1.1789073981821273e-13
182.96373734452618,-24.369229672369976,7.26977391343186,-9.81483501429628,-8.49420960787012,1.347322740779574e-13
182.97361370759555,-24.364616300285245,7.268422051431694,-9.81281753436945,-8.494021791726041,1.0104920555846805e-13
182.98348728865145,-24.35999966602666,7.26707373740878,-9.810806705383275,-8.493835426908987,6.73661370389787e-14
182.99335808958867,-24.355379772984698,7.26572896771525,-9.808802518785598,-8.493650512235787,1.8525687685719145e-13
183.00322611230354,-24.35075662454896,7.264387738703238,-9.806804966025217,-8.49346704651937,6.73661370389787e-14
183.01309135869366,-24.346130224108194,7.263050046724871,-9.804814038551926,-8.493285028568785,1.6841534259744677e-13
183.02295383065805,-24.341500575050382,7.261715888132283,-9.80282972781648,-8.49310445718917,8.420767129872338e-14
183.0328135300971,-24.336867680762563,7.260385259277607,-9.800852025270606,-8.492925331181816,5.0524602779234026e-14
183.04267045891254,-24.332231544630975,7.25905815651297,-9.798880922367008,-8.492747649344105,1.0104920555846805e-13
183.05252461900753,-24.327592170040994,7.257734576190508,-9.796916410559367,-8.492571410469578,1.1789073981821273e-13
183.06237601228662,-24.32294956037716,7.256414514662351,-9.794958481302332,-8.492396613347875,5.0524602779234026e-14
183.07222464065563,-24.318303719023163,7.25509796828063,-9.79300712605153,-8.492223256764802,3.368306851948935e-14
183.0820705060219,-24.313654649361823,7.253784933397478,-9.791062336263554,-8.492051339502286,6.73661370389787e-14
