galstreams/tracks/track.st.Orinoco.grillmair2017.ecsv
# %ECSV 0.9
# ---
# datatype:
# - {name: ra, unit: deg, datatype: float64}
# - {name: dec, unit: deg, datatype: float64}
# - {name: distance, unit: kpc, datatype: float64}
# - {name: pm_ra_cosdec, unit: mas / yr, datatype: float64}
# - {name: pm_dec, unit: mas / yr, datatype: float64}
# - {name: radial_velocity, unit: km / s, datatype: float64}
# delimiter: ','
# meta: !!omap
# - __serialized_columns__:
#     dec:
#       __class__: astropy.coordinates.angles.Latitude
#       unit: &id001 !astropy.units.Unit {unit: deg}
#       value: !astropy.table.SerializedColumn {name: dec}
#     distance:
#       __class__: astropy.coordinates.distances.Distance
#       unit: !astropy.units.Unit {unit: kpc}
#       value: !astropy.table.SerializedColumn {name: distance}
#     pm_dec:
#       __class__: astropy.units.quantity.Quantity
#       unit: !astropy.units.Unit {unit: mas / yr}
#       value: !astropy.table.SerializedColumn {name: pm_dec}
#     pm_ra_cosdec:
#       __class__: astropy.units.quantity.Quantity
#       unit: !astropy.units.Unit {unit: mas / yr}
#       value: !astropy.table.SerializedColumn {name: pm_ra_cosdec}
#     ra:
#       __class__: astropy.coordinates.angles.Longitude
#       unit: *id001
#       value: !astropy.table.SerializedColumn {name: ra}
#       wrap_angle: !astropy.coordinates.Angle
#         unit: *id001
#         value: 360.0
#     radial_velocity:
#       __class__: astropy.units.quantity.Quantity
#       unit: !astropy.units.Unit {unit: km / s}
#       value: !astropy.table.SerializedColumn {name: radial_velocity}
# schema: astropy-2.0
ra,dec,distance,pm_ra_cosdec,pm_dec,radial_velocity
0.0044166760682117,-25.489617333023613,20.59999999999996,0.0,0.0,0.0
0.015922170996718735,-25.487927124453947,20.599999999999962,0.0,0.0,0.0
0.027427195777058537,-25.486237113541282,20.599999999999955,0.0,0.0,0.0
0.03893174978626418,-25.484547304424844,20.599999999999962,0.0,0.0,0.0
0.050435832402693406,-25.482857701244047,20.599999999999962,0.0,0.0,0.0
0.06193944300630461,-25.481168308138525,20.599999999999962,0.0,0.0,0.0
0.07344258097859434,-25.479479129248148,20.59999999999996,0.0,0.0,0.0
0.08494524570253305,-25.477790168713014,20.599999999999962,0.0,0.0,0.0
0.09644743656280971,-25.476101430673456,20.599999999999966,0.0,0.0,0.0
0.10794915294546115,-25.47441291927002,20.599999999999966,0.0,0.0,0.0
0.11945039423811143,-25.47272463864346,20.599999999999962,0.0,0.0,0.0
0.13095115982987915,-25.471036592934755,20.599999999999966,0.0,0.0,0.0
0.14245144911157073,-25.46934878628516,20.599999999999966,0.0,0.0,0.0
0.1539512614753691,-25.467661222836075,20.599999999999966,0.0,0.0,0.0
0.16545059631503786,-25.465973906729182,20.599999999999966,0.0,0.0,0.0
0.17694945302581438,-25.464286842106354,20.599999999999966,0.0,0.0,0.0
0.18844783100466367,-25.46260003310972,20.599999999999966,0.0,0.0,0.0
0.19994572964988017,-25.46091348388158,20.599999999999966,0.0,0.0,0.0
0.2114431483613826,-25.4592271985645,20.599999999999966,0.0,0.0,0.0
0.22294008654053338,-25.457541181301238,20.599999999999962,0.0,0.0,0.0
0.23443654359042604,-25.455855436234806,20.599999999999966,0.0,0.0,0.0
0.2459325189155072,-25.4541699675084,20.599999999999966,0.0,0.0,0.0
0.2574280119218054,-25.452484779265465,20.599999999999966,0.0,0.0,0.0
0.2689230220168354,-25.45079987564964,20.599999999999966,0.0,0.0,0.0
0.2804175486098245,-25.449115260804827,20.599999999999966,0.0,0.0,0.0
0.2919115911113405,-25.447430938875108,20.599999999999966,0.0,0.0,0.0
0.30340514893355874,-25.4457469140048,20.599999999999962,0.0,0.0,0.0
0.3148982214901166,-25.444063190338415,20.599999999999966,0.0,0.0,0.0
0.3263908081963809,-25.44237977202073,20.599999999999966,0.0,0.0,0.0
0.33788290846904917,-25.4406966631967,20.599999999999966,0.0,0.0,0.0
0.3493745217264325,-25.439013868011553,20.599999999999966,0.0,0.0,0.0
0.36086564738829924,-25.437331390610638,20.599999999999966,0.0,0.0,0.0
0.37235628487614475,-25.43564923513963,20.599999999999966,0.0,0.0,0.0
0.3838464336128078,-25.433967405744355,20.599999999999962,0.0,0.0,0.0
0.3953360930227246,-25.432285906570865,20.599999999999962,0.0,0.0,0.0
0.4068252625317966,-25.430604741765446,20.599999999999966,0.0,0.0,0.0
0.41831394156764823,-25.4289239154746,20.599999999999962,0.0,0.0,0.0
0.42980212955925584,-25.427243431845035,20.599999999999966,0.0,0.0,0.0
0.4412898259371781,-25.42556329502368,20.599999999999966,0.0,0.0,0.0
0.45277703013346027,-25.423883509157665,20.599999999999966,0.0,0.0,0.0
0.4642637415818439,-25.42220407839437,20.599999999999966,0.0,0.0,0.0
0.4757499597174471,-25.42052500688137,20.599999999999966,0.0,0.0,0.0
0.48723568397695055,-25.418846298766447,20.599999999999966,0.0,0.0,0.0
0.4987209137985321,-25.417167958197602,20.599999999999966,0.0,0.0,0.0
0.5102056486220684,-25.415489989323056,20.599999999999966,0.0,0.0,0.0
0.5216898878887938,-25.413812396291263,20.599999999999966,0.0,0.0,0.0
0.5331736310415344,-25.41213518325086,20.599999999999966,0.0,0.0,0.0
0.5446568775245849,-25.410458354350695,20.599999999999962,0.0,0.0,0.0
0.5561396267839622,-25.40878191373988,20.599999999999962,0.0,0.0,0.0
0.5676218782670215,-25.407105865567665,20.599999999999962,0.0,0.0,0.0
0.5791036314227219,-25.40543021398358,20.599999999999966,0.0,0.0,0.0
0.5905848857014819,-25.403754963137317,20.599999999999966,0.0,0.0,0.0
0.6020656405554464,-25.402080117178826,20.599999999999966,0.0,0.0,0.0
0.6135458954381035,-25.400405680258245,20.599999999999966,0.0,0.0,0.0
0.6250256498045338,-25.39873165652592,20.599999999999962,0.0,0.0,0.0
0.636504903111287,-25.397058050132408,20.599999999999966,0.0,0.0,0.0
0.6479836548166373,-25.395384865228497,20.599999999999966,0.0,0.0,0.0
0.6594619043801956,-25.39371210596517,20.599999999999966,0.0,0.0,0.0
0.6709396512631735,-25.392039776493622,20.599999999999966,0.0,0.0,0.0
0.6824168949282436,-25.39036788096526,20.59999999999997,0.0,0.0,0.0
0.6938936348398009,-25.3886964235317,20.599999999999966,0.0,0.0,0.0
0.7053698704635917,-25.387025408344787,20.599999999999966,0.0,0.0,0.0
0.7168456012669464,-25.385354839556534,20.59999999999996,0.0,0.0,0.0
0.7283208267186724,-25.383684721319195,20.599999999999966,0.0,0.0,0.0
0.7397955462892812,-25.382015057785246,20.599999999999966,0.0,0.0,0.0
0.751269759450649,-25.380345853107322,20.59999999999997,0.0,0.0,0.0
0.7627434656762284,-25.37867711143834,20.599999999999966,0.0,0.0,0.0
0.7742166644409442,-25.377008836931328,20.599999999999966,0.0,0.0,0.0
0.7856893552214468,-25.375341033739616,20.599999999999966,0.0,0.0,0.0
0.7971615374957223,-25.373673706016692,20.599999999999962,0.0,0.0,0.0
0.8086332107433565,-25.372006857916258,20.599999999999973,0.0,0.0,0.0
0.8201043744453904,-25.370340493592224,20.599999999999966,0.0,0.0,0.0
0.8315750280846048,-25.36867461719872,20.599999999999973,0.0,0.0,0.0
0.8430451711451008,-25.367009232890084,20.599999999999966,0.0,0.0,0.0
0.8545148031125904,-25.365344344820823,20.59999999999997,0.0,0.0,0.0
0.8659839234742434,-25.363679957145685,20.599999999999966,0.0,0.0,0.0
0.8774525317189459,-25.362016074019618,20.599999999999966,0.0,0.0,0.0
0.88892062733694,-25.36035269959779,20.59999999999997,0.0,0.0,0.0
0.9003882098200432,-25.35868983803553,20.599999999999966,0.0,0.0,0.0
0.9118552786615524,-25.35702749348841,20.599999999999966,0.0,0.0,0.0
0.9233218333564808,-25.3553656701122,20.59999999999997,0.0,0.0,0.0
0.9347878734011767,-25.353704372062875,20.599999999999966,0.0,0.0,0.0
0.9462533982935889,-25.3520436034966,20.599999999999966,0.0,0.0,0.0
0.9577184075331353,-25.35038336856975,20.599999999999966,0.0,0.0,0.0
0.969182900620938,-25.348723671438922,20.59999999999997,0.0,0.0,0.0
0.9806468770594778,-25.347064516260893,20.59999999999997,0.0,0.0,0.0
0.9921103363528144,-25.345405907192667,20.599999999999966,0.0,0.0,0.0
1.0035732780064788,-25.34374784839141,20.599999999999966,0.0,0.0,0.0
1.0150357015277318,-25.34209034401454,20.59999999999997,0.0,0.0,0.0
1.0264976064251494,-25.34043339821964,20.59999999999997,0.0,0.0,0.0
1.037958992208918,-25.33877701516452,20.59999999999997,0.0,0.0,0.0
1.0494198583906948,-25.337121199007164,20.59999999999997,0.0,0.0,0.0
1.0608802044838395,-25.3354659539058,20.599999999999973,0.0,0.0,0.0
1.0723400300030594,-25.333811284018815,20.59999999999997,0.0,0.0,0.0
1.0837993344646608,-25.332157193504816,20.59999999999997,0.0,0.0,0.0
1.0952581173863998,-25.3305036865226,20.599999999999966,0.0,0.0,0.0
1.1067163782877634,-25.32885076723119,20.59999999999997,0.0,0.0,0.0
1.118174116689576,-25.32719843978978,20.59999999999997,0.0,0.0,0.0
1.1296313321142493,-25.325546708357784,20.59999999999997,0.0,0.0,0.0
1.1410880240856631,-25.323895577094785,20.59999999999997,0.0,0.0,0.0
1.1525441921294195,-25.322245050160625,20.599999999999966,0.0,0.0,0.0
1.1639998357724564,-25.32059513171527,20.599999999999973,0.0,0.0,0.0
1.1754549545432929,-25.31894582591894,20.59999999999997,0.0,0.0,0.0
1.186909547971934,-25.317297136932037,20.59999999999997,0.0,0.0,0.0
1.1983636155900814,-25.31564906891516,20.59999999999997,0.0,0.0,0.0
1.2098171569307894,-25.314001626029107,20.59999999999997,0.0,0.0,0.0
1.2212701715287013,-25.312354812434855,20.59999999999997,0.0,0.0,0.0
1.2327226589199207,-25.310708632293604,20.599999999999966,0.0,0.0,0.0
1.2441746186422697,-25.309063089766756,20.599999999999966,0.0,0.0,0.0
1.255626050234914,-25.30741818901588,20.599999999999973,0.0,0.0,0.0
1.2670769532386006,-25.305773934202776,20.59999999999997,0.0,0.0,0.0
1.2785273271955497,-25.30413032948939,20.599999999999973,0.0,0.0,0.0
1.289977171649694,-25.302487379037935,20.59999999999997,0.0,0.0,0.0
1.3014264861463058,-25.30084508701076,20.599999999999966,0.0,0.0,0.0
1.3128752702322495,-25.29920345757042,20.599999999999973,0.0,0.0,0.0
1.3243235234559114,-25.297562494879703,20.59999999999997,0.0,0.0,0.0
1.3357712453671438,-25.29592220310153,20.59999999999997,0.0,0.0,0.0
1.347218435517523,-25.29428258639908,20.59999999999997,0.0,0.0,0.0
1.3586650934599507,-25.292643648935687,20.59999999999997,0.0,0.0,0.0
1.3701112187488627,-25.29100539487488,20.599999999999966,0.0,0.0,0.0
1.3815568109404135,-25.289367828380406,20.599999999999966,0.0,0.0,0.0
1.3930018695920863,-25.287730953616183,20.599999999999973,0.0,0.0,0.0
1.4044463942629608,-25.28609477474632,20.599999999999973,0.0,0.0,0.0
1.415890384513642,-25.284459295935154,20.599999999999973,0.0,0.0,0.0
1.4273338399062008,-25.282824521347155,20.599999999999973,0.0,0.0,0.0
1.438776760004413,-25.281190455147037,20.599999999999973,0.0,0.0,0.0
1.4502191443734063,-25.27955710149969,20.599999999999973,0.0,0.0,0.0
1.461660992579825,-25.277924464570198,20.59999999999997,0.0,0.0,0.0
1.4731023041920284,-25.27629254852381,20.599999999999973,0.0,0.0,0.0
1.4845430787797194,-25.274661357526018,20.599999999999973,0.0,0.0,0.0
1.49598331591418,-25.27303089574245,20.59999999999997,0.0,0.0,0.0
1.5074230151682309,-25.271401167338972,20.599999999999973,0.0,0.0,0.0
1.5188621761161412,-25.2697721764816,20.599999999999973,0.0,0.0,0.0
1.530300798333906,-25.26814392733657,20.599999999999973,0.0,0.0,0.0
1.5417388813988497,-25.266516424070296,20.59999999999997,0.0,0.0,0.0
1.5531764248898934,-25.264889670849378,20.599999999999973,0.0,0.0,0.0
1.5646134283874111,-25.263263671840598,20.599999999999977,0.0,0.0,0.0
1.5760498914734926,-25.261638431210983,20.59999999999997,0.0,0.0,0.0
1.5874858137315695,-25.260013953127647,20.599999999999973,0.0,0.0,0.0
1.5989211947466588,-25.258390241757983,20.599999999999973,0.0,0.0,0.0
1.6103560341052372,-25.25676730126953,20.599999999999973,0.0,0.0,0.0
1.6217903313954989,-25.25514513583003,20.599999999999977,0.0,0.0,0.0
1.63322408620697,-25.2535237496074,20.599999999999973,0.0,0.0,0.0
1.6446572981307668,-25.251903146769756,20.59999999999997,0.0,0.0,0.0
1.6560899667594684,-25.25028333148538,20.599999999999973,0.0,0.0,0.0
1.667522091687361,-25.248664307922777,20.59999999999997,0.0,0.0,0.0
1.67895367251007,-25.247046080250602,20.599999999999973,0.0,0.0,0.0
1.6903847088248172,-25.24542865263773,20.59999999999997,0.0,0.0,0.0
1.7018152002302707,-25.24381202925319,20.59999999999997,0.0,0.0,0.0
1.7132451463268163,-25.242196214266208,20.599999999999973,0.0,0.0,0.0
1.72467454671618,-25.240581211846205,20.599999999999973,0.0,0.0,0.0
1.73610340100167,-25.238967026162797,20.59999999999997,0.0,0.0,0.0
1.7475317087880582,-25.237353661385725,20.599999999999973,0.0,0.0,0.0
1.7589594696818238,-25.235741121684992,20.599999999999977,0.0,0.0,0.0
1.7703866832907853,-25.23412941123075,20.599999999999973,0.0,0.0,0.0
1.7818133492243453,-25.232518534193332,20.599999999999966,0.0,0.0,0.0
1.7932394670933698,-25.23090849474323,20.59999999999997,0.0,0.0,0.0
1.8046650365104364,-25.229299297051195,20.599999999999973,0.0,0.0,0.0
1.81609005708945,-25.227690945288085,20.59999999999997,0.0,0.0,0.0
1.8275145284459116,-25.226083443624972,20.599999999999973,0.0,0.0,0.0
1.838938450196779,-25.224476796233112,20.599999999999973,0.0,0.0,0.0
1.8503618219607125,-25.22287100728395,20.59999999999997,0.0,0.0,0.0
1.8617846433577239,-25.22126608094909,20.599999999999973,0.0,0.0,0.0
1.8732069140093928,-25.219662021400335,20.599999999999977,0.0,0.0,0.0
1.8846286335387739,-25.21805883280966,20.599999999999973,0.0,0.0,0.0
1.8960498015706155,-25.216456519349236,20.59999999999997,0.0,0.0,0.0
1.9074704177310204,-25.214855085191402,20.599999999999977,0.0,0.0,0.0
1.9188904816476549,-25.21325453450867,20.599999999999973,0.0,0.0,0.0
1.9303099929496652,-25.21165487147376,20.59999999999997,0.0,0.0,0.0
1.9417289512678935,-25.210056100259543,20.599999999999977,0.0,0.0,0.0
1.9531473562345159,-25.208458225039095,20.599999999999977,0.0,0.0,0.0
1.9645652074833022,-25.206861249985643,20.599999999999973,0.0,0.0,0.0
1.9759825046494761,-25.205265179272608,20.599999999999973,0.0,0.0,0.0
1.9873992473699715,-25.203670017073613,20.599999999999966,0.0,0.0,0.0
1.99881543528305,-25.202075767562416,20.59999999999997,0.0,0.0,0.0
2.010231068028568,-25.20048243491299,20.599999999999973,0.0,0.0,0.0
2.0216461452478347,-25.198890023299455,20.599999999999973,0.0,0.0,0.0
2.0330606665838635,-25.19729853689614,20.599999999999973,0.0,0.0,0.0
2.0444746316810107,-25.195707979877525,20.599999999999973,0.0,0.0,0.0
2.055888040185206,-25.194118356418283,20.599999999999973,0.0,0.0,0.0
2.0673008917438493,-25.192529670693258,20.599999999999973,0.0,0.0,0.0
2.078713186006039,-25.190941926877475,20.599999999999973,0.0,0.0,0.0
2.090124922622207,-25.189355129146122,20.599999999999977,0.0,0.0,0.0
2.101536101244373,-25.187769281674605,20.599999999999973,0.0,0.0,0.0
2.1129467215260176,-25.186184388638438,20.599999999999973,0.0,0.0,0.0
2.1243567831223187,-25.184600454213363,20.599999999999973,0.0,0.0,0.0
2.1357662856897885,-25.183017482575295,20.59999999999997,0.0,0.0,0.0
2.147175228886531,-25.181435477900287,20.599999999999977,0.0,0.0,0.0
2.158583612372104,-25.179854444364594,20.599999999999977,0.0,0.0,0.0
2.1699914358077637,-25.178274386144658,20.599999999999977,0.0,0.0,0.0
2.181398698856112,-25.17669530741707,20.599999999999977,0.0,0.0,0.0
2.1928054011813205,-25.175117212358604,20.59999999999998,0.0,0.0,0.0
2.204211542449031,-25.173540105146206,20.59999999999998,0.0,0.0,0.0
2.2156171223265733,-25.171963989956996,20.59999999999998,0.0,0.0,0.0
2.227022140482634,-25.17038887096827,20.599999999999973,0.0,0.0,0.0
2.2384265965874577,-25.16881475235751,20.599999999999977,0.0,0.0,0.0
2.249830490312762,-25.167241638302333,20.599999999999973,0.0,0.0,0.0
2.2612338213319543,-25.16566953298055,20.599999999999973,0.0,0.0,0.0
2.2726365893197933,-25.16409844057017,20.59999999999997,0.0,0.0,0.0
2.2840387939526097,-25.162528365249337,20.599999999999977,0.0,0.0,0.0
2.2954404349081803,-25.16095931119635,20.599999999999977,0.0,0.0,0.0
2.306841511866004,-25.159391282589734,20.599999999999977,0.0,0.0,0.0
2.3182420245069024,-25.15782428360816,20.599999999999977,0.0,0.0,0.0
2.3296419725132798,-25.156258318430464,20.599999999999977,0.0,0.0,0.0
2.3410413555689944,-25.154693391235654,20.599999999999973,0.0,0.0,0.0
2.352440173359607,-25.15312950620289,20.599999999999973,0.0,0.0,0.0
2.3638384255720215,-25.15156666751156,20.599999999999977,0.0,0.0,0.0
2.3752361118947034,-25.15000487934115,20.599999999999973,0.0,0.0,0.0
2.38663323201759,-25.14844414587136,20.59999999999998,0.0,0.0,0.0
2.3980297856323105,-25.146884471282043,20.599999999999977,0.0,0.0,0.0
2.4094257724318378,-25.14532585975324,20.59999999999998,0.0,0.0,0.0
2.420821192110712,-25.14376831546512,20.599999999999977,0.0,0.0,0.0
2.4322160443649317,-25.14221184259806,20.599999999999973,0.0,0.0,0.0
2.4436103288922055,-25.140656445332585,20.599999999999977,0.0,0.0,0.0
2.4550040453915662,-25.139102127849405,20.599999999999977,0.0,0.0,0.0
2.4663971935636226,-25.137548894329353,20.599999999999977,0.0,0.0,0.0
2.47778977311045,-25.135996748953477,20.599999999999977,0.0,0.0,0.0
2.48918178373581,-25.134445695902976,20.599999999999977,0.0,0.0,0.0
2.500573225144812,-25.132895739359228,20.599999999999977,0.0,0.0,0.0
2.5119640970441295,-25.131346883503745,20.599999999999973,0.0,0.0,0.0
2.523354399141895,-25.12979913251821,20.59999999999998,0.0,0.0,0.0
2.5347441311479497,-25.12825249058451,20.599999999999977,0.0,0.0,0.0
2.5461332927734546,-25.12670696188467,20.599999999999977,0.0,0.0,0.0
2.5575218837311557,-25.125162550600862,20.599999999999973,0.0,0.0,0.0
2.568909903735245,-25.12361926091545,20.599999999999977,0.0,0.0,0.0
2.580297352501631,-25.122077097010962,20.599999999999973,0.0,0.0,0.0
2.591684229747529,-25.120536063070077,20.599999999999977,0.0,0.0,0.0
2.6030705351917547,-25.118996163275636,20.599999999999977,0.0,0.0,0.0
2.6144562685545627,-25.117457401810668,20.599999999999977,0.0,0.0,0.0
2.625841429557915,-25.115919782858338,20.599999999999973,0.0,0.0,0.0
2.6372260179250993,-25.114383310601976,20.599999999999973,0.0,0.0,0.0
