galstreams/tracks/track.st.Kwando.grillmair2017.ecsv
# %ECSV 0.9
# ---
# datatype:
# - {name: ra, unit: deg, datatype: float64}
# - {name: dec, unit: deg, datatype: float64}
# - {name: distance, unit: kpc, datatype: float64}
# - {name: pm_ra_cosdec, unit: mas / yr, datatype: float64}
# - {name: pm_dec, unit: mas / yr, datatype: float64}
# - {name: radial_velocity, unit: km / s, datatype: float64}
# delimiter: ','
# meta: !!omap
# - __serialized_columns__:
#     dec:
#       __class__: astropy.coordinates.angles.Latitude
#       unit: &id001 !astropy.units.Unit {unit: deg}
#       value: !astropy.table.SerializedColumn {name: dec}
#     distance:
#       __class__: astropy.coordinates.distances.Distance
#       unit: !astropy.units.Unit {unit: kpc}
#       value: !astropy.table.SerializedColumn {name: distance}
#     pm_dec:
#       __class__: astropy.units.quantity.Quantity
#       unit: !astropy.units.Unit {unit: mas / yr}
#       value: !astropy.table.SerializedColumn {name: pm_dec}
#     pm_ra_cosdec:
#       __class__: astropy.units.quantity.Quantity
#       unit: !astropy.units.Unit {unit: mas / yr}
#       value: !astropy.table.SerializedColumn {name: pm_ra_cosdec}
#     ra:
#       __class__: astropy.coordinates.angles.Longitude
#       unit: *id001
#       value: !astropy.table.SerializedColumn {name: ra}
#       wrap_angle: !astropy.coordinates.Angle
#         unit: *id001
#         value: 360.0
#     radial_velocity:
#       __class__: astropy.units.quantity.Quantity
#       unit: !astropy.units.Unit {unit: km / s}
#       value: !astropy.table.SerializedColumn {name: radial_velocity}
# schema: astropy-2.0
ra,dec,distance,pm_ra_cosdec,pm_dec,radial_velocity
[from data line 465]
24.187619331510195,-24.86489375395015,19.999999999999982,0.0,0.0,0.0
24.19808647695631,-24.868236372424207,19.99999999999999,0.0,0.0,0.0
24.208550417417825,-24.871585341121605,19.999999999999986,0.0,0.0,0.0
24.21901115225645,-24.8749406646387,19.999999999999982,0.0,0.0,0.0
24.229468680834774,-24.878302347572284,19.999999999999986,0.0,0.0,0.0
24.239923002516267,-24.881670394519546,19.999999999999982,0.0,0.0,0.0
24.25037411666529,-24.885044810078067,19.999999999999986,0.0,0.0,0.0
24.26082202264708,-24.88842559884588,19.999999999999982,0.0,0.0,0.0
24.271266719827757,-24.891812765421435,19.999999999999986,0.0,0.0,0.0
24.28170820757433,-24.89520631440357,19.999999999999986,0.0,0.0,0.0
24.29214648525467,-24.898606250391538,19.999999999999982,0.0,0.0,0.0
24.302581552237527,-24.902012577985015,19.999999999999982,0.0,0.0,0.0
24.313013407892534,-24.905425301784096,19.999999999999982,0.0,0.0,0.0
24.323442051590177,-24.908844426389255,19.999999999999986,0.0,0.0,0.0
24.33386748270186,-24.912269956401417,19.99999999999998,0.0,0.0,0.0
24.344289700599795,-24.915701896421893,19.999999999999982,0.0,0.0,0.0
24.354708704657106,-24.919140251052415,19.999999999999986,0.0,0.0,0.0
24.36512449424778,-24.922585024895124,19.999999999999982,0.0,0.0,0.0
24.375537068746652,-24.92603622255254,19.999999999999986,0.0,0.0,0.0
24.385946427529422,-24.929493848627644,19.999999999999986,0.0,0.0,0.0
24.39635256997268,-24.932957907723775,19.999999999999986,0.0,0.0,0.0
24.40675549545383,-24.93642840444471,19.999999999999986,0.0,0.0,0.0
24.417155203351196,-24.93990534339463,19.999999999999986,0.0,0.0,0.0
24.427551693043903,-24.9433887291781,19.999999999999982,0.0,0.0,0.0
24.437944963911963,-24.94687856640012,19.999999999999982,0.0,0.0,0.0
24.448335015336234,-24.950374859666066,19.999999999999986,0.0,0.0,0.0
24.458721846698428,-24.953877613581746,19.999999999999986,0.0,0.0,0.0
24.469105457381115,-24.957386832753357,19.999999999999982,0.0,0.0,0.0
24.4794858467677,-24.960902521787496,19.999999999999982,0.0,0.0,0.0
24.48986301424246,-24.964424685291167,19.999999999999986,0.0,0.0,0.0
24.50023695919048,-24.967953327871776,19.999999999999986,0.0,0.0,0.0
24.510607680997754,-24.971488454137145,19.999999999999982,0.0,0.0,0.0
24.520975179051046,-24.975030068695464,19.999999999999986,0.0,0.0,0.0
24.531339452738013,-24.978578176155374,19.999999999999986,0.0,0.0,0.0
24.54170050144713,-24.98213278112585,19.999999999999986,0.0,0.0,0.0
24.55205832456773,-24.985693888216336,19.999999999999982,0.0,0.0,0.0
24.562412921489965,-24.989261502036623,19.999999999999982,0.0,0.0,0.0
24.572764291604823,-24.99283562719693,19.999999999999986,0.0,0.0,0.0
24.583112434304148,-24.99641626830784,19.999999999999986,0.0,0.0,0.0
24.593457348980593,-25.000003429980385,19.999999999999982,0.0,0.0,0.0
24.60379903502765,-25.003597116825965,19.999999999999982,0.0,0.0,0.0
24.614137491839642,-25.007197333456354,19.99999999999998,0.0,0.0,0.0
24.62447271881172,-25.010804084483773,19.999999999999986,0.0,0.0,0.0
24.634804715339868,-25.01441737452079,19.999999999999986,0.0,0.0,0.0
24.645133480820885,-25.018037208180402,19.999999999999982,0.0,0.0,0.0
24.65545901465239,-25.02166359007598,19.999999999999986,0.0,0.0,0.0
24.665781316232835,-25.02529652482129,19.999999999999986,0.0,0.0,0.0
24.676100384961487,-25.028936017030514,19.999999999999982,0.0,0.0,0.0
24.686416220238435,-25.0325820713182,19.99999999999998,0.0,0.0,0.0
24.696728821464568,-25.036234692299296,19.999999999999986,0.0,0.0,0.0
24.707038188041615,-25.039893884589134,19.999999999999982,0.0,0.0,0.0
24.717344319372103,-25.043559652803477,19.99999999999998,0.0,0.0,0.0
24.727647214859374,-25.04723200155842,19.99999999999998,0.0,0.0,0.0
24.73794687390758,-25.050910935470483,19.999999999999986,0.0,0.0,0.0
24.748243295921682,-25.05459645915657,19.999999999999986,0.0,0.0,0.0
24.758536480307452,-25.05828857723398,19.999999999999986,0.0,0.0,0.0
24.76882642647146,-25.061987294320385,19.999999999999982,0.0,0.0,0.0
24.77911313382108,-25.06569261503384,19.999999999999986,0.0,0.0,0.0
24.7893966017645,-25.069404543992835,19.999999999999982,0.0,0.0,0.0
24.799676829710695,-25.073123085816167,19.999999999999986,0.0,0.0,0.0
24.809953817069438,-25.076848245123095,19.999999999999986,0.0,0.0,0.0
24.82022756325131,-25.080580026533227,19.999999999999986,0.0,0.0,0.0
24.83049806766769,-25.084318434666557,19.999999999999986,0.0,0.0,0.0
24.840765329730733,-25.08806347414348,19.999999999999986,0.0,0.0,0.0
24.85102934885339,-25.09181514958474,19.999999999999982,0.0,0.0,0.0
24.861290124449425,-25.09557346561151,19.999999999999982,0.0,0.0,0.0
24.87154765593335,-25.099338426845303,19.999999999999986,0.0,0.0,0.0
24.881801942720514,-25.10311003790806,19.99999999999999,0.0,0.0,0.0
24.892052984227014,-25.106888303422053,19.999999999999986,0.0,0.0,0.0
24.902300779869744,-25.110673228009997,19.999999999999986,0.0,0.0,0.0
24.912545329066376,-25.114464816294916,19.99999999999998,0.0,0.0,0.0
24.92278663123536,-25.118263072900273,19.999999999999982,0.0,0.0,0.0
24.93302468579593,-25.122068002449865,19.999999999999982,0.0,0.0,0.0
24.943259492168114,-25.125879609567917,19.999999999999982,0.0,0.0,0.0
24.95349104977268,-25.129697898878998,19.999999999999986,0.0,0.0,0.0
24.963719358031188,-25.133522875008058,19.999999999999982,0.0,0.0,0.0
24.973944416365978,-25.137354542580443,19.999999999999982,0.0,0.0,0.0
24.98416622420014,-25.14119290622185,19.999999999999982,0.0,0.0,0.0
24.994384780957546,-25.145037970558374,19.99999999999999,0.0,0.0,0.0
25.004600086062837,-25.148889740216475,19.999999999999986,0.0,0.0,0.0
25.014812138941416,-25.152748219822993,19.999999999999986,0.0,0.0,0.0
25.025020939019456,-25.156613414005147,19.999999999999986,0.0,0.0,0.0
25.03522648572385,-25.16048532739051,19.999999999999986,0.0,0.0,0.0
25.04542877848232,-25.164363964607055,19.999999999999982,0.0,0.0,0.0
25.05562781672329,-25.168249330283114,19.999999999999986,0.0,0.0,0.0
25.065823599875973,-25.172141429047393,19.999999999999982,0.0,0.0,0.0
25.076016127370313,-25.17604026552898,19.999999999999986,0.0,0.0,0.0
25.086205398637027,-25.1799458443573,19.999999999999986,0.0,0.0,0.0
25.096391413107572,-25.1838581701622,19.999999999999982,0.0,0.0,0.0
25.10657417021414,-25.187777247573862,19.999999999999986,0.0,0.0,0.0
25.11675366938972,-25.191703081222848,19.999999999999986,0.0,0.0,0.0
25.126929910067997,-25.195635675740085,19.999999999999986,0.0,0.0,0.0
25.137102891683412,-25.199575035756897,19.999999999999982,0.0,0.0,0.0
25.147272613671166,-25.203521165904927,19.999999999999982,0.0,0.0,0.0
25.157439075467178,-25.207474070816204,19.999999999999982,0.0,0.0,0.0
25.16760227650812,-25.21143375512316,19.999999999999982,0.0,0.0,0.0
25.177762216231404,-25.215400223458534,19.999999999999986,0.0,0.0,0.0
25.18791889407516,-25.21937348045548,19.99999999999999,0.0,0.0,0.0
25.198072309478277,-25.223353530747502,19.999999999999982,0.0,0.0,0.0
25.20822246188034,-25.227340378968456,19.999999999999986,0.0,0.0,0.0
25.218369350721716,-25.231334029752578,19.999999999999982,0.0,0.0,0.0
25.228512975443437,-25.235334487734466,19.999999999999986,0.0,0.0,0.0
25.23865333548731,-25.23934175754906,19.999999999999986,0.0,0.0,0.0
25.248790430295855,-25.243355843831704,19.999999999999982,0.0,0.0,0.0
25.25892425931231,-25.24737675121806,19.999999999999986,0.0,0.0,0.0
25.269054821980625,-25.25140448434419,19.999999999999982,0.0,0.0,0.0
25.279182117745478,-25.255439047846483,19.999999999999982,0.0,0.0,0.0
25.289306146052276,-25.259480446361707,19.999999999999982,0.0,0.0,0.0
25.29942690634712,-25.263528684527,19.99999999999998,0.0,0.0,0.0
25.30954439807685,-25.267583766979843,19.999999999999982,0.0,0.0,0.0
25.319658620688983,-25.27164569835807,19.999999999999986,0.0,0.0,0.0
25.329769573631783,-25.275714483299886,19.999999999999986,0.0,0.0,0.0
25.339877256354203,-25.27979012644386,19.999999999999986,0.0,0.0,0.0
25.3499816683059,-25.283872632428903,19.999999999999982,0.0,0.0,0.0
25.360082808937246,-25.28796200589428,19.999999999999986,0.0,0.0,0.0
25.370180677699313,-25.292058251479645,19.999999999999982,0.0,0.0,0.0
25.380275274043857,-25.296161373824948,19.999999999999986,0.0,0.0,0.0
25.39036659742338,-25.300271377570564,19.999999999999982,0.0,0.0,0.0
25.400454647291017,-25.304388267357172,19.999999999999986,0.0,0.0,0.0
25.41053942310064,-25.30851204782581,19.999999999999986,0.0,0.0,0.0
25.420620924306814,-25.3126427236179,19.999999999999982,0.0,0.0,0.0
25.43069915036479,-25.316780299375186,19.999999999999982,0.0,0.0,0.0
25.440774100730497,-25.320924779739784,19.999999999999982,0.0,0.0,0.0
25.45084577486055,-25.325076169354134,19.999999999999986,0.0,0.0,0.0
25.460914172212284,-25.329234472861057,19.999999999999986,0.0,0.0,0.0
25.47097929224369,-25.333399694903715,19.99999999999998,0.0,0.0,0.0
25.481041134413434,-25.337571840125605,19.999999999999982,0.0,0.0,0.0
25.491099698180886,-25.341750913170607,19.99999999999999,0.0,0.0,0.0
25.501154983006096,-25.345936918682916,19.99999999999998,0.0,0.0,0.0
25.51120698834976,-25.350129861307085,19.999999999999986,0.0,0.0,0.0
25.52125571367327,-25.354329745688034,19.999999999999986,0.0,0.0,0.0
25.531301158438694,-25.358536576470993,19.99999999999999,0.0,0.0,0.0
25.541343322108766,-25.36275035830157,19.999999999999986,0.0,0.0,0.0
25.551382204146897,-25.366971095825697,19.999999999999986,0.0,0.0,0.0
25.561417804017147,-25.371198793689693,19.999999999999986,0.0,0.0,0.0
25.571450121184256,-25.37543345654017,19.999999999999986,0.0,0.0,0.0
25.58147915511362,-25.379675089024104,19.999999999999982,0.0,0.0,0.0
25.591504905271304,-25.38392369578883,19.999999999999982,0.0,0.0,0.0
25.601527371124018,-25.388179281481996,19.999999999999986,0.0,0.0,0.0
25.61154655213919,-25.392441850751634,19.999999999999982,0.0,0.0,0.0
25.621562447784783,-25.396711408246077,19.999999999999982,0.0,0.0,0.0
25.631575057529506,-25.400987958614014,19.99999999999999,0.0,0.0,0.0
25.64158438084272,-25.405271506504484,19.999999999999982,0.0,0.0,0.0
25.6515904171944,-25.409562056566855,19.999999999999986,0.0,0.0,0.0
25.661593166055184,-25.41385961345085,19.99999999999999,0.0,0.0,0.0
25.671592626896366,-25.418164181806514,19.999999999999986,0.0,0.0,0.0
25.681588799189868,-25.42247576628424,19.999999999999982,0.0,0.0,0.0
25.691581682408266,-25.426794371534754,19.999999999999986,0.0,0.0,0.0
25.701571276024758,-25.431120002209127,19.999999999999986,0.0,0.0,0.0
25.711557579513205,-25.43545266295876,19.999999999999982,0.0,0.0,0.0
25.721540592348084,-25.43979235843538,19.999999999999986,0.0,0.0,0.0
25.731520314004523,-25.44413909329108,19.999999999999982,0.0,0.0,0.0
25.741496743958272,-25.448492872178285,19.999999999999986,0.0,0.0,0.0
25.75146988168571,-25.452853699749703,19.999999999999982,0.0,0.0,0.0
25.76143972666385,-25.457221580658437,19.999999999999982,0.0,0.0,0.0
25.771406278370335,-25.461596519557904,19.999999999999986,0.0,0.0,0.0
25.781369536283417,-25.465978521101828,19.999999999999986,0.0,0.0,0.0
25.791329499881982,-25.470367589944313,19.999999999999986,0.0,0.0,0.0
25.801286168645554,-25.474763730739763,19.99999999999998,0.0,0.0,0.0
25.811239542054228,-25.479166948142904,19.999999999999986,0.0,0.0,0.0
25.821189619588758,-25.483577246808835,19.999999999999986,0.0,0.0,0.0
25.831136400730497,-25.48799463139294,19.999999999999982,0.0,0.0,0.0
25.84107988496142,-25.492419106550965,19.999999999999982,0.0,0.0,0.0
25.851020071764093,-25.496850676938948,19.999999999999986,0.0,0.0,0.0
25.86095696062171,-25.501289347213312,19.999999999999982,0.0,0.0,0.0
25.870890551018057,-25.505735122030753,19.999999999999986,0.0,0.0,0.0
25.880820842437537,-25.510188006048335,19.999999999999986,0.0,0.0,0.0
25.89074783436515,-25.5146480039234,19.99999999999998,0.0,0.0,0.0
25.900671526286484,-25.51911512031368,19.999999999999986,0.0,0.0,0.0
25.910591917687746,-25.523589359877178,19.999999999999982,0.0,0.0,0.0
25.92050900805573,-25.52807072727225,19.999999999999986,0.0,0.0,0.0
25.930422796877824,-25.532559227157567,19.999999999999982,0.0,0.0,0.0
25.940333283642016,-25.53705486419213,19.999999999999982,0.0,0.0,0.0
25.95024046783686,-25.54155764303526,19.999999999999986,0.0,0.0,0.0
25.960144348951516,-25.5460675683466,19.999999999999986,0.0,0.0,0.0
25.97004492647575,-25.55058464478611,19.999999999999986,0.0,0.0,0.0
25.979942199899874,-25.555108877014092,19.999999999999986,0.0,0.0,0.0
25.989836168714803,-25.559640269691133,19.999999999999982,0.0,0.0,0.0
25.99972683241203,-25.56417882747818,19.999999999999986,0.0,0.0,0.0
26.009614190483607,-25.56872455503648,19.999999999999986,0.0,0.0,0.0
26.019498242422202,-25.573277457027594,19.99999999999998,0.0,0.0,0.0
26.02937898772101,-25.57783753811341,19.999999999999986,0.0,0.0,0.0
26.039256425873834,-25.58240480295613,19.99999999999999,0.0,0.0,0.0
26.04913055637504,-25.586979256218296,19.999999999999986,0.0,0.0,0.0
26.059001378719536,-25.591560902562726,19.999999999999986,0.0,0.0,0.0
26.06886889240282,-25.596149746652575,19.99999999999999,0.0,0.0,0.0
26.07873309692095,-25.600745793151333,19.99999999999998,0.0,0.0,0.0
26.088593991770527,-25.60534904672278,19.999999999999982,0.0,0.0,0.0
26.098451576448742,-25.609959512031004,19.999999999999986,0.0,0.0,0.0
26.108305850453316,-25.614577193740438,19.999999999999986,0.0,0.0,0.0
26.11815681328254,-25.619202096515806,19.999999999999986,0.0,0.0,0.0
26.128004464435246,-25.623834225022147,19.999999999999986,0.0,0.0,0.0
26.13784880341082,-25.628473583924826,19.999999999999986,0.0,0.0,0.0
26.147689829709204,-25.633120177889495,19.999999999999982,0.0,0.0,0.0
26.157527542830874,-25.63777401158215,19.999999999999986,0.0,0.0,0.0
26.167361942276877,-25.64243508966907,19.999999999999982,0.0,0.0,0.0
26.177193027548746,-25.647103416816844,19.999999999999982,0.0,0.0,0.0
26.187020798148616,-25.65177899769239,19.999999999999986,0.0,0.0,0.0
26.196845253579134,-25.656461836962933,19.999999999999986,0.0,0.0,0.0
26.206666393343454,-25.66115193929598,19.999999999999986,0.0,0.0,0.0
26.21648421694532,-25.66584930935938,19.999999999999986,0.0,0.0,0.0
26.226298723888966,-25.670553951821276,19.999999999999986,0.0,0.0,0.0
26.236109913679165,-25.67526587135009,19.999999999999986,0.0,0.0,0.0
26.245917785821206,-25.6799850726146,19.99999999999999,0.0,0.0,0.0
26.255722339820938,-25.684711560283855,19.999999999999982,0.0,0.0,0.0
26.265523575184687,-25.689445339027213,19.999999999999986,0.0,0.0,0.0
26.27532149141933,-25.694186413514352,19.999999999999982,0.0,0.0,0.0
26.28511608803225,-25.698934788415233,19.99999999999998,0.0,0.0,0.0
26.29490736453135,-25.703690468400143,19.999999999999982,0.0,0.0,0.0
26.30469532042505,-25.708453458139644,19.999999999999986,0.0,0.0,0.0
26.314479955222264,-25.71322376230461,19.999999999999986,0.0,0.0,0.0
26.324261268432444,-25.71800138556625,19.99999999999998,0.0,0.0,0.0
26.33403925956551,-25.722786332596016,19.99999999999999,0.0,0.0,0.0
26.34381392813193,-25.7275786080657,19.999999999999986,0.0,0.0,0.0
26.353585273642643,-25.732378216647383,19.999999999999982,0.0,0.0,0.0
26.363353295609105,-25.737185163013443,19.999999999999986,0.0,0.0,0.0
26.37311799354325,-25.74199945183655,19.999999999999986,0.0,0.0,0.0
26.382879366957535,-25.7468210877897,19.999999999999982,0.0,0.0,0.0
26.39263741536489,-25.751650075546145,19.999999999999986,0.0,0.0,0.0
26.40239213827875,-25.756486419779467,19.999999999999982,0.0,0.0,0.0
26.412143535213026,-25.76133012516352,19.999999999999982,0.0,0.0,0.0
26.42189160568212,-25.766181196372468,19.999999999999986,0.0,0.0,0.0
26.43163634920093,-25.771039638080772,19.999999999999986,0.0,0.0,0.0
26.441377765284823,-25.775905454963176,19.999999999999986,0.0,0.0,0.0
26.45111585344964,-25.78077865169474,19.999999999999982,0.0,0.0,0.0
26.460850613211726,-25.785659232950774,19.999999999999986,0.0,0.0,0.0
26.470582044087877,-25.790547203406927,19.99999999999999,0.0,0.0,0.0
26.48031014559537,-25.79544256773912,19.999999999999986,0.0,0.0,0.0
26.490034917251958,-25.800345330623554,19.999999999999982,0.0,0.0,0.0
26.49975635857586,-25.805255496736734,19.999999999999982,0.0,0.0,0.0
26.509474469085745,-25.81017307075546,19.999999999999986,0.0,0.0,0.0
