galstreams/tracks/track.st.M68.ibata2021.ecsv
# %ECSV 1.0
# ---
# datatype:
# - {name: ra, unit: deg, datatype: float64}
# - {name: dec, unit: deg, datatype: float64}
# - {name: distance, unit: kpc, datatype: float64}
# - {name: pm_ra_cosdec, unit: mas / yr, datatype: float64}
# - {name: pm_dec, unit: mas / yr, datatype: float64}
# - {name: radial_velocity, unit: km / s, datatype: float64}
# delimiter: ','
# meta: !!omap
# - __serialized_columns__:
#     dec:
#       __class__: astropy.coordinates.angles.Latitude
#       unit: &id001 !astropy.units.Unit {unit: deg}
#       value: !astropy.table.SerializedColumn {name: dec}
#     distance:
#       __class__: astropy.coordinates.distances.Distance
#       unit: !astropy.units.Unit {unit: kpc}
#       value: !astropy.table.SerializedColumn {name: distance}
#     pm_dec:
#       __class__: astropy.units.quantity.Quantity
#       unit: !astropy.units.Unit {unit: mas / yr}
#       value: !astropy.table.SerializedColumn {name: pm_dec}
#     pm_ra_cosdec:
#       __class__: astropy.units.quantity.Quantity
#       unit: !astropy.units.Unit {unit: mas / yr}
#       value: !astropy.table.SerializedColumn {name: pm_ra_cosdec}
#     ra:
#       __class__: astropy.coordinates.angles.Longitude
#       unit: *id001
#       value: !astropy.table.SerializedColumn {name: ra}
#       wrap_angle: !astropy.coordinates.Angle
#         unit: *id001
#         value: 360.0
#     radial_velocity:
#       __class__: astropy.units.quantity.Quantity
#       unit: !astropy.units.Unit {unit: km / s}
#       value: !astropy.table.SerializedColumn {name: radial_velocity}
# schema: astropy-2.0
ra,dec,distance,pm_ra_cosdec,pm_dec,radial_velocity
[from data line 145]
186.87569857279001,-42.421101845256665,3.99551591005091,-4.552235895081601,9.808054572929272,413.7680798040534
186.878914946973,-42.41142264900239,3.995100391784486,-4.5525933585668765,9.810273454792512,413.071949939689
186.88212605760836,-42.40174276339816,3.9946877663203035,-4.552945918188834,9.812475689029135,412.37673929811854
186.8853319176066,-42.39206219032044,3.9942780289244633,-4.553293581891646,9.814661297282232,411.68244806763084
186.8885325398701,-42.382380931643375,3.993871174863066,-4.553636357629574,9.81683030119244,410.98907643651495
186.89172793729315,-42.37269898923932,3.993467199402213,-4.553974253367002,9.818982722397948,410.2966245930591
186.89491812276208,-42.36301636497836,3.9930660978080064,-4.554307277078355,9.821118582534575,409.6050927255521
186.89810310915504,-42.35333306072872,3.992667865346545,-4.554635436748045,9.823237903235697,408.91448102228253
186.9012829093422,-42.34364907835644,3.9922724972839307,-4.554958740370447,9.82534070613232,408.2247896715389
186.90445753618565,-42.33396441972569,3.9918799888862657,-4.555277195949841,9.827427012853065,407.53601886161005
186.90762700253947,-42.32427908669847,3.9914903354196505,-4.555590811500359,9.829496845024195,406.8481687807846
186.91079132124966,-42.31459308113493,3.9911035321501855,-4.555899595045935,9.831550224269627,406.16123961735093
186.9139505051543,-42.304906404893025,3.9907195743439714,-4.5562035546202955,9.83358717221094,405.4752315595981
186.9171045670833,-42.295219059828945,3.990338457267111,-4.556502698266861,9.835607710467382,404.79014479581434
186.92025351985868,-42.28553104779663,3.989960176185704,-4.556797034038718,9.837611860655894,404.1059795142886
186.92339737629436,-42.27584237064828,3.989584726365852,-4.557086569998605,9.839599644391107,403.42273590330933
186.92653614919632,-42.26615303023387,3.989212103073657,-4.557371314218825,9.841571083285377,402.74041415116534
186.92966985136255,-42.25646302840168,3.9888423015752172,-4.557651274781216,9.843526198948798,402.05901444614517
186.93279849558297,-42.246772366997746,3.988475317136636,-4.5579264597771045,9.845465012989186,401.37853697653753
186.9359220946396,-42.23708104786637,3.988111145024014,-4.5581968773072505,9.847387547012087,400.69898193063074
186.93904066130645,-42.2273890728497,3.987749780503452,-4.558462535481833,9.849293822620854,400.02034949671395
186.9421542083495,-42.21769644378814,3.9873912188410516,-4.558723442420353,9.8511838614166,399.3426398630753
186.94526274852691,-42.208003162519965,3.9870354553029137,-4.5589796062516585,9.853057684998209,398.66585321800386
186.94836629458874,-42.198309230881684,3.986682485155139,-4.55923103511381,9.854915314962396,397.989989749788
186.95146485927717,-42.18861465070767,3.9863323036638287,-4.559477737154139,9.856756772903651,397.3150496467165
186.95455845532635,-42.178919423830635,3.985984906095084,-4.55971972052909,9.858582080414338,396.64103309707775
186.95764709546262,-42.16922355208108,3.9856402877150052,-4.5599569934042785,9.860391259084619,395.9679402891609
186.9607307924043,-42.15952703728791,3.985298443789695,-4.560189563954391,9.862184330502524,395.295771411254
186.96380955886175,-42.14982988127778,3.9849593695852525,-4.560417440363135,9.863961316253945,394.62452665164597
186.96688340753752,-42.1401320858758,3.9846230603677806,-4.560640630823248,9.865722237922645,393.95420619862546
186.9699523511261,-42.13043365290484,3.984289511403379,-4.56085914353637,9.867467117090273,393.2848102404813
186.97301640231422,-42.120734584186216,3.983958717958149,-4.5610729867130955,9.869195975336385,392.6163389655017
186.97607557378055,-42.111034881539084,3.9836306752981927,-4.561282168572838,9.870908834238453,391.9487925619755
186.97912987819603,-42.10133454678086,3.9833053786896095,-4.561486697343854,9.87260571537185,391.2821712181914
186.98217932822354,-42.091633581727166,3.982982823398502,-4.561686581263164,9.874286640309899,390.61647512243815
186.9852239365182,-42.0819319881916,3.9826630046909703,-4.5618818285765315,9.875951630623874,389.951704463004
186.98826371572721,-42.0722297679859,3.9823459178331158,-4.56207244753839,9.877600707882994,389.28785942817814
186.99129867848987,-42.0625269229201,3.9820315580910397,-4.562258446411826,9.879233893654472,388.62494020624865
186.99432883743768,-42.05282345480234,3.9817199207308427,-4.562439833468533,9.880851209503492,387.9629469855044
186.99735420519417,-42.04311936543881,3.981411001018626,-4.562616616988743,9.882452676993221,387.30187995423404
187.0003747943751,-42.03341465663402,3.981104794220491,-4.5627888052612136,9.884038317684848,386.64173930072644
187.0033906175884,-42.023709330190485,3.980801295602538,-4.562956406583202,9.885608153137579,385.9825252132697
187.00640168743405,-42.014003387909106,3.980500500430869,-4.563119429260331,9.887162204908659,385.3242378801529
187.00940801650435,-42.00429683158873,3.9802024039715844,-4.563277881606675,9.888700494553362,384.6668774896646
187.01240961738364,-41.99458966302663,3.979907001490785,-4.563431771944615,9.890223043625012,384.0104442300933
187.0154065026485,-41.98488188401804,3.979614288254574,-4.563581108604856,9.891729873675008,383.35493828972795
187.01839868486763,-41.97517349635664,3.97932425952905,-4.563725899926334,9.89322100625284,382.7003598568568
187.02138617660202,-41.96546450183405,3.979036910580314,-4.5638661542562335,9.894696462906062,382.04670911976876
187.02436899040478,-41.95575490224037,3.9787522366744685,-4.564001879949902,9.896156265180334,381.39398626675217
187.02734713882128,-41.94604469936368,3.9784702330776143,-4.564133085370822,9.897600434619445,380.7421914860961
187.03032063438897,-41.9363338949905,3.9781908950558513,-4.564259778890558,9.899028992765292,380.0913249660889
187.0332894896377,-41.92662249090535,3.977914217875282,-4.564381968888752,9.900441961157908,379.4413868950192
187.03625371708938,-41.91691048889123,3.9776401968020068,-4.564499663753032,9.901839361335487,378.79237746117553
187.03921332925825,-41.90719789072913,3.9773688271021275,-4.56461287187901,9.903221214834353,378.1442968528473
187.04216833865075,-41.897484698198525,3.9771001040417433,-4.564721601670212,9.904587543189033,377.49714525832195
187.04511875776555,-41.887770913076935,3.976834022886956,-4.564825861538062,9.905938367932215,376.8509228658889
187.04806459909355,-41.87805653714032,3.976570578903869,-4.564925659901811,9.907273710594778,376.20562986383675
187.05100587511797,-41.8683415721627,3.9763097673585803,-4.565021005188543,9.908593592705806,375.56126644045406
187.0539425983142,-41.8586260199166,3.9760515835171923,-4.565111905833086,9.909898035792613,374.91783278402926
187.05687478114996,-41.84890988217258,3.975796022645806,-4.565198370277987,9.911187061380716,374.2753290828513
187.05980243608522,-41.839193160699686,3.9755430800105223,-4.565280406973498,9.912460690993885,373.6337555252084
187.06272557557227,-41.82947585726505,3.9752927508774425,-4.565358024377508,9.91371894615413,372.99311229938974
187.06564421205556,-41.819757973634324,3.975045030512667,-4.5654312309554825,9.914961848381726,372.3533995936835
187.06855835797197,-41.810039511571205,3.9747999141822974,-4.565500035180477,9.916189419195213,371.7146175963786
187.07146802575062,-41.800320472837925,3.9745573971524353,-4.565564445533056,9.917401680111405,371.0767664957637
187.0743732278129,-41.790600859194825,3.9743174746891805,-4.565624470501286,9.918598652645434,370.439846480127
187.0772739765726,-41.780880672400734,3.9740801420586354,-4.565680118580654,9.919780358310705,369.8038577377578
187.08017028443572,-41.771159914212596,3.9738453945268994,-4.565731398274063,9.920946818618965,369.16880045694427
187.08306216380063,-41.76143858638589,3.973613227360076,-4.565778318091763,9.922098055080255,368.5346748259753
187.08594962705808,-41.75171669067425,3.9733836358242645,-4.565820886551362,9.923234089202992,367.9014810331393
187.08883268659105,-41.741994228829796,3.9731566151855646,-4.565859112177719,9.924354942493895,367.26921926672503
187.09171135477496,-41.7322712026028,3.972932160710081,-4.565893003502964,9.925460636458077,366.6378897150211
187.0945856439775,-41.72254761374209,3.9727102676639117,-4.565922569066419,9.926551192598993,366.00749256631633
187.09745556655878,-41.712823463994646,3.9724909313131587,-4.565947817414588,9.927626632418512,365.378028008899
187.1003211348712,-41.70309875510598,3.9722741469239238,-4.565968757101092,9.928686977416847,364.7494962310579
187.10318236125963,-41.69337348881976,3.972059909762308,-4.5659853966866475,9.929732249092641,364.12189742108194
187.10603925806114,-41.68364766687825,3.971848215094411,-4.5659977447390245,9.930762468942941,363.49523176725955
187.10889183760543,-41.67392129102187,3.9716390581863354,-4.566005809833014,9.931777658463226,362.8694994578792
187.11174011221433,-41.664194362989605,3.9714324343041807,-4.566009600550384,9.932777839147391,362.24470068122974
187.11458409420226,-41.65446688451861,3.9712283387140497,-4.566009125479815,9.933763032487782,361.6208356255999
187.1174237958759,-41.64473885734467,3.971026766682041,-4.566004393216923,9.934733259975193,360.997904479278
187.1202592295344,-41.635010283201694,3.9708277134742596,-4.5659954123641615,9.93568854309889,360.3759074305531
187.12309040746936,-41.62528116382226,3.970631174356803,-4.5659821915308205,9.936628903346609,359.7548446677133
187.1259173419647,-41.61555150093708,3.9704371445957745,-4.565964739332978,9.93755436220457,359.1347163790477
187.12874004529684,-41.60582129627551,3.9702456194572724,-4.565943064393447,9.93846494115749,358.5155227528449
187.13155852973463,-41.596090551565105,3.9700565942073998,-4.565917175341773,9.939360661688593,357.89726397739327
187.1343728075393,-41.586359268532036,3.969870064112259,-4.565887080814155,9.940241545279605,357.27994024098143
187.13718289096457,-41.5766274489007,3.969686024437948,-4.56585278945345,9.9411076134108,356.6635517318985
187.13998879225662,-41.5668950943941,3.96950447045057,-4.5658143099091015,9.941958887560968,356.0480986384327
187.14279052365404,-41.5571622067335,3.9693253974162253,-4.565771650837118,9.942795389207461,355.43358114887286
187.14558809738796,-41.54742878763878,3.9691488006010154,-4.565724820900033,9.943617139826177,354.8199994515074
187.14838152568188,-41.53769483882805,3.9689746752710406,-4.565673828766881,9.944424160891586,354.2073537346253
187.15117082075184,-41.52796036201809,3.9688030166924033,-4.565618683113142,9.94521647387673,353.59564418651485
187.15395599480635,-41.518225358923914,3.9686338201312026,-4.565559392620705,9.945994100253241,352.9848709954648
187.15673706004642,-41.5084898312592,3.9684670808535407,-4.565495965977846,9.946757061491347,352.3750343497638
187.15951402866554,-41.498753780735875,3.96830279412552,-4.565428411879196,9.947505379059887,351.76613443770077
187.1622869128497,-41.48901720906453,3.9681409552132396,-4.565356739025681,9.948239074426303,351.15817144756375
187.16505572477746,-41.47928011795404,3.967981559382801,-4.565280956124497,9.948958169056684,350.5511455676419
187.16782047661974,-41.46954250911195,3.9678246019003054,-4.565201071889087,9.949662684415735,349.94505698622385
187.17058118054015,-41.45980438424407,3.967670078031854,-4.56511709503908,9.950352641966825,349.3399058915979
187.17333784869476,-41.450065745054935,3.967517983043547,-4.565029034300288,9.951028063171982,348.7356924720529
187.17609049323218,-41.44032659324729,3.9673683122014864,-4.56493689840464,9.951688969491862,348.13241691587734
187.1788391262935,-41.43058693052267,3.967221060771774,-4.564840696090148,9.95233538238585,347.5300794113601
187.18158376001244,-41.42084675858083,3.9670762240205097,-4.564740436100909,9.952967323311977,346.92868014678965
187.1843244065153,-41.411106079120266,3.966933797213795,-4.564636127187015,9.95358481372699,346.32821931045476
187.18706107792082,-41.40136489383777,3.96679377561773,-4.5645277781045746,9.95418787508633,345.7286970906439
187.18979378634037,-41.39162320442885,3.9666561544984167,-4.564415397615618,9.954776528844153,345.1301136756458
187.192522543878,-41.38188101258736,3.966520929121955,-4.564298994488132,9.955350796453352,344.532469253749
187.19524736263008,-41.3721383200058,3.9663880947544485,-4.564178577495934,9.95591069936554,343.93576401324253
187.1979682546859,-41.36239512837508,3.966257646661996,-4.564054155418743,9.956456259031082,343.3399981424145
187.200685232127,-41.35265143938479,3.9661295801107,-4.563925737042057,9.956987496899082,342.745171829554
187.2033983070278,-41.34290725472286,3.9660038903666606,-4.5637933311571715,9.957504434417412,342.1512852629493
187.20610749145519,-41.33316257607599,3.9658805726959785,-4.563656946561115,9.958007093032736,341.55833863088924
187.20881279746865,-41.3234174051292,3.9657596223647555,-4.563516592056644,9.958495494190466,340.9663321216623
187.21151423712035,-41.313671743566275,3.965641034639093,-4.563372276452162,9.958969659334839,340.37526592355727
187.21421182245513,-41.303925593069316,3.9655248047850913,-4.5632240085617575,9.959429609908856,339.78514022486297
187.21690556551027,-41.294178955319246,3.9654109280688514,-4.563071797205083,9.959875367354353,339.19595521386736
187.21959547831588,-41.28443183199528,3.965299399756475,-4.562915651207407,9.960306953111969,338.6077110788599
187.22228157289464,-41.27468422477545,3.9651902151140623,-4.562755579399506,9.960724388621177,338.0204080081288
187.22496386126187,-41.26493613533616,3.9650833694077154,-4.562591590617692,9.961127695320293,337.43404618996277
187.2276423554256,-41.25518756535255,3.964978857903535,-4.562423693703727,9.961516894646465,336.8486258126505
187.23031706738647,-41.24543851649818,3.9648766758676217,-4.562251897504842,9.961892008035706,336.2641470644805
187.23298800913776,-41.23568899044539,3.9647768185660777,-4.562076210873646,9.962253056922894,335.68061013374165
187.23565519266555,-41.22593898886489,3.9646792812650022,-4.561896642668141,9.962600062741773,335.0980152087223
187.23831862994848,-41.21618851342619,3.964584059230498,-4.5617132017516795,9.962933046924963,334.5163624777112
187.24097833295804,-41.20643756579723,3.9644911477286655,-4.561525896992905,9.963252030903996,333.935652128997
187.24363431365816,-41.19668614764471,3.964400542025605,-4.561334737265735,9.963557036109293,333.3558843508684
187.24628658400573,-41.18693426063375,3.96431223738742,-4.561139731449348,9.963848083970175,332.777059331614
187.2489351559502,-41.177181906428295,3.964226229080208,-4.56094088842813,9.9641251959149,332.19917725952234
187.25158004143378,-41.167429086690696,3.964142512370073,-4.5607382170916315,9.96438839337064,331.62223832288225
187.25422125239146,-41.157675803082135,3.9640610825231137,-4.560531726334572,9.964637697763504,331.0462427099821
187.25685880075088,-41.147922057262186,3.963981934805435,-4.560321425056762,9.964873130518535,330.4711906091109
187.25949269843238,-41.13816785088929,3.9639050644831335,-4.560107322163105,9.965094713059758,329.8970822085571
187.2621229573492,-41.12841318562031,3.9638304668223125,-4.559889426563561,9.96530246681014,329.32391769660916
187.26474958940716,-41.11865806311092,3.9637581370890733,-4.5596677471730995,9.96549641319161,328.75169726155605
187.26737260650498,-41.10890248501529,3.9636880705495154,-4.559442292911678,9.965676573625101,328.1804210916861
187.269992020534,-41.09914645298639,3.963620262469742,-4.559213072704207,9.965842969530511,327.61008937528834
187.2726078433785,-41.08938996867563,3.9635547081158524,-4.558980095480522,9.96599562232675,327.04070230065093
187.27522008691534,-41.07963303373334,3.963491402753948,-4.558743370175358,9.966134553431727,326.4722600560629
187.27782876301433,-41.06987564980823,3.9634303416501315,-4.5585029057282975,9.966259784262363,325.9047628298126
187.28043388353797,-41.060117818547944,3.9633715200705004,-4.5582587110837665,9.966371336234609,325.33821081018874
187.2830354603416,-41.0503595415985,3.96331493328116,-4.558010795190967,9.966469230763426,324.77260418548025
