galstreams/tracks/track.st.M68-Fjorm.palau2019.ecsv
# %ECSV 1.0
# ---
# datatype:
# - {name: ra, unit: deg, datatype: float64}
# - {name: dec, unit: deg, datatype: float64}
# - {name: distance, unit: kpc, datatype: float64}
# - {name: pm_ra_cosdec, unit: mas / yr, datatype: float64}
# - {name: pm_dec, unit: mas / yr, datatype: float64}
# - {name: radial_velocity, unit: km / s, datatype: float64}
# delimiter: ','
# meta: !!omap
# - __serialized_columns__:
#     dec:
#       __class__: astropy.coordinates.angles.Latitude
#       unit: &id001 !astropy.units.Unit {unit: deg}
#       value: !astropy.table.SerializedColumn {name: dec}
#     distance:
#       __class__: astropy.coordinates.distances.Distance
#       unit: !astropy.units.Unit {unit: kpc}
#       value: !astropy.table.SerializedColumn {name: distance}
#     pm_dec:
#       __class__: astropy.units.quantity.Quantity
#       unit: !astropy.units.Unit {unit: mas / yr}
#       value: !astropy.table.SerializedColumn {name: pm_dec}
#     pm_ra_cosdec:
#       __class__: astropy.units.quantity.Quantity
#       unit: !astropy.units.Unit {unit: mas / yr}
#       value: !astropy.table.SerializedColumn {name: pm_ra_cosdec}
#     ra:
#       __class__: astropy.coordinates.angles.Longitude
#       unit: *id001
#       value: !astropy.table.SerializedColumn {name: ra}
#       wrap_angle: !astropy.coordinates.Angle
#         unit: *id001
#         value: 360.0
#     radial_velocity:
#       __class__: astropy.units.quantity.Quantity
#       unit: !astropy.units.Unit {unit: km / s}
#       value: !astropy.table.SerializedColumn {name: radial_velocity}
# schema: astropy-2.0
ra,dec,distance,pm_ra_cosdec,pm_dec,radial_velocity
[from data line 9899]
218.37436898874853,49.438825906511795,5.854466010986081,0.9090897708233034,5.480250611471019,1.6841534259744676e-14
218.3833810460713,49.44714870315163,5.854544744033595,0.9102006038933916,5.479977314395166,-2.5262301389617013e-14
218.39239653369546,49.4554706502414,5.8546232871113055,0.9113116500872107,5.479703504345521,-8.420767129872338e-15
218.40141545338406,49.46379174724732,5.854701640141915,0.9124229093614589,5.4794291810759965,-8.420767129872338e-15
218.41043780690092,49.47211199363525,5.854779803048119,0.9135343816726875,5.479154344340392,-2.5262301389617013e-14
218.4194635960108,49.48043138887067,5.854857775752625,0.9146460669772907,5.478878993892377,-3.368306851948935e-14
218.42849282247934,49.48874993241866,5.854935558178129,0.9157579652315209,5.478603129485501,-2.5262301389617013e-14
218.437525488073,49.49706762374391,5.855013150247335,0.9168700763914712,5.47832675087319,-8.420767129872338e-15
218.44656159455906,49.50538446231069,5.855090551882942,0.9179824004130805,5.478049857808758,-2.5262301389617013e-14
218.45560114370588,49.51370044758295,5.855167763007652,0.9190949372521502,5.477772450045382,-5.0524602779234026e-14
218.4646441372824,49.522015579024185,5.855244783544166,0.9202076868643125,5.477494527336129,-3.368306851948935e-14
218.47369057705862,49.53032985609752,5.855321613415185,0.9213206492050574,5.477216089433942,0.0
218.48274046480543,49.5386432782657,5.855398252543409,0.9224338242297241,5.476937136091637,-2.5262301389617013e-14
218.49179380229447,49.546955844991075,5.8554747008515395,0.9235472118934904,5.476657667061913,-3.368306851948935e-14
218.50085059129833,49.555267555735604,5.855550958262277,0.9246608121513911,5.476377682097347,-1.6841534259744676e-14
218.50991083359042,49.56357840996085,5.855627024698323,0.9257746249583005,5.476097180950392,-8.420767129872338e-15
218.51897453094506,49.571888407127965,5.855702900082378,0.9268886502689391,5.475816163373377,-2.5262301389617013e-14
218.52804168513748,49.58019754669775,5.855778584337144,0.9280028880378828,5.475534629118513,-3.368306851948935e-14
218.53711229794365,49.588505828130586,5.855854077385319,0.9291173382195419,5.475252577937891,1.6841534259744676e-14
218.54618637114055,49.59681325088646,5.855929379149606,0.9302320007681846,5.474970009583476,-4.210383564936169e-14
218.55526390650596,49.605119814425,5.856004489552708,0.9313468756379146,5.4746869238071065,-5.0524602779234026e-14
218.5643449058185,49.613425518205396,5.856079408517324,0.9324619627826827,5.4744033203605085,-1.6841534259744676e-14
218.57342937085775,49.62173036168645,5.856154135966153,0.9335772621562899,5.474119198995279,-1.6841534259744676e-14
218.5825173034041,49.630034344326596,5.856228671821898,0.9346927737123791,5.473834559462901,-3.368306851948935e-14
218.5916087052388,49.63833746558386,5.856303016007261,0.9358084974044361,5.473549401514722,-1.6841534259744676e-14
218.60070357814405,49.646639724915886,5.856377168444941,0.9369244331857962,5.4732637249019795,8.420767129872338e-15
218.60980192390278,49.65494112177988,5.856451129057639,0.9380405810096308,5.472977529375786,-8.420767129872338e-15
218.61890374429896,49.6632416556327,5.856524897768055,0.9391569408289664,5.472690814687127,-3.368306851948935e-14
218.6280090411173,49.67154132593082,5.8565984744988935,0.9402735125966628,5.472403580586867,-5.894536990910637e-14
218.63711781614344,49.67984013213026,5.856671859172851,0.9413902962654288,5.472115826825755,8.420767129872338e-15
218.6462300711639,49.688138073686694,5.8567450517126325,0.9425072917878152,5.471827553154409,-1.6841534259744676e-14
218.655345807966,49.69643515005534,5.856818052040936,0.9436244991162133,5.471538759323332,-2.5262301389617013e-14
218.66446502833807,49.70473136069113,5.8568908600804646,0.9447419182028678,5.471249445082901,-4.210383564936169e-14
218.67358773406914,49.71302670504848,5.856963475753916,0.9458595489998491,5.470959610183366,-3.368306851948935e-14
218.6827139269492,49.72132118258146,5.857035898983994,0.9469773914590798,5.470669254374863,-1.6841534259744676e-14
218.69184360876918,49.72961479274377,5.8571081296933984,0.9480954455323285,5.470378377407403,-8.420767129872338e-15
218.70097678132072,49.73790753498868,5.857180167804832,0.949213711171194,5.470086979030871,0.0
218.71011344639646,49.74619940876902,5.857252013240992,0.9503321883271283,5.469795058995036,-3.368306851948935e-14
218.7192536057899,49.75449041353735,5.857323665924585,0.9514508769514178,5.469502617049535,-2.5262301389617013e-14
218.72839726129536,49.76278054874567,5.857395125778305,0.9525697769951909,5.469209652943894,-1.6841534259744676e-14
218.73754441470803,49.77106981384573,5.857466392724857,0.9536888884094192,5.468916166427508,-4.210383564936169e-14
218.74669506782402,49.77935820828877,5.857537466686941,0.9548082111449112,5.468622157249653,-8.420767129872338e-15
218.75584922244028,49.787645731525664,5.85760834758726,0.955927745152316,5.468327625159481,-2.5262301389617013e-14
218.76500688035463,49.795932383006935,5.857679035348512,0.9570474903821311,5.468032569906025,-1.6841534259744676e-14
218.7741680433658,49.804218162182636,5.8577495298934,0.9581674467846804,5.467736991238187,-1.6841534259744676e-14
218.78333271327332,49.812503068502465,5.857819831144623,0.9592876143101379,5.467440888904756,-2.5262301389617013e-14
218.7925008918777,49.82078710141572,5.857889939024882,0.9604079929085139,5.467144262654394,8.420767129872338e-15
218.80167258098015,49.82907026037123,5.85795985345688,0.961528582529652,5.466847112235641,-1.6841534259744676e-14
218.810847782383,49.83735254481755,5.858029574363316,0.9626493831232492,5.466549437396914,1.6841534259744676e-14
218.82002649788924,49.84563395420271,5.858099101666892,0.963770394638827,5.466251237886505,-8.420767129872338e-15
218.82920872930276,49.85391448797441,5.858168435290309,0.9648916170257438,5.46595251345259,8.420767129872338e-15
218.83839447842843,49.86219414557991,5.858237575156267,0.9660130502332116,5.465653263843213,-2.5262301389617013e-14
218.8475837470719,49.87047292646609,5.858306521187465,0.9671346942102663,5.465353488806306,-8.420767129872338e-15
218.85677653703974,49.87875083007943,5.858375273306612,0.9682565489057882,5.465053188089666,-3.368306851948935e-14
218.86597285013931,49.88702785586601,5.858443831436398,0.9693786142684906,5.464752361440978,-1.6841534259744676e-14
218.87517268817896,49.89530400327148,5.858512195499532,0.9705008902469265,5.4644510086077975,0.0
218.88437605296787,49.903579271741094,5.858580365418711,0.9716233767894875,5.464149129337563,-2.5262301389617013e-14
218.89358294631603,49.911853660719736,5.858648341116638,0.9727460738443967,5.463846723377584,-8.420767129872338e-15
218.90279337003435,49.920127169651856,5.858716122516012,0.9738689813597203,5.463543790475051,-1.6841534259744676e-14
218.91200732593467,49.928399797981506,5.858783709539535,0.9749920992833543,5.463240330377028,-1.6841534259744676e-14
218.92122481582956,49.93667154515231,5.858851102109909,0.9761154275630315,5.4629363428304645,-2.5262301389617013e-14
218.93044584153265,49.94494241060757,5.858918300149833,0.9772389661463279,5.4626318275821735,-2.5262301389617013e-14
218.93967040485825,49.95321239379006,5.858985303582007,0.978362714980644,5.46232678437886,-1.6841534259744676e-14
218.94889850762164,49.96148149414223,5.8590521123291355,0.9794866740132178,5.462021212967095,-3.368306851948935e-14
218.958130151639,49.96974971110613,5.859118726313917,0.9806108431911313,5.46171511309333,8.420767129872338e-15
218.96736533872735,49.97801704412335,5.859185145459052,0.9817352224612914,5.461408484503899,-2.5262301389617013e-14
218.97660407070455,49.98628349263513,5.859251369687244,0.9828598117704421,5.461101326945001,-3.368306851948935e-14
218.98584634938936,49.99454905608228,5.859317398921192,0.9839846110651622,5.4607936401627235,-2.5262301389617013e-14
218.99509217660142,50.00281373390519,5.859383233083596,0.9851096202918617,5.460485423903026,0.0
219.00434155416124,50.01107752554385,5.8594488720971585,0.9862348393967912,5.460176677911745,-5.0524602779234026e-14
219.01359448389022,50.01934043043785,5.85951431588458,0.9873602683260239,5.459867401934593,-3.368306851948935e-14
219.02285096761057,50.02760244802641,5.859579564368562,0.9884859070254779,5.459557595717163,-8.420767129872338e-15
219.03211100714546,50.03586357774823,5.859644617471804,0.9896117554408972,5.459247259004922,-2.5262301389617013e-14
219.0413746043188,50.04412381904172,5.8597094751170085,0.9907378135178533,5.458936391543213,-1.6841534259744676e-14
219.05064176095556,50.05238317134483,5.859774137226875,0.9918640812017625,5.458624993077261,-2.5262301389617013e-14
219.0599124788814,50.06064163409511,5.859838603724106,0.9929905584378638,5.458313063352161,-3.368306851948935e-14
219.06918675992293,50.068899206729675,5.859902874531401,0.9941172451712295,5.45800060211289,-1.6841534259744676e-14
219.07846460590773,50.07715588868528,5.8599669495714615,0.9952441413467701,5.4576876091043,-8.420767129872338e-15
219.08774601866406,50.085411679398234,5.860030828766989,0.996371246909219,5.457374084071121,-3.368306851948935e-14
219.0970310000212,50.093666578304436,5.860094512040683,0.9974985618031424,5.457060026757958,-3.368306851948935e-14
219.10631955180924,50.10192058483942,5.860157999315246,0.9986260859729419,5.456745436909292,-1.6841534259744676e-14
219.11561167585913,50.110173698438224,5.860221290513377,0.9997538193628432,5.456430314269483,-1.6841534259744676e-14
219.12490737400273,50.118425918535564,5.86028438555778,1.0008817619169057,5.456114658582768,-2.5262301389617013e-14
219.1342066480728,50.12667724456568,5.8603472843711515,1.0020099135790195,5.45579846959326,0.0
219.14350949990285,50.13492767596244,5.860409986876196,1.0031382742929036,5.45548174704495,-2.5262301389617013e-14
219.15281593132744,50.143177212159294,5.860472492995615,1.004266844002108,5.455164490681701,-2.5262301389617013e-14
219.1621259441818,50.15142585258925,5.860534802652106,1.0053956226500038,5.4548467002472565,-3.368306851948935e-14
219.17143954030223,50.15967359668496,5.860596915768372,1.006524610179804,5.454528375485238,-3.368306851948935e-14
219.18075672152582,50.16792044387861,5.860658832267114,1.007653806534544,5.454209516139141,-3.368306851948935e-14
219.19007748969042,50.17616639360199,5.860720552071033,1.0087832116570796,5.453890121952339,-1.6841534259744676e-14
219.19940184663494,50.1844114452865,5.8607820751028274,1.0099128254901122,5.453570192668083,0.0
219.20872979419906,50.19265559836309,5.8608434012852015,1.0110426479761552,5.453249728029499,-2.5262301389617013e-14
219.2180613342233,50.20089885226231,5.8609045305408545,1.0121726790575567,5.452928727779588,-8.420767129872338e-15
219.2273964685492,50.209141206414316,5.860965462792488,1.0133029186764941,5.452607191661231,-1.6841534259744676e-14
219.236735199019,50.21738266024882,5.861026197962806,1.0144333667749674,5.452285119417182,8.420767129872338e-15
219.2460775274759,50.225623213195135,5.8610867359745,1.0155640232948038,5.45196251079008,-5.0524602779234026e-14
219.25542345576397,50.233862864682166,5.861147076750282,1.016694888177659,5.451639365522431,0.0
219.26477298572814,50.24210161413838,5.861207220212844,1.017825961365019,5.45131568335662,-8.420767129872338e-15
219.27412611921423,50.25033946099185,5.861267166284894,1.0189572427981874,5.45099146403491,-8.420767129872338e-15
219.2834828580689,50.25857640467023,5.861326914889128,1.0200887324182966,5.450666707299442,8.420767129872338e-15
219.29284320413967,50.26681244460075,5.861386465948249,1.021220430166308,5.4503414128922305,0.0
219.302207159275,50.275047580210234,5.86144581938496,1.022352335983007,5.450015580555167,0.0
219.31157472532422,50.28328181092506,5.861504975121956,1.0234844498089997,5.449689210030025,8.420767129872338e-15
219.3209459041374,50.29151513617122,5.861563933081942,1.0246167715847219,5.449362301058443,-8.420767129872338e-15
219.33032069756558,50.29974755537428,5.861622693187621,1.025749301250429,5.4490348533819475,-8.420767129872338e-15
219.33969910746077,50.30797906795941,5.86168125536169,1.0268820387462112,5.448706866741935,-4.210383564936169e-14
219.34908113567568,50.31620967335131,5.8617396195268485,1.028014984011969,5.4483783408796835,-2.5262301389617013e-14
219.35846678406395,50.324439370974304,5.861797785605804,1.029148136987433,5.4480492755363406,-6.73661370389787e-14
219.36785605448014,50.33266816025232,5.861855753521251,1.0302814976121615,5.447719670452935,-1.6841534259744676e-14
219.37724894877962,50.34089604060876,5.861913523195896,1.0314150658255257,5.447389525370372,-4.210383564936169e-14
219.38664546881867,50.34912301146676,5.861971094552434,1.0325488415667292,5.447058840029431,-8.420767129872338e-15
219.39604561645444,50.357349072248915,5.86202846751357,1.0336828247747938,5.446727614170772,-2.5262301389617013e-14
219.40544939354493,50.36557422237744,5.862085642002003,1.0348170153885616,5.446395847534927,8.420767129872338e-15
219.41485680194904,50.37379846127414,5.862142617940436,1.0359514133467052,5.446063539862303,0.0
219.42426784352648,50.38202178836041,5.862199395251568,1.037086018587707,5.445730690893191,8.420767129872338e-15
219.4336825201379,50.39024420305717,5.862255973858099,1.0382208310498826,5.445397300367753,8.420767129872338e-15
219.44310083364482,50.39846570478499,5.862312353682734,1.0393558506713594,5.445063368026027,-4.210383564936169e-14
219.45252278590957,50.40668629296396,5.86236853464817,1.0404910773900913,5.444728893607929,-3.368306851948935e-14
219.46194837879546,50.41490596701381,5.862424516677111,1.0416265111438532,5.444393876853249,-8.420767129872338e-15
219.4713776141665,50.42312472635378,5.862480299692253,1.0427621518702364,5.444058317501662,-3.368306851948935e-14
219.48081049388776,50.43134257040273,5.862535883616303,1.0438979995066573,5.4437222152927065,-3.368306851948935e-14
219.49024701982506,50.439559498579115,5.8625912683719585,1.0450340539903464,5.4433855699658045,0.0
219.49968719384512,50.44777551030088,5.862646453881923,1.046170315258358,5.443048381260255,-2.5262301389617013e-14
219.50913101781555,50.455990604985665,5.862701440068892,1.0473067832475682,5.442710648915233,0.0
219.5185784936048,50.464204782050594,5.86275622685557,1.0484434578946655,5.442372372669787,-1.6841534259744676e-14
219.52802962308223,50.472418040912416,5.862810814164658,1.0495803391361618,5.442033552262846,-5.0524602779234026e-14
219.53748440811808,50.480630380987456,5.862865201918857,1.0507174269083868,5.441694187433207,0.0
219.54694285058335,50.488841801691585,5.862919390040868,1.051854721147487,5.441354277919556,-4.210383564936169e-14
219.55640495235008,50.497052302440274,5.862973378453393,1.0529922217894276,5.441013823460443,0.0
219.565870715291,50.50526188264856,5.863027167079129,1.0541299287699932,5.4406728237943085,-2.5262301389617013e-14
219.57534014127992,50.51347054173106,5.863080755840781,1.0552678420247859,5.440331278659451,-1.6841534259744676e-14
219.58481323219132,50.52167827910198,5.863134144661049,1.0564059614892216,5.439989187794057,-1.6841534259744676e-14
219.59428998990063,50.529885094175064,5.863187333462629,1.0575442870985348,5.439646550936194,-1.6841534259744676e-14
219.60377041628422,50.53809098636364,5.863240322168231,1.0586828187877795,5.439303367823791,0.0
219.6132545132192,50.54629595508064,5.86329311070055,1.059821556491818,5.438959638194665,-2.5262301389617013e-14
219.62274228258366,50.55449999973853,5.863345698982286,1.06096050014534,5.438615361786507,-4.210383564936169e-14
219.63223372625654,50.5627031197494,5.863398086936144,1.0620996496828456,5.438270538336881,-2.5262301389617013e-14
219.64172884611756,50.57090531452487,5.86345027448482,1.0632390050386469,5.4379251675832325,-1.6841534259744676e-14
219.6512276440474,50.57910658347611,5.8635022615510195,1.0643785661468734,5.437579249262876,-5.894536990910637e-14
219.66073012192763,50.58730692601396,5.863554048057443,1.0655183329414755,5.437232783113005,-3.368306851948935e-14
