galstreams/tracks/track.st.Gaia-11.ibata2021.ecsv
# %ECSV 0.9
# ---
# datatype:
# - {name: ra, unit: deg, datatype: float64}
# - {name: dec, unit: deg, datatype: float64}
# - {name: distance, unit: kpc, datatype: float64}
# - {name: pm_ra_cosdec, unit: mas / yr, datatype: float64}
# - {name: pm_dec, unit: mas / yr, datatype: float64}
# - {name: radial_velocity, unit: km / s, datatype: float64}
# delimiter: ','
# meta: !!omap
# - __serialized_columns__:
#     dec:
#       __class__: astropy.coordinates.angles.Latitude
#       unit: &id001 !astropy.units.Unit {unit: deg}
#       value: !astropy.table.SerializedColumn {name: dec}
#     distance:
#       __class__: astropy.coordinates.distances.Distance
#       unit: !astropy.units.Unit {unit: kpc}
#       value: !astropy.table.SerializedColumn {name: distance}
#     pm_dec:
#       __class__: astropy.units.quantity.Quantity
#       unit: !astropy.units.Unit {unit: mas / yr}
#       value: !astropy.table.SerializedColumn {name: pm_dec}
#     pm_ra_cosdec:
#       __class__: astropy.units.quantity.Quantity
#       unit: !astropy.units.Unit {unit: mas / yr}
#       value: !astropy.table.SerializedColumn {name: pm_ra_cosdec}
#     ra:
#       __class__: astropy.coordinates.angles.Longitude
#       unit: *id001
#       value: !astropy.table.SerializedColumn {name: ra}
#       wrap_angle: !astropy.coordinates.Angle
#         unit: *id001
#         value: 360.0
#     radial_velocity:
#       __class__: astropy.units.quantity.Quantity
#       unit: !astropy.units.Unit {unit: km / s}
#       value: !astropy.table.SerializedColumn {name: radial_velocity}
# schema: astropy-2.0
ra,dec,distance,pm_ra_cosdec,pm_dec,radial_velocity
[from data line 1394]
274.13663701746304,35.56302036513515,12.682066344635631,-3.8197481856011835,4.509207249193658,0.0
274.14086194404547,35.553623656308524,12.682780133441275,-3.8190036406063723,4.509335487431471,3.368306851948935e-14
274.14508634728304,35.54422693309221,12.683495114699399,-3.8182592020673587,4.5094647450295575,1.515738083377021e-13
274.1493102272036,35.53483019541249,12.684211291470687,-3.8175148704891293,4.509595022003687,1.6841534259744676e-14
274.15353358383476,35.52543344319565,12.68492866681583,-3.8167706463767765,4.509726318369703,3.368306851948935e-14
274.15775641720427,35.51603667636805,12.685647243795502,-3.8160265302354857,4.509858634143557,0.0
274.1619787273396,35.50663989485608,12.686367025470396,-3.8152825225705485,4.509991969341289,2.020984111169361e-13
274.16620051426844,35.497243098586154,12.68708801490119,-3.81453862388734,4.510126323979037,1.6841534259744676e-14
274.17042177801807,35.48784628748473,12.687810215148575,-3.8137948346913513,4.510261698073016,1.515738083377021e-13
274.17464251861605,35.47844946147829,12.688533629273241,-3.8130511554881528,4.510398091639549,3.368306851948935e-14
274.1788627360895,35.46905262049341,12.68925826033586,-3.8123075867834326,4.510535504695044,1.6841534259744677e-13
274.18308243046596,35.459655764456656,12.689984111397122,-3.8115641290829587,4.510673937256013,1.515738083377021e-13
274.1873016017725,35.45025889329461,12.690711185517719,-3.8108207828926073,4.510813389339043,1.6841534259744676e-14
274.19152025003615,35.44086200693398,12.691439485758327,-3.8100775487183536,4.510953860960823,8.420767129872338e-14
274.1957383752842,35.43146510530142,12.692169015179635,-3.8093344270662644,4.511095352138139,6.73661370389787e-14
274.1999559775435,35.422068188323685,12.69289977684233,-3.808591418442508,4.51123786288786,1.1789073981821273e-13
274.20417305684106,35.41267125592753,12.693631773807093,-3.807848523353349,4.5113813932269515,0.0
274.2083896132038,35.40327430803978,12.694365009134609,-3.807105742305156,4.511525943172471,6.73661370389787e-14
274.21260564665846,35.39387734458725,12.695099485885565,-3.806363075804386,4.511671512741568,0.0
274.21682115723183,35.384480365496884,12.695835207120647,-3.8056205243576016,4.511818101951482,1.0104920555846805e-13
274.2210361449507,35.37508337069556,12.696572175900535,-3.8048780884714573,4.511965710819549,6.73661370389787e-14
274.2252506098415,35.36568636011025,12.697310395285918,-3.8041357686527113,4.51211433936319,8.420767129872338e-14
274.229464551931,35.356289333667966,12.698049868337483,-3.8033935654082116,4.512263987599925,0.0
274.23367797124564,35.34689229129575,12.698790598115911,-3.8026514792449144,4.512414655547362,-1.6841534259744676e-14
274.2378908678118,35.33749523292067,12.699532587681889,-3.801909510669866,4.512566343223197,-1.6841534259744676e-14
274.24210324165585,35.328098158469864,12.700275840096099,-3.801167660190213,4.512719050645227,8.420767129872338e-14
274.2463150928042,35.31870106787048,12.701020358419232,-3.8004259283132003,4.51287277783133,1.6841534259744677e-13
274.2505264212831,35.30930396104969,12.701766145711966,-3.7996843155461684,4.513027524799482,1.1789073981821273e-13
274.25473722711865,35.29990683793476,12.702513205034991,-3.7989428223965556,4.513183291567749,8.420767129872338e-14
274.258947510337,35.29050969845294,12.703261539448993,-3.798201449371899,4.513340078154286,3.368306851948935e-14
274.2631572709642,35.28111254253154,12.704011152014651,-3.79746019697984,4.51349788457734,1.347322740779574e-13
274.2673665090264,35.271715370097915,12.704762045792657,-3.7967190657280985,4.513656710855253,-3.368306851948935e-14
274.2715752245492,35.262318181079465,12.705514223843688,-3.795978056124519,4.513816557006448,1.1789073981821273e-13
274.27578341755884,35.25292097540359,12.706267689228435,-3.795237168677019,4.513977423049453,6.73661370389787e-14
274.27999108808086,35.24352375299777,12.707022445007581,-3.794496403893627,4.514139309002875,8.420767129872338e-14
274.28419823614115,35.234126513789505,12.707778494241813,-3.793755762282466,4.514302214885416,1.515738083377021e-13
274.2884048617654,35.22472925770631,12.708535839991814,-3.793015244351753,4.514466140715872,0.0
274.29261096497913,35.21533198467579,12.709294485318265,-3.7922748506098127,4.514631086513123,1.6841534259744676e-14
274.296816545808,35.205934694625554,12.71005443328186,-3.791534581565054,4.5147970522961405,-1.6841534259744676e-14
274.30102160427737,35.19653738748327,12.710815686943278,-3.790794437725994,4.514964038083992,0.0
274.3052261404128,35.187140063176585,12.711578249363209,-3.7900544196012405,4.515132043895829,0.0
274.3094301542395,35.17774272163327,12.712342123602328,-3.7893145276995046,4.515301069750898,1.347322740779574e-13
274.313633645783,35.168345362781096,12.713107312721329,-3.788574762529586,4.515471115668537,1.347322740779574e-13
274.3178366150684,35.15894798654783,12.713873819780893,-3.787835124600389,4.515642181668163,1.6841534259744676e-14
274.3220390621209,35.14955059286136,12.714641647841711,-3.7870956144209162,4.515814267769297,0.0
274.32624098696556,35.14015318164954,12.71541079996446,-3.7863562325002658,4.515987373991543,1.1789073981821273e-13
274.3304423896276,35.1307557528403,12.716181279209824,-3.7856169793476293,4.516161500354595,1.0104920555846805e-13
274.3346432701318,35.1213583063616,12.7169530886385,-3.7848778554723,4.516336646878235,1.515738083377021e-13
274.33884362850324,35.11196084214142,12.71772623131116,-3.784138861383668,4.5165128135823425,1.515738083377021e-13
274.3430434647667,35.10256336010782,12.718500710288499,-3.7833999975912174,4.516690000486875,1.8525687685719145e-13
274.3472427789471,35.09316586018885,12.719276528631193,-3.7826612646045334,4.51686820761189,6.73661370389787e-14
274.351441571069,35.083768342312624,12.720053689399933,-3.7819226629332987,4.517047434977528,5.0524602779234026e-14
274.3556398411572,35.074370806407295,12.720832195655403,-3.781184193087294,4.5172276826040205,1.6841534259744677e-13
274.35983758923635,35.06497325240104,12.721612050458287,-3.780445855576388,4.517408950511694,1.6841534259744676e-14
274.3640348153309,35.055575680222105,12.722393256869267,-3.779707650910559,4.517591238720955,0.0
274.36823151946544,35.046178089798715,12.723175817949034,-3.7789695795998752,4.517774547252301,1.6841534259744676e-14
274.37242770166426,35.036780481059196,12.723959736758273,-3.7782316421545055,4.517958876126328,1.6841534259744676e-14
274.3766233619519,35.02738285393188,12.72474501635766,-3.777493839084715,4.5181442253637085,1.1789073981821273e-13
274.3808185003526,35.017985208345124,12.725531659807888,-3.7767561709008595,4.51833059498521,0.0
274.38501311689043,35.00858754422735,12.726319670169644,-3.7760186381134058,4.518517985011689,1.515738083377021e-13
274.38920721158985,34.99918986150701,12.727109050503607,-3.775281241232904,4.51870639546409,5.0524602779234026e-14
274.39340078447486,34.98979216011259,12.727899803870464,-3.774543980770007,4.518895826363446,6.73661370389787e-14
274.3975938355694,34.98039443997261,12.728691933330902,-3.7738068572354684,4.51908627773088,1.347322740779574e-13
274.4017863648977,34.97099670101564,12.729485441945602,-3.7730698711401325,4.519277749587597,1.0104920555846805e-13
274.40597837248345,34.96159894317027,12.730280332775253,-3.7723330229949443,4.519470241954905,1.8525687685719145e-13
274.4101698583507,34.95220116636515,12.731076608880537,-3.771596313310943,4.519663754854184,1.515738083377021e-13
274.41436082252324,34.94280337052893,12.731874273322141,-3.7708597425992667,4.519858288306912,1.6841534259744676e-14
274.41855126502463,34.93340555559034,12.732673329160749,-3.7701233113711554,4.520053842334651,1.515738083377021e-13
274.4227411858788,34.924007721478134,12.733473779457045,-3.7693870201379354,4.5202504169590565,1.0104920555846805e-13
274.42693058510923,34.9146098681211,12.73427562727172,-3.7686508694110357,4.5204480122018635,6.73661370389787e-14
274.4311194627395,34.905211995448035,12.735078875665446,-3.767914859701986,4.5206466280849025,8.420767129872338e-14
274.43530781879315,34.89581410338781,12.73588352769892,-3.7671789915224037,4.520846264630089,3.368306851948935e-14
274.43949565329353,34.886416191869344,12.736689586432826,-3.766443265384014,4.521046921859423,8.420767129872338e-14
274.44368296626413,34.877018260821565,12.737497054927841,-3.7657076817986295,4.521248599795002,1.1789073981821273e-13
274.4478697577282,34.867620310173436,12.73830593624466,-3.7649722412781657,4.521451298459003,1.1789073981821273e-13
274.45205602770903,34.858222339853974,12.739116233443962,-3.7642369443346273,4.521655017873689,8.420767129872338e-14
274.4562417762297,34.848824349792224,12.739927949586432,-3.7635017914801274,4.521859758061419,3.368306851948935e-14
274.4604270033135,34.83942633991728,12.740741087732752,-3.7627667832268683,4.522065519044632,8.420767129872338e-14
274.46461170898334,34.830028310158255,12.741555650943619,-3.7620319200871464,4.522272300845855,5.0524602779234026e-14
274.4687958932624,34.82063026044432,12.742371642279707,-3.7612972025733624,4.522480103487706,6.73661370389787e-14
274.47297955617347,34.811232190704665,12.743189064801703,-3.760562631198011,4.522688926992892,5.0524602779234026e-14
274.47716269773946,34.80183410086851,12.744007921570295,-3.7598282064736797,4.522898771384199,6.73661370389787e-14
274.48134531798325,34.79243599086515,12.744828215646166,-3.7590939289130576,4.523109636684504,1.347322740779574e-13
274.4855274169276,34.78303786062387,12.74564995009,-3.758359799028926,4.523321522916774,-3.368306851948935e-14
274.4897089945951,34.773639710074036,12.746473127962483,-3.757625817334172,4.523534430104059,8.420767129872338e-14
274.4938900510085,34.76424153914501,12.747297752324302,-3.7568919843417654,4.523748358269495,1.6841534259744677e-13
274.4980705861904,34.75484334776623,12.748123826236135,-3.756158300564784,4.523963307436318,1.6841534259744676e-14
274.5022506001632,34.74544513586714,12.748951352758677,-3.755424766516397,4.524179277627824,1.0104920555846805e-13
274.5064300929495,34.73604690337724,12.749780334952607,-3.7546913827098694,4.52439626886742,5.0524602779234026e-14
274.5106090645715,34.72664865022606,12.750610775878613,-3.753958149658571,4.524614281178589,5.0524602779234026e-14
274.51478751505164,34.71725037634317,12.751442678597375,-3.7532250678759556,4.524833314584903,2.020984111169361e-13
274.51896544441223,34.70785208165816,12.752276046169582,-3.7524921378755822,4.525053369110017,1.8525687685719145e-13
274.52314285267545,34.698453766100684,12.75311088165592,-3.7517593601711035,4.525274444777679,6.73661370389787e-14
274.5273197398634,34.6890554296004,12.753947188117069,-3.751026735276269,4.525496541611713,1.6841534259744676e-14
274.53149610599826,34.67965707208705,12.754784968613716,-3.7502942637049252,4.52571965963604,-1.6841534259744676e-14
274.5356719511019,34.67025869349037,12.755624226206553,-3.7495619459710174,4.525943798874657,1.0104920555846805e-13
274.53984727519645,34.66086029374014,12.756464963956256,-3.7488297825885772,4.526168959351654,1.0104920555846805e-13
274.5440220783037,34.651461872766205,12.757307184923512,-3.7480977740717494,4.526395141091209,1.0104920555846805e-13
274.5481963604457,34.64206343049842,12.758150892169008,-3.7473659209347563,4.5266223441175795,-1.6841534259744676e-14
274.5523701216439,34.63266496686667,12.758996088753426,-3.746634223691936,4.526850568455106,1.515738083377021e-13
274.55654336192026,34.6232664818009,12.759842777737457,-3.745902682857702,4.5270798141282205,-6.73661370389787e-14
274.56071608129633,34.613867975231095,12.76069096218178,-3.7451712989465866,4.5273100811614455,1.347322740779574e-13
274.5648882797939,34.604469447087226,12.761540645147084,-3.744440072473196,4.527541369579378,0.0
274.5690599574342,34.595070897299365,12.762391829694046,-3.743709003952255,4.5277736794067085,3.368306851948935e-14
274.573231114239,34.585672325797596,12.763244518883365,-3.742978093898565,4.528007010668202,1.0104920555846805e-13
274.5774017502295,34.576273732512036,12.764098715775713,-3.742247342827033,4.528241363388728,1.6841534259744676e-14
274.58157186542724,34.566875117372824,12.764954423431782,-3.741516751252664,4.5284767375932224,3.368306851948935e-14
274.5857414598534,34.557476480310164,12.765811644912253,-3.7407863196905566,4.528713133306711,8.420767129872338e-14
274.58991053352923,34.548077821254275,12.766670383277814,-3.7400560486559034,4.528950550554313,6.73661370389787e-14
274.594079086476,34.53867914013542,12.76753064158915,-3.739325938663999,4.529188989361224,1.0104920555846805e-13
274.59824711871465,34.52928043688392,12.768392422906942,-3.7385959902302273,4.529428449752729,1.515738083377021e-13
274.6024146302664,34.51988171143008,12.769255730291883,-3.7378662038700696,4.529668931754187,1.1789073981821273e-13
274.6065816211522,34.5104829637043,12.77012056680465,-3.737136580099109,4.529910435391061,0.0
274.6107480913929,34.50108419363698,12.770986935505933,-3.736407119433023,4.5301529606888815,6.73661370389787e-14
274.6149140410095,34.491685401158556,12.77185483945641,-3.7356778223875797,4.530396507673274,1.347322740779574e-13
274.61907947002277,34.48228658619953,12.772724281716775,-3.7349486894786463,4.5306410763699425,3.368306851948935e-14
274.6232443784535,34.4728877486904,12.77359526534771,-3.7342197212221886,4.530886666804676,1.6841534259744676e-14
274.6274087663222,34.46348888856173,12.774467793409897,-3.733490918134267,4.531133279003352,0.0
274.63157263364974,34.45409000574411,12.775341868964023,-3.732762280731038,4.531380912991925,0.0
274.63573598045656,34.44469110016817,12.776217495070775,-3.73203380952875,4.531629568796442,3.368306851948935e-14
274.6398988067632,34.43529217176457,12.777094674790833,-3.7313055050437547,4.531879246443028,-6.73661370389787e-14
274.64406111259007,34.425893220464005,12.777973411184886,-3.730577367792495,4.532129945957895,3.368306851948935e-14
274.6482228979577,34.41649424619724,12.778853707313615,-3.7298493982915115,4.532381667367338,1.0104920555846805e-13
274.6523841628863,34.407095248895004,12.779735566237715,-3.729121597057437,4.532634410697733,1.0104920555846805e-13
274.65654490739615,34.39769622848812,12.780618991017858,-3.728393964607006,4.532888175975549,3.368306851948935e-14
274.66070513150754,34.38829718490745,12.781503984714739,-3.727666501457045,4.5331429632273235,6.73661370389787e-14
274.6648648352405,34.37889811808385,12.782390550389035,-3.726939208124481,4.533398772479691,1.515738083377021e-13
274.66902401861523,34.36949902794826,12.783278691101438,-3.7262120851263285,4.533655603759364,1.347322740779574e-13
274.6731826816518,34.36009991443161,12.784168409912628,-3.725485132979705,4.5339134570931385,1.6841534259744676e-14
274.67734082437005,34.35070077746488,12.785059709883292,-3.7247583522018237,4.534172332507897,-5.0524602779234026e-14
274.6814984467899,34.34130161697913,12.785952594074114,-3.724031743309992,4.534432230030598,5.0524602779234026e-14
274.6856555489313,34.331902432905395,12.786847065545784,-3.7233053068216075,4.534693149688293,5.0524602779234026e-14
274.68981213081406,34.32250322517478,12.78774312735898,-3.7225790432541728,4.53495509150811,1.0104920555846805e-13
274.6939681924578,34.31310399371841,12.78864078257439,-3.721852953125281,4.535218055517256,5.0524602779234026e-14
274.6981237338823,34.30370473846745,12.7895400342527,-3.7211270369526224,4.535482041743034,1.6841534259744676e-14
274.7022787551071,34.29430545935312,12.790440885454595,-3.720401295253984,4.535747050212816,3.368306851948935e-14
274.7064332561518,34.28490615630664,12.791343339240756,-3.719675728547247,4.536013080954067,5.0524602779234026e-14
274.7105872370359,34.27550682925929,12.792247398671872,-3.7189503373503867,4.536280133994335,0.0
274.7147406977787,34.266107478142395,12.793153066808626,-3.7182251221814817,4.536548209361238,1.515738083377021e-13
274.7188936383998,34.25670810288728,12.794060346711706,-3.7175000835586927,4.536817307082488,3.368306851948935e-14
