galstreams/tracks/track.st.AAU-AliqaUma.li2021.ecsv
# %ECSV 1.0
# ---
# datatype:
# - {name: ra, unit: deg, datatype: float64}
# - {name: dec, unit: deg, datatype: float64}
# - {name: distance, unit: kpc, datatype: float64}
# - {name: pm_ra_cosdec, unit: mas / yr, datatype: float64}
# - {name: pm_dec, unit: mas / yr, datatype: float64}
# - {name: radial_velocity, unit: km / s, datatype: float64}
# delimiter: ','
# meta: !!omap
# - __serialized_columns__:
#     dec:
#       __class__: astropy.coordinates.angles.Latitude
#       unit: &id001 !astropy.units.Unit {unit: deg}
#       value: !astropy.table.SerializedColumn {name: dec}
#     distance:
#       __class__: astropy.coordinates.distances.Distance
#       unit: !astropy.units.Unit {unit: kpc}
#       value: !astropy.table.SerializedColumn {name: distance}
#     pm_dec:
#       __class__: astropy.units.quantity.Quantity
#       unit: !astropy.units.Unit {unit: mas / yr}
#       value: !astropy.table.SerializedColumn {name: pm_dec}
#     pm_ra_cosdec:
#       __class__: astropy.units.quantity.Quantity
#       unit: !astropy.units.Unit {unit: mas / yr}
#       value: !astropy.table.SerializedColumn {name: pm_ra_cosdec}
#     ra:
#       __class__: astropy.coordinates.angles.Longitude
#       unit: *id001
#       value: !astropy.table.SerializedColumn {name: ra}
#       wrap_angle: !astropy.coordinates.Angle
#         unit: *id001
#         value: 360.0
#     radial_velocity:
#       __class__: astropy.units.quantity.Quantity
#       unit: !astropy.units.Unit {unit: km / s}
#       value: !astropy.table.SerializedColumn {name: radial_velocity}
# schema: astropy-2.0
ra,dec,distance,pm_ra_cosdec,pm_dec,radial_velocity
[from data line 696]
38.19434699856315,-36.987965792448925,29.251930707744165,0.22113021736857402,-0.5918441883214829,-15.520233633425557
38.20480145597619,-36.99388896204243,29.257947565184665,0.2211376501678674,-0.5915152945248586,-15.45935159342786
38.21525702283349,-36.99981215409665,29.263966672107173,0.221144890181143,-0.5911862711853566,-15.398459602258754
38.22571369967976,-37.00573536845426,29.269988028511687,0.22115193735054944,-0.5908571183563236,-15.337557659918259
38.23617148705985,-37.011658604957894,29.2760116343982,0.22115879161822646,-0.5905278360911386,-15.276645766406375
38.24663038551876,-37.01758186345008,29.282037489766722,0.22116545292630452,-0.5901984244432132,-15.215723921723088
38.257090395601644,-37.02350514377332,29.288065594617244,0.2211719212169054,-0.5898688834659903,-15.154792125868374
38.26755151785382,-37.02942844576998,29.294095948949767,0.22117819643214232,-0.5895392132129456,-15.093850378842282
38.278013752820755,-37.035351769282364,29.300128552764296,0.22118427851411926,-0.5892094137375865,-15.032898680644784
38.28847710104808,-37.041275114152704,29.306163406060826,0.2211901674049317,-0.5888794850934524,-14.97193703127593
38.298941563081556,-37.047198480223166,29.312200508839357,0.221195863046666,-0.5885494273341152,-14.91096543073561
38.309407139467126,-37.05312186733581,29.318239861099894,0.22120136538139978,-0.5882192405131792,-14.849983879023927
38.31987383075086,-37.05904527533263,29.324281462842436,0.22120667435120198,-0.58788892468428,-14.788992376140861
38.33034163747902,-37.06496870405556,29.33032531406699,0.22121178989813226,-0.5875584799010862,-14.727990922086361
38.34081056019801,-37.07089215334641,29.33637141477353,0.22121671196424214,-0.5872279062172987,-14.666979516860483
38.35128059945436,-37.07681562304697,29.34241976496208,0.22122144049157372,-0.58689720368665,-14.605958160463194
38.36175175579479,-37.082739112998894,29.348470364632632,0.22122597542216044,-0.5865663723629054,-14.544926852894527
38.37222402976614,-37.08866262304379,29.354523213785193,0.22123031669802695,-0.5862354122998623,-14.483885594154454
38.382697421915466,-37.09458615302319,29.360578312419758,0.22123446426118915,-0.5859043235513499,-14.422834384242968
38.393171932789905,-37.10050970277854,29.36663566053632,0.2212384180536539,-0.585573106171231,-14.361773223160107
38.403647562936804,-37.10643327215118,29.372695258134886,0.2212421780174194,-0.5852417602133995,-14.300702110905828
38.41412431290364,-37.112356860982416,29.378757105215467,0.22124574409447495,-0.5849102857317818,-14.239621047480167
38.42460218323804,-37.11828046911345,29.384821201778035,0.22124911622680116,-0.5845786827803376,-14.178530032883083
38.43508117448784,-37.124204096385405,29.39088754782261,0.2212522943563699,-0.5842469514130582,-14.117429067114605
38.445561287200945,-37.13012774263934,29.39695614334919,0.2212552784251438,-0.5839150916839669,-14.056318150174738
38.45604252192547,-37.13605140771621,29.403026988357777,0.2212580683750768,-0.5835831036471204,-13.995197282063506
38.46652487920967,-37.141975091456914,29.40910008284836,0.22126066414811446,-0.5832509873566074,-13.934066462780812
38.47700835960198,-37.14789879370227,29.415175426820962,0.22126306568619333,-0.582918742866549,-13.872925692326742
38.487492963650965,-37.15382251429298,29.421253020275554,0.22126527293124065,-0.5825863702310987,-13.81177497070129
38.497978691905345,-37.159746253069734,29.427332863212147,0.2212672858251758,-0.582253869504443,-13.750614297904415
38.508465544913996,-37.16567000987307,29.43341495563075,0.22126910430990826,-0.5819212407407999,-13.68944367393619
38.51895352322596,-37.1715937845435,29.439499297531356,0.22127072832733966,-0.5815884839944211,-13.628263098796513
38.529442627390445,-37.17751757692143,29.445585888913964,0.22127215781936227,-0.58125559931959,-13.567072572485486
38.539932857956785,-37.18344138684721,29.451674729778567,0.22127339272785979,-0.5809225867706231,-13.505872095003001
38.5504242154745,-37.18936521416107,29.457765820125182,0.22127443299470706,-0.580589446401869,-13.44466166634916
38.56091670049323,-37.195289058703196,29.463859159953802,0.22127527856177004,-0.5802561782677091,-13.383441286523889
38.5714103135628,-37.20121292031369,29.469954749264424,0.22127592937090604,-0.5799227824225578,-13.322210955527249
38.5819050552332,-37.20713679883254,29.476052588057048,0.22127638536396382,-0.5795892589208613,-13.260970673359202
38.59240092605454,-37.213060694099724,29.482152676331673,0.22127664648278256,-0.5792556078170994,-13.199720440019748
38.60289792657711,-37.21898460595507,29.48825501408831,0.22127671266919352,-0.5789218291657835,-13.138460255508905
38.613396057351345,-37.22490853423835,29.494359601326938,0.22127658386501875,-0.5785879230214589,-13.077190119826655
38.62389531892785,-37.230832478789274,29.500466438047578,0.22127626001207126,-0.5782538894387025,-13.01591003297302
38.63439571185739,-37.236756439447454,29.50657552425022,0.22127574105215608,-0.5779197284721247,-12.954619994947993
38.64489723669085,-37.24268041605243,29.51268685993486,0.22127502692706863,-0.5775854401763681,-12.89332000575152
38.655399893979315,-37.24860440844364,29.51880044510151,0.22127411757859627,-0.5772510246061084,-12.832010065383695
38.665903684273985,-37.254528416460474,29.524916279750162,0.2212730129485167,-0.5769164818160539,-12.770690173844441
38.67640860812627,-37.26045243994223,29.531034363880817,0.2212717129786001,-0.576581811860946,-12.70936033113381
38.68691466608768,-37.266376478728105,29.537154697493477,0.2212702176106061,-0.5762470147955583,-12.648020537251792
38.697421858709916,-37.272300532657255,29.543277280588136,0.22126852678628767,-0.5759120906746977,-12.586670792198332
38.70793018654482,-37.27822460156874,29.549402113164795,0.22126664044738736,-0.5755770395532038,-12.525311095973544
38.718439650144404,-37.28414868530151,29.555529195223468,0.22126455853563975,-0.5752418614859495,-12.46394144857729
38.72895025006082,-37.290072783694484,29.561658526764134,0.22126228099277034,-0.5749065565278395,-12.40256185000966
38.739461986846386,-37.295996896586445,29.56779010778681,0.22125980776049592,-0.5745711247338126,-12.341172300270603
38.74997486105357,-37.301921023816156,29.573923938291486,0.22125713878052472,-0.5742355661588396,-12.279772799360224
38.76048887323502,-37.307845165222254,29.580060018278175,0.22125427399455616,-0.5738998808579248,-12.218363347278387
38.77100402394352,-37.31376932064333,29.586198347746855,0.22125121334428083,-0.5735640688861053,-12.156943944025144
38.78152031373201,-37.319693489917846,29.59233892669754,0.22124795677138048,-0.5732281302984512,-12.095514589600533
38.79203774315357,-37.32561767288424,29.598481755130233,0.2212445042175279,-0.5728920651500653,-12.03407528400452
38.80255631276148,-37.33154186938082,29.60462683304493,0.22124085562438786,-0.5725558734960838,-11.972626027237087
38.813076023109154,-37.33746607924586,29.61077416044163,0.2212370109336159,-0.5722195553916756,-11.911166819298291
38.82359687475016,-37.343390302317516,29.616923737320327,0.22123297008685855,-0.571883110892043,-11.84969766018807
38.834118868238214,-37.34931453843388,29.62307556368103,0.2212287330257543,-0.571546540052421,-11.78821854990644
38.844642004127216,-37.35523878743295,29.629229639523736,0.2212242996919323,-0.5712098429280781,-11.726729488453435
38.855166282971204,-37.36116304915266,29.63538596484845,0.2212196700270132,-0.5708730195743151,-11.665230475829029
38.86569170532437,-37.36708732343086,29.641544539655168,0.22121484397260893,-0.570536070046467,-11.60372151203322
38.876218271741095,-37.373011610105294,29.647705363943885,0.22120982147032264,-0.5701989943999007,-11.542202597066012
38.886745982775864,-37.37893590901369,29.653868437714603,0.22120460246174872,-0.5698617926900178,-11.480673730927375
38.89727483898336,-37.384860219993605,29.660033760967323,0.22119918688847306,-0.5695244649722515,-11.419134913617375
38.907804840918395,-37.39078454288258,29.66620133370205,0.22119357469207232,-0.5691870113020692,-11.357586145135983
38.91833598913597,-37.39670887751806,29.672371155918782,0.2211877658141147,-0.5688494317349708,-11.296027425483162
38.928868284191225,-37.40263322373738,29.67854322761752,0.22118176019616004,-0.5685117263264903,-11.234458754658991
38.93940172663947,-37.40855758137785,29.684717548798254,0.22117555777975906,-0.5681738951321942,-11.172880132663375
38.94993631703613,-37.414481950276645,29.690894119461,0.22116915850645363,-0.5678359382076821,-11.111291559496363
38.96047205593685,-37.42040633027089,29.697072939605743,0.22116256231777737,-0.5674978556085882,-11.04969303515795
38.9710089438974,-37.42633072119761,29.703254009232488,0.22115576915525476,-0.5671596473905781,-10.988084559648152
38.98154698147366,-37.432255122893764,29.70943732834124,0.22114877896040158,-0.5668213136093525,-10.926466132967015
38.9920861692218,-37.43817953519623,29.715622896931997,0.22114159167472552,-0.5664828543206438,-10.86483775511437
39.00262650769802,-37.444103957941785,29.721810715004754,0.22113420723972482,-0.5661442695802195,-10.803199426090403
39.0131679974587,-37.45002839096714,29.728000782559516,0.2211266255968891,-0.5658055594438782,-10.741551145894979
39.02371063906043,-37.45595283410892,29.73419309959628,0.2211188466876996,-0.5654667239674547,-10.679892914528216
39.03425443305994,-37.46187728720367,29.740387666115048,0.22111087045362904,-0.5651277632068148,-10.618224731990017
39.04479938001408,-37.467801750087865,29.746584482115818,0.22110269683614087,-0.5647886772178589,-10.556546598280452
39.05534548047987,-37.473726222597875,29.75278354759859,0.2210943257766898,-0.5644494660565202,-10.494858513399432
39.065892735014536,-37.47965070456999,29.75898486256337,0.22108575721672247,-0.5641101297787663,-10.433160477347059
39.07644114417541,-37.48557519584045,29.765188427010155,0.22107699109767656,-0.5637706684405972,-10.371452490123263
39.08699070852,-37.49149969624537,29.771394240938935,0.2210680273609807,-0.5634310820980475,-10.309734551728098
39.097541428605965,-37.49742420562081,29.77760230434972,0.22105886594805552,-0.5630913708071843,-10.248006662161519
39.10809330499113,-37.50334872380275,29.783812617242507,0.22104950680031193,-0.5627515346241088,-10.186268821423532
39.118646338233475,-37.50927325062706,29.790025179617302,0.2210399498591535,-0.5624115736049553,-10.124521029514174
39.129200528891154,-37.51519778592957,29.796239991474103,0.22103019506597393,-0.5620714878058923,-10.0627632864334
39.13975587752243,-37.52112232954601,29.80245705281291,0.22102024236215884,-0.5617312772831214,-10.00099559218122
39.15031238468579,-37.52704688131199,29.808676363633708,0.22101009168908506,-0.5613909420928781,-9.939217946757687
39.16087005093985,-37.53297144106311,29.81489792393652,0.22099974298812072,-0.5610504822914311,-9.877430350162651
39.17142887684336,-37.53889600863482,29.821121733721323,0.22098919620062546,-0.5607098979350835,-9.81563280239631
39.18198886295525,-37.544820583862524,29.827347792988146,0.22097845126794985,-0.5603691890801709,-9.753825303458537
39.19255000983463,-37.55074516658154,29.833576101736956,0.22096750813143617,-0.5600283557830641,-9.692007853349383
39.20311231804071,-37.55666975662711,29.83980665996778,0.2209563667324176,-0.5596873981001661,-9.630180452068814
39.21367578813294,-37.56259435383437,29.8460394676806,0.2209450270122192,-0.5593463160879145,-9.568343099616825
39.224240420670846,-37.56851895803838,29.852274524875433,0.22093348891215703,-0.5590051098027805,-9.506495795993494
39.23480621621416,-37.57444356907415,29.858511831552264,0.22092175237353862,-0.5586637793012688,-9.444638541198698
39.24537317532277,-37.58036818677656,29.8647513877111,0.22090981733766243,-0.5583223246399183,-9.382771335232535
39.2559412985567,-37.58629281098043,29.87099319335194,0.22089768374581892,-0.557980745875301,-9.320894178094976
39.26651058647616,-37.59221744152051,29.877237248474778,0.22088535153928962,-0.5576390430640235,-9.259007069786026
39.27708103964151,-37.59814207823145,29.88348355307962,0.22087282065934738,-0.5572972162627258,-9.197110010305666
39.287652658613254,-37.60406672094781,29.889732107166473,0.22086009104725624,-0.5569552655280815,-9.13520299965392
39.29822544395206,-37.60999136950409,29.895982910735317,0.2208471626442717,-0.5566131909167992,-9.07328603783077
39.30879939621878,-37.615916023734684,29.90223596378618,0.2208340353916409,-0.5562709924856193,-9.01135912483623
39.31937451597439,-37.62184068347393,29.90849126631903,0.220820709230602,-0.5559286702913185,-8.949422260670303
39.32995080378005,-37.62776534855606,29.91474881833389,0.22080718410238453,-0.5555862243907056,-8.887475445332925
39.34052826019706,-37.63369001881524,29.92100861983075,0.2207934599482096,-0.5552436548406243,-8.825518678824162
39.35110688578688,-37.63961469408553,29.927270670809623,0.22077953670928924,-0.5549009616979519,-8.763551961144037
39.36168668111115,-37.64553937420093,29.933534971270493,0.22076541432682756,-0.5545581450195998,-8.701575292292484
39.37226764673166,-37.65146405899534,29.93980152121337,0.22075109274201957,-0.5542152048625131,-8.639588672269523
39.38284978321034,-37.6573887483026,29.946070320638242,0.22073657189605142,-0.5538721412836717,-8.577592101075192
39.393433091109294,-37.66331344195642,29.952341369545127,0.22072185173010125,-0.5535289543400884,-8.515585578709448
39.404017570990796,-37.66923813979051,29.95861466793401,0.2207069321853381,-0.553185644088811,-8.453569105172319
39.41460322341726,-37.6751628416384,29.964890215804896,0.22069181320292258,-0.5528422105869208,-8.391542680463775
39.42519004895127,-37.68108754733358,29.971168013157794,0.22067649472400658,-0.5524986538915335,-8.329506304583832
39.435778048155555,-37.687012256709494,29.977448059992682,0.22066097668973353,-0.5521549740597991,-8.267459977532502
39.44636722159304,-37.69293696959944,29.983730356309582,0.22064525904123816,-0.5518111711489009,-8.205403699309768
39.45695756982677,-37.69886168583666,29.99001490210848,0.2206293417196465,-0.5514672452160571,-8.143337469915643
39.46754909341994,-37.70478640525432,29.99630169738938,0.22061322466607597,-0.55112319631852,-8.081261289350131
39.478141792935965,-37.7107111276855,30.002590742152293,0.2205969078216355,-0.5507790245135757,-8.019175157613189
39.488735668938375,-37.71663585296317,30.008882036397196,0.22058039112742578,-0.5504347298585449,-7.957079074704872
39.499330721990844,-37.722560580920266,30.015175580124115,0.22056367452453776,-0.5500903124107822,-7.894973040625126
39.509926952657246,-37.72848531138959,30.021471373333036,0.22054675795405507,-0.5497457722276766,-7.832857055374007
39.52052436150159,-37.734410044203884,30.027769416023958,0.22052964135705183,-0.5494011093666517,-7.770731118951483
39.531122949088065,-37.740334779195805,30.034069708196874,0.22051232467459425,-0.5490563238851645,-7.7085952313575765
39.541722715980974,-37.74625951619793,30.040372249851806,0.22049480784773923,-0.5487114158407072,-7.646449392592255
39.55232366274485,-37.75218425504274,30.046677040988733,0.22047709081753586,-0.5483663852908057,-7.584293602655523
39.562925789944316,-37.75810899556265,30.052984081607676,0.22045917352502392,-0.5480212322930206,-7.522127861547415
39.57352909814422,-37.76403373758997,30.05929337170861,0.22044105591123514,-0.5476759569049466,-7.459952169267908
39.584133587909506,-37.76995848095695,30.065604911291548,0.22042273791719239,-0.547330559184213,-7.397766525816965
39.5947392598053,-37.77588322549571,30.0719187003565,0.2204042194839099,-0.5469850391884834,-7.335570931194666
39.60534611439694,-37.781807971038354,30.07823473890344,0.22038550055239356,-0.5466393969754555,-7.27336538540096
39.61595415224983,-37.78773271741684,30.084553026932397,0.22036658106364038,-0.5462936326028622,-7.211149888435853
39.62656337392962,-37.79365746446308,30.090873564443346,0.22034746095863933,-0.5459477461284701,-7.148924440299338
39.63717378000205,-37.7995822120089,30.09719635143631,0.22032814017836994,-0.5456017376100805,-7.0866890409914385
