galstreams/tracks/track.st.New-21.ibata2024.ecsv
# %ECSV 1.0
# ---
# datatype:
# - {name: ra, unit: deg, datatype: float64}
# - {name: dec, unit: deg, datatype: float64}
# - {name: distance, unit: kpc, datatype: float64}
# - {name: pm_ra_cosdec, unit: mas / yr, datatype: float64}
# - {name: pm_dec, unit: mas / yr, datatype: float64}
# - {name: radial_velocity, unit: km / s, datatype: float64}
# delimiter: ','
# meta: !!omap
# - __serialized_columns__:
#     dec:
#       __class__: astropy.coordinates.angles.Latitude
#       unit: &id001 !astropy.units.Unit {unit: deg}
#       value: !astropy.table.SerializedColumn {name: dec}
#     distance:
#       __class__: astropy.coordinates.distances.Distance
#       unit: !astropy.units.Unit {unit: kpc}
#       value: !astropy.table.SerializedColumn {name: distance}
#     pm_dec:
#       __class__: astropy.units.quantity.Quantity
#       unit: !astropy.units.Unit {unit: mas / yr}
#       value: !astropy.table.SerializedColumn {name: pm_dec}
#     pm_ra_cosdec:
#       __class__: astropy.units.quantity.Quantity
#       unit: !astropy.units.Unit {unit: mas / yr}
#       value: !astropy.table.SerializedColumn {name: pm_ra_cosdec}
#     ra:
#       __class__: astropy.coordinates.angles.Longitude
#       unit: *id001
#       value: !astropy.table.SerializedColumn {name: ra}
#       wrap_angle: !astropy.coordinates.Angle
#         unit: *id001
#         value: 360.0
#     radial_velocity:
#       __class__: astropy.units.quantity.Quantity
#       unit: !astropy.units.Unit {unit: km / s}
#       value: !astropy.table.SerializedColumn {name: radial_velocity}
# schema: astropy-2.0
ra,dec,distance,pm_ra_cosdec,pm_dec,radial_velocity
314.4893692835771,13.896648928105648,0.9999999999999986,-4.977777729895024,-2.0385432365437737,606515.8373600331
314.4901860237817,13.880568719160252,0.9999999999999986,-4.971367461308546,-2.045541639567091,602440.66973962
314.49104690451924,13.864548480638474,0.9999999999999987,-4.9649570226465585,-2.052506332125631,598383.6577511253
314.4919518173289,13.848588078433714,0.9999999999999987,-4.958546427420515,-2.0594373825697403,594344.7611739851
314.4929006538801,13.832687378407812,0.9999999999999986,-4.952135689141869,-2.0663348592315742,590323.9397876336
314.4938933059709,13.816846246391544,0.9999999999999988,-4.945724821453041,-2.0731988303414255,586321.1533715067
314.494929665527,13.801064548184916,0.9999999999999987,-4.939313837588998,-2.0800293641586904,582336.3617050386
314.4960096246007,13.785342149557618,0.9999999999999986,-4.932902751199435,-2.086826528833626,578369.5245676655
314.4971330753698,13.769678916249177,0.9999999999999988,-4.926491575439286,-2.09359039244373,574420.6017388214
314.4982999101366,13.75407471396944,0.9999999999999988,-4.920080323638103,-2.100321023084689,570489.5529979417
314.49951002132696,13.738529408398842,0.9999999999999987,-4.913669008950819,-2.1070184887757932,566576.3381244618
314.50076330148875,13.723042865188877,0.9999999999999988,-4.907257644670608,-2.113682857467211,562680.9168978169
314.5020596432915,13.70761494996222,0.9999999999999988,-4.9008462436904665,-2.1203141970618162,558803.2490974418
314.5033989395248,13.692245528313187,0.9999999999999988,-4.8944348191071185,-2.12691257545157,554943.2945027712
314.50478108309767,13.676934465808136,0.9999999999999988,-4.888023383944528,-2.133478060422931,551101.0128932409
314.50620596703726,13.661681627985615,0.9999999999999989,-4.881611951132072,-2.1400107197696343,547276.3640482854
314.5076734844881,13.646486880356818,0.9999999999999989,-4.875200533460884,-2.146510621190828,543469.3077473406
314.5091835287108,13.631350088405826,0.999999999999999,-4.868789143729373,-2.152977832374745,539679.8037698407
314.5107359930813,13.61627111759008,0.9999999999999989,-4.862377794794156,-2.159412420929584,535907.8118952212
314.51233077108964,13.601249833340498,0.999999999999999,-4.855966499242641,-2.1658144544380775,532153.2919029173
314.51396775633935,13.58628610106192,0.9999999999999989,-4.849555269873235,-2.1721840004283877,528416.2035723642
314.515646842546,13.571379786133358,0.9999999999999989,-4.843144119135104,-2.1785211263704696,524696.5066829964
314.51736792353654,13.556530753908442,0.9999999999999989,-4.836733059535618,-2.1848258997124503,520994.1610142493
314.5191308932483,13.541738869715527,0.999999999999999,-4.830322103756771,-2.1910983878296975,517309.1263455585
314.52093564572795,13.527003998858119,0.999999999999999,-4.823911264014896,-2.1973386580611987,513641.362456358
314.5227820751306,13.512326006615256,0.999999999999999,-4.817500552919228,-2.203546777709562,509990.8291260839
314.5246700757187,13.497704758241634,0.999999999999999,-4.811089982555131,-2.2097228140155494,506357.4861341707
314.52659954186146,13.483140118968032,0.9999999999999989,-4.8046795654299785,-2.2158668341762677,502741.2932600538
314.5285703680336,13.468631954001548,0.9999999999999991,-4.79826931367279,-2.2219789053524437,499142.2102831682
314.53058244881436,13.454180128526033,0.9999999999999992,-4.791859239478072,-2.2280590946647862,495560.19698294916
314.53263567888695,13.43978450770219,0.999999999999999,-4.7854493550694315,-2.234107469157607,491995.2131388312
314.53472995303713,13.425444956667988,0.999999999999999,-4.779039672306681,-2.240124095864303,488447.2185302501
314.53686516615306,13.41116134053891,0.9999999999999991,-4.772630203522567,-2.2461090417600644,484916.17293664097
314.53904121322336,13.396933524408357,0.999999999999999,-4.766220960533246,-2.2520623737691494,481402.0361374381
314.5412579893371,13.382761373347748,0.9999999999999991,-4.75981195543136,-2.2579841587721603,477904.7679120772
314.5435153896825,13.368644752406897,0.9999999999999992,-4.753403199894819,-2.2638744636242336,474424.3280399932
314.5458133095462,13.35458352661442,0.9999999999999991,-4.746994706030819,-2.2697333551113843,470960.67630062136
314.548151644312,13.340577560977787,0.999999999999999,-4.740586485488166,-2.2755608999977994,467513.7724733962
314.5505302894607,13.32662672048376,0.9999999999999992,-4.7341785501048435,-2.2813571649930964,464083.5763377539
314.55294914056856,13.312730870098592,0.9999999999999992,-4.72777091156604,-2.287122216748685,460670.0476731285
314.5554080933067,13.298889874768454,0.9999999999999992,-4.721363581615151,-2.2928561219123367,457273.1462589558
314.55790704344037,13.285103599419479,0.9999999999999991,-4.714956571799121,-2.29855894704815,453892.83187467034
314.56044588682784,13.27137190895821,0.999999999999999,-4.7085498938613455,-2.304230758698395,450529.0642997077
314.56302451941974,13.257694668271768,0.9999999999999992,-4.70214355923963,-2.309871623354411,447181.8033135027
314.56564283725817,13.244071742228286,0.9999999999999993,-4.6957375794809195,-2.315481607474794,443851.00869549025
314.5683007364758,13.230502995676954,0.9999999999999991,-4.689331966059399,-2.321060777478124,440536.640225106
314.5709981132951,13.216988293448392,0.9999999999999992,-4.6829267304055975,-2.3266091997211333,437238.65768178407
314.5737348640276,13.203527500355015,0.9999999999999993,-4.676521883884561,-2.3321269405350904,433957.0208449609
314.5765108850729,13.19012048119111,0.9999999999999994,-4.670117437897716,-2.337614066211245,430691.6894940704
314.57932607291787,13.176767100733203,0.9999999999999994,-4.6637134036791394,-2.3430706429862767,427442.62340854824
314.58218032413623,13.163467223740271,0.9999999999999993,-4.657309792622982,-2.3484967370786762,424209.7823678294
314.585073535387,13.15022071495413,0.9999999999999992,-4.650906615817803,-2.353892414637812,420993.1261513492
314.5880056034145,13.13702743909948,0.9999999999999993,-4.644503884592268,-2.3592577417948633,417792.61453854205
314.59097642504696,13.123887260884306,0.9999999999999994,-4.638101610034937,-2.3645927846155246,414608.20730884414
314.59398589719615,13.110800045000062,0.9999999999999993,-4.631699803241645,-2.3698976091545774,411439.8642416897
314.5970339168562,13.09776565612204,0.9999999999999994,-4.625298475351883,-2.375172281408595,408287.5451165135
314.60012038110335,13.08478395890944,0.9999999999999996,-4.618897637425107,-2.3804168673523236,405151.2097127518
314.6032451870946,13.0718548180057,0.9999999999999994,-4.612497300389805,-2.385631432887749,402030.8178098386
314.6064082320674,13.058978098038851,0.9999999999999996,-4.606097475334536,-2.390816043909581,398926.32918720983
314.6096094133385,13.046153663621562,0.9999999999999996,-4.599698173107754,-2.3959707662543224,395837.70362429996
314.61284862830365,13.0333813793515,0.9999999999999993,-4.593299404659774,-2.40109566573301,392764.90090054454
314.61612577443657,13.020661109811527,0.9999999999999997,-4.586901180897257,-2.40619080810211,389707.88079537824
314.61944074928795,13.00799271957006,0.9999999999999994,-4.580503512537689,-2.4112562590889866,386666.60308823653
314.62279345048535,12.9953760731811,0.9999999999999993,-4.57410641048773,-2.4162920843918982,383641.02755855425
314.626183775732,12.982811035184621,0.9999999999999997,-4.567709885472141,-2.421298349650897,380631.1139857666
314.6296116228062,12.970297470106718,0.9999999999999996,-4.561313948208408,-2.426275120473292,377636.8221493088
314.6330768895604,12.95783524245999,0.9999999999999997,-4.554918609428569,-2.431222462440928,374658.1118286157
314.63657947392096,12.945424216743554,0.9999999999999994,-4.548523879835557,-2.436140441077441,371694.94280312234
314.6401192738871,12.933064257443387,0.9999999999999996,-4.542129770110478,-2.4410291218955535,368747.27485226403
314.6436961875299,12.920755229032647,0.9999999999999997,-4.535736290730711,-2.445888570335228,365815.06775547593
314.64731011299216,12.908496995971715,0.9999999999999996,-4.5293434523337055,-2.4507188518473413,362898.28129219264
314.6509609484875,12.896289422708513,0.9999999999999997,-4.522951265447773,-2.4555200317845447,359996.87524185004
314.65464859229974,12.884132373678716,0.9999999999999994,-4.516559740703087,-2.4602921755194984,357110.80938388244
314.65837294278157,12.872025713306058,0.9999999999999997,-4.510168888431508,-2.465035348350284,354240.0434977254
314.66213389835497,12.859969306002393,0.9999999999999997,-4.503778719146794,-2.4697496155677072,351384.5373628139
314.66593135750963,12.847963016168006,0.9999999999999996,-4.497389243311773,-2.47443504239709,348544.2507585832
314.6697652188028,12.836006708191796,0.9999999999999997,-4.4910004713747185,-2.4790916940419265,345719.143464468
314.673635380858,12.824100246451609,0.9999999999999996,-4.4846124135438,-2.483719635669331,342909.17525990354
314.6775417423652,12.812243495314265,0.9999999999999997,-4.478225080274569,-2.4883189324173145,340114.30592432525
314.68148420207945,12.800436319135851,0.9999999999999997,-4.471838481891609,-2.4928896493729553,337334.4952371676
314.6854626588205,12.788678582262056,0.9999999999999996,-4.465452628581261,-2.4974318516015046,334569.70297786617
314.68947701147226,12.776970149028156,0.9999999999999997,-4.459067530740867,-2.5019456041227386,331819.88892585604
314.69352715898185,12.765310883759383,0.9999999999999998,-4.45268319848401,-2.5064309719346056,329085.0128605722
314.69761300035924,12.753700650771043,0.9999999999999996,-4.446299642091617,-2.5108880199841224,326365.0345614494
314.7017344346764,12.74213931436886,0.9999999999999997,-4.439916871706373,-2.5153168131837447,323659.91380792356
314.7058913610668,12.730626738848986,0.9999999999999999,-4.433534897536447,-2.5197174164222815,320969.6103794287
314.71008367872463,12.71916278849835,0.9999999999999998,-4.427153729684505,-2.524089894563076,318294.0840554008
314.7143112869044,12.707747327594753,0.9999999999999997,-4.420773378169542,-2.528434312405807,315633.29461527476
314.7185740849201,12.696380220407239,0.9999999999999998,-4.414393853225192,-2.5327507347337814,312987.201838485
314.7228719721445,12.685061331196083,0.9999999999999999,-4.408015164761309,-2.5370392263102985,310355.76550446765
314.72720484800914,12.673790524213082,0.9999999999999998,-4.401637322942406,-2.5412998518313543,307738.9453926573
314.7315726120027,12.662567663701854,0.9999999999999998,-4.3952603376310435,-2.545532675982031,305136.7012824888
314.7359751636714,12.651392613897839,0.9999999999999998,-4.388884218948078,-2.5497377634073928,302548.99295339745
314.74041240261766,12.640265239028615,0.9999999999999998,-4.382508976748795,-2.5539151787270384,299975.7801848187
314.74488422850015,12.629185403314032,0.9999999999999999,-4.376134621088568,-2.5580649865169107,297417.0227561871
314.7493905410323,12.618152970966538,0.9999999999999998,-4.369761161713541,-2.5621872513202106,294872.680446938
314.7539312399827,12.607167806191153,0.9999999999999999,-4.363388608624518,-2.5662820376619493,292342.71303650644
314.7585062251739,12.59622977318581,0.9999999999999998,-4.357016971709527,-2.570349410012568,289827.08030432754
314.7631153964821,12.58533873614146,1.0,-4.350646260776557,-2.5743894328261376,287325.7420298363
314.76775865383615,12.574494559242408,0.9999999999999998,-4.344276485673618,-2.5784021705203486,284838.6579924679
314.7724358972175,12.56369710666627,0.9999999999999999,-4.337907656143216,-2.58238768748015,282365.7879716575
314.7771470266596,12.552946242584284,0.9999999999999999,-4.331539782066102,-2.5863460480486538,279907.09174684
314.78189194224655,12.54224183116158,0.9999999999999999,-4.32517287310111,-2.5902773165544204,277462.52909745084
314.78667054411363,12.53158373655715,0.9999999999999998,-4.318806939041679,-2.5941815572878113,275032.05980292463
314.7914827324462,12.52097182292419,1.0,-4.312441989655781,-2.598058834497351,272615.64364269684
314.79632840747894,12.510405954410182,0.9999999999999999,-4.306078034584061,-2.601909212418832,270213.2403962025
314.8012074694956,12.499885995157207,0.9999999999999997,-4.299715083565388,-2.6057327552389324,267824.8098428765
314.8061198188284,12.489411809301936,1.0,-4.2933531461858365,-2.609529527122504,265450.31176215416
314.8110653558576,12.47898326097594,1.0,-4.286992232166085,-2.613299592203475,263089.70593347034
314.8160439810106,12.468600214305773,1.0,-4.280632351092208,-2.6170430145793944,260742.9521362603
314.8210555947618,12.458262533413295,1.0,-4.27427351264123,-2.6207598583296203,258410.01014995918
314.8261000976316,12.447970082415635,0.9999999999999999,-4.267915726250067,-2.624450187477123,256090.8397540021
314.8311773901866,12.437722725425473,0.9999999999999999,-4.26155900167214,-2.6281140660466917,253785.4007278238
314.8362873730383,12.4275203265513,0.9999999999999999,-4.2552033483589184,-2.6317515580194595,251493.65285085977
314.841429946843,12.417362749897364,1.0,-4.248848775849183,-2.635362727327447,249215.55590254482
314.84660501230104,12.407249859564025,1.0,-4.242495293659886,-2.6389476379026746,246951.06966231443
314.85181247015686,12.39718151964779,1.0,-4.236142911377101,-2.6425063536316884,244700.15390960328
314.85705222119753,12.387157594241655,0.9999999999999999,-4.22979163839409,-2.6460389383737493,242462.76842384654
314.862324166253,12.377177947435044,1.0,-4.223441484235082,-2.6495454559608334,240238.87298447956
314.86762820619543,12.367242443314112,1.0,-4.2170924583188025,-2.653025970195813,238028.42737093693
314.87296424193863,12.357350945961842,1.0,-4.210744570125826,-2.6564805448397237,235831.39136265428
314.87833217443716,12.347503319458333,1.0,-4.204397829016671,-2.659909243644506,233647.72473906662
314.8837319046868,12.337699427880757,1.0,-4.198052244486462,-2.6633121303220832,231477.38727960878
314.889163333723,12.32793913530362,1.0000000000000002,-4.191707825855701,-2.666689268555274,229320.3387637159
314.8946263626211,12.318222305799017,1.0,-4.18536458253584,-2.6700407220014313,227176.53897082334
314.90012089249564,12.308548803436583,1.0000000000000002,-4.179022523905587,-2.673366554281529,225045.9476803657
314.9056468244996,12.298918492283786,1.0000000000000002,-4.172681659256341,-2.676666829001988,222928.5246717787
314.9112040598245,12.28933123640601,1.0000000000000002,-4.166341997937707,-2.6799416097292124,220824.2297244969
314.91679249969934,12.279786899866838,1.0,-4.160003549342946,-2.683190960009597,218733.02261795566
314.92241204539044,12.270285346728013,1.0000000000000002,-4.153666322712525,-2.6864149433495186,216654.86313159
314.92806259820105,12.260826441049701,1.0,-4.1473303273596684,-2.6896136232426215,214589.71104483504
314.93374405947054,12.251410046890598,1.0000000000000002,-4.140995572528482,-2.692787063144351,212537.5261371259
314.9394563305742,12.242036028308187,1.0000000000000002,-4.134662067561294,-2.6959353264919628,210498.26818789745
314.94519931292285,12.232704249358703,1.0,-4.128329821654916,-2.699058476682694,208471.89697658527
314.95097290796207,12.22341457409736,0.9999999999999999,-4.121998844057089,-2.702156577088317,206458.37228262375
314.95677701717204,12.214166866578616,1.0,-4.115669144033745,-2.7052296910624136,204457.65388544873
314.9626115420669,12.204960990856106,1.0,-4.109340730748954,-2.7082778819330997,202469.70156449475
314.9684763841945,12.19579681098292,1.0,-4.103013613468647,-2.7113012129902927,200494.47509919715
314.9743714451357,12.186674191011655,1.0000000000000002,-4.096687801335065,-2.714299747494806,198531.93426899097
314.98029662650424,12.177592994994745,1.0000000000000002,-4.090363303581398,-2.7172735486983584,196582.03885331127
314.98625182994584,12.168553086984337,1.0000000000000002,-4.084040129331697,-2.7202226798144693,194644.7486315932
314.99223695713835,12.1595543310326,1.0,-4.077718287768221,-2.723147204027555,192720.02338327185
314.99825190979095,12.150596591191785,1.0,-4.071397788062313,-2.726047184494746,190807.82288778233
315.0042965896435,12.141679731514502,1.0,-4.06507863931256,-2.7289226843631695,188908.10692455954
