galstreams/tracks/track.st.300S.fu2018.ecsv
# %ECSV 0.9
# ---
# datatype:
# - {name: ra, unit: deg, datatype: float64}
# - {name: dec, unit: deg, datatype: float64}
# - {name: distance, unit: kpc, datatype: float64}
# - {name: pm_ra_cosdec, unit: mas / yr, datatype: float64}
# - {name: pm_dec, unit: mas / yr, datatype: float64}
# - {name: radial_velocity, unit: km / s, datatype: float64}
# delimiter: ','
# meta: !!omap
# - __serialized_columns__:
#     dec:
#       __class__: astropy.coordinates.angles.Latitude
#       unit: &id001 !astropy.units.Unit {unit: deg}
#       value: !astropy.table.SerializedColumn {name: dec}
#     distance:
#       __class__: astropy.coordinates.distances.Distance
#       unit: !astropy.units.Unit {unit: kpc}
#       value: !astropy.table.SerializedColumn {name: distance}
#     pm_dec:
#       __class__: astropy.units.quantity.Quantity
#       unit: !astropy.units.Unit {unit: mas / yr}
#       value: !astropy.table.SerializedColumn {name: pm_dec}
#     pm_ra_cosdec:
#       __class__: astropy.units.quantity.Quantity
#       unit: !astropy.units.Unit {unit: mas / yr}
#       value: !astropy.table.SerializedColumn {name: pm_ra_cosdec}
#     ra:
#       __class__: astropy.coordinates.angles.Longitude
#       unit: *id001
#       value: !astropy.table.SerializedColumn {name: ra}
#       wrap_angle: !astropy.coordinates.Angle
#         unit: *id001
#         value: 360.0
#     radial_velocity:
#       __class__: astropy.units.quantity.Quantity
#       unit: !astropy.units.Unit {unit: km / s}
#       value: !astropy.table.SerializedColumn {name: radial_velocity}
# schema: astropy-2.0
ra,dec,distance,pm_ra_cosdec,pm_dec,radial_velocity
[from data line 138]
153.228805881486,15.896262150918297,17.414364919743406,1.5543122344752192e-15,1.1102230246251565e-16,298.5190699053804
153.23914729052515,15.895103684490405,17.41048767924148,8.881784197001252e-16,-2.220446049250313e-16,298.5176319346585
153.24948852267062,15.893944295456867,17.406611892334844,1.1102230246251565e-15,-1.1102230246251565e-16,298.5161739445197
153.25982957790566,15.89278398453159,17.40273755909634,1.1102230246251565e-15,0.0,298.51469594064906
153.2701704562136,15.891622752428482,17.39886467959879,0.0,-1.1102230246251565e-16,298.51319792873153
153.2805111575781,15.89046059986144,17.394993253915032,2.220446049250313e-16,0.0,298.51167991445203
153.29085168198282,15.889297527544379,17.39112328211791,8.881784197001252e-16,-6.661338147750939e-16,298.5101419034958
153.30119202941165,15.88813353619121,17.387254764280254,4.4408920985006257e-16,0.0,298.50858390154775
153.31153219984856,15.886968626515873,17.383387700474895,1.3322676295501878e-15,-2.220446049250313e-16,298.50700591429313
153.32187219327793,15.885802799232271,17.379522090774678,4.440892098500626e-16,-1.1102230246251565e-16,298.50540794741664
153.33221200968404,15.884636055054342,17.375657935252427,1.7763568394002505e-15,-2.220446049250313e-16,298.5037900066036
153.3425516490515,15.883468394696024,17.371795233980986,6.661338147750939e-16,-3.3306690738754696e-16,298.50215209753895
153.35289111136495,15.882299818871259,17.367933987033187,1.3322676295501878e-15,-3.3306690738754696e-16,298.50049422590774
153.36323039660937,15.881130328293976,17.364074194481862,1.5543122344752192e-15,-3.3306690738754696e-16,298.498816397395
153.3735695047698,15.879959923678127,17.36021585639985,1.3322676295501878e-15,-2.220446049250313e-16,298.49711861768577
153.38390843583144,15.878788605737668,17.356358972859987,6.661338147750939e-16,-2.220446049250313e-16,298.49540089246506
153.39424718977963,15.877616375186559,17.352503543935107,2.220446049250313e-16,-2.220446049250313e-16,298.4936632274178
153.40458576660004,15.876443232738751,17.34864956969804,1.1102230246251565e-15,-1.1102230246251565e-16,298.4919056282293
153.4149241662783,15.875269179108207,17.344797050221636,1.3322676295501878e-15,1.1102230246251565e-16,298.49012810058434
153.42526238880032,15.874094215008913,17.340945985578713,6.661338147750939e-16,-5.551115123125783e-16,298.4883306501682
153.43560043415224,15.87291834115482,17.337096375842112,8.881784197001252e-16,-4.440892098500626e-16,298.4865132826657
153.4459383023202,15.871741558259908,17.333248221084673,8.881784197001252e-16,-2.220446049250313e-16,298.484676003762
153.45627599329063,15.870563867038166,17.329401521379232,1.3322676295501878e-15,-5.551115123125783e-16,298.48281881914215
153.46661350705006,15.869385268203589,17.32555627679862,4.440892098500626e-16,-4.440892098500626e-16,298.4809417344911
153.47695084358523,15.868205762470144,17.321712487415667,0.0,1.1102230246251565e-16,298.479044755494
153.48728800288305,15.867025350551833,17.317870153303218,1.5543122344752192e-15,2.220446049250313e-16,298.4771278878357
153.49762498493058,15.865844033162661,17.314029274534104,6.661338147750939e-16,-5.551115123125783e-16,298.4751911372014
153.50796178971495,15.864661811016624,17.31018985118116,1.3322676295501878e-15,-2.220446049250313e-16,298.47323450927615
153.51829841722372,15.863478684827726,17.306351883317223,1.5543122344752192e-15,0.0,298.4712580097448
153.52863486744437,15.862294655309976,17.302515371015126,1.5543122344752192e-15,-1.1102230246251565e-16,298.4692616442927
153.53897114036465,15.861109723177394,17.298680314347706,2.2204460492503128e-16,0.0,298.46724541860453
153.54930723597232,15.859923889144001,17.29484671338779,4.440892098500626e-16,0.0,298.4652093383657
153.55964315425564,15.858737153923805,17.291014568208233,2.2204460492503128e-16,-1.1102230246251565e-16,298.463153409261
153.56997889520272,15.857549518230842,17.287183878881848,8.881784197001252e-16,-1.1102230246251565e-16,298.4610776369754
153.580314458802,15.856360982779135,17.283354645481484,1.3322676295501878e-15,0.0,298.4589820271941
153.59064984504195,15.855171548282728,17.279526868079973,-2.220446049250313e-16,-2.220446049250313e-16,298.45686658560214
153.60098505391144,15.853981215455644,17.27570054675015,8.881784197001252e-16,1.1102230246251565e-16,298.4547313178846
153.61132008539929,15.852789985011933,17.271875681564847,4.440892098500626e-16,-1.1102230246251565e-16,298.45257622972633
153.62165493949453,15.851597857665642,17.268052272596908,6.661338147750939e-16,-3.3306690738754696e-16,298.4504013268125
153.63198961618642,15.85040483413082,17.26423031991916,4.440892098500626e-16,-1.1102230246251565e-16,298.4482066148281
153.64232411546436,15.849210915121509,17.260409823604434,4.4408920985006257e-16,2.220446049250313e-16,298.44599209945824
153.65265843731788,15.84801610135178,17.256590783725578,1.3322676295501878e-15,-2.220446049250313e-16,298.4437577863878
153.66299258173677,15.846820393535682,17.252773200355424,6.661338147750939e-16,-2.220446049250313e-16,298.44150368130204
153.67332654871078,15.845623792387295,17.248957073566796,1.5543122344752192e-15,-4.440892098500626e-16,298.4392297898857
153.68366033823014,15.844426298620665,17.245142403432546,1.3322676295501878e-15,-2.220446049250313e-16,298.43693611782425
153.693993950285,15.843227912949873,17.241329190025496,0.0,-1.1102230246251565e-16,298.4346226708024
153.70432738486573,15.842028636088997,17.23751743341849,6.661338147750939e-16,2.220446049250313e-16,298.4322894545052
153.71466064196287,15.840828468752125,17.23370713368435,6.661338147750939e-16,-1.1102230246251565e-16,298.4299364746178
153.7249937215672,15.839627411653323,17.229898290895928,1.1102230246251565e-15,0.0,298.4275637368251
153.7353266236696,15.838425465506687,17.226090905126053,1.9984014443252818e-15,-4.440892098500626e-16,298.4251712468124
153.74565934826106,15.837222631026304,17.222284976447558,6.661338147750939e-16,-4.440892098500626e-16,298.4227590102645
153.7559918953329,15.836018908926265,17.21848050493328,1.3322676295501878e-15,-5.551115123125783e-16,298.42032703286645
153.76632426487646,15.834814299920664,17.214677490656047,2.2204460492503128e-16,-1.1102230246251565e-16,298.4178753203034
153.77665645688327,15.833608804723616,17.210875933688712,8.881784197001252e-16,-3.3306690738754696e-16,298.41540387826035
153.78698847134504,15.832402424049214,17.207075834104092,0.0,0.0,298.4129127124222
153.79732030825372,15.831195158611568,17.20327719197503,1.1102230246251565e-15,-2.220446049250313e-16,298.41040182847416
153.80765196760134,15.829987009124784,17.199480007374362,6.661338147750939e-16,-1.1102230246251565e-16,298.40787123210123
153.8179834493801,15.82877797630299,17.195684280374916,6.661338147750939e-16,-4.440892098500626e-16,298.40532092898843
153.82831475358233,15.827568060860296,17.191890011049537,2.220446049250313e-16,-2.220446049250313e-16,298.4027509248208
153.8386458802007,15.826357263510818,17.18809719947106,6.661338147750939e-16,0.0,298.4001612252835
153.8489768292278,15.825145584968688,17.18430584571231,1.5543122344752192e-15,-1.1102230246251565e-16,298.3975518360614
153.85930760065662,15.823933025948032,17.180515949846132,1.1102230246251565e-15,0.0,298.39492276283954
153.86963819448007,15.822719587162997,17.17672751194535,1.1102230246251565e-15,-6.661338147750939e-16,298.3922740113029
153.87996861069152,15.82150526932769,17.17294053208282,8.881784197001251e-16,-2.220446049250313e-16,298.38960558713677
153.89029884928425,15.820290073156267,17.16915501033136,2.220446049250313e-16,-1.1102230246251565e-16,298.38691749602594
153.90062891025184,15.819073999362864,17.16537094676381,8.881784197001252e-16,1.1102230246251565e-16,298.3842097436557
153.9109587935879,15.817857048661642,17.161588341453,1.5543122344752192e-15,-1.1102230246251565e-16,298.38148233571076
153.92128849928648,15.816639221766724,17.15780719447178,6.661338147750939e-16,0.0,298.37873527787644
153.9316180273415,15.815420519392276,17.15402750589297,4.440892098500626e-16,0.0,298.37596857583765
153.94194737774717,15.814200942252453,17.150249275789406,6.661338147750939e-16,-5.551115123125783e-16,298.37318223527944
153.95227655049786,15.812980491061417,17.146472504233934,0.0,-3.3306690738754696e-16,298.37037626188686
153.96260554558816,15.811759166533317,17.14269719129938,8.881784197001252e-16,0.0,298.36755066134486
153.97293436301274,15.810536969382328,17.138923337058582,1.1102230246251565e-15,-2.220446049250313e-16,298.36470543933876
153.98326300276645,15.809313900322616,17.135150941584378,1.9984014443252818e-15,-6.661338147750939e-16,298.36184060155324
153.99359146484431,15.80808996006835,17.1313800049496,1.5543122344752192e-15,-1.1102230246251565e-16,298.35895615367355
154.0039197492416,15.806865149333701,17.127610527227088,8.881784197001252e-16,1.1102230246251565e-16,298.3560521013846
154.0142478559536,15.805639468832851,17.123842508489666,1.1102230246251565e-15,-3.3306690738754696e-16,298.3531284503717
154.0245757849759,15.804412919279978,17.12007594881018,8.881784197001252e-16,1.1102230246251565e-16,298.3501852063195
154.03490353630406,15.803185501389272,17.11631084826146,8.881784197001252e-16,-2.220446049250313e-16,298.3472223749132
154.04523110993412,15.801957215874914,17.11254720691635,6.661338147750939e-16,0.0,298.344239961838
154.055558505862,15.80072806345109,17.108785024847666,8.881784197001251e-16,-4.440892098500626e-16,298.3412379727788
154.06588572408387,15.799498044831997,17.105024302128268,2.220446049250313e-16,-1.1102230246251565e-16,298.33821641342064
154.07621276459616,15.798267160731829,17.101265038830974,4.440892098500626e-16,-2.220446049250313e-16,298.3351752894485
154.08653962739535,15.797035411864783,17.097507235028626,1.7763568394002505e-15,-3.3306690738754696e-16,298.3321146065476
154.09686631247817,15.795802798945063,17.093750890794052,8.881784197001252e-16,-1.1102230246251565e-16,298.32903437040267
154.10719281984132,15.79456932268688,17.0899960062001,4.440892098500626e-16,-2.220446049250313e-16,298.32593458669913
154.11751914948198,15.793334983804428,17.086242581319592,4.440892098500626e-16,-2.220446049250313e-16,298.32281526112166
154.1278453013973,15.792099783011924,17.08249061622537,4.4408920985006257e-16,-1.1102230246251565e-16,298.3196763993555
154.13817127558454,15.790863721023578,17.078740110990275,2.220446049250313e-16,0.0,298.3165180070858
154.14849707204124,15.78962679855362,17.074991065687126,4.440892098500626e-16,-2.220446049250313e-16,298.3133400899974
154.15882269076513,15.788389016316247,17.071243480388766,1.1102230246251565e-15,-2.220446049250313e-16,298.3101426537753
154.169148131754,15.787150375025687,17.067497355168044,1.5543122344752192e-15,0.0,298.3069257041047
154.1794733950059,15.785910875396178,17.063752690097775,2.220446049250313e-16,-2.220446049250313e-16,298.30368924667044
154.1897984805189,15.78467051814194,17.060009485250802,-2.2204460492503128e-16,0.0,298.3004332871577
154.20012338829144,15.783429303977192,17.056267740699962,1.5543122344752192e-15,1.1102230246251565e-16,298.2971578312516
154.21044811832198,15.78218723361618,17.052527456518096,1.3322676295501878e-15,0.0,298.29386288463706
154.22077267060916,15.780944307773133,17.048788632778017,6.661338147750939e-16,-1.1102230246251565e-16,298.2905484529991
154.23109704515178,15.7797005271623,17.045051269552584,1.1102230246251565e-15,-3.3306690738754696e-16,298.2872145420228
154.24142124194893,15.778455892497904,17.041315366914628,1.1102230246251565e-15,0.0,298.2838611573932
154.2517452609997,15.777210404494198,17.03758092493697,1.5543122344752192e-15,-3.3306690738754696e-16,298.2804883047952
154.26206910230343,15.775964063865432,17.033847943692464,8.881784197001251e-16,-1.1102230246251565e-16,298.27709598991413
154.27239276585956,15.774716871325854,17.030116423253936,0.0,-3.3306690738754696e-16,298.2736842184348
154.2827162516678,15.773468827589708,17.02638636369422,1.3322676295501878e-15,-2.220446049250313e-16,298.27025299604236
154.29303955972796,15.772219933371245,17.022657765086148,8.881784197001252e-16,-1.1102230246251565e-16,298.2668023284217
154.30336269004,15.770970189384743,17.018930627502566,4.440892098500626e-16,-2.220446049250313e-16,298.26333222125817
154.31368564260399,15.76971959634445,17.0152049510163,6.661338147750939e-16,-4.440892098500626e-16,298.2598426802364
154.32400841742037,15.76846815496461,17.011480735700196,8.881784197001251e-16,-2.220446049250313e-16,298.25633371104163
154.33433101448952,15.76721586595951,17.007757981627076,1.1102230246251565e-15,-3.3306690738754696e-16,298.2528053193589
154.34465343381217,15.765962730043405,17.004036688869782,4.4408920985006257e-16,0.0,298.2492575108733
154.35497567538894,15.76470874793058,17.000316857501144,2.220446049250313e-16,-1.1102230246251565e-16,298.24569029126974
154.36529773922098,15.76345392033529,16.996598487594007,1.5543122344752192e-15,-3.3306690738754696e-16,298.24210366623333
154.37561962530935,15.762198247971813,16.992881579221194,8.881784197001251e-16,-1.1102230246251565e-16,298.23849764144916
154.38594133365532,15.760941731554432,16.98916613245556,-2.2204460492503128e-16,1.1102230246251565e-16,298.23487222260223
154.3962628642604,15.759684371797425,16.985452147369912,6.661338147750939e-16,-3.3306690738754696e-16,298.23122741537753
154.40658421712615,15.75842616941506,16.98173962403711,1.1102230246251565e-15,-4.440892098500626e-16,298.22756322546013
154.41690539225442,15.757167125121628,16.978028562529982,8.881784197001252e-16,1.1102230246251565e-16,298.22387965853505
154.42722638964705,15.755907239631432,16.974318962921352,1.3322676295501878e-15,1.1102230246251565e-16,298.2201767202873
154.43754720930627,15.754646513658738,16.970610825284073,1.3322676295501878e-15,0.0,298.21645441640203
154.44786785123435,15.753384947917844,16.966904149690965,1.1102230246251565e-15,-1.1102230246251565e-16,298.2127127525642
154.45818831543366,15.752122543123043,16.963198936214877,1.1102230246251565e-15,-1.1102230246251565e-16,298.2089517344588
154.46850860190682,15.750859299988647,16.959495184928628,4.440892098500626e-16,-4.440892098500626e-16,298.2051713677709
154.47882871065664,15.749595219228922,16.955792895905066,1.3322676295501878e-15,-3.3306690738754696e-16,298.2013716581857
154.48914864168603,15.748330301558191,16.952092069217024,6.661338147750939e-16,-3.3306690738754696e-16,298.197552611388
154.4994683949981,15.747064547690746,16.948392704937337,-2.220446049250313e-16,0.0,298.19371423306296
154.50978797059602,15.745797958340901,16.944694803138834,4.4408920985006257e-16,1.1102230246251565e-16,298.18985652889563
154.5201073684834,15.744530534222955,16.940998363894362,4.440892098500626e-16,0.0,298.1859795045709
154.53042658866366,15.743262276051217,16.93730338727675,8.881784197001252e-16,-1.1102230246251565e-16,298.18208316577415
154.54074563114065,15.741993184539997,16.933609873358822,-2.220446049250313e-16,-4.440892098500626e-16,298.17816751819
154.55106449591815,15.740723260403618,16.92991782221343,2.220446049250313e-16,-3.3306690738754696e-16,298.17423256750374
154.56138318300043,15.739452504356379,16.926227233913412,-4.440892098500626e-16,-2.220446049250313e-16,298.17027831940027
154.57170169239157,15.738180917112604,16.922538108531587,1.3322676295501878e-15,-3.3306690738754696e-16,298.1663047795649
154.5820200240961,15.736908499386614,16.91885044614079,1.7763568394002503e-15,0.0,298.16231195368226
154.59233817811844,15.735635251892736,16.915164246813873,8.881784197001251e-16,2.220446049250313e-16,298.15829984743766
154.60265615446352,15.734361175345287,16.91147951062366,4.440892098500626e-16,-2.220446049250313e-16,298.1542684665161
154.61297395313608,15.733086270458584,16.90779623764299,2.220446049250313e-16,-1.1102230246251565e-16,298.15021781660266
154.62329157414123,15.731810537946963,16.90411442794469,1.3322676295501878e-15,0.0,298.14614790338214
154.63360901748413,15.730533978524765,16.90043408160161,1.3322676295501878e-15,0.0,298.14205873253985
