galstreams/tracks/track.st.Leiptr.ibata2021.ecsv
# %ECSV 0.9
# ---
# datatype:
# - {name: ra, unit: deg, datatype: float64}
# - {name: dec, unit: deg, datatype: float64}
# - {name: distance, unit: kpc, datatype: float64}
# - {name: pm_ra_cosdec, unit: mas / yr, datatype: float64}
# - {name: pm_dec, unit: mas / yr, datatype: float64}
# - {name: radial_velocity, unit: km / s, datatype: float64}
# delimiter: ','
# meta: !!omap
# - __serialized_columns__:
#     dec:
#       __class__: astropy.coordinates.angles.Latitude
#       unit: &id001 !astropy.units.Unit {unit: deg}
#       value: !astropy.table.SerializedColumn {name: dec}
#     distance:
#       __class__: astropy.coordinates.distances.Distance
#       unit: !astropy.units.Unit {unit: kpc}
#       value: !astropy.table.SerializedColumn {name: distance}
#     pm_dec:
#       __class__: astropy.units.quantity.Quantity
#       unit: !astropy.units.Unit {unit: mas / yr}
#       value: !astropy.table.SerializedColumn {name: pm_dec}
#     pm_ra_cosdec:
#       __class__: astropy.units.quantity.Quantity
#       unit: !astropy.units.Unit {unit: mas / yr}
#       value: !astropy.table.SerializedColumn {name: pm_ra_cosdec}
#     ra:
#       __class__: astropy.coordinates.angles.Longitude
#       unit: *id001
#       value: !astropy.table.SerializedColumn {name: ra}
#       wrap_angle: !astropy.coordinates.Angle
#         unit: *id001
#         value: 360.0
#     radial_velocity:
#       __class__: astropy.units.quantity.Quantity
#       unit: !astropy.units.Unit {unit: km / s}
#       value: !astropy.table.SerializedColumn {name: radial_velocity}
# schema: astropy-2.0
ra,dec,distance,pm_ra_cosdec,pm_dec,radial_velocity
[from data line 5964]
103.89590945249564,-38.494111205912034,6.643533631287568,9.68226086295184,-7.057618114880265,3.368306851948935e-14
103.90611623072375,-38.500147851113255,6.643136108881312,9.681475690603298,-7.055520396276934,0.0
103.91632456222597,-38.50618378725652,6.6427382841803695,9.680689939271405,-7.0534222351945015,0.0
103.92653444742277,-38.5122190140623,6.642340157035899,9.679903608751719,-7.051323631835818,1.6841534259744676e-14
103.93674588673464,-38.51825353125103,6.641941727299053,9.679116698839731,-7.049224586403888,8.420767129872338e-14
103.94695888058203,-38.52428733854298,6.6415429948209885,9.678329209330865,-7.04712509910186,-1.6841534259744676e-14
103.95717342938538,-38.53032043565843,6.64114395945286,9.677541140020477,-7.04502517013304,6.73661370389787e-14
103.9673895335651,-38.53635282231749,6.6407446210458225,9.676752490703853,-7.04292479970088,-6.73661370389787e-14
103.9776071935416,-38.54238449824024,6.640344979451032,9.675963261176221,-7.040823988008987,1.6841534259744676e-14
103.98782640973525,-38.54841546314663,6.639945034519642,9.675173451232736,-7.038722735261114,1.6841534259744676e-14
103.9980471825664,-38.554445716756554,6.639544786102805,9.674383060668486,-7.036621041661178,1.6841534259744676e-14
104.00826951245539,-38.5604752587898,6.639144234051683,9.673592089278484,-7.034518907413224,-5.0524602779234026e-14
104.01849339982253,-38.566504088966084,6.638743378217424,9.672800536857691,-7.03241633272147,1.6841534259744676e-14
104.02871884508812,-38.572532207005025,6.638342218451187,9.672008403200998,-7.03031331779028,-3.368306851948935e-14
104.03894584867245,-38.57855961262616,6.637940754604127,9.67121568810321,-7.028209862824157,5.0524602779234026e-14
104.04917441099572,-38.584586305548946,6.637538986527397,9.670422391359088,-7.026105968027779,1.6841534259744676e-14
104.05940453247824,-38.59061228549272,6.637136914072154,9.669628512763316,-7.0240016336059465,-3.368306851948935e-14
104.06963621354015,-38.59663755217677,6.636734537089553,9.668834052110507,-7.021896859763638,-1.0104920555846805e-13
104.07986945460169,-38.60266210532031,6.636331855430744,9.668039009195226,-7.019791646705977,6.73661370389787e-14
104.090104256083,-38.608685944642396,6.63592886894689,9.667243383811945,-7.017685994638228,5.0524602779234026e-14
104.1003406184042,-38.614709069862066,6.635525577489142,9.666447175755078,-7.015579903765813,1.6841534259744676e-14
104.11057854198548,-38.62073148069823,6.635121980908655,9.665650384818987,-7.013473374294316,-1.6841534259744676e-14
104.1208180272469,-38.62675317686978,6.634718079056582,9.66485301079795,-7.0113664064294605,1.6841534259744676e-14
104.13105907460853,-38.63277415809538,6.634313871784085,9.664055053486178,-7.0092590003771305,-3.368306851948935e-14
104.14130168449047,-38.638794424093774,6.6339093589423115,9.66325651267783,-7.007151156343353,1.6841534259744676e-14
104.15154585731273,-38.64481397458349,6.63350454038242,9.662457388166985,-7.0050428745343245,5.0524602779234026e-14
104.1617915934953,-38.650832809283045,6.633099415955564,9.661657679747654,-7.002934155156377,-5.0524602779234026e-14
104.17203889345821,-38.65685092791085,6.6326939855128995,9.660857387213797,-7.000824998416007,0.0
104.1822877576214,-38.6628683301852,6.632288248905582,9.660056510359286,-6.99871540451985,-3.368306851948935e-14
104.19253818640485,-38.668885015824344,6.631882205984767,9.659255048977947,-6.99660537367471,3.368306851948935e-14
104.20279018022843,-38.674900984546404,6.631475856601607,9.658453002863524,-6.9944949060875405,-5.0524602779234026e-14
104.21304373951209,-38.680916236069464,6.631069200607261,9.657650371809696,-6.992384001965436,1.6841534259744676e-14
104.22329886467567,-38.686930770111466,6.630662237852879,9.656847155610084,-6.99027266151566,-5.0524602779234026e-14
104.23355555613902,-38.69294458639032,6.630254968189618,9.65604335405824,-6.988160884945621,-3.368306851948935e-14
104.243813814322,-38.69895768462377,6.629847391468638,9.655238966947637,-6.98604867246288,-8.420767129872338e-14
104.25407363964439,-38.70497006452958,6.629439507541087,9.654433994071702,-6.9839360242751605,-5.0524602779234026e-14
104.26433503252598,-38.71098172582535,6.629031316258121,9.653628435223785,-6.9818229405903285,3.368306851948935e-14
104.27459799338651,-38.71699266822859,6.6286228174709,9.652822290197161,-6.979709421616407,-5.0524602779234026e-14
104.28486252264574,-38.72300289145678,6.6282140110305745,9.652015558785056,-6.9775954675615806,3.368306851948935e-14
104.29512862072333,-38.72901239522725,6.627804896788302,9.651208240780612,-6.975481078634172,0.0
104.30539628803902,-38.73502117925729,6.627395474595234,9.650400335976926,-6.97336625504268,0.0
104.31566552501243,-38.74102924326407,6.626985744302529,9.649591844167002,-6.971250996995731,0.0
104.32593633206322,-38.74703658696472,6.62657570576134,9.6487827651438,-6.96913530470213,6.73661370389787e-14
104.33620870961097,-38.75304321007619,6.626165358822824,9.647973098700202,-6.967019178370823,0.0
104.34648265807529,-38.759049112315445,6.625754703338135,9.647162844629033,-6.964902618210913,0.0
104.35675817787572,-38.76505429339931,6.625343739158429,9.64635200272304,-6.96278562443166,5.0524602779234026e-14
104.36703526943178,-38.771058753044514,6.624932466134858,9.645540572774909,-6.96066819724247,-6.73661370389787e-14
104.37731393316304,-38.77706249096776,6.624520884118581,9.644728554577268,-6.9585503368529125,3.368306851948935e-14
104.38759416948889,-38.78306550688557,6.62410899296075,9.643915947922668,-6.9564320434727165,1.6841534259744676e-14
104.39787597882888,-38.78906780051447,6.623696792512522,9.643102752603596,-6.954313317311749,5.0524602779234026e-14
104.40815936160236,-38.79506937157082,6.62328428262505,9.642288968412473,-6.952194158580049,-1.6841534259744676e-14
104.41844431822877,-38.80107021977096,6.622871463149492,9.641474595141654,-6.950074567487796,-3.368306851948935e-14
104.42873084912749,-38.8070703448311,6.622458333936998,9.640659632583443,-6.94795454424534,-1.6841534259744676e-14
104.43901895471787,-38.81306974646736,6.62204489483873,9.63984408053005,-6.945834089063171,-6.73661370389787e-14
104.44930863541923,-38.81906842439583,6.6216311457058366,9.639027938773642,-6.943713202151948,-1.6841534259744676e-14
104.45959989165087,-38.82506637833243,6.621217086389477,9.638211207106307,-6.941591883722475,5.0524602779234026e-14
104.46989272383206,-38.83106360799305,6.620802716740805,9.637393885320064,-6.9394701339857106,-8.420767129872338e-14
104.48018713238204,-38.83706011309347,6.620388036610975,9.636575973206893,-6.937347953152784,0.0
104.49048311772006,-38.843055893349394,6.6199730458511405,9.635757470558676,-6.935225341434965,1.6841534259744676e-14
104.50078068026525,-38.849050948476425,6.61955774431246,9.63493837716724,-6.933102299043684,-1.6841534259744676e-14
104.5110798204368,-38.85504527819008,6.619142131846087,9.634118692824359,-6.930978826190529,8.420767129872338e-14
104.52138053865387,-38.86103888220581,6.618726208303177,9.633298417321724,-6.928854923087245,3.368306851948935e-14
104.53168283533553,-38.867031760238945,6.618309973534883,9.632477550450973,-6.92673058994573,-1.6841534259744676e-14
104.54198671090089,-38.873023912004754,6.617893427392364,9.631656092003661,-6.924605826978033,3.368306851948935e-14
104.55229216576899,-38.879015337218426,6.617476569726771,9.630834041771298,-6.922480634396366,5.0524602779234026e-14
104.56259920035882,-38.885006035595005,6.6170594003892615,9.630011399545314,-6.920355012413107,-1.6841534259744676e-14
104.57290781508942,-38.89099600684953,6.6166419192309895,9.629188165117087,-6.9182289612407715,1.6841534259744676e-14
104.58321801037974,-38.89698525069687,6.61622412610311,9.628364338277915,-6.916102481092047,-1.6841534259744676e-14
104.59352978664872,-38.902973766851886,6.615806020856777,9.62753991881904,-6.913975572179765,0.0
104.60384314431526,-38.908961555029286,6.615387603343149,9.626714906531623,-6.911848234716917,-5.0524602779234026e-14
104.61415808379826,-38.914948614943725,6.614968873413377,9.62588930120679,-6.909720468916664,-1.6841534259744676e-14
104.62447460551655,-38.92093494630976,6.614549830918619,9.625063102635577,-6.907592274992307,6.73661370389787e-14
104.63479270988896,-38.92692054884186,6.614130475710027,9.624236310608955,-6.9054636531573195,5.0524602779234026e-14
104.64511239733429,-38.93290542225441,6.6137108076387605,9.623408924917834,-6.903334603625314,0.0
104.65543366827127,-38.93888956626171,6.6132908265559704,9.62258094535307,-6.901205126610079,1.6841534259744676e-14
104.66575652311867,-38.944872980577955,6.6128705323128125,9.62175237170544,-6.899075222325547,3.368306851948935e-14
104.67608096229519,-38.950855664917285,6.612449924760442,9.620923203765663,-6.8969448909858135,5.0524602779234026e-14
104.68640698621948,-38.9568376189937,6.612029003750017,9.62009344132438,-6.894814132805132,0.0
104.69673459531019,-38.96281884252119,6.6116077691326876,9.619263084172188,-6.892682947997914,0.0
104.70706378998597,-38.96879933521357,6.611186220759614,9.618432132099596,-6.890551336778717,-1.6841534259744676e-14
104.71739457066536,-38.974779096784616,6.610764358481947,9.617600584897067,-6.8884192993622815,0.0
104.72772693776693,-38.980758126948025,6.610342182150843,9.61676844235499,-6.886286835963483,5.0524602779234026e-14
104.73806089170918,-38.98673642541737,6.609919691617458,9.615935704263686,-6.884153946797366,-5.0524602779234026e-14
104.74839643291064,-38.99271399190617,6.609496886732946,9.615102370413418,-6.8820206320791275,-3.368306851948935e-14
104.75873356178973,-38.998690826127856,6.609073767348462,9.61426844059438,-6.879886892024129,-1.6841534259744676e-14
104.7690722787649,-39.004666927795725,6.60865033331516,9.613433914596708,-6.877752726847884,1.6841534259744676e-14
104.77941258425453,-39.01064229662304,6.608226584484198,9.612598792210457,-6.8756181367660725,-6.73661370389787e-14
104.78975447867703,-39.01661693232295,6.607802520706728,9.611763073225632,-6.87348312199452,3.368306851948935e-14
104.80009796245066,-39.02259083460851,6.607378141833907,9.610926757432164,-6.871347682749222,-3.368306851948935e-14
104.8104430359938,-39.02856400319271,6.606953447716889,9.610089844619935,-6.869211819246335,5.0524602779234026e-14
104.82078969972466,-39.03453643778844,6.60652843820683,9.60925233457874,-6.867075531702162,3.368306851948935e-14
104.8311379540615,-39.040508138108486,6.606103113154884,9.608414227098324,-6.864938820333174,-5.0524602779234026e-14
104.84148779942254,-39.046479103865586,6.605677472412206,9.607575521968363,-6.862801685355998,-3.368306851948935e-14
104.85183923622594,-39.05244933477235,6.605251515829954,9.606736218978458,-6.860664126987418,-6.73661370389787e-14
104.86219226488984,-39.058418830541314,6.604825243259277,9.605896317918182,-6.85852614544439,-1.6841534259744676e-14
104.87254688583236,-39.064387590884934,6.604398654551336,9.605055818576991,-6.856387740944008,-1.6841534259744676e-14
104.88290309947156,-39.07035561551557,6.603971749557282,9.604214720744316,-6.854248913703544,-1.6841534259744676e-14
104.89326090622549,-39.076322904145485,6.603544528128273,9.603373024209507,-6.852109663940418,-1.6841534259744676e-14
104.90362030651215,-39.08228945648689,6.603116990115461,9.602530728761856,-6.849969991872219,3.368306851948935e-14
104.91398130074954,-39.088255272251864,6.602689135370004,9.601687834190576,-6.8478298977166805,-5.0524602779234026e-14
104.92434388935558,-39.094220351152416,6.6022609637430545,9.600844340284844,-6.84568938169172,5.0524602779234026e-14
104.93470807274818,-39.10018469290047,6.601832475085771,9.600000246833737,-6.84354844401539,1.6841534259744676e-14
104.94507385134523,-39.10614829720786,6.601403669249306,9.599155553626298,-6.84140708490592,1.6841534259744676e-14
104.95544122556456,-39.11211116378634,6.600974546084811,9.598310260451495,-6.8392653045816925,0.0
104.96581019582398,-39.11807329234755,6.600545105443449,9.597464367098219,-6.837123103261247,-5.0524602779234026e-14
104.97618076254123,-39.12403468260306,6.60011534717637,9.596617873355317,-6.834980481163294,0.0
104.98655292613412,-39.129995334264365,6.599685271134727,9.595770779011563,-6.832837438506694,-3.368306851948935e-14
104.99692668702029,-39.135955247042844,6.59925487716968,9.594923083855658,-6.830693975510471,-3.368306851948935e-14
105.00730204561746,-39.14191442064982,6.598824165132382,9.594074787676256,-6.828550092393812,1.6841534259744676e-14
105.01767900234323,-39.14787285479648,6.598393134873989,9.593225890261932,-6.826405789376061,-1.6841534259744676e-14
105.0280575576152,-39.153830549193984,6.597961786245654,9.59237639140121,-6.824261066676732,1.6841534259744676e-14
105.03843771185096,-39.15978750355335,6.597530119098534,9.591526290882538,-6.822115924515486,1.6841534259744676e-14
105.048819465468,-39.165743717585535,6.59709813328378,9.590675588494307,-6.819970363112155,3.368306851948935e-14
105.05920281888385,-39.171699191001395,6.596665828652553,9.58982428402484,-6.817824382686727,1.6841534259744676e-14
105.06958777251594,-39.17765392351172,6.596233205056004,9.588972377262397,-6.8156779834593495,-3.368306851948935e-14
105.07997432678171,-39.183607914827185,6.595800262345289,9.58811986799518,-6.813531165650345,-1.6841534259744676e-14
105.09036248209856,-39.1895611646584,6.595367000371565,9.587266756011317,-6.811383929480179,3.368306851948935e-14
105.10075223888377,-39.195513672715855,6.594933418985984,9.58641304109888,-6.809236275169493,-5.0524602779234026e-14
105.11114359755476,-39.20146543870999,6.594499518039702,9.585558723045878,-6.807088202939082,-3.368306851948935e-14
105.12153655852873,-39.20741646235115,6.594065297383874,9.584703801640247,-6.8049397130099,3.368306851948935e-14
105.13193112222294,-39.21336674334954,6.593630756869656,9.583848276669862,-6.8027908056030695,5.0524602779234026e-14
105.1423272890546,-39.21931628141535,6.593195896348201,9.58299214792255,-6.800641480939872,0.0
105.15272505944087,-39.22526507625864,6.592760715670667,9.582135415186045,-6.798491739241757,-1.6841534259744676e-14
105.16312443379888,-39.23121312758938,6.5923252146882065,9.581278078248046,-6.796341580730326,-3.368306851948935e-14
105.17352541254576,-39.23716043511747,6.591889393251975,9.580420136896175,-6.794191005627347,1.6841534259744676e-14
105.1839279960985,-39.24310699855272,6.591453251213129,9.579561590917987,-6.792040014154756,-3.368306851948935e-14
105.19433218487416,-39.249052817604834,6.591016788422823,9.578702440100981,-6.789888606534638,-3.368306851948935e-14
105.2047379792897,-39.25499789198345,6.590580004732211,9.577842684232587,-6.787736782989251,3.368306851948935e-14
105.2151453797621,-39.260942221398096,6.590142899992448,9.576982323100177,-6.785584543741015,1.0104920555846805e-13
105.22555438670823,-39.266885805558225,6.589705474054689,9.57612135649106,-6.783431889012514,-1.6841534259744676e-14
105.23596500054495,-39.272828644173195,6.589267726770091,9.575259784192475,-6.781278819026486,-5.0524602779234026e-14
105.2463772216891,-39.27877073695229,6.588829657989808,9.574397605991596,-6.779125334005834,1.6841534259744676e-14
105.25679105055748,-39.284712083604674,6.588391267564993,9.573534821675548,-6.776971434173639,5.0524602779234026e-14
105.26720648756684,-39.29065268383946,6.587952555346804,9.572671431031372,-6.77481711975312,-5.0524602779234026e-14
105.27762353313388,-39.29659253736567,6.587513521186393,9.571807433846072,-6.772662390967682,1.6841534259744676e-14
105.28804218767526,-39.30253164389218,6.587074164934919,9.570942829906562,-6.770507248040881,-1.6841534259744676e-14
105.29846245160766,-39.30847000312786,6.586634486443532,9.57007761899971,-6.768351691196437,-1.6841534259744676e-14
105.30888432534765,-39.31440761478142,6.586194485563394,9.569211800912313,-6.766195720658237,5.0524602779234026e-14
105.31930780931175,-39.32034447856153,6.585754162145652,9.568345375431113,-6.764039336650329,0.0
105.32973290391652,-39.326280594176765,6.585313516041467,9.567478342342776,-6.761882539396927,1.6841534259744676e-14
