galstreams/tracks/track.st.Phoenix.shipp2019.ecsv
# %ECSV 1.0
# ---
# datatype:
# - {name: ra, unit: deg, datatype: float64}
# - {name: dec, unit: deg, datatype: float64}
# - {name: distance, unit: kpc, datatype: float64}
# - {name: pm_ra_cosdec, unit: mas / yr, datatype: float64}
# - {name: pm_dec, unit: mas / yr, datatype: float64}
# - {name: radial_velocity, unit: km / s, datatype: float64}
# delimiter: ','
# meta: !!omap
# - __serialized_columns__:
#     dec:
#       __class__: astropy.coordinates.angles.Latitude
#       unit: &id001 !astropy.units.Unit {unit: deg}
#       value: !astropy.table.SerializedColumn {name: dec}
#     distance:
#       __class__: astropy.coordinates.distances.Distance
#       unit: !astropy.units.Unit {unit: kpc}
#       value: !astropy.table.SerializedColumn {name: distance}
#     pm_dec:
#       __class__: astropy.units.quantity.Quantity
#       unit: !astropy.units.Unit {unit: mas / yr}
#       value: !astropy.table.SerializedColumn {name: pm_dec}
#     pm_ra_cosdec:
#       __class__: astropy.units.quantity.Quantity
#       unit: !astropy.units.Unit {unit: mas / yr}
#       value: !astropy.table.SerializedColumn {name: pm_ra_cosdec}
#     ra:
#       __class__: astropy.coordinates.angles.Longitude
#       unit: *id001
#       value: !astropy.table.SerializedColumn {name: ra}
#       wrap_angle: !astropy.coordinates.Angle
#         unit: *id001
#         value: 360.0
#     radial_velocity:
#       __class__: astropy.units.quantity.Quantity
#       unit: !astropy.units.Unit {unit: km / s}
#       value: !astropy.table.SerializedColumn {name: radial_velocity}
# schema: astropy-2.0
ra,dec,distance,pm_ra_cosdec,pm_dec,radial_velocity
[from data line 981]
26.236540050085576,-46.19159776851085,17.499999999999993,2.68753140351982,-0.1187703756970645,33.80688627617332
26.240957571472336,-46.18205584022211,17.499999999999996,2.687564116334875,-0.11900509186205666,33.77019862708019
26.245371490564494,-46.172513209900444,17.499999999999996,2.6875971278051223,-0.11924015469007837,33.733503679087214
26.249781809307628,-46.162969877895634,17.499999999999996,2.6876304379324774,-0.11947556402690318,33.69680143219441
26.254188529645788,-46.15342584455707,17.499999999999996,2.687664046718796,-0.11971131971845711,33.66009188640179
26.25859165352154,-46.14388111023372,17.499999999999996,2.6876979541658796,-0.11994742161081878,33.623375041709274
26.262991182875982,-46.13433567527412,17.499999999999993,2.687732160275474,-0.12018386955022026,33.58665089811696
26.26738711964871,-46.12478954002638,17.499999999999996,2.6877666650492644,-0.12042066338304547,33.549919455624874
26.271779465777836,-46.11524270483819,17.499999999999996,2.6878014684888867,-0.12065780295583317,33.51318071423292
26.276168223199978,-46.10569517005681,17.499999999999993,2.687836570595916,-0.12089528811527284,33.47643467394113
26.280553393850266,-46.09614693602907,17.499999999999993,2.6878719713718757,-0.12113311870820698,33.43968133474951
26.284934979662378,-46.08659800310139,17.499999999999996,2.6879076708182277,-0.1213712945816306,33.40292069665803
26.28931298256847,-46.077048371619775,17.499999999999996,2.6879436689363856,-0.12160981558268924,33.36615275966675
26.293687404499256,-46.06749804192978,17.499999999999996,2.6879799657277035,-0.121848681558682,33.32937752377566
26.298058247383928,-46.05794701437657,17.499999999999996,2.6880165611934808,-0.1220878923570588,33.29259498898476
26.30242551315021,-46.04839528930485,17.499999999999996,2.6880534553349626,-0.12232744782542265,33.255805155293935
26.306789203724374,-46.03884286705895,17.5,2.6880906481533393,-0.12256734781152556,33.219008022703356
26.311149321031188,-46.02928974798276,17.499999999999996,2.6881281396497467,-0.12280759216327203,33.18220359121293
26.315505866993945,-46.01973593241972,17.499999999999993,2.6881659298252663,-0.12304818072871859,33.14539186082267
26.319858843534476,-46.010181420712904,17.499999999999993,2.6882040186809224,-0.12328911335607079,33.1085728315326
26.324208252573108,-46.00062621320493,17.5,2.6882424062176877,-0.12353038989368703,33.07174650334265
26.328554096028725,-45.99107031023802,17.5,2.688281092436482,-0.123772010190074,33.034912876252925
26.332896375818734,-45.98151371215395,17.5,2.6883200773381684,-0.12401397409389131,32.99807195026336
26.337235093859046,-45.971956419294116,17.5,2.688359360923557,-0.12425628145394696,32.961223725373955
26.341570252064123,-45.96239843199947,17.499999999999996,2.6883989431934054,-0.12449893211920066,32.924368201584684
26.345901852346948,-45.952839750610536,17.5,2.6884388241484127,-0.12474192593876055,32.88750537889563
26.35022989661904,-45.94328037546749,17.499999999999996,2.688479003789233,-0.12498526276188576,32.850635257306735
26.354554386790447,-45.93372030690999,17.5,2.6885194821164595,-0.12522894243798477,32.813757836818006
26.35887532476974,-45.924159545277355,17.5,2.6885602591306363,-0.12547296481661596,32.776873117429446
26.363192712464045,-45.91459809090847,17.499999999999996,2.6886013348322533,-0.1257173297474864,32.739981099141076
26.367506551778995,-45.9050359441418,17.499999999999996,2.688642709221745,-0.12596203708045284,32.70308178195283
26.371816844618788,-45.89547310531541,17.499999999999996,2.688684382299498,-0.1262070866655205,32.66617516586483
26.376123592886128,-45.885909574766934,17.499999999999996,2.6887263540658433,-0.12645247835284484,32.62926125087695
26.38042679848228,-45.876345352833596,17.499999999999996,2.6887686245210594,-0.12669821199272896,32.592340036989235
26.384726463307025,-45.866780439852214,17.5,2.6888111936653716,-0.1269442874356253,32.555411524201666
26.389022589258726,-45.85721483615919,17.499999999999996,2.6888540614989576,-0.12719070453213355,32.51847571251432
26.393315178234232,-45.847648542090525,17.499999999999993,2.6888972280219368,-0.12743746313300325,32.48153260192714
26.39760423212897,-45.8380815579818,17.499999999999996,2.688940693234379,-0.1276845630891305,32.444582192440095
26.401889752836894,-45.828513884168196,17.499999999999996,2.6889844571363026,-0.12793200425156004,32.40762448405324
26.406171742250507,-45.81894552098446,17.499999999999996,2.689028519727677,-0.1281797864714858,32.37065947676659
26.410450202260844,-45.809376468764945,17.499999999999996,2.6890728810084132,-0.1284279096002473,32.333687170580056
26.414725134757497,-45.79980672784361,17.499999999999996,2.689117540978378,-0.12867637348933325,32.29670756549369
26.41899654162861,-45.79023629855398,17.499999999999996,2.6891624996373817,-0.12892517799037762,32.25972066150755
26.423264424760852,-45.78066518122919,17.499999999999996,2.6892077569851853,-0.12917432295516412,32.22272645862152
26.42752878603947,-45.771093376201954,17.499999999999996,2.6892533130215,-0.12942380823562166,32.18572495683571
26.43178962734822,-45.761520883804586,17.499999999999996,2.6892991677459825,-0.12967363368382684,32.148716156150044
26.436046950569445,-45.751947704369,17.5,2.689345321158243,-0.1299237991520027,32.11170005656457
26.440300757584012,-45.74237383822669,17.499999999999996,2.6893917732578396,-0.13017430449252032,32.074676658079234
26.44455105027136,-45.73279928570875,17.499999999999996,2.689438524044277,-0.1304251495578943,32.037645960694064
26.448797830509474,-45.723224047145884,17.499999999999996,2.6894855735170125,-0.13067633420078784,32.000607964409056
26.453041100174882,-45.713648122868356,17.499999999999996,2.689532921675453,-0.13092785827400932,31.963562669224252
26.457280861142678,-45.70407151320606,17.5,2.6895805685189536,-0.13117972163051328,31.92651007513965
26.461517115286505,-45.69449421848846,17.499999999999996,2.689628514046822,-0.13143192412340116,31.889450182155183
26.465749864478568,-45.68491623904465,17.5,2.689676758258313,-0.13168446560591812,31.852382990270883
26.469979110589616,-45.675337575203265,17.499999999999996,2.6897253011526336,-0.13193734593145662,31.81530849948671
26.47420485548898,-45.66575822729262,17.499999999999996,2.6897741427289414,-0.1321905649535527,31.778226709802766
26.47842710104453,-45.65617819564055,17.499999999999996,2.689823282986342,-0.13244412252588894,31.741137621218968
26.4826458491227,-45.64659748057453,17.5,2.6898727219238934,-0.13269801850229318,31.704041233735357
26.48686110158849,-45.6370160824216,17.499999999999996,2.6899224595406075,-0.13295225273673705,31.66693754735193
26.491072860305458,-45.62743400150847,17.5,2.68997249583544,-0.13320682508333798,31.629826562068626
26.49528112713572,-45.61785123816136,17.499999999999996,2.6900228308073024,-0.13346173539635664,31.592708277885485
26.49948590393997,-45.60826779270615,17.5,2.690073464455058,-0.13371698353019928,31.55558269480257
26.503687192577466,-45.5986836654683,17.499999999999996,2.690124396777519,-0.13397256933941648,31.518449812819814
26.507884994906004,-45.58909885677288,17.5,2.690175627773449,-0.13422849267870324,31.481309631937204
26.51207931278197,-45.57951336694454,17.5,2.690227157441565,-0.13448475340289673,31.444162152154767
26.516270148060325,-45.56992719630755,17.5,2.690278985780534,-0.13474135136697973,31.407007373472492
26.520457502594596,-45.560340345185814,17.499999999999996,2.690331112788976,-0.13499828642607847,31.369845295890393
26.524641378236847,-45.55075281390277,17.5,2.690383538465461,-0.13525555843546144,31.3326759194085
26.528821776837756,-45.541164602781514,17.5,2.690436262808513,-0.13551316725054208,31.295499244026754
26.53299870024654,-45.5315757121447,17.499999999999996,2.690489285816609,-0.1357711127268768,31.258315269745147
26.537172150311008,-45.52198614231465,17.5,2.690542607488173,-0.13602939472016418,31.221123996563747
26.54134212887754,-45.51239589361324,17.499999999999996,2.6905962278215885,-0.1362880130862455,31.183925424482535
26.545508637791084,-45.50280496636196,17.499999999999996,2.6906501468151878,-0.13654696768110708,31.14671955350147
26.549671678895148,-45.49321336088191,17.5,2.690704364467254,-0.13680625836087512,31.109506383620566
26.55383125403185,-45.483621077493794,17.499999999999996,2.6907588807760274,-0.1370658849818202,31.07228591483981
26.557987365041864,-45.474028116517935,17.499999999999993,2.6908136957396986,-0.13732584740035386,31.035058147159255
26.562140013764445,-45.46443447827425,17.5,2.69086880935641,-0.13758614547303094,30.997823080578872
26.56628920203743,-45.45484016308228,17.499999999999996,2.6909242216242624,-0.13784677905654708,30.96058071509865
26.57043493169723,-45.44524517126114,17.499999999999996,2.6909799325413033,-0.13810774800774117,30.923331050718616
26.574577204578844,-45.435649503129596,17.5,2.6910359421055365,-0.13836905218359263,30.88607408743875
26.57871602251584,-45.426053159005974,17.5,2.691092250314923,-0.13863069144122347,30.848809825259025
26.582851387340387,-45.41645613920826,17.499999999999993,2.6911488571673696,-0.1388926656378961,30.81153826417948
26.58698330088322,-45.406858444054016,17.5,2.691205762660742,-0.1391549746310144,30.774259404200105
26.59111176497367,-45.39726007386043,17.499999999999996,2.6912629667928627,-0.13941761827812355,30.736973245320925
26.59523678143965,-45.387661028944294,17.5,2.6913204695615,-0.13968059643690978,30.69967978754191
26.599358352107657,-45.37806130962201,17.499999999999996,2.691378270964384,-0.13994390896520076,30.662379030863022
26.603476478802783,-45.368460916209585,17.5,2.691436370999194,-0.14020755572096322,30.62507097528434
26.607591163348687,-45.358859849022664,17.5,2.691494769663567,-0.14047153656230504,30.587755620805822
26.611702407567652,-45.34925810837648,17.5,2.6915534669550922,-0.14073585134747518,30.55043296742748
26.61581021328052,-45.33965569458588,17.5,2.6916124628713156,-0.1410004999348622,30.513103015149305
26.61991458230673,-45.330052607965335,17.5,2.691671757409736,-0.141265482182995,30.475765763971275
26.624015516464343,-45.32044884882893,17.5,2.691731350567809,-0.14153079795054052,30.438421213893456
26.628113017569962,-45.31084441749036,17.5,2.691791242342943,-0.14179644709630873,30.401069364915802
26.632207087438825,-45.301239314262915,17.499999999999996,2.6918514327325016,-0.1420624294792467,30.36371021703831
26.636297727884735,-45.29163353945953,17.499999999999996,2.6919119217338072,-0.14232874495844283,30.32634377026097
26.640384940720118,-45.282027093392756,17.5,2.6919727093441344,-0.14259539339312205,30.288970024583815
26.64446872775598,-45.27241997637473,17.499999999999996,2.6920337955607136,-0.14286237464265134,30.251588980006826
26.648549090801936,-45.26281218871723,17.5,2.6920951803807305,-0.14312968856653485,30.214200636530038
26.652626031666173,-45.25320373073165,17.5,2.692156863801328,-0.14339733502441687,30.176804994153354
26.656699552155516,-45.243594602728976,17.499999999999996,2.692218845819605,-0.14366531387607828,30.13940205287688
26.660769654075366,-45.233984805019865,17.5,2.692281126432614,-0.14393362498144135,30.1019918127006
26.664836339229723,-45.224374337914526,17.499999999999996,2.692343705637366,-0.1442022682005643,30.06457427362445
26.6688996094212,-45.21476320172284,17.5,2.6924065834308264,-0.14447124339364514,30.027149435648504
26.672959466451005,-45.20515139675428,17.499999999999996,2.6924697598099194,-0.1447405504210188,29.989717298772714
26.67701591211896,-45.19553892331793,17.5,2.692533234771523,-0.14501018914316005,29.95227786299707
26.68106894822348,-45.185925781722524,17.499999999999996,2.692597008312474,-0.14528015942067862,29.91483112832162
26.685118576561603,-45.17631197227641,17.5,2.6926610804295628,-0.14555046111432374,29.877377094746347
26.689164798928942,-45.166697495287515,17.5,2.69272545111954,-0.14582109408498312,29.839915762271207
26.69320761711976,-45.15708235106345,17.499999999999996,2.692790120379113,-0.1460920581936785,29.802447130896265
26.6972470329269,-45.147466539911406,17.499999999999996,2.6928550882049427,-0.14636335330157269,29.764971200621503
26.70128304814181,-45.1378500621382,17.5,2.6929203545936513,-0.14663497926996305,29.727487971446894
26.70531566455458,-45.12823291805029,17.499999999999996,2.692985919541814,-0.14690693596028398,29.68999744337248
26.709344883953868,-45.11861510795374,17.5,2.693051783045968,-0.14717922323410765,29.65249961639821
26.71337070812699,-45.108996632154245,17.499999999999996,2.6931179451026077,-0.14745184095314257,29.614994490524115
26.717393138859833,-45.09937749095711,17.5,2.6931844057081786,-0.14772478897923347,29.57748206575017
26.721412177936937,-45.0897576846673,17.499999999999996,2.6932511648590944,-0.14799806717436048,29.53996234207641
26.72542782714142,-45.08013721358936,17.5,2.6933182225517154,-0.14827167540064168,29.50243531950285
26.729440088255046,-45.07051607802749,17.5,2.6933855787823706,-0.14854561352032986,29.46490099802943
26.73344896305818,-45.06089427828549,17.5,2.6934532335473387,-0.14881988139581487,29.427359377656174
26.737454453329818,-45.051271814666826,17.499999999999996,2.6935211868428617,-0.14909447888962013,29.389810458383142
26.741456560847546,-45.041648687474556,17.499999999999996,2.6935894386651364,-0.14936940586440778,29.352254240210204
26.74545528738761,-45.03202489701137,17.5,2.6936579890103225,-0.1496446621829725,29.314690723137502
26.74945063472483,-45.0224004435796,17.499999999999996,2.693726837874534,-0.14992024770824558,29.277119907164916
26.753442604632706,-45.01277532748119,17.5,2.693795985253845,-0.1501961623032928,29.239541792292517
26.75743119888331,-45.003149549017714,17.499999999999996,2.6938654311442907,-0.1504724058313161,29.201956378520308
26.761416419247354,-44.99352310849039,17.499999999999996,2.6939351755418612,-0.15074897815565108,29.164363665848256
26.765398267494177,-44.983896006200055,17.5,2.694005218442509,-0.15102587913976834,29.126763654276377
26.76937674539175,-44.97426824244717,17.499999999999996,2.6940755598421453,-0.15130310864727342,29.08915634380469
26.773351854706654,-44.96463981753182,17.5,2.694146199736636,-0.1515806665419055,29.051541734433123
26.77732359720411,-44.95501073175373,17.5,2.694217138121814,-0.15185855268753878,29.013919826161768
26.78129197464795,-44.945380985412264,17.5,2.694288374993467,-0.15213676694818112,28.976290618990564
26.785256988800658,-44.93575057880642,17.5,2.694359910347342,-0.15241530918797458,28.938654112919526
26.78921864142334,-44.926119512234806,17.5,2.6944317441791488,-0.15269417927119477,28.901010307948674
26.793176934275717,-44.91648778599567,17.499999999999996,2.6945038764845544,-0.15297337706225134,28.86335920407799
26.797131869116168,-44.906855400386895,17.5,2.694576307259185,-0.15325290242568618,28.825700801307477
26.801083447701686,-44.897222355706,17.5,2.69464903649863,-0.1535327552261767,28.788035099637124
26.805031671787887,-44.88758865225013,17.5,2.6947220641984377,-0.15381293532853185,28.750362099066944
26.808976543129052,-44.87795429031607,17.5,2.6947953903541157,-0.15409344259769386,28.712681799596954
26.812918063478076,-44.86831927020023,17.5,2.694869014961133,-0.15437427689873906,28.674994201227076
26.816856234586506,-44.85868359219868,17.499999999999996,2.6949429380149192,-0.1546554380968747,28.63729930395742
26.820791058204506,-44.849047256607086,17.5,2.6950171595108645,-0.15493692605744191,28.599597107787915
26.824722536080888,-44.839410263720794,17.5,2.6950916794443183,-0.15521874064591423,28.561887612718593
26.828650669963103,-44.82977261383471,17.5,2.695166497810594,-0.15550088172789805,28.52417081874942
26.832575461597237,-44.820134307243485,17.499999999999996,2.6952416146049627,-0.15578334916913006,28.48644672588043
26.83649691272804,-44.810495344241325,17.499999999999996,2.6953170298226574,-0.15606614283547982,28.448715334111625
26.840415025098864,-44.80085572512209,17.5,2.695392743458876,-0.15634926259295115,28.41097664344296
