galstreams/tracks/track.st.GD-1.ibata2020.ecsv
# %ECSV 0.9
# ---
# datatype:
# - {name: ra, unit: deg, datatype: float64}
# - {name: dec, unit: deg, datatype: float64}
# - {name: distance, unit: kpc, datatype: float64}
# - {name: pm_ra_cosdec, unit: mas / yr, datatype: float64}
# - {name: pm_dec, unit: mas / yr, datatype: float64}
# - {name: radial_velocity, unit: km / s, datatype: float64}
# delimiter: ','
# meta: !!omap
# - __serialized_columns__:
#     dec:
#       __class__: astropy.coordinates.angles.Latitude
#       unit: &id001 !astropy.units.Unit {unit: deg}
#       value: !astropy.table.SerializedColumn {name: dec}
#     distance:
#       __class__: astropy.coordinates.distances.Distance
#       unit: !astropy.units.Unit {unit: kpc}
#       value: !astropy.table.SerializedColumn {name: distance}
#     pm_dec:
#       __class__: astropy.units.quantity.Quantity
#       unit: !astropy.units.Unit {unit: mas / yr}
#       value: !astropy.table.SerializedColumn {name: pm_dec}
#     pm_ra_cosdec:
#       __class__: astropy.units.quantity.Quantity
#       unit: !astropy.units.Unit {unit: mas / yr}
#       value: !astropy.table.SerializedColumn {name: pm_ra_cosdec}
#     ra:
#       __class__: astropy.coordinates.angles.Longitude
#       unit: *id001
#       value: !astropy.table.SerializedColumn {name: ra}
#       wrap_angle: !astropy.coordinates.Angle
#         unit: *id001
#         value: 360.0
#     radial_velocity:
#       __class__: astropy.units.quantity.Quantity
#       unit: !astropy.units.Unit {unit: km / s}
#       value: !astropy.table.SerializedColumn {name: radial_velocity}
# schema: astropy-2.0
ra,dec,distance,pm_ra_cosdec,pm_dec,radial_velocity
[from data line 139]
167.60727618200525,50.0278566730273,8.238357362142105,-7.326677416856163,-9.564330054610258,-1.0104920555846805e-13
168.24982970549542,50.33677432528956,8.268685862846402,-7.371805477825976,-9.447750532237125,-6.73661370389787e-14
168.9013367211281,50.64163331619139,8.299820469984562,-7.416137357465128,-9.329237231661345,3.368306851948935e-14
169.5618879289822,50.94233734109141,8.331767015436998,-7.459616769609905,-9.208804535700859,-3.368306851948935e-14
170.23156896672126,51.238788377272265,8.364531331084127,-7.502185456955902,-9.086468998002655,-3.368306851948935e-14
170.91045991179809,51.53088672481069,8.398119248806356,-7.543783203545589,-8.962249496357355,-6.73661370389787e-14
171.5986347632956,51.81853105473253,8.432536600484102,-7.5843478565112425,-8.83616739056264,0.0
172.2961609042068,52.10161846488892,8.467789217997778,-7.623815357918102,-8.708246684342658,3.368306851948935e-14
173.00309854519733,52.380044543986045,8.503882933227793,-7.662119787567505,-8.578514190733618,3.368306851948935e-14
173.71950015115266,52.65370344419414,8.540823578054562,-7.699193417626668,-8.446999700242277,-1.347322740779574e-13
174.44540985209048,52.92248796274921,8.578616984358495,-7.734966779949287,-8.31373615097418,0.0
175.18086284031835,53.186289632944,8.617268984020011,-7.769368746938254,-8.178759799812916,-6.73661370389787e-14
175.9258847560306,53.444998824881864,8.656785408919514,-7.802326626776369,-8.042110393611507,-3.368306851948935e-14
176.68049106386908,53.69850485633879,8.697172090937425,-7.833766273812323,-7.903831339233205,-6.73661370389787e-14
177.44468642331753,53.94669611404301,8.738434861954152,-7.863612214835488,-7.763969871153065,-6.73661370389787e-14
178.21846405615116,54.1894601856395,8.78057955385011,-7.891787791902968,-7.622577215205098,1.6841534259744676e-14
179.0018051145231,54.42668400255714,8.823611998505708,-7.918215322294889,-7.479708746935151,5.0524602779234026e-14
179.79467805363112,54.65825399393859,8.86753802780136,-7.942816276067732,-7.3354241428982245,-8.420767129872338e-14
180.59703801326307,54.88405625172805,8.912363473617482,-7.965511471549762,-7.189787523124478,1.6841534259744676e-14
181.40882621287057,55.10397670693911,8.958094167834483,-7.986221288977236,-7.042867582872337,3.368306851948935e-14
182.2299693651477,55.31790131704331,9.004735942332779,-8.004865902303678,-6.8947377116938675,3.368306851948935e-14
183.0603791134037,55.52571626433174,9.05229462899278,-8.021365529028841,-6.745476097759724,1.6841534259744676e-14
183.89995149829224,55.72730816500541,9.1007760596949,-8.035640697688004,-6.595165815332157,-6.73661370389787e-14
184.74856645969936,55.9225642886468,9.150186066319549,-8.047612532418437,-6.443894893238096,0.0
185.6060873797822,56.11137278761536,9.200530480747144,-8.05720305377914,-6.291756362183978,-1.6841534259744676e-14
186.4723606732817,56.29362293579475,9.251815134858097,-8.064335494744705,-6.138848278773206,-3.368306851948935e-14
187.34721543130388,56.46920537599966,9.304045860532815,-8.068934630527954,-5.985273724138761,3.368306851948935e-14
188.2304631247561,56.63801237522787,9.357228489651716,-8.070927120611444,-5.831140775191097,0.0
189.1218973735407,56.799938086818344,9.411368854095212,-8.070241861090167,-5.676562446607083,1.6841534259744676e-14
190.02129378743155,56.95487881845213,9.466472785743717,-8.066810345151362,-5.521656601851506,3.368306851948935e-14
190.92840988429245,57.10273330481045,9.52254611647764,-8.060567029247311,-5.366545831729633,5.0524602779234026e-14
191.84298509092642,57.243402983585256,9.579594678177399,-8.051449702260102,-5.211357299218367,1.6841534259744676e-14
192.7647408313775,57.376792273425686,9.637624302723399,-8.039399854718942,-5.056222549613235,5.0524602779234026e-14
193.69338070693388,57.502808852298934,9.696640821996061,-8.024363044917822,-4.901277285358119,5.0524602779234026e-14
194.62859077140783,57.62136393465077,9.756650067875789,-8.00628925860044,-4.74666110529109,5.0524602779234026e-14
195.57003990449803,57.73237254566987,9.817657872243004,-7.985133258736628,-4.592517208438698,5.0524602779234026e-14
196.5173802851749,57.83575379089403,9.879670066978115,-7.960854921816521,-4.438992062918432,-3.368306851948935e-14
197.4702479660862,57.93143111934841,9.942692483961535,-7.933419557040329,-4.286235040957579,6.73661370389787e-14
198.4282635489602,58.019332578375455,10.006730955073671,-7.902798204788037,-4.134398021499543,-1.6841534259744676e-14
199.39103295990984,58.09939105830778,10.071791312194948,-7.8689679108181965,-3.9836349623375757,0.0
200.35814832242158,58.17154452514882,10.13787938720577,-7.831911972770762,-3.834101444181582,1.0104920555846805e-13
201.329188924674,58.23573623946167,10.205001011986548,-7.7916201557366085,-3.6859541895161794,-1.6841534259744676e-14
202.30372227668263,58.291914959727436,10.273162018417704,-7.748088873906321,-3.539350559538716,-3.368306851948935e-14
203.28130525164127,58.34003512851784,10.342368238379642,-7.70132133562012,-3.394448032862786,5.894536990910637e-14
204.26148530474003,58.38005703993417,10.412625503752777,-7.6513276495066584,-3.2514036700276074,3.368306851948935e-14
205.24380176171027,58.41194698689517,10.483939646417523,-7.5981248898153115,-3.1103735681565414,-5.0524602779234026e-14
206.22778716840142,58.43567738700686,10.556316498254294,-7.541737119507795,-2.971512310350838,0.0
207.21296869184917,58.45122688591883,10.629761891143499,-7.4821953701721995,-2.8349724145805464,1.6841534259744676e-14
208.19886956257093,58.45858043725842,10.704281656965549,-7.419537578346752,-2.700903786937613,-3.368306851948935e-14
209.18501054723794,58.457729358436914,10.779881627600863,-7.353808478381236,-2.569453184142665,1.0946997268834039e-13
210.1709114404373,58.44867136183486,10.85656763492985,-7.285059452510084,-2.440763690144818,5.894536990910637e-14
211.1560925639612,58.431410561094914,10.934345510832925,-7.213348339351343,-2.3149742115229337,1.0946997268834039e-13
212.1400762619508,58.40595745247641,11.013221087190498,-7.13873920256899,-2.1922189961890064,7.578690416885104e-14
213.12238838028352,58.372328871452034,11.093200195882984,-7.061302061930915,-2.0726271796137667,9.262843842859572e-14
214.10255971881963,58.330547924950295,11.174288668790792,-6.9811125894519055,-1.9563223624467532,5.894536990910637e-14
215.08012744551453,58.28064389986405,11.25649233779434,-6.898251773719839,-1.8434222229956445,3.368306851948935e-14
216.05463646194872,58.22265214865229,11.339817034774038,-6.812805555857599,-1.7340381675711392,2.5262301389617013e-14
217.0256407105107,58.15661395305543,11.424268591610296,-6.72486444086495,-1.6282750212046881,5.894536990910637e-14
217.9927044142813,58.08257636712183,11.50985284018353,-6.634523088310509,-1.5262307607170127,8.420767129872338e-14
218.95540324158645,58.00059204090193,11.59657561237415,-6.541879886500133,-1.4279962915677185,5.894536990910637e-14
219.91332538819165,57.91071902630443,11.684442740062577,-6.447036514334129,-1.333655269361259,4.210383564936169e-14
