galstreams/tracks/track.ep.Pal13.shipp2020.ecsv
# %ECSV 0.9
# ---
# datatype:
# - {name: ra, unit: deg, datatype: float64}
# - {name: dec, unit: deg, datatype: float64}
# - {name: distance, unit: kpc, datatype: float64}
# - {name: pm_ra_cosdec, unit: mas / yr, datatype: float64}
# - {name: pm_dec, unit: mas / yr, datatype: float64}
# - {name: radial_velocity, unit: km / s, datatype: float64}
# delimiter: ','
# meta: !!omap
# - __serialized_columns__:
#     dec:
#       __class__: astropy.coordinates.angles.Latitude
#       unit: &id001 !astropy.units.Unit {unit: deg}
#       value: !astropy.table.SerializedColumn {name: dec}
#     distance:
#       __class__: astropy.coordinates.distances.Distance
#       unit: !astropy.units.Unit {unit: kpc}
#       value: !astropy.table.SerializedColumn {name: distance}
#     pm_dec:
#       __class__: astropy.units.quantity.Quantity
#       unit: !astropy.units.Unit {unit: mas / yr}
#       value: !astropy.table.SerializedColumn {name: pm_dec}
#     pm_ra_cosdec:
#       __class__: astropy.units.quantity.Quantity
#       unit: !astropy.units.Unit {unit: mas / yr}
#       value: !astropy.table.SerializedColumn {name: pm_ra_cosdec}
#     ra:
#       __class__: astropy.coordinates.angles.Longitude
#       unit: *id001
#       value: !astropy.table.SerializedColumn {name: ra}
#       wrap_angle: !astropy.coordinates.Angle
#         unit: *id001
#         value: 360.0
#     radial_velocity:
#       __class__: astropy.units.quantity.Quantity
#       unit: !astropy.units.Unit {unit: km / s}
#       value: !astropy.table.SerializedColumn {name: radial_velocity}
# schema: astropy-2.0
ra,dec,distance,pm_ra_cosdec,pm_dec,radial_velocity
344.3,8.899999999999988,23.6,0.0,0.0,0.0
344.3286346770907,8.947036170721534,23.599999999999994,0.0,0.0,0.0
344.3572767567845,8.994070142329562,23.6,0.0,0.0,0.0
344.38592628022144,9.041101902498902,23.599999999999994,0.0,0.0,0.0
344.41458328857544,9.08813143889239,23.599999999999998,0.0,0.0,0.0
344.44324782305426,9.135158739161207,23.599999999999998,0.0,0.0,0.0
344.47191992489996,9.182183790944409,23.599999999999994,0.0,0.0,0.0
344.50059963538916,9.229206581869247,23.599999999999994,0.0,0.0,0.0
344.5292869958329,9.276227099550717,23.6,0.0,0.0,0.0
344.5579820475769,9.323245331591876,23.599999999999994,0.0,0.0,0.0
344.58668483200205,9.370261265583375,23.6,0.0,0.0,0.0
344.61539539052444,9.417274889103796,23.599999999999998,0.0,0.0,0.0
344.6441137645955,9.46428618971917,23.599999999999994,0.0,0.0,0.0
344.67283999570196,9.511295154983324,23.599999999999994,0.0,0.0,0.0
344.7015741253667,9.558301772437398,23.6,0.0,0.0,0.0
344.7303161951483,9.605306029610178,23.599999999999998,0.0,0.0,0.0
344.7590662466415,9.652307914017634,23.599999999999994,0.0,0.0,0.0
344.78782432147756,9.699307413163229,23.599999999999994,0.0,0.0,0.0
344.816590461324,9.746304514537481,23.6,0.0,0.0,0.0
344.84536470788515,9.793299205618256,23.6,0.0,0.0,0.0
344.87414710290244,9.840291473870332,23.599999999999998,0.0,0.0,0.0
344.90293768815417,9.8872813067457,23.599999999999998,0.0,0.0,0.0
344.93173650545606,9.93426869168311,23.599999999999994,0.0,0.0,0.0
344.9605435966614,9.981253616108395,23.599999999999994,0.0,0.0,0.0
344.989359003661,10.028236067434,23.6,0.0,0.0,0.0
345.0181827683838,10.075216033059304,23.599999999999994,0.0,0.0,0.0
345.04701493279657,10.122193500370171,23.599999999999994,0.0,0.0,0.0
345.0758555389046,10.16916845673925,23.599999999999994,0.0,0.0,0.0
345.1047046287515,10.216140889525521,23.599999999999998,0.0,0.0,0.0
345.1335622444197,10.263110786074622,23.59999999999999,0.0,0.0,0.0
345.16242842803047,10.310078133718356,23.6,0.0,0.0,0.0
345.191303221744,10.357042919775068,23.6,0.0,0.0,0.0
345.22018666776006,10.40400513154912,23.599999999999994,0.0,0.0,0.0
345.2490788083176,10.450964756331246,23.599999999999998,0.0,0.0,0.0
345.27797968569547,10.497921781398073,23.599999999999994,0.0,0.0,0.0
345.3068893422122,10.544876194012446,23.599999999999994,0.0,0.0,0.0
345.3358078202264,10.591827981422975,23.599999999999998,0.0,0.0,0.0
345.3647351621372,10.638777130864327,23.6,0.0,0.0,0.0
345.3936714103839,10.685723629556788,23.599999999999994,0.0,0.0,0.0
345.4226166074467,10.732667464706562,23.599999999999994,0.0,0.0,0.0
345.4515707958464,10.779608623505322,23.59999999999999,0.0,0.0,0.0
345.4805340181452,10.826547093130511,23.599999999999994,0.0,0.0,0.0
345.5095063169462,10.873482860744891,23.599999999999998,0.0,0.0,0.0
345.5384877348944,10.920415913496873,23.599999999999994,0.0,0.0,0.0
345.56747831467595,10.967346238520008,23.599999999999994,0.0,0.0,0.0
345.59647809901935,11.014273822933344,23.599999999999994,0.0,0.0,0.0
345.6254871306949,11.06119865384096,23.599999999999994,0.0,0.0,0.0
345.65450545251525,11.108120718332254,23.599999999999998,0.0,0.0,0.0
345.68353310733556,11.155040003481513,23.599999999999994,0.0,0.0,0.0
345.7125701380536,11.201956496348185,23.599999999999998,0.0,0.0,0.0
345.74161658760994,11.248870183976479,23.599999999999994,0.0,0.0,0.0
345.77067249898846,11.295781053395604,23.599999999999998,0.0,0.0,0.0
345.79973791521616,11.34268909161937,23.599999999999994,0.0,0.0,0.0
345.82881287936357,11.389594285646456,23.599999999999994,0.0,0.0,0.0
345.8578974345449,11.436496622459984,23.599999999999998,0.0,0.0,0.0
345.88699162391833,11.483396089027748,23.599999999999998,0.0,0.0,0.0
345.9160954906861,11.530292672302018,23.599999999999998,0.0,0.0,0.0
345.94520907809454,11.577186359219306,23.599999999999998,0.0,0.0,0.0
345.97433242943487,11.624077136700642,23.6,0.0,0.0,0.0
346.0034655880428,11.670964991651092,23.6,0.0,0.0,0.0
346.032608597299,11.71784991096008,23.599999999999998,0.0,0.0,0.0
346.0617615006292,11.76473188150094,23.6,0.0,0.0,0.0
346.09092434150455,11.811610890131192,23.599999999999994,0.0,0.0,0.0
346.12009716344176,11.858486923692109,23.599999999999994,0.0,0.0,0.0
346.14928001000317,11.90535996900901,23.599999999999994,0.0,0.0,0.0
346.1784729247972,11.952230012890807,23.599999999999994,0.0,0.0,0.0
346.2076759514782,11.99909704213031,23.599999999999998,0.0,0.0,0.0
346.23688913374724,12.045961043503759,23.599999999999998,0.0,0.0,0.0
346.26611251535167,12.092822003771138,23.599999999999994,0.0,0.0,0.0
346.29534614008566,12.139679909675715,23.599999999999994,0.0,0.0,0.0
346.3245900517906,12.18653474794434,23.599999999999994,0.0,0.0,0.0
346.35384429435464,12.233386505286994,23.599999999999998,0.0,0.0,0.0
346.3831089117138,12.28023516839709,23.6,0.0,0.0,0.0
346.41238394785137,12.327080723951001,23.6,0.0,0.0,0.0
346.44166944679864,12.373923158608386,23.599999999999998,0.0,0.0,0.0
346.47096545263486,12.420762459011712,23.599999999999998,0.0,0.0,0.0
346.5002720094877,12.467598611786563,23.599999999999994,0.0,0.0,0.0
346.52958916153284,12.514431603541182,23.599999999999994,0.0,0.0,0.0
346.5589169529952,12.561261420866765,23.599999999999998,0.0,0.0,0.0
346.58825542814805,12.60808805033702,23.599999999999994,0.0,0.0,0.0
346.6176046313142,12.65491147850844,23.599999999999998,0.0,0.0,0.0
346.6469646068653,12.70173169191987,23.599999999999998,0.0,0.0,0.0
346.676335399223,12.748548677092794,23.599999999999994,0.0,0.0,0.0
346.7057170528582,12.795362420530877,23.599999999999998,0.0,0.0,0.0
346.735109612292,12.84217290872026,23.599999999999998,0.0,0.0,0.0
346.7645131220956,12.88898012812911,23.599999999999994,0.0,0.0,0.0
346.7939276268906,12.935784065207914,23.599999999999998,0.0,0.0,0.0
346.82335317134897,12.982584706389027,23.6,0.0,0.0,0.0
346.8527898001937,13.029382038086961,23.599999999999998,0.0,0.0,0.0
346.8822375581987,13.076176046697917,23.599999999999998,0.0,0.0,0.0
346.9116964901891,13.122966718600106,23.6,0.0,0.0,0.0
346.94116664104126,13.169754040153276,23.599999999999994,0.0,0.0,0.0
346.97064805568357,13.216537997699003,23.6,0.0,0.0,0.0
347.00014077909594,13.263318577560247,23.599999999999998,0.0,0.0,0.0
347.0296448563105,13.31009576604164,23.599999999999994,0.0,0.0,0.0
347.0591603324116,13.356869549429016,23.599999999999998,0.0,0.0,0.0
347.0886872525361,13.403639913989728,23.599999999999998,0.0,0.0,0.0
347.1182256618737,13.450406845972168,23.6,0.0,0.0,0.0
347.1477756056669,13.497170331606085,23.599999999999998,0.0,0.0,0.0
347.17733712921137,13.543930357102097,23.6,0.0,0.0,0.0
347.20691027785625,13.590686908651987,23.6,0.0,0.0,0.0
347.2364950970041,13.63743997242834,23.599999999999998,0.0,0.0,0.0
347.26609163211145,13.68418953458459,23.599999999999998,0.0,0.0,0.0
347.29569992868875,13.730935581254924,23.599999999999998,0.0,0.0,0.0
347.32532003230074,13.777678098554173,23.599999999999994,0.0,0.0,0.0
347.3549519885666,13.824417072577736,23.599999999999994,0.0,0.0,0.0
347.3845958431602,13.87115248940152,23.599999999999994,0.0,0.0,0.0
347.41425164181027,13.917884335081823,23.599999999999994,0.0,0.0,0.0
347.4439194303008,13.964612595655257,23.6,0.0,0.0,0.0
347.473599254471,14.011337257138695,23.6,0.0,0.0,0.0
347.5032911602156,14.058058305529139,23.599999999999998,0.0,0.0,0.0
347.5329951934852,14.104775726803668,23.599999999999998,0.0,0.0,0.0
347.56271140028633,14.151489506919336,23.599999999999994,0.0,0.0,0.0
347.59243982668187,14.198199631813104,23.599999999999994,0.0,0.0,0.0
347.6221805187911,14.244906087401736,23.599999999999994,0.0,0.0,0.0
347.6519335227899,14.291608859581723,23.6,0.0,0.0,0.0
347.681698884911,14.338307934229201,23.599999999999994,0.0,0.0,0.0
347.7114766514444,14.38500329719986,23.599999999999994,0.0,0.0,0.0
347.7412668687374,14.43169493432885,23.599999999999998,0.0,0.0,0.0
347.77106958319473,14.478382831430705,23.599999999999994,0.0,0.0,0.0
347.8008848412791,14.525066974299264,23.599999999999994,0.0,0.0,0.0
347.83071268951113,14.571747348707557,23.599999999999994,0.0,0.0,0.0
347.86055317446954,14.618423940407753,23.599999999999994,0.0,0.0,0.0
347.8904063427919,14.665096735131042,23.599999999999998,0.0,0.0,0.0
347.92027224117396,14.711765718587564,23.6,0.0,0.0,0.0
347.9501509163708,14.75843087646633,23.599999999999998,0.0,0.0,0.0
347.98004241519635,14.8050921944351,23.6,0.0,0.0,0.0
348.0099467845242,14.851749658140335,23.599999999999998,0.0,0.0,0.0
348.0398640712872,14.898403253207082,23.599999999999998,0.0,0.0,0.0
348.0697943224782,14.945052965238906,23.599999999999998,0.0,0.0,0.0
348.0997375851501,14.991698779817773,23.599999999999994,0.0,0.0,0.0
348.129693906416,15.03834068250399,23.599999999999998,0.0,0.0,0.0
348.1596633334496,15.084978658836107,23.599999999999994,0.0,0.0,0.0
348.18964591348526,15.131612694330808,23.599999999999994,0.0,0.0,0.0
348.21964169381823,15.178242774482865,23.599999999999994,0.0,0.0,0.0
348.24965072180515,15.224868884765,23.599999999999994,0.0,0.0,0.0
348.2796730448639,15.271491010627823,23.599999999999994,0.0,0.0,0.0
348.30970871047407,15.318109137499741,23.599999999999998,0.0,0.0,0.0
348.33975776617706,15.364723250786852,23.599999999999998,0.0,0.0,0.0
348.3698202595765,15.41133333587288,23.6,0.0,0.0,0.0
348.39989623833833,15.457939378119061,23.599999999999994,0.0,0.0,0.0
348.42998575019095,15.504541362864055,23.599999999999994,0.0,0.0,0.0
348.46008884292564,15.55113927542387,23.6,0.0,0.0,0.0
348.4902055643968,15.597733101091757,23.599999999999994,0.0,0.0,0.0
348.52033596252187,15.644322825138111,23.599999999999998,0.0,0.0,0.0
348.55048008528206,15.690908432810415,23.599999999999994,0.0,0.0,0.0
348.5806379807222,15.737489909333103,23.599999999999994,0.0,0.0,0.0
348.610809696951,15.784067239907495,23.6,0.0,0.0,0.0
348.6409952821414,15.830640409711691,23.599999999999994,0.0,0.0,0.0
348.67119478453094,15.877209403900501,23.599999999999994,0.0,0.0,0.0
348.70140825242163,15.923774207605314,23.6,0.0,0.0,0.0
348.73163573418043,15.970334805934048,23.599999999999994,0.0,0.0,0.0
348.7618772782395,16.016891183971012,23.599999999999994,0.0,0.0,0.0
348.79213293309647,16.063443326776852,23.599999999999994,0.0,0.0,0.0
348.8224027473143,16.10999121938844,23.6,0.0,0.0,0.0
348.852686769522,16.156534846818776,23.599999999999998,0.0,0.0,0.0
348.8829850484146,16.203074194056892,23.599999999999994,0.0,0.0,0.0
348.9132976327536,16.249609246067774,23.599999999999998,0.0,0.0,0.0
348.94362457136685,16.29613998779226,23.599999999999998,0.0,0.0,0.0
348.97396591314913,16.342666404146915,23.599999999999994,0.0,0.0,0.0
349.0043217070621,16.389188480024004,23.599999999999994,0.0,0.0,0.0
349.034692002135,16.435706200291314,23.599999999999998,0.0,0.0,0.0
349.0650768474643,16.48221954979212,23.599999999999994,0.0,0.0,0.0
349.0954762922143,16.528728513345065,23.599999999999998,0.0,0.0,0.0
349.1258903856173,16.57523307574408,23.599999999999994,0.0,0.0,0.0
349.15631917697397,16.62173322175824,23.599999999999998,0.0,0.0,0.0
349.18676271565323,16.668228936131733,23.599999999999994,0.0,0.0,0.0
349.2172210510929,16.714720203583717,23.599999999999998,0.0,0.0,0.0
349.2476942327997,16.761207008808242,23.599999999999994,0.0,0.0,0.0
349.27818231034945,16.80768933647415,23.6,0.0,0.0,0.0
349.3086853333876,16.854167171224965,23.599999999999994,0.0,0.0,0.0
349.33920335162907,16.90064049767881,23.599999999999994,0.0,0.0,0.0
349.36973641485895,16.94710930042831,23.599999999999998,0.0,0.0,0.0
349.4002845729323,16.993573564040485,23.599999999999994,0.0,0.0,0.0
349.4308478757748,17.040033273056647,23.599999999999998,0.0,0.0,0.0
349.4614263733825,17.086488411992306,23.6,0.0,0.0,0.0
349.49202011582264,17.132938965337097,23.599999999999994,0.0,0.0,0.0
349.5226291532334,17.179384917554618,23.6,0.0,0.0,0.0
349.5532535358245,17.225826253082403,23.599999999999994,0.0,0.0,0.0
349.5838933138773,17.27226295633176,23.599999999999994,0.0,0.0,0.0
349.61454853774495,17.31869501168772,23.599999999999994,0.0,0.0,0.0
349.6452192578527,17.3651224035089,23.6,0.0,0.0,0.0
349.67590552469846,17.411545116127428,23.599999999999994,0.0,0.0,0.0
349.7066073888523,17.457963133848818,23.599999999999998,0.0,0.0,0.0
349.73732490095773,17.50437644095189,23.599999999999994,0.0,0.0,0.0
349.7680581117309,17.55078502168866,23.599999999999994,0.0,0.0,0.0
349.7988070719616,17.597188860284252,23.599999999999998,0.0,0.0,0.0
349.8295718325131,17.64358794093674,23.599999999999994,0.0,0.0,0.0
349.86035244432276,17.689982247817134,23.599999999999998,0.0,0.0,0.0
349.8911489584017,17.736371765069208,23.599999999999994,0.0,0.0,0.0
349.92196142583583,17.782756476809432,23.599999999999994,0.0,0.0,0.0
349.9527898977853,17.82913636712683,23.599999999999998,0.0,0.0,0.0
349.98363442548543,17.875511420082947,23.599999999999998,0.0,0.0,0.0
350.0144950602465,17.921881619711677,23.599999999999994,0.0,0.0,0.0
350.04537185345424,17.968246950019182,23.599999999999998,0.0,0.0,0.0
350.0762648565699,18.014607394983795,23.599999999999994,0.0,0.0,0.0
350.1071741211307,18.060962938555914,23.599999999999998,0.0,0.0,0.0
350.13809969875007,18.107313564657893,23.6,0.0,0.0,0.0
350.16904164111776,18.15365925718394,23.599999999999998,0.0,0.0,0.0
350.2,18.2,23.599999999999998,0.0,0.0,0.0
