galstreams/tracks/track.st.Sagittarius.antoja2020.ecsv
# %ECSV 0.9
# ---
# datatype:
# - {name: ra, unit: deg, datatype: float64}
# - {name: dec, unit: deg, datatype: float64}
# - {name: distance, unit: kpc, datatype: float64}
# - {name: pm_ra_cosdec, unit: mas / yr, datatype: float64}
# - {name: pm_dec, unit: mas / yr, datatype: float64}
# - {name: radial_velocity, unit: km / s, datatype: float64}
# delimiter: ','
# meta: !!omap
# - __serialized_columns__:
#     dec:
#       __class__: astropy.coordinates.angles.Latitude
#       unit: &id001 !astropy.units.Unit {unit: deg}
#       value: !astropy.table.SerializedColumn {name: dec}
#     distance:
#       __class__: astropy.coordinates.distances.Distance
#       unit: !astropy.units.Unit {unit: kpc}
#       value: !astropy.table.SerializedColumn {name: distance}
#     pm_dec:
#       __class__: astropy.units.quantity.Quantity
#       unit: !astropy.units.Unit {unit: mas / yr}
#       value: !astropy.table.SerializedColumn {name: pm_dec}
#     pm_ra_cosdec:
#       __class__: astropy.units.quantity.Quantity
#       unit: !astropy.units.Unit {unit: mas / yr}
#       value: !astropy.table.SerializedColumn {name: pm_ra_cosdec}
#     ra:
#       __class__: astropy.coordinates.angles.Longitude
#       unit: *id001
#       value: !astropy.table.SerializedColumn {name: ra}
#       wrap_angle: !astropy.coordinates.Angle
#         unit: *id001
#         value: 360.0
#     radial_velocity:
#       __class__: astropy.units.quantity.Quantity
#       unit: !astropy.units.Unit {unit: km / s}
#       value: !astropy.table.SerializedColumn {name: radial_velocity}
# schema: astropy-2.0
ra,dec,distance,pm_ra_cosdec,pm_dec,radial_velocity
[from data line 136]
232.46598463743308,-10.749379659805296,49.70522286258627,-1.1771413917841358,-0.5905774306636962,-5.0524602779234026e-14
231.21242114222534,-10.071399230674254,50.20691934798687,-1.1590833805279197,-0.5745270189252217,-6.315575347404254e-14
229.96413380761467,-9.38871652415087,50.663527902939094,-1.1428871796960411,-0.5589357232692003,2.2736071250655313e-13
228.72077083100578,-8.701674115952676,51.07138299540363,-1.1285592116995111,-0.543948091980296,8.841805486365955e-14
227.48197645587982,-8.010611566708464,51.42703405536136,-1.116097348625068,-0.5297146965418565,1.515738083377021e-13
226.24739142617653,-7.3158655960761125,51.72728677222287,-1.1054904478745762,-0.5163899190875602,1.1157516447080849e-13
225.01665340400828,-6.617770269930841,51.96924374149387,-1.0967179093872095,-0.504129620535529,1.3894265764289357e-13
223.7893973535401,-5.916657199200043,52.150343970896664,-1.0897492706843472,-0.4930887175996761,2.947268495455318e-14
222.56525589392996,-5.212855749008548,52.26840073336591,-1.0845438569154409,-0.48341869969106155,7.578690416885104e-14
221.34385962427208,-4.506693256881666,52.32163723481172,-1.0810505037429317,-0.47526511944595623,4.631421921429786e-14
220.12483742351407,-3.7984952588288063,52.30871954876002,-1.0792073712504622,-0.46876509321108134,1.021018014497021e-13
218.90781672834137,-3.0885857221998814,52.22878625844997,-1.078941867056226,-0.4640448502393689,-1.9999321933446802e-14
217.6924237920306,-2.3772872842677897,52.081474240233206,-1.080170696428243,-0.4612173715556504,-6.315575347404253e-15
216.47828392728064,-1.664921495544131,51.866940020740735,-1.0828000563978246,-0.4603801613894896,6.683983909336168e-14
215.26502173602893,-0.9518090668807047,51.585876144859235,-1.0867259896205665,-0.4616131956845214,6.578724320212764e-15
214.05226132926032,-0.23827011944634177,51.23952200270591,-1.0918349120126982,-0.46497709341638055,-1.2236427235595742e-14
212.83962653981305,0.4753755633022194,50.82966858216559,-1.0980043259699341,-0.4705115572139834,4.3419580513404245e-14
211.6267411311828,1.188808282517107,50.35865663983064,-1.1051037282360054,-0.4782341300038152,-1.473634247727659e-14
210.4132290053254,1.9017081705733399,49.82936781807662,-1.1129957182147368,-0.48813931399838745,6.894503087582976e-14
209.19871441245786,2.613754938247162,49.245208280252896,-1.1215373087055935,-0.5001980972348399,-1.0525958912340423e-15
207.98282216585764,3.324627623311355,48.610084490339055,-1.130581436689933,-0.5143579309355985,1.0525958912340423e-14
206.76517786466337,4.034004341414717,47.92837082871781,-1.1399786669155054,-0.530543198099772,8.104988362502126e-14
205.54540812768195,4.7415620401357375,47.20486881277766,-1.1495790756447608,-0.5486562098217193,4.631421921429786e-14
204.3231408412088,5.446976257132429,46.44475778074992,-1.1592342960869186,-0.5685787607437451,2.5262301389617013e-14
203.09800542387146,6.149920883349654,45.65353700040797,-1.168799700780564,-0.5901742686453134,5.894536990910637e-14
201.86963311150146,6.850067932294125,44.836959281941546,-1.178136689608154,-0.6132905153055025,6.105056169157445e-14
200.6376572650356,7.547087316442972,44.00095630743805,-1.1871150453039558,-0.6377629962936776,-1.0525958912340423e-14
199.40171370443292,8.240646631916055,43.15155603895493,-1.1956153113860655,-0.6634188760835215,1.6841534259744676e-14
198.16144107157052,8.930410952613443,42.29479273419488,-1.2035311405532227,-0.6900815316782251,6.73661370389787e-14
196.91648122504668,9.61604263509785,41.43661028436656,-1.2107715549225302,-0.7175756526059448,4.210383564936169e-14
195.66647966976763,10.297201135586532,40.5827597940468,-1.2172630532649789,-0.7457328475166395,9.683882199353189e-14
194.41108602412496,10.973542840507605,39.738692548892516,-1.2229514948816402,-0.7743976875052984,7.578690416885104e-14
193.14995452747502,11.644720912170902,38.90944976507767,-1.2278036852571574,-0.803434093525833,1.0525958912340423e-13
191.8827445905118,12.310385151202766,38.099550785563764,-1.231808585478614,-0.8327319496722853,2.947268495455318e-14
190.60912139096826,12.970181877496008,37.31288168402418,-1.2349780660165228,-0.8622137955286078,5.0524602779234026e-14
189.32875651689022,13.623753831529166,36.55258655872342,-1.2373471262834113,-0.8918414190770514,-8.420767129872338e-15
188.04132865949168,14.270740098012194,35.82096414724829,-1.2389735049231747,-0.9216221366825429,-4.210383564936169e-15
186.7465243573157,14.910776053915788,35.11937277007631,-1.239936612605832,-0.9516145083362337,-8.420767129872338e-15
185.44403879308848,15.543493343037811,34.448147017969525,-1.240335729832417,-0.9819331945820868,4.210383564936169e-14
184.1335766442563,16.16851987934905,33.806530036559884,-1.2402874275731446,-1.0127526163436338,8.420767129872338e-15
182.81485298773188,16.785479881439926,33.192625732748475,-1.2399221892057086,-1.0443090302455829,0.0
181.487594258846,17.393993940456056,32.60337573322616,-1.2393802389764823,-1.0769005800780842,-1.6841534259744676e-14
180.1515392638902,17.993679123960888,32.03456646711792,-1.2388066159064264,-1.110884829945151,4.210383564936169e-14
178.80644024495393,18.584149118193626,31.48087232409881,-1.23834557357484,-1.1466732266176327,-6.73661370389787e-14
177.4520639949898,19.165014411197028,30.935941457993447,-1.2381344364265843,-1.1847218780127937,0.0
176.08819302019452,19.73588251926733,30.39253146558624,-1.2382971030642693,-1.225517971983581,0.0
174.71462674585908,20.29635825912407,29.842702872881077,-1.238937457295017,-1.2695610952660557,8.420767129872338e-15
173.33118276083323,20.846044068105574,29.27807910819481,-1.2401330293598918,-1.3173386471621253,-5.0524602779234026e-14
171.93769809466326,21.384540374561478,28.690182435087333,-1.241929343584909,-1.3692944771004016,0.0
170.53403052030777,21.911446020434248,28.070856160124496,-1.2443354953686114,-1.4257898105118798,-5.894536990910637e-14
169.1200598741281,22.42635873778974,27.41278432280894,-1.2473216205584547,-1.4870554644794112,-4.210383564936169e-14
167.69568938359757,22.928875680771743,26.710121019677842,-1.2508190543093172,-1.553134294470931,-4.210383564936169e-14
166.26084699189593,23.4185940141112,25.959242513609112,-1.2547241247149272,-1.6238127573279502,-5.0524602779234026e-14
164.81548666727656,23.895111558916405,25.159636334900622,-1.258906688885041,-1.698540424796675,8.420767129872338e-15
163.35958968383602,24.35802749600321,24.314942694824317,-1.2632246954747093,-1.7763362375245293,-3.368306851948935e-14
161.89316585910996,24.806943126493955,23.43416470732223,-1.267546247432474,-1.8556802528562386,-5.0524602779234026e-14
160.41625473280095,25.241462688821713,22.53306515252011,-1.2717808410763731,-1.934389612144673,0.0
158.92892666994481,25.661194230623938,21.635768819123367,-1.2759216713502632,-2.0094774357191443,-1.6841534259744676e-14
157.43128387098594,26.06575053330249,20.77659083383837,-1.2801011167251852,-2.0769933470231967,-5.0524602779234026e-14
155.92346127059847,26.454750086270373,20.002112827161817,-1.2846617488225185,-2.131844332398244,-3.368306851948935e-14
154.40562730669953,26.82781810710861,19.373530298626513,-1.2902454492450792,-2.1675946598793256,0.0
152.87798454099521,27.184587603030366,18.96929613341549,-1.2979034568243404,-2.1762436091293815,-1.6841534259744676e-14
151.34077011261843,27.52470046820581,18.888086888713445,-1.309230409798828,-2.1479798047577163,0.0
149.79425600699759,27.847808610656546,19.252120214831407,-1.3265256864456147,-2.0709109957240264,-3.368306851948935e-14
