galstreams/tracks/track.st.Gaia-2.ibata2021.ecsv
# %ECSV 1.0
# ---
# datatype:
# - {name: ra, unit: deg, datatype: float64}
# - {name: dec, unit: deg, datatype: float64}
# - {name: distance, unit: kpc, datatype: float64}
# - {name: pm_ra_cosdec, unit: mas / yr, datatype: float64}
# - {name: pm_dec, unit: mas / yr, datatype: float64}
# - {name: radial_velocity, unit: km / s, datatype: float64}
# delimiter: ','
# meta: !!omap
# - __serialized_columns__:
#     dec:
#       __class__: astropy.coordinates.angles.Latitude
#       unit: &id001 !astropy.units.Unit {unit: deg}
#       value: !astropy.table.SerializedColumn {name: dec}
#     distance:
#       __class__: astropy.coordinates.distances.Distance
#       unit: !astropy.units.Unit {unit: kpc}
#       value: !astropy.table.SerializedColumn {name: distance}
#     pm_dec:
#       __class__: astropy.units.quantity.Quantity
#       unit: !astropy.units.Unit {unit: mas / yr}
#       value: !astropy.table.SerializedColumn {name: pm_dec}
#     pm_ra_cosdec:
#       __class__: astropy.units.quantity.Quantity
#       unit: !astropy.units.Unit {unit: mas / yr}
#       value: !astropy.table.SerializedColumn {name: pm_ra_cosdec}
#     ra:
#       __class__: astropy.coordinates.angles.Longitude
#       unit: *id001
#       value: !astropy.table.SerializedColumn {name: ra}
#       wrap_angle: !astropy.coordinates.Angle
#         unit: *id001
#         value: 360.0
#     radial_velocity:
#       __class__: astropy.units.quantity.Quantity
#       unit: !astropy.units.Unit {unit: km / s}
#       value: !astropy.table.SerializedColumn {name: radial_velocity}
# schema: astropy-2.0
ra,dec,distance,pm_ra_cosdec,pm_dec,radial_velocity
[from data line 280]
3.0474884405736136,-11.019255308273548,6.950319428279925,-0.17548504785913366,-0.18886849483696722,14879.340937685525
3.052294072847981,-11.02813778948849,6.950324734295397,-0.17611358915145203,-0.19018921591681703,14747.695140584921
3.057102640286678,-11.037018579065009,6.950331454531427,-0.1767354569692685,-0.19150115453437877,14616.776062300854
3.0619141374312715,-11.045897680394205,6.950339585598413,-0.1773506659826154,-0.1928043265022552,14486.581840142799
3.0667285588230913,-11.054775096867298,6.950349124106748,-0.177959230861525,-0.19409874763330492,14357.110611420223
3.071545899003147,-11.063650831875481,6.950360066666833,-0.17856116627604735,-0.19538443374041492,14228.360513442598
3.0763661525123096,-11.072524888810223,6.950372409889064,-0.1791564868963036,-0.19666140063664272,14100.329683519403
3.081189313891211,-11.081397271063077,6.950386150383839,-0.17974520739236155,-0.19792966413538693,13973.016258960108
3.0860153776801638,-11.090267982025608,6.950401284761554,-0.18032734243434234,-0.1991892400498756,13846.418377074186
3.090844338419366,-11.099137025089679,6.950417809632609,-0.18090290669239195,-0.20044014419354994,13720.534175171111
3.095676190648656,-11.108004403647069,6.950435721607399,-0.18147191483660663,-0.2016823923802633,13595.361790560357
3.100510928907729,-11.116870121089844,6.9504550172963215,-0.18203438153715723,-0.2029160004236843,13470.899360551393
3.105348547736047,-11.12573418081019,6.950475693309773,-0.18259032146417553,-0.20414098413782256,13347.145022453695
3.110189041672738,-11.134596586200253,6.950497746258154,-0.18313974928782883,-0.20535735933682986,13224.096913576735
3.1150324052567857,-11.143457340652468,6.950521172751859,-0.18368267967823826,-0.20656514183498587,13101.753171229982
3.119878633026937,-11.152316447559393,6.950545969401286,-0.1842191273055569,-0.20776434744669814,12980.111932722923
3.124727719521603,-11.161173910313554,6.950572132816834,-0.18474910683989165,-0.2089549919866016,12859.171335365025
3.129579659279082,-11.170029732307817,6.950599659608898,-0.18527263295141694,-0.2101370912694307,12738.929516465749
3.1344344468373055,-11.178883916934966,6.950628546387876,-0.18578972031021124,-0.21131066111021823,12619.384613334583
3.1392920767340566,-11.18773646758807,6.950658789764167,-0.18630038358639567,-0.21247571732399706,12500.534763280986
3.144152543506876,-11.19658738766032,6.950690386348166,-0.1868046374500274,-0.21363227572607002,12382.378103614445
3.149015841692969,-11.205436680544894,6.950723332750272,-0.18730249657118492,-0.2147803521319389,12264.912771644427
3.1538819658293913,-11.214284349635255,6.950757625580881,-0.18779397561991118,-0.21591996235726185,12148.136904680401
3.1587509104529516,-11.223130398324985,6.950793261450389,-0.18827908926621362,-0.21705112221782485,12032.048640031846
3.163622670100122,-11.231974830007658,6.950830236969198,-0.1887578521800748,-0.21817384752968394,11916.64611500823
3.168497239307254,-11.240817648077186,6.950868548747704,-0.1892302790314595,-0.21928815410900881,11801.927466919036
3.1733746126103277,-11.249658855927413,6.9509081933963,-0.18969638449029347,-0.22039405777219656,11687.890833073723
3.1782547845451696,-11.258498456952461,6.950949167525389,-0.19015618322645622,-0.22149157433585742,11574.534350781782
3.1831377496473543,-11.267336454546596,6.9509914677453635,-0.19060968990979177,-0.2225807196168006,11461.856157352662
3.1880235024521246,-11.276172852104077,6.951035090666624,-0.19105691921012635,-0.22366150943190632,11349.854390095852
3.192912037494556,-11.285007653019436,6.951080032899565,-0.1914978857971903,-0.22473395959845277,11238.52718632083
3.197803349309481,-11.293840860687355,6.951126291054586,-0.19193260434072812,-0.22579808593384598,11127.872683337047
3.2026974324313904,-11.302672478502508,6.951173861742085,-0.1923610895103991,-0.22685390425557728,11017.889018453996
3.2075942813946394,-11.311502509859901,6.951222741572459,-0.19278335597579144,-0.22790143038150745,10908.574328981149
3.212493890733216,-11.320330958154491,6.951272927156103,-0.19319941840649335,-0.22894068012967494,10799.926752227973
3.2173962549809443,-11.329157826781524,6.951324415103417,-0.19360929147199357,-0.2299716693182674,10691.944425503947
3.2223013686713964,-11.337983119136386,6.9513772020247995,-0.194012989841724,-0.2309944137657709,10584.625486118533
3.227209226337797,-11.346806838614464,6.95143128453064,-0.1944105281850632,-0.23200892929082073,10477.968071381218
3.2321198225132117,-11.355628988611436,6.951486659231348,-0.19480192117131523,-0.23301523171236482,10371.97031860146
3.2370331517304485,-11.36444957252313,6.95154332273731,-0.1951871834697272,-0.23401333684940795,10266.630365088748
3.2419492085219663,-11.373268593745372,6.951601271658928,-0.19556632974946098,-0.23500326052139542,10161.946348152538
3.246867987420092,-11.382086055674321,6.951660502606601,-0.1959393746795861,-0.23598501854791465,10057.916405102313
3.2517894829567746,-11.390901961706115,6.951721012190722,-0.19630633292914723,-0.23695862674867385,9954.53867324755
3.2567136896637936,-11.399716315237164,6.951782797021693,-0.19666721916705754,-0.23792410094379335,9851.811289897716
3.2616406020726734,-11.408529119664038,6.951845853709908,-0.19702204806216983,-0.2388814569535853,9749.732392362275
3.2665702147145845,-11.417340378383315,6.9519101788657665,-0.19737083428323032,-0.23983071059855376,9648.300117950716
3.271502522120531,-11.426150094791874,6.951975769099663,-0.1977135924989213,-0.24077187769945851,9547.512603972515
3.2764375188212598,-11.43495827228673,6.952042621021997,-0.19805033737783795,-0.24170497407731517,9447.367987737125
3.2813751993471554,-11.443764914264928,6.952110731243164,-0.19838108358842632,-0.24263001555345198,9347.86440655403
3.286315558228475,-11.452570024123855,6.9521800963735645,-0.19870584579909867,-0.2435470179493251,9248.99999773271
3.2912585899950844,-11.461373605260853,6.952250713023594,-0.19902463867812692,-0.24445599708675303,9150.772898582629
3.2962042891766785,-11.47017566107358,6.952322577803651,-0.19933747689367642,-0.24535696878783853,9053.18124641326
3.301152650302689,-11.47897619495984,6.95239568732413,-0.19964437511385036,-0.2462499488747838,8956.22317853408
3.306103667902194,-11.487775210317452,6.95247003819543,-0.19994534800659558,-0.2471349531702245,8859.896832254557
3.3110573365040947,-11.496572710544552,6.952545627027949,-0.2002404102397488,-0.2480119974969739,8764.200344884164
3.3160136506370295,-11.505368699039417,6.952622450432081,-0.20052957648104908,-0.24888109767819344,8669.131853732386
3.320972604829279,-11.51416317920036,6.952700505018231,-0.20081286139810928,-0.24974226953720802,8574.689496108685
3.3259341936089757,-11.522956154426044,6.952779787396787,-0.20109027965841975,-0.25059552889766934,8480.871409322535
3.3308984115038682,-11.531747628115092,6.952860294178153,-0.20136184592936068,-0.251440891583556,8387.67573068341
3.3358652530415247,-11.540537603666445,6.952942021972724,-0.20162757487813998,-0.252278373419081,8295.100597500785
3.340834712749244,-11.549326084479208,6.953024967390898,-0.20188748117188204,-0.2531079902287843,8203.144147084131
3.345806785153968,-11.558113073952512,6.95310912704307,-0.2021415794775585,-0.2539297578374047,8111.804516742919
3.3507814647824565,-11.56689857548579,6.9531944975396405,-0.20238988446199713,-0.25474369207003633,8021.079843786628
3.3557587461612,-11.575682592478657,6.953281075491006,-0.2026324107919013,-0.25554980875205047,7930.968265524727
3.360738623816327,-11.584465128330734,6.953368857507562,-0.2028691731338199,-0.2563481237091665,7841.46791926669
3.365721092273817,-11.59324618644202,6.953457840199705,-0.20310018615414727,-0.2571386527673525,7752.576942321985
3.370706146059251,-11.602025770212487,6.953548020177838,-0.20332546451915512,-0.25792141175283234,7664.293472000095
3.3756937796980337,-11.610803883042422,6.9536393940523515,-0.2035450228949376,-0.25869641649224207,7576.615645610487
3.3806839877152903,-11.61958052833228,6.9537319584336466,-0.2037588759474378,-0.25946368281245213,7489.54160046263
3.385676764635786,-11.628355709482555,6.953825709932123,-0.203967038342455,-0.2602232265406741,7403.069473866008
3.3906721049840995,-11.637129429894058,6.953920645158173,-0.204169524745609,-0.2609750635044179,7317.197403130085
3.3956700032845344,-11.645901692967772,6.9540167607221965,-0.2043663498223598,-0.2617192095315133,7231.923525564337
3.400670454061026,-11.654672502104708,6.95411405323459,-0.20455752823801454,-0.2624556804501381,7147.24597847824
3.4056734518373553,-11.663441860706252,6.954212519305752,-0.2047430746576797,-0.2631844920887403,7063.162899181261
3.4106789911369066,-11.67220977217378,6.954312155546079,-0.2049230037463179,-0.26390566027613005,6979.672424982877
3.415687066482871,-11.680976239908981,6.954412958565969,-0.20509733016868736,-0.26461920084145163,6896.77269319256
3.420697672398171,-11.689741267313739,6.954514924975817,-0.205266068589399,-0.2653251296141619,6814.461841119785
3.4257108034053485,-11.698504857789954,6.954618051386025,-0.2054292336728487,-0.2660234624240445,6732.738006074021
3.430726454026762,-11.707267014739873,6.954722334406985,-0.205586840083253,-0.2667142151012527,6651.599325364744
3.4357446187844882,-11.71602774156591,6.954827770649096,-0.205738902484649,-0.2673974034762665,6571.043936301422
3.4407652922002336,-11.724787041670526,6.954934356722757,-0.20588543554087835,-0.2680730433798857,6491.069976193536
3.445788468795542,-11.733544918456559,6.955042089238366,-0.2060264539155714,-0.26874115064329374,6411.675582350554
3.450814143091555,-11.742301375326837,6.955150964806318,-0.20616197227218436,-0.2694017410980081,6332.858892081954
3.4558423096092215,-11.751056415684529,6.955260980037011,-0.20629200527394964,-0.270054830575873,6254.618042697201
3.4608729628692085,-11.759810042932973,6.955372131540842,-0.2064165675839007,-0.27070043490914486,6176.951171505775
3.4659060973918066,-11.76856226047557,6.9554844159282085,-0.20653567386486493,-0.27133856993039274,6099.856415817146
3.4709417076971123,-11.777313071716044,6.9555978298095065,-0.20664933877945657,-0.27196925147255513,6023.331912940788
3.4759797883049393,-11.78606248005831,6.955712369795139,-0.20675757699006958,-0.27259249536896846,5947.375800186173
3.48102033373472,-11.794810488906329,6.955828032495496,-0.20686040315887944,-0.2732083174533031,5871.986214862774
3.486063338505726,-11.80355710166446,6.95594481452098,-0.20695783194784312,-0.2738167335595776,5797.161294280065
3.4911087971368207,-11.812302321737041,6.956062712481986,-0.20704987801871155,-0.2744177595222368,5722.8991757475205
3.4961567041466663,-11.821046152528764,6.9561817229889105,-0.2071365560329621,-0.27501141117608086,5649.197996574609
3.501207054053642,-11.829788597444514,6.956301842652154,-0.20721788065188562,-0.2755977043562865,5576.055894070807
3.5062598413757438,-11.838529659889218,6.956423068082112,-0.20729386653650295,-0.27617665489842835,5503.471005545588
3.5113150606307726,-11.84726934326816,6.956545395889181,-0.2073645283476271,-0.2767482786384434,5431.4414683084215
3.516372706336234,-11.856007650986808,6.95666882268376,-0.20742988074580815,-0.2773125914126524,5359.965419668785
3.5214327730092565,-11.864744586450692,6.956793345076245,-0.2074899383913582,-0.27786960905780234,5289.04099693615
3.5264952551667994,-11.873480153065735,6.956918959677034,-0.20754471594434776,-0.278419347411031,5218.666337419985
3.5315601473254046,-11.88221435423786,6.957045663096522,-0.20759422806458616,-0.27896182230981026,5148.839578429772
3.536627444001416,-11.890947193373345,6.957173451945111,-0.2076384894116341,-0.27949704959211985,5079.5588572749775
3.5416971397108843,-11.899678673878666,6.957302322833195,-0.2076775146447858,-0.28002504509626647,5010.822311265075
3.5467692289694748,-11.908408799160366,6.957432272371173,-0.2077113184230921,-0.2805458246609476,4942.628077709541
3.55184370629265,-11.917137572625318,6.957563297169439,-0.20773991540532144,-0.28105940412537933,4874.974293917841
3.556920566195579,-11.925864997680621,6.957695393838394,-0.20776332024998823,-0.28156579932906567,4807.859097199461
3.561999803193042,-11.934591077733426,6.957828558988434,-0.20778154761532086,-0.2820650261120221,4741.280624863855
3.5670814117996485,-11.943315816191289,6.957962789229958,-0.20779461215928663,-0.28255710031461234,4675.237014220516
3.5721653865295857,-11.952039216461772,6.958098081173363,-0.2078025285395686,-0.28304203777766546,4609.726402578906
3.5772517218968396,-11.960761281952804,6.95823443142904,-0.2078053114135745,-0.28351985434242977,4544.7469272485005
3.5823404124150944,-11.969482016072515,6.958371836607396,-0.2078029754384101,-0.28399056585056925,4480.296725538774
3.5874314525976487,-11.978201422229105,6.958510293318821,-0.20779553527092443,-0.284454188144192,4416.373934759195
3.5925248369575913,-11.986919503831128,6.958649798173719,-0.2077830055676424,-0.284910737065843,4352.976692219243
3.5976205600077136,-11.995636264287358,6.958790347782481,-0.20776540098481355,-0.28536022845850795,4290.103135228385
3.602718616260414,-12.004351707006636,6.958931938755506,-0.20774273617839079,-0.2858026781655667,4227.751401096097
3.6078190002279125,-12.013065835398198,6.959074567703194,-0.2077150258040099,-0.28623810203093925,4165.919627131852
3.612921706422009,-12.02177865287133,6.95921823123594,-0.2076822845170243,-0.2866665158988866,4104.605950645122
3.61802672935429,-12.030490162835644,6.959362925964141,-0.2076445269724596,-0.28708793561421686,4043.8085089453816
3.6231340635360416,-12.039200368701012,6.959508648498195,-0.20760176782503947,-0.28750237702211834,3983.525439342102
3.6282437034781543,-12.047909273877343,6.959655395448502,-0.20755402172916426,-0.2879098559682731,3923.7548791447557
3.633355643691341,-12.056616881774977,6.959803163425454,-0.2075013033389288,-0.2883103882988145,3864.4949656628196
3.6384698786858847,-12.065323195804282,6.959951949039452,-0.20744362730810462,-0.2887039898603341,3805.743836205767
3.6435864029718568,-12.074028219375988,6.960101748900893,-0.20738100829011952,-0.28909067649991016,3747.4996280830646
3.648705211059024,-12.082731955901046,6.960252559620175,-0.20731346093809044,-0.28947046406507226,3689.760478604189
3.65382629745676,-12.0914344087905,6.9604043778076905,-0.20724099990481104,-0.2898433684038082,3632.5245250786134
3.658949656674218,-12.100135581455742,6.960557200073844,-0.20716363984271524,-0.2902094053646067,3575.7899048158088
3.6640752832202446,-12.108835477308405,6.960711023029028,-0.2070813954039048,-0.29056859079645747,3519.5547551252516
3.6692031716032947,-12.1175340997602,6.960865843283641,-0.20699428124015462,-0.29092094054877293,3463.8172133164144
3.6743333163316296,-12.126231452223262,6.961021657448082,-0.20690231200287545,-0.29126647047147713,3408.5754166987704
3.6794657119130854,-12.13492753810975,6.961178462132747,-0.20680550234313966,-0.29160519641502347,3353.82750258179
3.684600352855278,-12.143622360832213,6.961336253948031,-0.20670386691166165,-0.291937134230281,3299.5716082749473
3.6897372336655163,-12.152315923803414,6.961495029504335,-0.20659742035880058,-0.2922622997686837,3245.8058710877176
3.6948763488507073,-12.16100823043622,6.961654785412056,-0.20648617733455943,-0.2925807088821166,3192.528428329572
3.700017692917538,-12.169699284143865,6.961815518281588,-0.20637015248857615,-0.2928923774229837,3139.737417309984
3.7051612603723836,-12.178389088339822,6.961977224723332,-0.20624936047011388,-0.2931973212442003,3087.4309753384246
3.710307045721219,-12.187077646437645,6.9621399013476815,-0.20612381592807694,-0.29349555619918277,3035.6072397243706
3.7154550434698272,-12.195764961851324,6.96230354476504,-0.20599353351099303,-0.29378709814184845,2984.26434777729
3.7206052481235568,-12.204451037994893,6.9624681515857985,-0.20585852786701242,-0.2940719629266475,2933.400436806663
3.7257576541875346,-12.213135878282761,6.962633718420359,-0.205718813643899,-0.2943501664085204,2883.0136441219547
