galstreams/tracks/track.st.OmegaCen-Fimbulthul.ibata2021.ecsv
# %ECSV 0.9
# ---
# datatype:
# - {name: ra, unit: deg, datatype: float64}
# - {name: dec, unit: deg, datatype: float64}
# - {name: distance, unit: kpc, datatype: float64}
# - {name: pm_ra_cosdec, unit: mas / yr, datatype: float64}
# - {name: pm_dec, unit: mas / yr, datatype: float64}
# - {name: radial_velocity, unit: km / s, datatype: float64}
# delimiter: ','
# meta: !!omap
# - __serialized_columns__:
#     dec:
#       __class__: astropy.coordinates.angles.Latitude
#       unit: &id001 !astropy.units.Unit {unit: deg}
#       value: !astropy.table.SerializedColumn {name: dec}
#     distance:
#       __class__: astropy.coordinates.distances.Distance
#       unit: !astropy.units.Unit {unit: kpc}
#       value: !astropy.table.SerializedColumn {name: distance}
#     pm_dec:
#       __class__: astropy.units.quantity.Quantity
#       unit: !astropy.units.Unit {unit: mas / yr}
#       value: !astropy.table.SerializedColumn {name: pm_dec}
#     pm_ra_cosdec:
#       __class__: astropy.units.quantity.Quantity
#       unit: !astropy.units.Unit {unit: mas / yr}
#       value: !astropy.table.SerializedColumn {name: pm_ra_cosdec}
#     ra:
#       __class__: astropy.coordinates.angles.Longitude
#       unit: *id001
#       value: !astropy.table.SerializedColumn {name: ra}
#       wrap_angle: !astropy.coordinates.Angle
#         unit: *id001
#         value: 360.0
#     radial_velocity:
#       __class__: astropy.units.quantity.Quantity
#       unit: !astropy.units.Unit {unit: km / s}
#       value: !astropy.table.SerializedColumn {name: radial_velocity}
# schema: astropy-2.0
ra,dec,distance,pm_ra_cosdec,pm_dec,radial_velocity
[from data line 1797]
195.99559960880444,-30.637448829149513,5.27078460459695,-5.953143484127508,-7.277949206364134,3.368306851948935e-14
196.00313367437263,-30.62961695392041,5.26969281461991,-5.958830859435217,-7.280345245494111,1.6841534259744676e-14
196.01067302790514,-30.621788272646835,5.268600230454445,-5.964523166829122,-7.2827434144274505,3.368306851948935e-14
196.01821766455495,-30.613962781842783,5.267506852972514,-5.970220402572247,-7.2851437123710365,1.6841534259744676e-14
196.02576757947705,-30.6061404780232,5.2664126830460765,-5.975922562927927,-7.287546138530136,6.73661370389787e-14
196.03332276782808,-30.598321357703927,5.265317721547094,-5.98162964415978,-7.289950692108332,1.6841534259744676e-14
196.04088322476667,-30.590505417401747,5.264221969347525,-5.987341642531732,-7.29235737230757,5.0524602779234026e-14
196.04844894545326,-30.58269265363435,5.2631254273193315,-5.9930585543080035,-7.294766178328128,-1.6841534259744676e-14
196.0560199250501,-30.57488306292038,5.262028096334471,-5.998780375753131,-7.297177109368633,3.368306851948935e-14
196.0635961587213,-30.56707664177937,5.260929977264909,-6.004507103131934,-7.299590164626029,3.368306851948935e-14
196.0711776416329,-30.55927338673179,5.2598310709825995,-6.010238732709564,-7.302005343295607,6.73661370389787e-14
196.0787643689526,-30.551473294299065,5.258731378359508,-6.015975260751459,-7.304422644570972,1.6841534259744676e-14
196.08635633584998,-30.543676361003538,5.257630900267591,-6.02171668352339,-7.306842067644068,0.0
196.09395353749653,-30.53588258336849,5.2565296375788115,-6.02746299729142,-7.309263611705133,0.0
196.10155596906546,-30.528091957918146,5.255427591165128,-6.033214198321939,-7.311687275942746,5.0524602779234026e-14
196.10916362573175,-30.520304481177646,5.2543247618985,-6.038970282881651,-7.3141130595437795,5.0524602779234026e-14
196.1167765026723,-30.51252014967311,5.253221150650888,-6.044731247237579,-7.316540961693425,3.368306851948935e-14
196.12439459506572,-30.50473895993158,5.252116758294256,-6.050497087657066,-7.3189709815751725,1.6841534259744676e-14
196.1320178980924,-30.496960908481046,5.25101158570056,-6.056267800407776,-7.321403118370817,1.6841534259744676e-14
196.1396464069346,-30.489185991850444,5.249905633741761,-6.062043381757699,-7.323837371260449,3.368306851948935e-14
196.14728011677622,-30.48141420656967,5.2487989032898215,-6.067823827975149,-7.326273739422454,5.0524602779234026e-14
196.15491902280309,-30.47364554916959,5.247691395216699,-6.073609135328775,-7.328712222033502,5.0524602779234026e-14
196.16256312020272,-30.46588001618197,5.246583110394354,-6.079399300087547,-7.331152818268562,5.0524602779234026e-14
196.1702124041644,-30.458117604139584,5.245474049694751,-6.085194318520769,-7.333595527300863,3.368306851948935e-14
196.17786686987915,-30.450358309576153,5.244364213989843,-6.09099418689809,-7.336040348301943,0.0
196.18552651253978,-30.442602129026348,5.243253604151595,-6.096798901489485,-7.338487280441592,5.0524602779234026e-14
196.19319132734086,-30.43484905902581,5.242142221051966,-6.102608458565259,-7.340936322887885,0.0
196.20086130947865,-30.427099096111153,5.241030065562916,-6.1084228543960695,-7.343387474807155,1.6841534259744676e-14
196.2085364541512,-30.419352236819954,5.239917138556408,-6.114242085252918,-7.345840735364014,5.0524602779234026e-14
196.21621675655825,-30.411608477690727,5.238803440904398,-6.120066147407133,-7.348296103721322,3.368306851948935e-14
196.2239022119013,-30.403867815263023,5.237688973478848,-6.125895037130405,-7.350753579040207,0.0
196.23159281538358,-30.396130246077302,5.23657373715172,-6.131728750694761,-7.353213160480049,0.0
196.23928856220996,-30.38839576667505,5.235457732794971,-6.137567284372588,-7.355674847198474,5.0524602779234026e-14
196.24698944758714,-30.3806643735987,5.234340961280564,-6.143410634436607,-7.3581386383513605,0.0
196.2546954667234,-30.37293606339169,5.2332234234804575,-6.1492587971599075,-7.360604533092827,6.73661370389787e-14
196.26240661482882,-30.3652108325984,5.2321051202666125,-6.155111768815926,-7.363072530575243,3.368306851948935e-14
196.27012288711518,-30.35748867776423,5.230986052510991,-6.160969545678456,-7.365542629949199,3.368306851948935e-14
196.27784427879584,-30.349769595435557,5.229866221085547,-6.166832124021656,-7.368014830363535,5.0524602779234026e-14
196.28557078508598,-30.342053582159725,5.228745626862247,-6.172699500120039,-7.370489130965309,1.6841534259744676e-14
196.29330240120234,-30.33434063448511,5.227624270713051,-6.178571670248473,-7.372965530899808,0.0
196.30103912236345,-30.326630748961048,5.226502153509916,-6.184448630682204,-7.375444029310555,3.368306851948935e-14
196.30878094378943,-30.318923922137863,5.225379276124804,-6.190330377696841,-7.377924625339274,3.368306851948935e-14
196.31652786070214,-30.31122015056691,5.224255639429674,-6.19621690756835,-7.380407318125917,5.0524602779234026e-14
196.324279868325,-30.303519430800502,5.223131244296488,-6.202108216573077,-7.382892106808651,0.0
196.33203696188315,-30.29582175939199,5.222006091597206,-6.208004300987733,-7.385378990523838,1.6841534259744676e-14
196.33979913660343,-30.28812713289569,5.2208801822037865,-6.213905157089409,-7.387867968406068,1.6841534259744676e-14
196.34756638771418,-30.28043554786695,5.219753516988193,-6.219810781155563,-7.390359039588114,1.6841534259744676e-14
196.35533871044555,-30.27274700086211,5.218626096822381,-6.225721169464046,-7.392852203200967,1.6841534259744676e-14
196.36311610002917,-30.265061488438526,5.217497922578315,-6.231636318293067,-7.395347458373793,8.420767129872338e-14
196.3708985516985,-30.257379007154547,5.2163689951279535,-6.237556223921223,-7.397844804233965,3.368306851948935e-14
196.3786860606884,-30.249699553569563,5.215239315343256,-6.2434808826275,-7.400344239907052,3.368306851948935e-14
196.3864786222355,-30.242023124243946,5.214108884096183,-6.249410290691264,-7.40284576451679,6.73661370389787e-14
196.394276231578,-30.23434971573911,5.212977702258697,-6.255344444392258,-7.405349377185108,-1.6841534259744676e-14
196.4020788839557,-30.226679324617468,5.211845770702756,-6.261283340010632,-7.407855077032121,3.368306851948935e-14
196.40988657461008,-30.219011947442468,5.210713090300322,-6.267226973826906,-7.410362863176111,0.0
196.4176992987841,-30.21134758077858,5.209579661923352,-6.273175342122011,-7.412872734733535,0.0
196.4255170517224,-30.203686221191262,5.208445486443809,-6.279128441177255,-7.415384690819021,6.73661370389787e-14
196.43333982867128,-30.196027865247054,5.207310564733652,-6.285086267274341,-7.417898730545362,0.0
196.4411676248784,-30.188372509513474,5.206174897664843,-6.291048816695384,-7.420414853023515,3.368306851948935e-14
196.4490004355933,-30.18072015055911,5.2050384861093395,-6.2970160857228885,-7.422933057362602,6.73661370389787e-14
196.45683825606682,-30.173070784953524,5.203901330939104,-6.302988070639752,-7.425453342669886,1.6841534259744676e-14
196.4646810815516,-30.165424409267406,5.202763433026095,-6.30896476772929,-7.4279757080508055,5.0524602779234026e-14
196.4725289073017,-30.15778102007237,5.201624793242274,-6.314946173275208,-7.4305001526089285,1.6841534259744676e-14
196.48038172857275,-30.150140613941154,5.200485412459602,-6.320932283561626,-7.433026675445982,6.73661370389787e-14
196.4882395406221,-30.1425031874475,5.1993452915500376,-6.32692309487307,-7.435555275661834,5.0524602779234026e-14
196.49610233870843,-30.13486873716617,5.198204431385541,-6.332918603494475,-7.43808595235449,5.0524602779234026e-14
196.50397011809216,-30.127237259673016,5.197062832838073,-6.3389188057111845,-7.440618704620104,8.420767129872338e-14
196.51184287403512,-30.119608751544884,5.195920496779595,-6.344923697808961,-7.443153531552946,1.6841534259744676e-14
196.51972060180077,-30.11198320935974,5.194777424082064,-6.350933276073979,-7.445690432245435,5.0524602779234026e-14
196.52760329665406,-30.1043606296965,5.193633615617443,-6.356947536792823,-7.4482294057880996,1.6841534259744676e-14
196.53549095386145,-30.096741009135194,5.192489072257694,-6.362966476252507,-7.450770451269605,-1.6841534259744676e-14
196.54338356869096,-30.089124344256916,5.191343794874772,-6.368990090740458,-7.453313567776742,1.6841534259744676e-14
196.5512811364122,-30.08151063164378,5.19019778434064,-6.375018376544531,-7.455858754394406,1.6841534259744676e-14
196.55918365229618,-30.07389986787895,5.189051041527259,-6.381051329952994,-7.458406010205618,1.6841534259744676e-14
196.56709111161544,-30.066292049546675,5.187903567306589,-6.387088947254551,-7.460955334291503,5.0524602779234026e-14
196.57500350964415,-30.058687173232258,5.186755362550588,-6.393131224738328,-7.463506725731309,0.0
196.5829208416578,-30.051085235522056,5.185606428131218,-6.399178158693884,-7.466060183602375,8.420767129872338e-14
196.5908431029335,-30.043486233003467,5.1844567649204425,-6.4052297454112015,-7.468615706980139,1.6841534259744676e-14
196.59877028874988,-30.03589016226502,5.183306373790216,-6.4112859811807015,-7.471173294938166,3.368306851948935e-14
196.60670239438693,-30.02829701989624,5.182155255612501,-6.41734686229324,-7.47373294654808,0.0
196.61463941512622,-30.02070680248776,5.181003411259257,-6.423412385040104,-7.47629466087963,1.6841534259744676e-14
196.62258134625085,-30.013119506631277,5.179850841602446,-6.429482545713023,-7.478858437000639,-1.6841534259744676e-14
196.63052818304524,-30.005535128919544,5.1786975475140276,-6.435557340604159,-7.481424273977018,-1.6841534259744676e-14
196.6384799207954,-29.99795366594643,5.177543529865962,-6.441636766006124,-7.4839921708727655,6.73661370389787e-14
196.6464365547888,-29.990375114306833,5.1763887895302085,-6.44772081821197,-7.486562126749965,3.368306851948935e-14
196.65439808031434,-29.982799470596746,5.175233327378727,-6.4538094935151875,-7.489134140668774,1.6841534259744676e-14
196.6623644926624,-29.975226731413244,5.17407714428348,-6.45990278820972,-7.491708211687419,1.6841534259744676e-14
196.67033578712477,-29.967656893354505,5.172920241116427,-6.466000698589957,-7.49428433886221,-1.6841534259744676e-14
196.67831195899473,-29.96008995301974,5.171762618749527,-6.472103220950737,-7.496862521247511,3.368306851948935e-14
196.68629300356704,-29.952525907009303,5.170604278054742,-6.478210351587353,-7.499442757895774,5.0524602779234026e-14
196.69427891613785,-29.944964751924594,5.16944521990403,-6.484322086795548,-7.502025047857497,1.6841534259744676e-14
196.7022696920047,-29.937406484368108,5.168285445169352,-6.490438422871522,-7.504609390181238,3.368306851948935e-14
196.71026532646667,-29.929851100943452,5.167124954722669,-6.4965593561119315,-7.507195783913625,3.368306851948935e-14
196.7182658148242,-29.9222985982553,5.165963749435941,-6.50268488281389,-7.509784228099326,5.0524602779234026e-14
196.72627115237916,-29.914748972909425,5.164801830181129,-6.508814999274969,-7.512374721781065,1.6841534259744676e-14
196.73428133443488,-29.907202221512737,5.163639197830192,-6.514949701793202,-7.514967263999619,3.368306851948935e-14
196.742296356296,-29.899658340673163,5.162475853255091,-6.521088986667098,-7.517561853793806,3.368306851948935e-14
196.75031621326875,-29.892117326999802,5.161311797327785,-6.527232850195615,-7.520158490200488,-1.6841534259744676e-14
196.75834090066053,-29.88457917710282,5.160147030920235,-6.533381288678189,-7.522757172254559,1.6841534259744676e-14
196.76637041378038,-29.877043887593494,5.158981554904401,-6.539534298414711,-7.525357898988962,-1.6841534259744676e-14
196.77440474793852,-29.869511455084222,5.157815370152244,-6.545691875705559,-7.5279606694346635,3.368306851948935e-14
196.78244389844673,-29.861981876188462,5.156648477535726,-6.551854016851567,-7.530565482620664,-1.6841534259744676e-14
196.79048786061813,-29.854455147520838,5.155480877926801,-6.558020718154061,-7.5331723375739985,3.368306851948935e-14
196.79853662976717,-29.84693126569702,5.154312572197437,-6.564191975914826,-7.535781233319709,5.0524602779234026e-14
196.80659020120976,-29.83941022733387,5.153143561219588,-6.570367786436133,-7.538392168880884,0.0
196.8146485702631,-29.831892029049293,5.151973845865217,-6.5765481460207225,-7.541005143278607,-1.6841534259744676e-14
196.82271173224584,-29.824376667462342,5.1508034270062835,-6.582733050971829,-7.543620155531996,0.0
196.83077968247792,-29.816864139193186,5.14963230551475,-6.588922497593149,-7.5462372046581665,5.0524602779234026e-14
196.8388524162808,-29.809354440863096,5.148460482262573,-6.595116482188889,-7.548856289672267,-3.368306851948935e-14
196.846929928977,-29.801847569094484,5.147287958121716,-6.6013150010637185,-7.551477409587427,3.368306851948935e-14
196.85501221589075,-29.79434352051088,5.146114733964136,-6.607518050522804,-7.554100563414805,5.0524602779234026e-14
196.8630992723474,-29.786842291736903,5.144940810661797,-6.613725626871796,-7.556725750163535,-3.368306851948935e-14
196.87119109367367,-29.779343879398372,5.143766189086658,-6.619937726416843,-7.559352968840779,3.368306851948935e-14
196.8792876751977,-29.771848280122146,5.142590870110678,-6.6261543454645775,-7.5619822184516785,-3.368306851948935e-14
196.88738901224892,-29.764355490536293,5.141414854605816,-6.632375480322126,-7.564613497999368,0.0
196.8954951001581,-29.756865507269943,5.140238143444035,-6.6386011272971155,-7.567246806484983,3.368306851948935e-14
196.9036059342573,-29.749378326953405,5.139060737497293,-6.644831282697669,-7.569882142907638,5.0524602779234026e-14
196.91172150988004,-29.741893946218102,5.137882637637555,-6.651065942832398,-7.572519506264434,3.368306851948935e-14
196.91984182236098,-29.734412361696588,5.136703844736775,-6.65730510401043,-7.57515889555046,0.0
196.92796686703622,-29.726933570022577,5.135524359666917,-6.663548762541382,-7.577800309758781,3.368306851948935e-14
196.93609663924312,-29.7194575678309,5.13434418329994,-6.669796914735377,-7.580443747880436,1.6841534259744676e-14
196.94423113432038,-29.711984351757547,5.133163316507803,-6.6760495569030525,-7.583089208904446,1.6841534259744676e-14
196.95237034760797,-29.704513918439627,5.131981760162469,-6.682306685355535,-7.585736691817791,3.368306851948935e-14
196.96051427444718,-29.697046264515407,5.130799515135897,-6.688568296404474,-7.588386195605434,1.6841534259744676e-14
196.96866291018063,-29.689581386624305,5.129616582300049,-6.694834386362025,-7.591037719250299,3.368306851948935e-14
196.97681625015218,-29.68211928140687,5.128432962526879,-6.701104951540854,-7.593691261733273,1.6841534259744676e-14
196.98497428970697,-29.674659945504818,5.127248656688355,-6.707379988254135,-7.596346822033196,3.368306851948935e-14
196.99313702419153,-29.667203375561012,5.126063665656433,-6.713659492815564,-7.599004399126877,1.6841534259744676e-14
197.0013044489535,-29.659749568219446,5.124877990303073,-6.719943461539358,-7.601663991989081,5.0524602779234026e-14
197.00947655934198,-29.65229852012529,5.123691631500238,-6.726231890740234,-7.604325599592512,0.0
197.0176533507072,-29.644850227924863,5.122504590119886,-6.732524776733445,-7.606989220907839,0.0
197.02583481840074,-29.637404688265658,5.121316867033978,-6.738822115834765,-7.609654854903669,-1.6841534259744676e-14
197.0340209577754,-29.629961897796296,5.120128463114472,-6.745123904360474,-7.6123225005465605,1.6841534259744676e-14
197.04221176418523,-29.622521853166557,5.118939379233333,-6.751430138627397,-7.614992156801005,5.0524602779234026e-14
197.0504072329856,-29.615084551027426,5.117749616262517,-6.757740814952873,-7.617663822629444,3.368306851948935e-14
197.05860735953314,-29.607649988031003,5.116559175073986,-6.764055929654769,-7.620337496992253,3.368306851948935e-14
197.06681213918563,-29.600218160830583,5.115368056539699,-6.7703754790514905,-7.62301317884773,1.6841534259744676e-14
197.07502156730217,-29.59278906608063,5.114176261531618,-6.776699459461959,-7.625690867152122,3.368306851948935e-14
197.08323563924304,-29.585362700436736,5.112983790921703,-6.7830278672056386,-7.628370560859591,3.368306851948935e-14
