galstreams/tracks/track.st.M5.ibata2021.ecsv
# %ECSV 1.0
# ---
# datatype:
# - {name: ra, unit: deg, datatype: float64}
# - {name: dec, unit: deg, datatype: float64}
# - {name: distance, unit: kpc, datatype: float64}
# - {name: pm_ra_cosdec, unit: mas / yr, datatype: float64}
# - {name: pm_dec, unit: mas / yr, datatype: float64}
# - {name: radial_velocity, unit: km / s, datatype: float64}
# delimiter: ','
# meta: !!omap
# - __serialized_columns__:
#     dec:
#       __class__: astropy.coordinates.angles.Latitude
#       unit: &id001 !astropy.units.Unit {unit: deg}
#       value: !astropy.table.SerializedColumn {name: dec}
#     distance:
#       __class__: astropy.coordinates.distances.Distance
#       unit: !astropy.units.Unit {unit: kpc}
#       value: !astropy.table.SerializedColumn {name: distance}
#     pm_dec:
#       __class__: astropy.units.quantity.Quantity
#       unit: !astropy.units.Unit {unit: mas / yr}
#       value: !astropy.table.SerializedColumn {name: pm_dec}
#     pm_ra_cosdec:
#       __class__: astropy.units.quantity.Quantity
#       unit: !astropy.units.Unit {unit: mas / yr}
#       value: !astropy.table.SerializedColumn {name: pm_ra_cosdec}
#     ra:
#       __class__: astropy.coordinates.angles.Longitude
#       unit: *id001
#       value: !astropy.table.SerializedColumn {name: ra}
#       wrap_angle: !astropy.coordinates.Angle
#         unit: *id001
#         value: 360.0
#     radial_velocity:
#       __class__: astropy.units.quantity.Quantity
#       unit: !astropy.units.Unit {unit: km / s}
#       value: !astropy.table.SerializedColumn {name: radial_velocity}
# schema: astropy-2.0
ra,dec,distance,pm_ra_cosdec,pm_dec,radial_velocity
195.78361184100748,17.386078529126458,7.464679021942342,3.366633317443348,-7.653920372393282,-641.1160104443401
195.79440344858494,17.385038206494794,7.460460748951096,3.3629134212094725,-7.660082593158571,-637.078702127152
195.80519149730375,17.38398774764077,7.456266658610327,3.3592165944136867,-7.666220805066562,-633.0654993722488
195.81597599255872,17.382927173036443,7.452096700650417,3.3555427749274185,-7.6723350556844325,-629.0763319029446
195.82675693975142,17.381856503152036,7.447950824801743,3.351891900606384,-7.678425392560377,-625.1111294425523
195.8375343442897,17.380775758456117,7.443828980794688,3.3482639092906106,-7.6844918632235535,-621.1698217143861
195.848308211588,17.379684959415478,7.439731118359636,3.344658738804458,-7.690534515184175,-617.2523384417597
195.85907854706727,17.378584126495188,7.435657187226963,3.3410763269566583,-7.696553395933503,-613.3586093479859
195.86984535615503,17.377473280158533,7.431607137127055,3.33751661154032,-7.702548552943849,-609.488564156379
195.88060864428522,17.376352440867127,7.427580917790287,3.333979530332962,-7.70852003366864,-605.6421325902525
195.8913684168982,17.375221629080794,7.423578478947045,3.3304650210965256,-7.7144678855424065,-601.8192443729198
195.90212467944085,17.37408086525767,7.419599770327707,3.326973021577418,-7.720392155980805,-598.0198292276948
195.91287743736666,17.372930169854087,7.415644741662654,3.32350346950651,-7.726292892380665,-594.2438168778903
195.9236266961353,17.37176956332471,7.41171334268227,3.3200563025991725,-7.732170142119978,-590.4911370468208
195.93437246121303,17.370599066122434,7.4078055231169335,3.3166314585553014,-7.738023952557948,-586.7617194577995
195.9451147380725,17.369418698698457,7.403921232697026,3.31322887505935,-7.743854371034985,-583.0554938341401
195.95585353219286,17.36822848150218,7.4000604211529275,3.3098484897803013,-7.749661444872743,-579.3723898991559
195.96658884905958,17.367028434981336,7.3962230382150205,3.306490240371768,-7.7554452213741545,-575.712337376161
195.97732069416455,17.365818579581905,7.392409033613684,3.3031540644719652,-7.761205747823418,-572.0752659884687
195.988049073006,17.364598935748134,7.388618357079301,3.2998398997037253,-7.766943071486043,-568.4611054593926
195.99877399108863,17.363369523922568,7.384850958342251,3.296547683674563,-7.772657239608872,-564.8697855122459
196.00949545392353,17.362130364545948,7.381106787132915,3.2932773539766655,-7.778348299420088,-561.3012358703429
196.02021346702804,17.360881478057394,7.377385793181678,3.2900288481869158,-7.784016298129249,-557.7553862569971
196.03092803592594,17.35962288489421,7.373687926218914,3.2868021038669437,-7.789661282927298,-554.2321663955217
196.04163916614726,17.35835460549206,7.37001313597501,3.283597058563121,-7.795283300986596,-550.7315060092304
196.05234686322854,17.357076660284786,7.366361372180343,3.280413649806586,-7.80088239946094,-547.2533348214372
196.06305113271242,17.355789069704574,7.362732584565294,3.277251815113277,-7.8064586254855755,-543.797582555455
196.07375198014805,17.354491854181877,7.359126722860246,3.2741114919839562,-7.812012026177223,-540.3641789345979
196.08444941109067,17.35318503414543,7.355543736795582,3.270992617904224,-7.817542648634104,-536.9530536821794
196.09514343110206,17.351868630022214,7.351983576101676,3.267895130344541,-7.8230505399359656,-533.5641365215132
196.10583404575016,17.350542662237523,7.3484461905089145,3.2648189667602616,-7.828535747144077,-530.1973571759127
196.11652126060912,17.349207151214912,7.344931529747678,3.2617640645916537,-7.833998317301296,-526.8526453686912
196.1272050812595,17.347862117376245,7.341439543548347,3.2587303612639036,-7.839438297432032,-523.529930823163
196.13788551328793,17.34650758114166,7.337970181641301,3.255717794187177,-7.844855734542314,-520.2291432626411
196.14856256228754,17.34514356292953,7.334523393756921,3.2527263007565876,-7.850250675619806,-516.9502124104392
196.15923623385748,17.34377008315657,7.33109912962559,3.2497558183522695,-7.855623167633798,-513.6930679898715
196.1699065336032,17.34238716223777,7.3276973389776865,3.246806284339381,-7.860973257535258,-510.4576397242505
196.18057346713638,17.340994820586413,7.3243179715435955,3.243877636068126,-7.86630099225684,-507.24385733689076
196.1912370400749,17.339593078614012,7.320960977053694,3.2409698108737595,-7.871606418712907,-504.05165055110524
196.2018972580429,17.338181956730434,7.317626305238363,3.238082746076662,-7.876889583799565,-500.8809490902083
196.21255412667057,17.3367614753438,7.314313905827986,3.2352163789822947,-7.882150534394647,-497.7316826775127
196.2232076515943,17.335331654860553,7.311023728552944,3.232370646881279,-7.887389317357785,-494.6037810363325
196.23385783845688,17.333892515685374,7.3077557231436145,3.229545487049385,-7.892605979530387,-491.497173889981
196.244504692907,17.33244407822128,7.30450983933038,3.226740836747571,-7.89780056773569,-488.4117909617718
196.25514822059955,17.330986362869545,7.301286026843622,3.2239566332219898,-7.902973128778753,-485.347561975019
196.2657884271957,17.329519390029777,7.298084235413721,3.2211928137040386,-7.90812370944651,-482.3044166530359
196.27642531836256,17.32804318009987,7.29490441477106,3.218449315410352,-7.9132523565077495,-479.2822847191359
196.2870588997735,17.326557753475953,7.291746514646018,3.2157260755428387,-7.918359116713193,-476.28109589663273
196.29768917710805,17.325063130552525,7.2886104847689746,3.213023031288709,-7.923444036795451,-473.30077990884007
196.30831615605166,17.323559331722347,7.285496274870314,3.210340119820487,-7.9285071634690905,-470.3412664790713
196.31893984229592,17.322046377376488,7.282403834680416,3.207677278296032,-7.93354854343064,-467.4024853306403
196.32956024153873,17.320524287904295,7.2793331139296615,3.205034443858576,-7.938568223358615,-464.4843661868603
196.3401773594838,17.318993083693435,7.276284062348429,3.2024115536367277,-7.943566249913529,-461.5868387710452
196.35079120184096,17.31745278512987,7.273256629667102,3.199808544744507,-7.948542669737917,-458.7098328065085
196.3614017743262,17.31590341259787,7.27025076561606,3.197225354281371,-7.953497529456377,-455.85327801656376
196.37200908266152,17.31434498647997,7.2672664199256864,3.194661919332213,-7.958430875675557,-453.01710412452474
196.38261313257493,17.31277752715705,7.2643035423263616,3.1921181769674134,-7.963342754984207,-450.20124085370475
196.39321392980045,17.311201055008272,7.261362082548465,3.1895940642428515,-7.96823321395318,-447.4056179274176
196.4038114800781,17.309615590411138,7.2584419903223765,3.187089518199921,-7.973102299135453,-444.63016506897657
196.4144057891541,17.308021153741382,7.25554321537848,3.184604475865553,-7.977950057066167,-441.87481200169583
196.42499686278046,17.306417765373098,7.252665707447155,3.1821388742522587,-7.982776534262621,-439.1394884488885
196.43558470671522,17.304805445678685,7.249809416258784,3.1796926503581204,-7.987581777224325,-436.4241241338685
196.4461693267225,17.30318421502883,7.2469742915437445,3.1772657411668406,-7.992365832432982,-433.72864877994914
196.45675072857222,17.301554093792557,7.244160283032421,3.1748580836477447,-7.9971287463525424,-431.0529921104439
196.4673289180405,17.299915102337156,7.24136734045519,3.1724696147558147,-8.001870565429208,-428.39708384866685
196.4779039009093,17.29826726102826,7.238595413542439,3.1701002714317124,-8.006591336091455,-425.76085371793135
196.48847568296642,17.296610590229808,7.235844452024545,3.1677499906017963,-8.011291104750047,-423.1442314415507
196.4990442700057,17.294945110304067,7.233114405631889,3.165418709178143,-8.015969917798097,-420.54714674283883
196.509609667827,17.29327084161156,7.2304052240948495,3.1631063640585664,-8.020627821611017,-417.9695293451095
196.52017188223596,17.291587804511174,7.227716857143815,3.1608128921266614,-8.02526486254659,-415.4113089716758
196.53073091904412,17.289896019360107,7.225049254509155,3.158538230251794,-8.029881086945002,-412.87241534585166
196.54128678406897,17.288195506513876,7.222402365921264,3.1562823152891513,-8.034476541128797,-410.3527781909505
196.551839483134,17.286486286326266,7.219776141110513,3.154045084079741,-8.039051271402974,-407.8523272302861
196.56238902206837,17.284768379149437,7.2171705298072855,3.151826473450431,-8.043605324054958,-405.3709921871719
196.57293540670727,17.283041805333845,7.214585481741963,3.1496264202139583,-8.04813874535464,-402.9087027849217
196.5834786428916,17.28130658522828,7.212020946644928,3.1474448611689723,-8.052651581554386,-400.46538874684893
196.59401873646834,17.279562739179806,7.209476874246559,3.1452817331000222,-8.05714387888907,-398.0409797962672
196.60455569329017,17.277810287533846,7.206953214277239,3.1431369727776133,-8.061615683576091,-395.6354056564901
196.61508951921556,17.27604925063415,7.204449916467345,3.1410105169582097,-8.066067041815392,-393.2485960508313
196.6256202201089,17.274279648822777,7.201966930547263,3.1389023023842584,-8.07049799978947,-390.88048070260413
196.6361478018403,17.272501502440118,7.199504206247372,3.13681226578422,-8.07490860366342,-388.5309893351225
196.6466722702859,17.270714831824858,7.1970616932980525,3.134740343872577,-8.079298899584934,-386.2000516717001
196.65719363132737,17.26891965731404,7.194639341429683,3.132686473349871,-8.08366893368433,-383.88759743565015
196.66771189085236,17.267115999243032,7.19223710037265,3.130650590902713,-8.088018752074571,-381.59355635028624
196.67822705475413,17.265303877945527,7.18985491985733,3.1286326332038166,-8.092348400851291,-379.31785813892236
196.6887391289319,17.26348331375351,7.187492749614107,3.126632536911993,-8.096657926092805,-377.06043252487177
196.6992481192906,17.261654326997345,7.185150539373357,3.1246502386722192,-8.100947373860139,-374.8212092314482
196.70975403174074,17.259816938005695,7.182828238865468,3.122685675115607,-8.105216790197042,-372.60011798196507
196.72025687219875,17.257971167105584,7.180525797820818,3.12073878285947,-8.10946622113001,-370.39708849973624
196.73075664658688,17.256117034622324,7.178243165969783,3.1188094985073174,-8.113695712668314,-368.21205050807515
196.7412533608329,17.254254560879577,7.175980293042751,3.1168977586488853,-8.117905310803998,-366.04493373029527
196.7517470208704,17.252383766199365,7.173737128770098,3.1150034998601637,-8.12209506151193,-363.89566788971064
196.76223763263866,17.250504670902,7.171513622882211,3.1131266587033988,-8.126265010749796,-361.7641827096342
196.7727252020826,17.24861729530619,7.169309725109464,3.1112671717271474,-8.130415204458131,-359.65040791338026
196.78320973515306,17.246721659728898,7.167125385182241,3.109424975466259,-8.134545688560346,-357.5542732242619
196.79369123780629,17.24481778448547,7.164960552830925,3.1076000064419285,-8.138656508962729,-355.4757083655929
196.80416971600434,17.242905689889607,7.162815177785893,3.105792201161709,-8.142747711554483,-353.41464306068684
196.81464517571484,17.24098539625333,7.160689209777528,3.1040014961195266,-8.146819342207737,-351.37100703285716
196.82511762291134,17.239056923886967,7.158582598536212,3.102227827795708,-8.15087144677757,-349.34473000541766
196.83558706357266,17.23712029309922,7.156495293792325,3.1004711326569967,-8.154904071102033,-347.33574170168185
196.84605350368352,17.235175524197146,7.154427245276246,3.098731347156589,-8.15891726100216,-345.3439718449634
196.85651694923408,17.23322263748614,7.152378402718358,3.097008407734136,-8.162911062281985,-343.36935015857586
196.86697740622043,17.231261653269886,7.1503487158490415,3.0953022508157786,-8.166885520728593,-341.4118063658328
196.87743488064393,17.229292591850463,7.148338134398679,3.093612812814161,-8.170840682112104,-339.47127019004756
196.88788937851172,17.22731547352829,7.146346608097649,3.091940030128456,-8.174776592185697,-337.5476713545341
196.8983409058365,17.22533031860213,7.144374086676335,3.0902838391443903,-8.17869329668565,-335.6409395826061
196.90878946863648,17.2233371473691,7.142420519865115,3.0886441762342622,-8.182590841331347,-333.7510045975767
196.91923507293566,17.221335980124618,7.1404858573943715,3.087020977756958,-8.186469271825302,-331.8777961227599
196.9296777247634,17.219326837162498,7.138570048994484,3.085414180057977,-8.19032863385318,-330.0212438814692
196.94011743015466,17.217309738774897,7.136673044395836,3.0838237194694544,-8.194168973083787,-328.18127759701815
196.95055419514995,17.215284705252323,7.134794793328807,3.0822495323101915,-8.19799033516915,-326.3578269927201
196.96098802579544,17.2132517568836,7.132935245523779,3.0806915548856506,-8.201792765744479,-324.5508217918891
196.9714189281427,17.21121091395594,7.131094350711133,3.079149723488003,-8.20557631042822,-322.76019171783855
196.98184690824888,17.209162196754903,7.129272058621248,3.07762397439614,-8.20934101482206,-320.9858664938817
196.99227197217652,17.20710562556442,7.127468318984506,3.076114243875693,-8.213086924510957,-319.2277758433327
197.00269412599394,17.205041220666704,7.125683081531287,3.074620468179053,-8.216814085063149,-317.48584948950486
197.0131133757747,17.202969002342407,7.1239162959919735,3.0731425835453994,-8.220522542030176,-315.7600171557118
197.02352972759795,17.200888990870503,7.1221679120969466,3.0716805262007068,-8.224212340946906,-314.0502085652672
197.03394318754832,17.198801206528334,7.120437879576585,3.0702342323577954,-8.227883527331546,-312.3563534414845
197.04435376171588,17.19670566959156,7.118726148161272,3.0688036382163033,-8.231536146685672,-310.6783815076774
197.05476145619627,17.19460240033424,7.117032667581389,3.0673886799627637,-8.235170244494237,-309.0162224871593
197.06516627709044,17.192491419028794,7.1153573875673155,3.0659892937705813,-8.238785866225594,-307.36980610324423
197.07556823050484,17.19037274594599,7.113700257849431,3.0646054158000804,-8.242383057331526,-305.7390620792454
197.08596732255134,17.188246401354974,7.11206122815812,3.0632369821985077,-8.245961863247244,-304.1239201384765
197.09636355934734,17.1861124055232,7.11044024822376,3.0618839291000666,-8.24952232939142,-302.5243100042512
197.10675694701555,17.18397077871656,7.1088372677767335,3.0605461926259334,-8.253064501166211,-300.940161399883
197.11714749168416,17.181821541199266,7.107252236547422,3.0592237088842777,-8.256588423957274,-299.3714040486855
197.1275351994866,17.179664713233922,7.105685104266208,3.0579164139702777,-8.26009414313377,-297.81796767397236
197.137920076562,17.177500315081453,7.104135820663466,3.056624243966154,-8.263581704048407,-296.27978199905715
197.14830212905463,17.175328367001182,7.102604335469583,3.055347134941181,-8.267051152037453,-294.7567767472534
197.1586813631142,17.173148889250815,7.10109059841494,3.0540850229517065,-8.270502532420727,-293.2488816418747
197.16905778489573,17.170961902086415,7.0995945592299154,3.0528378440411785,-8.273935890501672,-291.75602640623487
197.1794314005598,17.168767425762383,7.098116167644891,3.0516055342401605,-8.277351271567323,-290.2781407636472
197.1898022162721,17.166565480531524,7.096655373390247,3.050388029566358,-8.28074872088835,-288.8151544374253
197.2001702382039,17.164356086645014,7.095212126196367,3.049185266024634,-8.284128283719081,-287.36699715088304
197.21053547253146,17.162139264352405,7.093786375793627,3.047997179607031,-8.287490005297505,-285.93359862733377
197.22089792543687,17.159915033901584,7.092378071912412,3.0468237062927943,-8.290833930845311,-284.51488859009123
197.23125760310705,17.157683415538855,7.090987164283105,3.045664782048384,-8.294160105567874,-283.11079676246885
197.24161451173453,17.15544442950888,7.089613602636079,3.0445203428275103,-8.297468574654323,-281.7212528677805
197.251968657517,17.153198096054695,7.088257336701724,3.0433903245711402,-8.300759383277505,-280.3461866293395
197.26232004665744,17.150944435417742,7.086918316210415,3.0422746632075266,-8.304032576594054,-278.98552777045956
197.2726686853643,17.14868346783778,7.0855964908925335,3.0411732946522188,-8.30728819974437,-277.6392060144543
