galstreams/tracks/track.st.Gaia-10.ibata2021.ecsv
# %ECSV 0.9
# ---
# datatype:
# - {name: ra, unit: deg, datatype: float64}
# - {name: dec, unit: deg, datatype: float64}
# - {name: distance, unit: kpc, datatype: float64}
# - {name: pm_ra_cosdec, unit: mas / yr, datatype: float64}
# - {name: pm_dec, unit: mas / yr, datatype: float64}
# - {name: radial_velocity, unit: km / s, datatype: float64}
# delimiter: ','
# meta: !!omap
# - __serialized_columns__:
#     dec:
#       __class__: astropy.coordinates.angles.Latitude
#       unit: &id001 !astropy.units.Unit {unit: deg}
#       value: !astropy.table.SerializedColumn {name: dec}
#     distance:
#       __class__: astropy.coordinates.distances.Distance
#       unit: !astropy.units.Unit {unit: kpc}
#       value: !astropy.table.SerializedColumn {name: distance}
#     pm_dec:
#       __class__: astropy.units.quantity.Quantity
#       unit: !astropy.units.Unit {unit: mas / yr}
#       value: !astropy.table.SerializedColumn {name: pm_dec}
#     pm_ra_cosdec:
#       __class__: astropy.units.quantity.Quantity
#       unit: !astropy.units.Unit {unit: mas / yr}
#       value: !astropy.table.SerializedColumn {name: pm_ra_cosdec}
#     ra:
#       __class__: astropy.coordinates.angles.Longitude
#       unit: *id001
#       value: !astropy.table.SerializedColumn {name: ra}
#       wrap_angle: !astropy.coordinates.Angle
#         unit: *id001
#         value: 360.0
#     radial_velocity:
#       __class__: astropy.units.quantity.Quantity
#       unit: !astropy.units.Unit {unit: km / s}
#       value: !astropy.table.SerializedColumn {name: radial_velocity}
# schema: astropy-2.0
ra,dec,distance,pm_ra_cosdec,pm_dec,radial_velocity
[from data line 1100]
162.07638985125547,14.761855076553923,13.168828261632846,-4.367440897339989,-3.1539001069820127,1.6841534259744676e-14
162.08668102044086,14.760822553776649,13.166682354030442,-4.368283468389535,-3.1539742483274464,-2.5262301389617013e-14
162.09697212810224,14.75978988309061,13.164538385091152,-4.369127505055558,-3.1540486529754888,-3.368306851948935e-14
162.10726317414304,14.75875706364152,13.162396351763809,-4.369973012341549,-3.154123324744719,0.0
162.11755415846656,14.75772409457513,13.16025625099724,-4.3708199952517175,-3.1541982674528395,8.420767129872338e-15
162.12784508097596,14.756690975037229,13.158118079740293,-4.371668458790964,-3.154273484916679,-5.0524602779234026e-14
162.13813594157412,14.75565770417362,13.155981834941793,-4.372518407964907,-3.1543489809522,-8.420767129872338e-15
162.1484267401639,14.754624281130154,13.153847513550577,-4.373369847779859,-3.154424759374491,7.578690416885104e-14
162.15871747664795,14.753590705052698,13.151715112515488,-4.374222783242844,-3.154500823997767,3.368306851948935e-14
162.16900815092876,14.752556975087165,13.149584628785348,-4.375077219361592,-3.154577178635376,-4.210383564936169e-14
162.1792987629086,14.751523090379484,13.147456059308999,-4.375933161144533,-3.1546538270997937,-7.578690416885104e-14
162.18958931248963,14.750489050075618,13.14532940103528,-4.3767906136008,-3.1547307732026213,2.5262301389617013e-14
162.19987979957392,14.749454853321572,13.143204650913018,-4.377649581740236,-3.154808020754594,-1.6841534259744676e-14
162.2101702240633,14.748420499263371,13.141081805891053,-4.378510070573383,-3.1548855735655756,-4.210383564936169e-14
162.22046058585937,14.74738598704707,13.13896086291822,-4.379372085111488,-3.1549634354445555,-2.5262301389617013e-14
162.2307508848637,14.746351315818762,13.136841818943353,-4.3802356303664975,-3.155041610199657,0.0
162.2410411209777,14.745316484724569,13.134724670915281,-4.381100711351071,-3.155120101638133,-1.0104920555846805e-13
162.2513312941025,14.744281492910641,13.132609415782845,-4.381967333078555,-3.155198913566364,8.420767129872338e-15
162.2616214041392,14.743246339523157,13.130496050494882,-4.382835500563013,-3.1552780497898607,0.0
162.27191145098865,14.742211023708336,13.128384572000229,-4.3837052188192,-3.155357514113264,-5.0524602779234026e-14
162.28220143455152,14.74117554461242,13.126274977247709,-4.384576492862584,-3.1554373103403504,-1.6841534259744676e-14
162.29249135472847,14.74013990138168,13.124167263186166,-4.385449327709319,-3.1555174422740175,4.210383564936169e-14
162.30278121141984,14.739104093162425,13.122061426764438,-4.386323728376276,-3.1555979137162997,-3.368306851948935e-14
162.31307100452588,14.738068119100998,13.11995746493135,-4.387199699881019,-3.155678728468363,5.894536990910637e-14
162.3233607339467,14.737031978343762,13.117855374635743,-4.388077247241814,-3.155759890330499,-7.578690416885104e-14
162.3336503995822,14.735995670037111,13.115755152826452,-4.388956375477629,-3.155841403102134,-8.420767129872338e-15
162.34394000133216,14.734959193327484,13.113656796452311,-4.389837089608126,-3.155923270581825,-8.420767129872338e-14
162.35422953909614,14.733922547361342,13.111560302462156,-4.390719394653679,-3.15600549656726,-7.578690416885104e-14
162.3645190127736,14.732885731285165,13.109465667804823,-4.391603295635349,-3.1560880848552593,3.368306851948935e-14
162.37480842226387,14.73184874424549,13.107372889429143,-4.39248879757491,-3.156171039241771,4.210383564936169e-14
162.38509776746602,14.730811585388865,13.105281964283954,-4.393375905494823,-3.156254363521878,4.210383564936169e-14
162.39538704827905,14.729774253861878,13.103192889318091,-4.394264624418253,-3.1563380614897967,8.420767129872338e-15
162.40567626460174,14.728736748811146,13.101105661480387,-4.395154959369067,-3.15642213693887,8.420767129872338e-15
162.41596541633277,14.727699069383311,13.09902027771968,-4.396046915371827,-3.1565065936615793,-7.578690416885104e-14
162.4262545033706,14.72666121472506,13.096936734984801,-4.396940497451792,-3.156591435449533,1.6841534259744676e-14
162.43654352561356,14.725623183983103,13.09485503022459,-4.397835710634922,-3.1566766660934733,-3.368306851948935e-14
162.44683248295982,14.724584976304172,13.092775160387873,-4.3987325599478755,-3.1567622893832783,-5.894536990910637e-14
162.45712137530737,14.723546590835046,13.090697122423496,-4.399631050418004,-3.1568483091079527,-1.6841534259744676e-14
162.4674102025541,14.722508026722531,13.088620913280288,-4.400531187073363,-3.1569347290556378,-4.210383564936169e-14
162.47769896459772,14.721469283113457,13.086546529907086,-4.4014329749427,-3.1570215530136077,-4.210383564936169e-14
162.4879876613357,14.72043035915469,13.084473969252725,-4.402336419055457,-3.1571087847682677,-5.0524602779234026e-14
162.49827629266542,14.719391253993127,13.082403228266037,-4.403241524441783,-3.157196428105157,-5.894536990910637e-14
162.50856485848414,14.718351966775698,13.080334303895857,-4.404148296132511,-3.1572844868089507,-3.368306851948935e-14
162.5188533586889,14.717312496649365,13.078267193091023,-4.405056739159179,-3.1573729646634545,0.0
162.52914179317656,14.71627284276111,13.076201892800375,-4.405966858554015,-3.157461865451604,-5.894536990910637e-14
162.53943016184388,14.715233004257973,13.074138399972735,-4.40687865934995,-3.1575511929554794,-3.368306851948935e-14
162.54971846458747,14.714192980286992,13.072076711556946,-4.4077921465806,-3.157640950956284,-8.420767129872338e-14
162.5600067013037,14.713152769995256,13.070016824501844,-4.408707325280284,-3.1577311432343587,-9.262843842859572e-14
162.57029487188885,14.712112372529878,13.067958735756257,-4.4096242004840125,-3.1578217735691827,-1.6841534259744676e-14
162.58058297623901,14.711071787038016,13.065902442269032,-4.410542777227491,-3.157912845739362,-1.6841534259744676e-14
162.59087101425018,14.710031012666839,13.063847940988996,-4.411463060547121,-3.1580043635226427,-2.5262301389617013e-14
162.6011589858181,14.708990048563555,13.061795228864982,-4.412385055479995,-3.158096330695903,-8.420767129872338e-14
162.61144689083838,14.707948893875413,13.05974430284583,-4.413308767063902,-3.158188751035156,-5.0524602779234026e-14
162.6217347292065,14.706907547749687,13.05769515988037,-4.414234200337326,-3.158281628315553,1.6841534259744676e-14
162.6320225008178,14.705866009333677,13.055647796917444,-4.415161360339439,-3.158374966311372,-2.5262301389617013e-14
162.6423102055674,14.70482427777472,13.053602210905881,-4.416090252110107,-3.158468768796036,-3.368306851948935e-14
162.65259784335032,14.703782352220179,13.051558398794517,-4.417020880689895,-3.158563039542096,8.420767129872338e-15
162.6628854140614,14.70274023181746,13.049516357532184,-4.417953251120053,-3.1586577823212445,-5.0524602779234026e-14
162.67317291759525,14.701697915713991,13.047476084067725,-4.418887368442529,-3.1587530009043014,-4.210383564936169e-14
162.6834603538464,14.700655403057235,13.045437575349972,-4.4198232376999576,-3.15884869906123,3.368306851948935e-14
162.69374772270933,14.69961269299468,13.043400828327755,-4.420760863935669,-3.1589448805611253,-1.0104920555846805e-13
162.7040350240781,14.698569784673852,13.041365839949915,-4.421700252193686,-3.159041549172222,-4.210383564936169e-14
162.71432225784682,14.697526677242312,13.039332607165289,-4.422641407518717,-3.1591387086618834,-5.894536990910637e-14
162.72460942390936,14.696483369847641,13.037301126922701,-4.4235843349561685,-3.1592363627966193,-4.210383564936169e-14
162.73489652215943,14.695439861637464,13.035271396170991,-4.424529039552134,-3.1593345153420698,1.6841534259744676e-14
162.74518355249063,14.694396151759424,13.033243411859,-4.425475526353394,-3.1594331700630076,-4.210383564936169e-14
162.75547051479637,14.693352239361214,13.031217170935562,-4.426423800407425,-3.159532330723352,-6.73661370389787e-14
162.76575740896988,14.692308123590534,13.029192670349508,-4.427373866762392,-3.1596320010861505,8.420767129872338e-15
162.77604423490425,14.691263803595142,13.027169907049668,-4.428325730467151,-3.159732184913595,-3.368306851948935e-14
162.78633099249242,14.690219278522811,13.025148877984883,-4.429279396571244,-3.159832885967009,0.0
162.79661768162723,14.689174547521352,13.02312958010399,-4.4302348701249015,-3.159934108006853,8.420767129872338e-15
162.80690430220125,14.6881296097386,13.02111201035582,-4.4311921561790495,-3.160035854792729,0.0
162.8171908541069,14.687084464322425,13.019096165689215,-4.432151259785295,-3.160138130083373,-1.6841534259744676e-14
162.82747733723662,14.68603911042074,13.017082043052998,-4.43311218599594,-3.1602409376366616,-5.0524602779234026e-14
162.83776375148238,14.684993547181474,13.015069639396012,-4.43407493986397,-3.1603442812096088,1.6841534259744676e-14
162.8480500967363,14.683947773752594,13.013058951667091,-4.43503952644306,-3.1604481645583626,5.0524602779234026e-14
162.85833637289022,14.682901789282097,13.011049976815073,-4.436005950787572,-3.1605525914382127,-6.73661370389787e-14
162.86862257983572,14.681855592918021,13.009042711788783,-4.436974217952559,-3.1606575656035902,0.0
162.8789087174644,14.680809183808417,13.007037153537066,-4.43794433299376,-3.1607630908080555,-5.0524602779234026e-14
162.8891947856676,14.67976256110139,13.005033299008756,-4.438916300967591,-3.1608691708043164,-4.210383564936169e-14
162.89948078433648,14.678715723945059,13.003031145152681,-4.439890126931171,-3.160975809344218,4.210383564936169e-14
162.90976671336216,14.677668671487577,13.001030688917684,-4.440865815942293,-3.161083010178739,-8.420767129872338e-15
162.92005257263548,14.676621402877144,12.999031927252595,-4.441843373059443,-3.161190777058001,5.0524602779234026e-14
162.9303383620472,14.675573917261968,12.99703485710625,-4.442822803341793,-3.161299113731266,0.0
162.94062408148787,14.674526213790317,12.995039475427484,-4.443804111849192,-3.1614080239469335,3.368306851948935e-14
162.95090973084794,14.673478291610467,12.993045779165127,-4.444787303642187,-3.1615175114525433,-7.578690416885104e-14
162.96119531001762,14.672430149870726,12.991053765268028,-4.445772383781995,-3.1616275799947724,-5.894536990910637e-14
162.97148081888702,14.67138178771945,12.989063430685011,-4.446759357330534,-3.16173823331944,-8.420767129872338e-15
162.98176625734612,14.67033320430503,12.98707477236491,-4.447748229350399,-3.1618494751715063,-5.894536990910637e-14
162.99205162528472,14.669284398775853,12.985087787256566,-4.448739004904864,-3.161961309295067,-3.368306851948935e-14
163.0023369225924,14.668235370280382,12.98310247230881,-4.449731689057899,-3.1620737394333656,-4.210383564936169e-14
163.0126221491587,14.667186117967088,12.98111882447048,-4.450726286874144,-3.1621867693287764,2.5262301389617013e-14
163.02290730487286,14.666136640984476,12.979136840690407,-4.451722803418937,-3.1623004027228236,0.0
163.0331923896241,14.665086938481085,12.977156517917434,-4.452721243758287,-3.162414643356163,-8.420767129872338e-14
163.04347740330144,14.664037009605488,12.975177853100387,-4.453721612958896,-3.1625294949686,-7.578690416885104e-14
163.05376234579364,14.662986853506286,12.973200843188101,-4.454723916088143,-3.162644961299079,-5.0524602779234026e-14
163.06404721698945,14.661936469332117,12.971225485129418,-4.455728158214087,-3.1627610460856763,3.368306851948935e-14
163.07433201677745,14.660885856231653,12.969251775873165,-4.456734344405479,-3.162877753065624,-8.420767129872338e-15
163.08461674504593,14.659835013353579,12.967279712368187,-4.45774247973174,-3.1629950859752824,-7.578690416885104e-14
163.09490140168316,14.658783939846636,12.965309291563305,-4.458752569262984,-3.1631130485501666,0.0
163.1051859865772,14.657732634859585,12.96334051040737,-4.459764618069997,-3.1632316445249185,-8.420767129872338e-15
163.11547049961595,14.65668109754122,12.961373365849205,-4.460778631224256,-3.1633508776333334,-7.578690416885104e-14
163.12575494068716,14.655629327040367,12.95940785483765,-4.461794613797909,-3.1634707516083465,8.420767129872338e-15
163.13603930967847,14.654577322505896,12.957443974321537,-4.462812570863791,-3.1635912701820317,-7.578690416885104e-14
163.14632360647724,14.653525083086675,12.955481721249706,-4.4638325074954155,-3.163712437085606,-4.210383564936169e-14
163.15660783097078,14.652472607931653,12.953521092570986,-4.464854428766977,-3.1638342560494324,-1.6841534259744676e-14
163.16689198304627,14.651419896189763,12.951562085234217,-4.46587833975335,-3.1639567308030143,-3.368306851948935e-14
163.17717606259063,14.650366947010005,12.949604696188233,-4.4669042455300865,-3.164079865074996,0.0
163.18746006949067,14.649313759541402,12.947648922381868,-4.4679321511734225,-3.164203662593168,-2.5262301389617013e-14
163.19774400363306,14.648260332932997,12.945694760763955,-4.468962061760269,-3.164328127084464,3.368306851948935e-14
163.20802786490432,14.647206666333874,12.943742208283334,-4.4699939823682175,-3.1644532622749573,4.210383564936169e-14
163.2183116531908,14.646152758893157,12.94179126188883,-4.471027918075541,-3.16457907188987,2.5262301389617013e-14
163.22859536837865,14.645098609759978,12.939841918529293,-4.472063873961182,-3.1647055596535605,-4.210383564936169e-14
163.2388790103539,14.644044218083533,12.937894175153543,-4.473101855104771,-3.164832729289539,-3.368306851948935e-14
163.2491625790025,14.642989583013028,12.935948028710424,-4.474141866586612,-3.164960584520455,-8.420767129872338e-15
163.2594460742101,14.641934703697707,12.934003476148774,-4.475183913487688,-3.1650891290681016,-5.0524602779234026e-14
163.2697294958623,14.64087957928685,12.932060514417419,-4.476228000889655,-3.1652183666534204,-8.420767129872338e-14
163.28001284384445,14.63982420892976,12.930119140465198,-4.477274133874856,-3.165348300996492,3.368306851948935e-14
163.2902961180419,14.63876859177578,12.928179351240946,-4.478322317526299,-3.1654789358165454,5.0524602779234026e-14
163.30057931833971,14.637712726974286,12.926241143693499,-4.479372556927678,-3.165610274831953,5.894536990910637e-14
163.3108624446228,14.636656613674681,12.924304514771686,-4.480424857163358,-3.16574232176023,-8.420767129872338e-15
163.32114549677598,14.635600251026407,12.922369461424347,-4.481479223318383,-3.165875080318042,0.0
163.3314284746839,14.63454363817893,12.920435980600324,-4.482535660478466,-3.166008554221194,6.73661370389787e-14
163.341711378231,14.63348677428175,12.91850406924844,-4.483594173730008,-3.166142747184639,3.368306851948935e-14
163.35199420730163,14.63242965848441,12.916573724317537,-4.484654768160074,-3.166277662922476,-7.578690416885104e-14
163.36227696177988,14.631372289936468,12.914644942756443,-4.485717448856411,-3.1664133051479517,-8.420767129872338e-15
163.37255964154988,14.630314667787532,12.912717721514001,-4.486782220907436,-3.1665496775734496,-3.368306851948935e-14
163.38284224649541,14.629256791187222,12.910792057539043,-4.4878490894022445,-3.1666867839105106,2.5262301389617013e-14
163.3931247765002,14.628198659285216,12.908867947780404,-4.4889180594306035,-3.1668246278698144,3.368306851948935e-14
163.40340723144777,14.6271402712312,12.906945389186916,-4.489989136082954,-3.1669632131611904,-3.368306851948935e-14
163.4136896112215,14.626081626174908,12.905024378707418,-4.491062324450415,-3.167102543493612,-1.6841534259744676e-14
163.4239719157047,14.625022723266097,12.903104913290743,-4.492137629624773,-3.1672426225752006,-7.578690416885104e-14
163.43425414478034,14.623963561654564,12.901186989885726,-4.4932150566984905,-3.1673834541132257,-5.894536990910637e-14
163.4445362983314,14.62290414049013,12.899270605441206,-4.494294610764702,-3.1675250418140983,-5.0524602779234026e-14
163.45481837624067,14.62184445892266,12.89735575690601,-4.495376296917219,-3.167667389383385,-8.420767129872338e-14
163.46510037839073,14.62078451610204,12.89544244122898,-4.49646012025052,-3.1678105005257944,-5.894536990910637e-14
163.47538230466404,14.619724311178196,12.893530655358948,-4.497546085859756,-3.1679543789451814,-5.0524602779234026e-14
