galstreams/tracks/track.st.Pal5.pricewhelan2019.ecsv
# %ECSV 0.9
# ---
# datatype:
# - {name: ra, unit: deg, datatype: float64}
# - {name: dec, unit: deg, datatype: float64}
# - {name: distance, unit: kpc, datatype: float64}
# - {name: pm_ra_cosdec, unit: mas / yr, datatype: float64}
# - {name: pm_dec, unit: mas / yr, datatype: float64}
# - {name: radial_velocity, unit: km / s, datatype: float64}
# delimiter: ','
# meta: !!omap
# - __serialized_columns__:
#     dec:
#       __class__: astropy.coordinates.angles.Latitude
#       unit: &id001 !astropy.units.Unit {unit: deg}
#       value: !astropy.table.SerializedColumn {name: dec}
#     distance:
#       __class__: astropy.coordinates.distances.Distance
#       unit: !astropy.units.Unit {unit: kpc}
#       value: !astropy.table.SerializedColumn {name: distance}
#     pm_dec:
#       __class__: astropy.units.quantity.Quantity
#       unit: !astropy.units.Unit {unit: mas / yr}
#       value: !astropy.table.SerializedColumn {name: pm_dec}
#     pm_ra_cosdec:
#       __class__: astropy.units.quantity.Quantity
#       unit: !astropy.units.Unit {unit: mas / yr}
#       value: !astropy.table.SerializedColumn {name: pm_ra_cosdec}
#     ra:
#       __class__: astropy.coordinates.angles.Longitude
#       unit: *id001
#       value: !astropy.table.SerializedColumn {name: ra}
#       wrap_angle: !astropy.coordinates.Angle
#         unit: *id001
#         value: 360.0
#     radial_velocity:
#       __class__: astropy.units.quantity.Quantity
#       unit: !astropy.units.Unit {unit: km / s}
#       value: !astropy.table.SerializedColumn {name: radial_velocity}
# schema: astropy-2.0
ra,dec,distance,pm_ra_cosdec,pm_dec,radial_velocity
242.09382436964572,6.883095033835641,22.0234082820527,-2.128504172067515,-2.3495202716654093,999.0000227425558
242.0167806194747,6.807182594809492,22.02256480808552,-2.1360335517010434,-2.3488770793352414,999.0000227428761
241.93482054152113,6.7389360852424645,22.021580867975008,-2.1434962029272517,-2.3483016565899093,999.0000227427786
241.84856246621027,6.677387752982427,22.020456461722567,-2.150895775729739,-2.3477908198045467,999.0000227421918
241.75931022796547,6.620506527445535,22.01919158933474,-2.158238976549236,-2.347338520844027,999.0000227412186
241.6682537544197,6.566440751539089,22.017786250818084,-2.1655317202921265,-2.346939349541768,999.0000227399938
241.57615861682697,6.513999659182923,22.01624044617697,-2.1727777454603387,-2.346589831644457,999.0000227386146
241.48333240855624,6.462704347188039,22.01455417541328,-2.179978557156493,-2.3462885188041973,999.0000227371268
241.3897274507075,6.41262724557595,22.012727438526806,-2.1871339878244127,-2.3460355024283417,999.0000227355263
241.2950906720466,6.364158848599485,22.010760235516127,-2.1942429427242724,-2.3458317429862383,999.0000227337787
241.19910895025242,6.317782008293036,22.008652566379386,-2.201304088706258,-2.3456784378214044,999.0000227318353
241.10152296376208,6.273895497240633,22.006404431114955,-2.2083163695258734,-2.3455765391838,999.0000227296508
241.0022001814818,6.23270122378248,22.00401582972192,-2.2152793169492204,-2.345526455728621,999.0000227271944
240.90116713758798,6.19415471340604,22.001486762200237,-2.222193171002183,-2.345527929495476,999.0000227244561
240.7986078460474,6.157968088892051,21.998817228550784,-2.229058850216726,-2.345580053706821,999.0000227214466
240.6948371029271,6.1236518724976925,21.99600722877518,-2.2358778168080677,-2.3456813916676964,999.0000227181971
240.5902585157378,6.090580279780703,21.99305676287562,-2.2426518824292425,-2.345830155168513,999.0000227147538
240.48531592182198,6.058066540967113,21.989965830854544,-2.249382992133506,-2.3460244073402254,999.0000227111708
240.38044552334742,6.025436898176427,21.986734432714414,-2.2560730170724055,-2.3462622608556636,999.0000227075045
240.27603411475346,5.992094988609448,21.98336256845741,-2.26272357781488,-2.3465420500327276,999.0000227038082
240.17238697665613,5.957571141822976,21.97985023808531,-2.2693359127180304,-2.3468624621580236,999.0000227001249
240.06970719024832,5.92155394895311,21.976197441599304,-2.2759107982364606,-2.3472226203985764,999.0000226964862
239.968086758231,5.8839035775876996,21.97240417899995,-2.2824485221776083,-2.3476221162884405,999.000022692908
239.86750869198346,5.844648190078447,21.968470450287185,-2.2889489053547707,-2.34806099521814,999.0000226893923
239.7678584285562,5.803966035330404,21.964396255460382,-2.295411363277505,-2.348539702217554,999.000022685927
239.6689424316458,5.762156551315461,21.960181594518453,-2.301834997055761,-2.3490589979441503,999.0000226824876
239.57051156689175,5.719604205175139,21.955826467459968,-2.3082187015818665,-2.349619856131283,999.0000226790411
239.47228685591,5.6767387626814925,21.951330874283308,-2.314561279476318,-2.3502233535978196,999.0000226755504
239.37398535952943,5.63399544458931,21.94669481498685,-2.3208615505619155,-2.3508705629015374,999.0000226719759
239.27534426726947,5.591777918921349,21.941918289569053,-2.3271184488100136,-2.351562455767849,999.0000226682803
239.17614164245416,5.550426501829875,21.93700129802862,-2.3333311010410225,-2.352299823257694,999.0000226644316
239.0762127031558,5.510193274754691,21.931943840364564,-2.3394988840505087,-2.35308321635938,999.0000226604064
238.9754609584444,5.471225148292731,21.92674591657632,-2.345621458964927,-2.3539129086067194,999.0000226561896
238.8738639264809,5.433555275772215,21.92140752666372,-2.3516987833184126,-2.3547888806377686,999.0000226517775
238.77147354122533,5.397102633900673,21.91592867062707,-2.3577311026512358,-2.3557108252632046,999.0000226471776
238.66841165699438,5.361679122652173,21.910309348467052,-2.363718924250696,-2.3566781707321427,999.0000226424073
238.56486132172026,5.327003135538439,21.904549560184748,-2.3696629762459933,-2.3576901192201936,999.0000226374942
238.46105465482518,5.292718300316067,21.8986493057815,-2.3755641555153604,-2.358745697242025,999.0000226324743
238.3572582871408,5.258415907678638,21.892608585258902,-2.3814234680470925,-2.359843814433066,999.0000226273877
238.25375736028144,5.223659489499492,21.886427398618626,-2.38724196540318,-2.360983327069195,999.0000226222807
238.15083906937255,5.188010035110903,21.8801057458624,-2.3930206808679997,-2.362163102698055,999.0000226171978
238.04877667672153,5.151050426805835,21.873643626991868,-2.3987605687260576,-2.363382082339998,999.0000226121841
237.94781481252167,5.112407852385472,21.867041042008506,-2.4044624498026677,-2.3646393369834966,999.0000226072806
237.84815675229603,5.071773150747429,21.860297990913544,-2.410126966013582,-2.365934115454415,999.0000226025217
237.74995420142844,5.028916293420112,21.853414473707932,-2.41575454609257,-2.367265881295916,999.000022597934
237.65329995414794,4.983697455463875,21.846390490392253,-2.4213453839850128,-2.368634336969877,999.0000225935361
237.55822362587026,4.93607338622232,21.839226040966697,-2.4268994306070595,-2.3700394344884295,999.0000225893355
237.46469049576893,4.886099036097358,21.831921125431087,-2.432416398839424,-2.3714813724362998,999.0000225853291
237.37260334834747,4.83392461892215,21.824475743784873,-2.4378957808232453,-2.372960580181644,999.0000225815054
237.2818070712281,4.77978848716536,21.816889896027128,-2.4433368759074536,-2.374477690834624,999.0000225778417
237.1920956579867,4.724006359544045,21.809163582156632,-2.4487388270331185,-2.376033505125871,999.0000225743074
237.10322118172988,4.666957564911799,21.80129680217191,-2.454100662971883,-2.37762894879529,999.0000225708642
237.0149042472132,4.609069052774756,21.79328955607129,-2.459421343679202,-2.37926502628362,999.0000225674704
236.9268453982276,4.550797967134396,21.78514184385298,-2.464699806082786,-2.3809427734972575,999.0000225640774
236.83873695088718,4.492613589281479,21.776853665515116,-2.469935007875372,-2.382663212195501,999.0000225606377
236.75027473967452,4.434979430522557,21.768425021055887,-2.475125967274503,-2.3844273081707934,999.0000225571018
236.66116930035994,4.3783361993225975,21.75985591047354,-2.480271797202698,-2.386235934904899,999.0000225534246
236.5711560669844,4.323086286705807,21.75114633376647,-2.485371732866637,-2.3880898438509575,999.0000225495623
236.48000422710368,4.2695803116612945,21.742296290933282,-2.490425152227103,-2.389989641962149,999.0000225454776
236.38752395525034,4.218106152565441,21.733305781972817,-2.4954315893052605,-2.3919357766123563,999.000022541138
236.2935718262395,4.1688807655663105,21.72417480688418,-2.500390740638679,-2.393928527662113,999.0000225365202
236.19805429366724,4.122044962460081,21.714903365666775,-2.505302465468413,-2.39596800613172,999.0000225316056
236.10092920091788,4.077661194732543,21.70549145832032,-2.510166780403182,-2.398054158756251,999.0000225263868
236.00220537022503,4.035714270348909,21.695939084844834,-2.51498384938633,-2.400186777599959,999.0000225208634
235.90194038609513,3.996114821354041,21.686246245240618,-2.519753969799039,-2.402365513884554,999.0000225150409
235.80023675152194,3.9587052453393516,21.676412939508236,-2.5244775554986942,-2.4045898952096403,999.0000225089354
235.69723664661288,3.923267765875205,21.666439167648527,-2.529155117534824,-2.40685934539221,999.0000225025673
235.59311555874348,3.8895341973157502,21.656324929662496,-2.533787243226717,-2.4091732062039615,999.0000224959643
235.48807508035125,3.857196959135173,21.646070225551345,-2.5383745742411206,-2.411530760326323,999.000022489158
235.38233518470415,3.8259208645065637,21.635675055316373,-2.5429177842799833,-2.413931254867429,999.0000224821837
235.27612629195744,3.7953552062596416,21.62513941895896,-2.547417556976952,-2.4163739247925684,999.0000224750794
235.16968142796253,3.7651456798924063,21.614463316480517,-2.5518745646003373,-2.418858015617731,999.0000224678842
235.0632287578202,3.7349457159822683,21.603646747882436,-2.556289448158315,-2.421382804715093,999.000022460637
234.9569847463686,3.7044268410562466,21.59268971316606,-2.560662799488892,-2.4239476205922226,999.0000224533753
234.85114816027038,3.6732877441523755,21.5815922123326,-2.5649951458798728,-2.4265518595446265,999.0000224461345
234.74589508292308,3.6412617931467612,21.570354245383164,-2.5692869376978287,-2.4291949991519624,999.0000224389479
234.64137506588844,3.60812281755349,21.558975812318717,-2.5735385394038497,-2.4318766081953362,999.0000224318425
234.53770849095608,3.573689049887438,21.547456913140024,-2.577750224202493,-2.4345963527142684,999.0000224248424
234.43498516714874,3.5378251930289473,21.535797547847704,-2.581922172413174,-2.43735399809025,999.0000224179671
234.33326413885268,3.5004426535275646,21.523997716442153,-2.586054473482715,-2.4401494072279455,999.00002241123
234.23257463644424,3.461498048045014,21.5120574189236,-2.590147131385346,-2.442982535091147,999.00002240464
234.13291806081224,3.420990149923293,21.499976655292112,-2.5942000729972485,-2.4458534200239193,999.0000223982008
234.03427085927345,3.3789554934156154,21.487755425547576,-2.598213158897743,-2.4487621724342983,999.0000223919125
233.9365881235287,3.335462893016266,21.475393729689774,-2.602186195950414,-2.4517089615273897,999.0000223857709
233.839807721173,3.2906071636164342,21.462891567718366,-2.6061189509595444,-2.4546940008395333,999.000022379768
233.74385476124468,3.2445023433600735,21.45024893963291,-2.610011164684519,-2.4577175333422896,999.0000223738946
233.6486461914148,3.197274725012799,21.437465845432943,-2.6138625655241037,-2.4607798168558914,999.0000223681379
233.55409532947178,3.149055993706445,21.424542285117948,-2.6176728822504227,-2.4638811104417018,999.0000223624857
233.4601161442277,3.099976749860936,21.411478258687403,-2.621441855269762,-2.467021662340138,999.0000223569247
233.36662712012188,3.050160666987829,21.398273766140846,-2.625169246005495,-2.470201699894571,999.0000223514426
233.27355456467885,2.999719496388164,21.38492880747779,-2.6288548441283033,-2.47342142176323,999.0000223460268
233.18083524745404,2.948749086142113,21.37144338269789,-2.632498472489473,-2.4766809925799143,999.0000223406668
233.08841829194103,2.897326532119581,21.35781749180079,-2.6360999897389528,-2.4799805400891666,999.0000223353544
232.996266276785,2.8455085260272392,21.344051134786266,-2.6396592907229866,-2.4833201546586614,999.0000223300825
232.9043555381892,2.7933309118009784,21.330144311654166,-2.6431763048535895,-2.4866998909657836,999.0000223248462
232.81267570026506,2.7408094090018915,21.31609702240439,-2.6466509927217103,-2.490119771568906,999.0000223196433
232.7212284929628,2.6879414122504866,21.301909267036947,-2.650083341286182,-2.4935797920078797,999.000022314473
232.63002594692318,2.634708730951569,21.287581045551875,-2.6534733580124787,-2.4970799270324533,999.0000223093355
232.53908808004024,2.5810810952522383,21.273112357949284,-2.656821064359278,-2.5006201375309307,999.0000223042337
232.44844021081346,2.5270202236955472,21.258503204229296,-2.6601264890180487,-2.504200377723615,999.0000222991702
232.35811004797,2.4724842264574636,21.243753584392064,-2.6633896613014962,-2.507820602195477,999.0000222941482
232.26812471386756,2.417432106124931,21.228863498437732,-2.6666106050519094,-2.511480772369462,999.0000222891721
232.1785078605682,2.3618281160769063,21.21383294636643,-2.669789333401001,-2.515180862065279,999.0000222842443
232.08927703217202,2.305645744694486,21.198661928178247,-2.672925844657947,-2.518920861847496,999.0000222793673
232.0004414152459,2.24887111151848,21.18335044387321,-2.6760201195355093,-2.522700781939786,999.0000222745412
231.9120001014065,2.1915055884013763,21.167898493451318,-2.6790721198456726,-2.526520653566946,999.0000222697665
231.82394096300524,2.133567493655463,21.152306076912488,-2.6820817887100916,-2.530380528679222,999.0000222650403
231.73624021527758,2.0750927488655204,21.136573194256567,-2.6850490522410966,-2.534280478109961,999.000022260359
231.64886270730378,2.016134434846818,21.120699845483337,-2.6879738225608283,-2.5382205883121,999.0000222557163
231.56176295086203,1.9567612334199902,21.104686030592532,-2.6908560019452503,-2.542200956905326,999.0000222511061
231.47488686201555,1.8970547933244188,21.08853174958381,-2.6936954878117776,-2.54622168733803,999.0000222465194
231.38817415638493,1.8371061096992791,21.072237002456827,-2.6964921782187146,-2.550282883020981,999.0000222419468
231.3015613068723,1.7770110551119134,21.0558017892112,-2.699245977516198,-2.554384641319219,999.0000222373795
231.21498494340918,1.716865244132314,21.039226109846553,-2.7019568017826785,-2.5585270477930364,999.0000222328076
231.12838554933515,1.656758451098098,21.022509964362552,-2.7046245836984606,-2.5627101710583204,999.0000222282223
231.04171128936915,1.5967688303204832,21.005653352758888,-2.7072492765468747,-2.5669340585935956,999.0000222236164
230.95492179074415,1.5369572081348966,20.98865627503533,-2.7098308570888263,-2.5711987337602094,999.0000222189846
230.86799169267388,1.4773617257960725,20.971518731191743,-2.7123693271235925,-2.5755041942291097,999.0000222143241
230.7809137804057,1.4179931104962535,20.954240721228096,-2.7148647136216915,-2.5798504119287933,999.0000222096337
230.69370152892802,1.3588308383913128,20.936822245144494,-2.7173170673882763,-2.5842373345503997,999.0000222049177
230.6063908979191,1.2998204285075103,20.919263302941157,-2.7197264602847304,-2.588664888572117,999.000022200182
230.5190412434134,1.240872070264307,20.901563894618462,-2.72209298109737,-2.59313298369922,999.0000221954373
230.43173524233444,1.1818607410168782,20.88372402017691,-2.724416730196393,-2.597641518558977,999.0000221906967
230.34457776259868,1.1226279148434564,20.865743679617147,-2.7266978131754147,-2.602190387440204,999.0000221859787
230.25769365278552,1.062984901521602,20.847622872939922,-2.728936333704564,-2.606779487823002,999.0000221813012
230.17122447001324,1.0027177873544775,20.829361600146086,-2.7311323858716308,-2.611408728402049,999.0000221766882
230.0853242110589,0.941593879609631,20.81095986123656,-2.7332860463282227,-2.616078037264305,999.000022172163
230.00015415817484,0.8793694864447407,20.79241765621231,-2.7353973666018057,-2.6207873698383906,999.0000221677503
229.91587699563388,0.8157987970801238,20.773734985074285,-2.7374663659787695,-2.6255367161899548,999.0000221634745
229.83265039388726,0.7506435654604893,20.75491184782343,-2.7394930254029717,-2.630326107200316,999.0000221593592
229.75062029348751,0.6836832475138751,20.73594824446058,-2.7414772828611134,-2.6351556191422882,999.0000221554251
229.66991414883898,0.6147252000010872,20.71684417498647,-2.7434190307303132,-2.6400253761680013,999.0000221516899
229.59063441079996,0.5436145202453873,20.697599639401666,-2.7453181155344373,-2.644935550259772,999.0000221481665
229.51285253581523,0.4702430927827111,20.678214637706557,-2.7471743404818816,-2.6498863582766448,999.0000221448627
229.43660380657178,0.3945574127578798,20.658689169901287,-2.7489874710348094,-2.6548780558629694,999.0000221417802
229.36188323446268,0.3165647777599811,20.639023235985782,-2.7507572435827794,-2.6599109281720956,999.0000221389143
229.28864278719075,0.23633748015124287,20.61921683595968,-2.7524833770712016,-2.6649852775920384,999.0000221362532
229.21679014585175,0.15401469051931688,20.599269969822377,-2.7541655871772353,-2.6701014089260346,999.0000221337774
229.14618914553932,0.06980179865307584,20.579182637572984,-2.7558036023555776,-2.675259612757313,999.000022131462
229.076661993124,-0.016032930388397364,20.558954839210386,-2.7573971808205773,-2.6804601479851082,999.0000221292756
229.00799328708658,-0.10316442353996122,20.53858657473326,-2.7589461273201557,-2.6857032247262387,999.0000221271811
228.93993578932938,-0.19121951522159852,20.518077844140077,-2.760450308422964,-2.6909889889015006,999.0000221251375
