galstreams/tracks/track.st.NGC6101.ibata2021.ecsv
# %ECSV 0.9
# ---
# datatype:
# - {name: ra, unit: deg, datatype: float64}
# - {name: dec, unit: deg, datatype: float64}
# - {name: distance, unit: kpc, datatype: float64}
# - {name: pm_ra_cosdec, unit: mas / yr, datatype: float64}
# - {name: pm_dec, unit: mas / yr, datatype: float64}
# - {name: radial_velocity, unit: km / s, datatype: float64}
# delimiter: ','
# meta: !!omap
# - __serialized_columns__:
#     dec:
#       __class__: astropy.coordinates.angles.Latitude
#       unit: &id001 !astropy.units.Unit {unit: deg}
#       value: !astropy.table.SerializedColumn {name: dec}
#     distance:
#       __class__: astropy.coordinates.distances.Distance
#       unit: !astropy.units.Unit {unit: kpc}
#       value: !astropy.table.SerializedColumn {name: distance}
#     pm_dec:
#       __class__: astropy.units.quantity.Quantity
#       unit: !astropy.units.Unit {unit: mas / yr}
#       value: !astropy.table.SerializedColumn {name: pm_dec}
#     pm_ra_cosdec:
#       __class__: astropy.units.quantity.Quantity
#       unit: !astropy.units.Unit {unit: mas / yr}
#       value: !astropy.table.SerializedColumn {name: pm_ra_cosdec}
#     ra:
#       __class__: astropy.coordinates.angles.Longitude
#       unit: *id001
#       value: !astropy.table.SerializedColumn {name: ra}
#       wrap_angle: !astropy.coordinates.Angle
#         unit: *id001
#         value: 360.0
#     radial_velocity:
#       __class__: astropy.units.quantity.Quantity
#       unit: !astropy.units.Unit {unit: km / s}
#       value: !astropy.table.SerializedColumn {name: radial_velocity}
# schema: astropy-2.0
ra,dec,distance,pm_ra_cosdec,pm_dec,radial_velocity
[from data line 946]
268.09631587259764,-68.23359531305012,15.137455190111288,1.6813038611832316,0.4274537594083061,-2.1051917824680845e-15
268.11894145553845,-68.2280577139859,15.143814301392807,1.6819207639519969,0.42737820630526513,-1.894672604221276e-14
268.1415593886996,-68.22251855821202,15.150209151240446,1.6825415160506356,0.4272935729303671,-2.947268495455318e-14
268.16416967401886,-68.21697784561682,15.156639812932488,1.6831661342910815,0.427199837775204,-2.1051917824680845e-15
268.18677231343133,-68.21143557608893,15.163106359747216,1.683794635511851,0.42709697934557234,-2.7367493172085098e-14
268.2093673088697,-68.2058917495172,15.16960886496292,1.6844270365780012,0.4269849761614907,-6.315575347404253e-15
268.23195466226395,-68.20034636579082,15.17614740185788,1.685063354381094,0.42686380675720187,-1.6841534259744676e-14
268.2545343755416,-68.19479942479916,15.182722043710385,1.6857036058391472,0.4267334496811868,-2.1051917824680845e-15
268.2771064506275,-68.18925092643188,15.18933286379872,1.6863478078965988,0.42659388349617094,8.420767129872338e-15
268.29967088944403,-68.18370087057893,15.19597993540117,1.6869959775242631,0.42644508677913484,-6.315575347404253e-15
268.322227693911,-68.17814925713049,15.20266333179602,1.6876481317192873,0.42628703812132396,-1.0525958912340423e-14
268.34477686594556,-68.17259608597703,15.209383126261555,1.6883042875051157,0.42611971612825705,-1.2631150694808506e-14
268.3673184074625,-68.16704135700927,15.216139392076057,1.6889644619314441,0.4259430994197331,-2.1051917824680846e-14
268.389852320374,-68.16148507011818,15.222932202517816,1.6896286720741773,0.4257571666298448,-8.420767129872338e-15
268.4123786065897,-68.15592722519507,15.229761630865118,1.690296935035394,0.42556189640698255,0.0
268.4348972680167,-68.15036782213146,15.23662775039624,1.6909692679432988,0.4253572674138463,-4.210383564936169e-15
268.45740830655956,-68.14480686081913,15.243530634389474,1.691645687952183,0.42514325832745353,4.210383564936169e-15
268.4799117241203,-68.13924434115019,15.250470356123104,1.6923262122423857,0.42491984783914716,-2.1051917824680846e-14
268.5024075225986,-68.13368026301696,15.257446988875419,1.6930108580202505,0.4246870146546067,-2.7367493172085098e-14
268.5248957038916,-68.12811462631208,15.264460605924695,1.6936996425180832,0.42444473749385436,1.473634247727659e-14
268.5473762698936,-68.12254743092842,15.271511280549223,1.6943925829941142,0.42419299509126046,-8.420767129872338e-15
268.5698492224969,-68.11697867675922,15.278599086027294,1.6950896967324531,0.4239317661955606,-3.157787673702127e-14
268.59231456359095,-68.11140836369783,15.285724095637176,1.6957910010430512,0.42366102956985785,-1.473634247727659e-14
268.61477229506295,-68.10583649163807,15.292886382657171,1.6964965132616565,0.42338076399162966,-4.210383564936169e-15
268.6372224187974,-68.10026306047389,15.300086020365557,1.6972062507497767,0.42309094825274046,4.210383564936169e-15
268.6596649366765,-68.09468807009961,15.307323082040616,1.6979202308946357,0.4227915611594467,-6.315575347404253e-15
268.68209985058,-68.08911152040977,15.314597640960642,1.6986384711091305,0.4224825815324076,0.0
268.70452716238503,-68.08353341129923,15.32190977040392,1.6993609888317964,0.4221639882066896,-2.315710960714893e-14
268.72694687396637,-68.07795374266311,15.329259543648721,1.7000878015267589,0.42183576003178,-1.2631150694808506e-14
268.74935898719633,-68.07237251439683,15.336647033973344,1.7008189266836975,0.4214978758715874,-1.0525958912340423e-14
268.7717635039447,-68.06678972639611,15.34407231465607,1.7015543818178025,0.4211503146044552,-2.315710960714893e-14
268.7941604260791,-68.06120537855689,15.351535458975183,1.702294184469734,0.4207930551231685,4.210383564936169e-15
268.8165497554643,-68.05561947077547,15.359036540208969,1.703038352205581,0.420426076334957,-2.1051917824680846e-14
268.8389314939629,-68.0500320029484,15.366575631635717,1.7037869026168213,0.4200493571615109,-3.789345208442552e-14
268.86130564343506,-68.04444297497251,15.374152806533706,1.7045398533202805,0.4196628765389838,-2.315710960714893e-14
268.88367220573855,-68.03885238674495,15.381768138181226,1.7052972219580884,0.4192666134179982,8.420767129872338e-15
268.90603118272855,-68.03326023816314,15.38942169985656,1.7060590261976438,0.4188605467636549,0.0
268.92838257625795,-68.02766652912477,15.397113564837987,1.7068252837315672,0.418444655555544,1.894672604221276e-14
268.95072638817726,-68.02207125952788,15.404843806403806,1.7075960122776632,0.4180189187877453,1.2631150694808506e-14
268.97306262033453,-68.01647442927077,15.412612497832287,1.7083712295788784,0.41758331546884164,0.0
268.9953912745754,-68.010876038252,15.42041971240173,1.7091509534032632,0.4171378246219234,-8.420767129872338e-15
269.0177123527433,-68.00527608637047,15.42826552339041,1.7099352015439269,0.41668242528459526,-1.6841534259744676e-14
269.040025856679,-67.99967457352537,15.436150004076614,1.7107239918190014,0.416217096508985,-2.5262301389617013e-14
269.062331788221,-67.99407149961617,15.444073227738627,1.7115173420715954,0.4157418173617483,-2.315710960714893e-14
269.0846301492056,-67.98846686454264,15.45203526765474,1.7123152701697575,0.4152565669240776,-1.0525958912340423e-14
269.10692094146646,-67.98286066820486,15.460036197103229,1.7131177940064346,0.4147613242917067,-1.894672604221276e-14
269.129204166835,-67.97725291050321,15.468076089362386,1.7139249314994294,0.4142560685749205,-3.789345208442552e-14
269.15147982714035,-67.97164359133835,15.476155017710493,1.7147367005913616,0.4137407788985616,-2.315710960714893e-14
269.1737479242092,-67.96603271061124,15.484273055425836,1.7155531192496272,0.4132154344020327,-2.5262301389617013e-14
269.1960084598658,-67.96042026822319,15.492430275786697,1.7163742054663567,0.4126800142393085,-2.5262301389617013e-14
269.2182614359323,-67.95480626407574,15.500626752071367,1.717199977258374,0.4121344975789393,-1.473634247727659e-14
269.2405068542283,-67.9491906980708,15.50886255755813,1.7180304526671588,0.4115788636040571,-3.789345208442552e-14
269.26274471657115,-67.94357357011054,15.51713776552527,1.7188656497587995,0.41101309151238785,8.420767129872338e-15
269.2849750247758,-67.93795488009744,15.52545244925107,1.7197055866239634,0.41043716051624507,-1.6841534259744676e-14
269.3071977806551,-67.93233462793431,15.533806682013815,1.720550281377844,0.40985104984255216,-4.210383564936169e-15
269.32941298601924,-67.92671281352425,15.542200537091794,1.7213997521601276,0.40925473873283646,4.210383564936169e-15
269.3516206426763,-67.92108943677067,15.550634087763294,1.7222540171349525,0.4086482064432396,-2.1051917824680846e-14
269.37382075243227,-67.91546449757729,15.559107407306593,1.723113094490865,0.40803143224452854,2.1051917824680845e-15
269.3960133170903,-67.90983799584812,15.567620568999981,1.7239770024407828,0.4074043954220897,0.0
269.4181983384516,-67.90420993148753,15.576173646121742,1.7248457592219522,0.4067670752759469,-1.894672604221276e-14
269.44037581831515,-67.89858030440014,15.584766711950158,1.7257193830959066,0.4061194511207633,-2.1051917824680845e-15
269.4625457584774,-67.89294911449095,15.593399839763519,1.72659789234843,0.40546150228584144,-2.315710960714893e-14
269.48470816073274,-67.8873163616652,15.602073102840109,1.727481305289511,0.40479320811514163,0.0
269.5068630268731,-67.88168204582848,15.610786574458213,1.7283696402533097,0.4041145479672724,0.0
269.52901035868814,-67.87604616688671,15.619540327896111,1.729262915598108,0.40342550121550874,-1.894672604221276e-14
269.5511501579655,-67.87040872474611,15.6283344364321,1.7301611497062777,0.40272604724779376,4.210383564936169e-15
269.5732824264902,-67.8647697193132,15.637168973344457,1.7310643609842364,0.40201616546674,2.1051917824680845e-15
269.59540716604533,-67.85912915049485,15.646044011911464,1.731972567862406,0.40129583528964047,-3.157787673702127e-14
269.61752437841153,-67.85348701819821,15.654959625411411,1.7328857887951745,0.4005650361484734,-3.5788260301957434e-14
269.63963406536726,-67.84784332233077,15.663915887122585,1.7338040422608536,0.3998237474899056,2.1051917824680845e-15
269.66173622868865,-67.84219806280036,15.672912870323266,1.734727346761644,0.3990719487752954,-2.947268495455318e-14
269.6838308701498,-67.8365512395151,15.681950648291744,1.7356557208235843,0.3983096194807061,-1.894672604221276e-14
269.7059179915223,-67.83090285238342,15.691029294306302,1.736589182996523,0.39753673909690407,0.0
269.72799759457575,-67.82525290131413,15.700148881645227,1.7375277518540704,0.3967532871293641,-1.0525958912340423e-14
269.7500696810774,-67.8196013862163,15.709309483586802,1.7384714459935604,0.3959592430982792,-1.894672604221276e-14
269.7721342527923,-67.81394830699935,15.71851117340931,1.7394202840360111,0.39515458653856217,2.1051917824680845e-15
269.79419131148325,-67.80829366357302,15.727754024391038,1.740374284626084,0.39433929699985026,-1.473634247727659e-14
269.816240858911,-67.8026374558474,15.737038109810271,1.7413334664320412,0.39351335404651283,-4.210383564936169e-15
269.83828289683385,-67.79697968373287,15.7463635029453,1.7422978481457132,0.39267673725765107,-2.315710960714893e-14
269.8603174270082,-67.79132034714014,15.755730277074402,1.7432674484824486,0.3918294262271118,-8.420767129872338e-15
269.882344451188,-67.78565944598031,15.765138505475868,1.74424228618108,0.3909714005634808,-1.2631150694808506e-14
269.9043639711251,-67.7799969801647,15.77458826142798,1.7452223800038855,0.39010263989009597,-2.1051917824680846e-14
269.9263759885692,-67.77433294960504,15.784079618209024,1.7462077487365422,0.3892231238450502,-2.947268495455318e-14
269.94838050526783,-67.76866735421336,15.793612649097279,1.7471984111880923,0.3883328320811922,-3.157787673702127e-14
269.9703775229662,-67.76300019390206,15.803187427371041,1.7481943861909,0.38743174426613675,-2.7367493172085098e-14
269.9923670434076,-67.75733146858381,15.81280402630859,1.749195692600612,0.386519840082264,-1.2631150694808506e-14
270.01434906833293,-67.75166117817164,15.822462519188212,1.7502023492961165,0.38559709922672547,-2.315710960714893e-14
270.0363235994811,-67.74598932257895,15.832162979288189,1.7512143751795075,0.3846635014114521,-1.6841534259744676e-14
270.05829063858863,-67.74031590171943,15.841905479886812,1.752231789176039,0.3837190263631504,-2.5262301389617013e-14
270.08025018739016,-67.73464091550709,15.851690094262363,1.7532546102340882,0.3827636538233159,-3.368306851948935e-14
270.1022022476181,-67.7289643638563,15.861516895693127,1.754282857325116,0.3817973635482318,-2.1051917824680846e-14
270.12414682100257,-67.72328624668181,15.871385957457388,1.7553165494436267,0.3808201353089715,-2.947268495455318e-14
270.14608390927185,-67.71760656389864,15.881297352833432,1.756355705607128,0.37983194889140937,-1.6841534259744676e-14
270.1680135141517,-67.71192531542218,15.891251155099546,1.7574003448560886,0.378832784096216,-2.7367493172085098e-14
270.18993563736615,-67.70624250116812,15.90124743753401,1.7584504862539025,0.3778226207388716,-1.2631150694808506e-14
270.2118502806369,-67.70055812105257,15.911286273415117,1.7595061488868478,0.37680143864966126,0.0
270.23375744568347,-67.69487217499191,15.92136773602115,1.7605673518640463,0.3757692176736811,-4.631421921429786e-14
270.25565713422344,-67.68918466290286,15.931491898630387,1.7616341143174221,0.3747259376708511,-2.1051917824680845e-15
270.2775493479722,-67.68349558470254,15.941658834521117,1.7627064554016676,0.37367157851590055,-1.894672604221276e-14
270.29943408864307,-67.67780494030836,15.951868616971634,1.7637843942941955,0.37260612009838967,-8.420767129872338e-15
270.3213113579472,-67.6721127296381,15.962121319260213,1.7648679501951072,0.3715295423227023,6.315575347404253e-15
270.3431811575937,-67.66641895260987,15.97241701466514,1.765957142327147,0.37044182510805174,-1.894672604221276e-14
270.36504348928963,-67.66072360914212,15.982755776464703,1.767051989935666,0.3693429483884877,-3.9998643866893604e-14
