galstreams/tracks/track.st.Monoceros.ramos2021.ecsv
# %ECSV 0.9
# ---
# datatype:
# - {name: ra, unit: deg, datatype: float64}
# - {name: dec, unit: deg, datatype: float64}
# - {name: distance, unit: kpc, datatype: float64}
# - {name: pm_ra_cosdec, unit: mas / yr, datatype: float64}
# - {name: pm_dec, unit: mas / yr, datatype: float64}
# - {name: radial_velocity, unit: km / s, datatype: float64}
# delimiter: ','
# meta: !!omap
# - __serialized_columns__:
#     dec:
#       __class__: astropy.coordinates.angles.Latitude
#       unit: &id001 !astropy.units.Unit {unit: deg}
#       value: !astropy.table.SerializedColumn {name: dec}
#     distance:
#       __class__: astropy.coordinates.distances.Distance
#       unit: !astropy.units.Unit {unit: kpc}
#       value: !astropy.table.SerializedColumn {name: distance}
#     pm_dec:
#       __class__: astropy.units.quantity.Quantity
#       unit: !astropy.units.Unit {unit: mas / yr}
#       value: !astropy.table.SerializedColumn {name: pm_dec}
#     pm_ra_cosdec:
#       __class__: astropy.units.quantity.Quantity
#       unit: !astropy.units.Unit {unit: mas / yr}
#       value: !astropy.table.SerializedColumn {name: pm_ra_cosdec}
#     ra:
#       __class__: astropy.coordinates.angles.Longitude
#       unit: *id001
#       value: !astropy.table.SerializedColumn {name: ra}
#       wrap_angle: !astropy.coordinates.Angle
#         unit: *id001
#         value: 360.0
#     radial_velocity:
#       __class__: astropy.units.quantity.Quantity
#       unit: !astropy.units.Unit {unit: km / s}
#       value: !astropy.table.SerializedColumn {name: radial_velocity}
# schema: astropy-2.0
ra,dec,distance,pm_ra_cosdec,pm_dec,radial_velocity
[from data line 1091]
95.93737722476925,62.98978580613316,10.599999999999996,0.2951582913644345,-0.35145355569430775,-1.1578554803574466e-14
95.9452689978795,62.98015785986524,10.599999999999994,0.2951501269312604,-0.3519920397167378,-9.47336302110638e-15
95.9531611351577,62.97053113842167,10.599999999999994,0.2951427508736815,-0.35252989075140573,-6.315575347404253e-15
95.96105367843965,62.96090565372464,10.599999999999994,0.2951361625364539,-0.3530671134427508,-1.3683746586042549e-14
95.96894666916623,62.951281417580574,10.599999999999994,0.295130361227091,-0.35360371244151056,-8.420767129872338e-15
95.9768401483844,62.94165844168024,10.599999999999994,0.295125346215883,-0.354139692404344,-6.315575347404253e-15
95.98473415674773,62.93203673759888,10.599999999999998,0.2951211167359147,-0.35467505799346044,-1.2631150694808506e-14
95.99262873451707,62.922416316796316,10.599999999999993,0.29511767198309036,-0.35520981387624506,-9.47336302110638e-15
96.00052392156125,62.912797190617155,10.599999999999994,0.29511501111615585,-0.3557439647248879,-9.47336302110638e-15
96.00841975735763,62.903179370290985,10.599999999999994,0.2951131332567259,-0.3562775152160158,-1.0525958912340423e-14
96.01631628099304,62.893562866932335,10.599999999999994,0.2951120374893085,-0.35681047003032135,-1.1578554803574466e-14
96.02421353116442,62.883947691540946,10.599999999999996,0.295111722861337,-0.3573428338522013,-1.1578554803574466e-14
96.0321115461795,62.8743338550019,10.599999999999994,0.29511218838319836,-0.35787461136938487,-1.1578554803574466e-14
96.04001036395734,62.864721368085895,10.599999999999996,0.29511343302826704,-0.3584058072725749,-9.47336302110638e-15
96.04791002202957,62.85511024144919,10.599999999999996,0.2951154557329387,-0.35893642625508515,-1.3683746586042549e-14
96.05581055754068,62.84550048563384,10.599999999999996,0.2951182553966642,-0.35946647301247675,-8.420767129872338e-15
96.06371200724904,62.835892111068034,10.599999999999998,0.2951218308819902,-0.35999595224220343,-7.368171238638296e-15
96.07161440752762,62.82628512806597,10.599999999999994,0.295126181014595,-0.36052486864324984,-9.47336302110638e-15
96.07951779436458,62.81667954682836,10.599999999999994,0.29513130458333114,-0.36105322691577657,-1.1578554803574466e-14
96.08742220336441,62.80707537744231,10.599999999999996,0.29513720034026864,-0.3615810317607675,-1.2631150694808506e-14
96.09532766974854,62.79747262988166,10.599999999999996,0.2951438670007352,-0.3621082878796761,-1.473634247727659e-14
96.10323422835624,62.787871314007084,10.599999999999994,0.2951513032433654,-0.3626349999740716,-1.1578554803574466e-14
96.11114191364514,62.77827143956648,10.599999999999996,0.29515950771014776,-0.36316117274529164,-1.1578554803574466e-14
96.11905075969256,62.768673016194874,10.599999999999996,0.2951684790064717,-0.3636868108940947,-1.3683746586042549e-14
96.126960800196,62.75907605341476,10.599999999999996,0.2951782157011805,-0.3642119191203103,-1.1578554803574466e-14
96.13487206847421,62.74948056063628,10.599999999999996,0.29518871632662,-0.3647365021224982,-1.3683746586042549e-14
96.1427845974677,62.739886547157525,10.599999999999998,0.29519997937869874,-0.36526056459760103,-1.1578554803574466e-14
96.15069841974004,62.73029402216454,10.599999999999998,0.2952120033169356,-0.3657841112406035,-1.3683746586042549e-14
96.15861356747854,62.72070299473167,10.599999999999994,0.2952247865645231,-0.3663071467441971,-1.2631150694808506e-14
96.16653007249512,62.7111134738217,10.599999999999994,0.2952383275083824,-0.36682967579843223,-1.3683746586042549e-14
96.1744479662273,62.701525468286086,10.599999999999994,0.2952526244992255,-0.3673517030903906,-8.420767129872338e-15
96.1823672797389,62.69193898686534,10.599999999999996,0.2952676758516179,-0.3678732333038447,-1.3683746586042549e-14
96.19028804372122,62.68235403818891,10.599999999999996,0.29528347984403835,-0.3683942711189262,-1.3683746586042549e-14
96.19821028849387,62.67277063077564,10.599999999999998,0.2953000347189479,-0.3689148212117938,-1.2631150694808506e-14
96.20613404400571,62.66318877303391,10.599999999999996,0.2953173386828547,-0.3694348882543036,-1.1578554803574466e-14
96.21405933983559,62.65360847326206,10.599999999999996,0.29533538990638236,-0.3699544769136781,-1.2631150694808506e-14
96.22198620519367,62.644029739648246,10.599999999999996,0.29535418652434053,-0.3704735918521852,-8.420767129872338e-15
96.22991466892215,62.634452580271,10.599999999999996,0.29537372663579503,-0.37099223772680623,-1.1578554803574466e-14
96.23784475949627,62.62487700309926,10.599999999999996,0.2953940083041405,-0.371510419188919,-1.0525958912340423e-14
96.24577650502523,62.61530301599286,10.599999999999996,0.2954150295571785,-0.37202814088397085,-9.47336302110638e-15
96.25370993325333,62.605730626702474,10.599999999999993,0.29543678838718823,-0.3725454074511641,-9.47336302110638e-15
96.26164507156085,62.59615984287006,10.599999999999996,0.29545928275100775,-0.37306222352313323,-1.0525958912340423e-14
96.26958194696508,62.58659067202903,10.599999999999994,0.29548251057011177,-0.37357859372563196,-1.1578554803574466e-14
96.27752058612138,62.57702312160448,10.599999999999996,0.2955064697306924,-0.3740945226772171,-1.1578554803574466e-14
96.28546101532397,62.56745719891366,10.599999999999996,0.295531158083742,-0.37461001498893653,-1.0525958912340423e-14
96.29340326050729,62.557892911165865,10.599999999999996,0.2955565734451356,-0.37512507526401684,-1.1578554803574466e-14
96.30134734724682,62.54833026546299,10.599999999999994,0.2955827135957176,-0.3756397080975581,-1.473634247727659e-14
96.30929330076026,62.5387692687996,10.599999999999996,0.2956095762813855,-0.37615391807622184,-1.1578554803574466e-14
96.31724114590823,62.529209928063494,10.599999999999996,0.29563715921318356,-0.3766677097779264,-1.2631150694808506e-14
96.32519090719587,62.51965225003554,10.599999999999994,0.29566546006738603,-0.3771810877715458,-8.420767129872338e-15
96.33314260877349,62.510096241390315,10.599999999999994,0.29569447648559194,-0.37769405661660554,-7.368171238638296e-15
96.34109627443786,62.500541908696135,10.599999999999996,0.2957242060748186,-0.37820662086298357,-9.47336302110638e-15
96.34905192763296,62.49098925841559,10.599999999999996,0.2957546464075932,-0.3787187850506098,-1.1578554803574466e-14
96.35700959145154,62.48143829690554,10.599999999999994,0.29578579502204955,-0.3792305537091738,-1.473634247727659e-14
96.36496928863592,62.47188903041755,10.599999999999996,0.2958176494220246,-0.37974193135782586,-1.1578554803574466e-14
96.3729310415791,62.4623414650982,10.599999999999996,0.29585020707715765,-0.3802529225048859,-1.473634247727659e-14
96.38089487232597,62.45279560698922,10.599999999999996,0.2958834654229897,-0.3807635316475549,-1.473634247727659e-14
96.38886080257423,62.44325146202806,10.599999999999996,0.2959174218610667,-0.38127376327162144,-8.420767129872338e-15
96.39682885367577,62.4337090360479,10.599999999999996,0.2959520737590379,-0.3817836218511773,-1.2631150694808506e-14
96.40479904663763,62.42416833477804,10.599999999999996,0.29598741845076515,-0.38229311184833203,-1.473634247727659e-14
96.41277140212325,62.41462936384418,10.599999999999996,0.29602345323642465,-0.3828022377129291,-1.0525958912340423e-14
96.42074594045333,62.40509212876892,10.599999999999996,0.2960601753826174,-0.3833110038822638,-1.5788938368510635e-14
96.42872268160737,62.39555663497172,10.599999999999994,0.2960975821224747,-0.3838194147808042,-1.2631150694808506e-14
96.43670164522453,62.38602288776947,10.599999999999994,0.2961356706557695,-0.38432747481991353,-1.3683746586042549e-14
96.44468285060509,62.37649089237662,10.599999999999998,0.2961744381490266,-0.3848351883975745,-1.3683746586042549e-14
96.45266631671103,62.36696065390575,10.599999999999993,0.29621388173563845,-0.3853425598981143,-1.2631150694808506e-14
96.46065206216795,62.35743217736755,10.599999999999996,0.29625399851597406,-0.38584959369193245,-1.473634247727659e-14
96.46864010526578,62.347905467671346,10.599999999999996,0.29629478555749833,-0.386356294135233,-1.2631150694808506e-14
96.47663046396,62.338380529625375,10.599999999999998,0.2963362398948881,-0.3868626655697542,-1.2631150694808506e-14
96.48462315587311,62.328857367937076,10.599999999999998,0.29637835853014766,-0.3873687123225028,-1.2631150694808506e-14
96.49261819829529,62.31933598721352,10.599999999999993,0.29642113843273366,-0.3878744387054891,-1.5788938368510635e-14
96.50061560818624,62.30981639196155,10.599999999999996,0.29646457653966946,-0.3883798490154656,-1.2631150694808506e-14
96.50861540217593,62.30029858658825,10.599999999999994,0.2965086697556716,-0.3888849475336657,-1.2631150694808506e-14
96.51661759656612,62.29078257540117,10.599999999999996,0.29655341495327114,-0.3893897385255474,-1.1578554803574466e-14
96.52462220733118,62.28126836260886,10.599999999999994,0.29659880897294144,-0.38989422624053227,-1.473634247727659e-14
96.53262925011978,62.27175595232096,10.599999999999996,0.2966448486232194,-0.3903984149117553,-1.473634247727659e-14
96.54063874025584,62.26224534854861,10.599999999999996,0.29669153068083753,-0.3909023087558098,-1.1578554803574466e-14
96.54865069273984,62.252736555204905,10.599999999999998,0.29673885189084914,-0.3914059119724974,-1.3683746586042549e-14
96.55666512225012,62.24322957610503,10.599999999999994,0.2967868089667603,-0.3919092287445806,-1.6841534259744676e-14
96.56468204314386,62.23372441496688,10.599999999999993,0.29683539859066144,-0.39241226323753253,-1.473634247727659e-14
96.57270146945874,62.22422107541112,10.599999999999994,0.2968846174133578,-0.39291501959929603,-1.0525958912340423e-14
96.58072341491395,62.21471956096171,10.599999999999994,0.2969344620545056,-0.3934175019600396,-1.0525958912340423e-14
96.58874789291154,62.20521987504611,10.599999999999994,0.2969849291027443,-0.393919714431915,-1.2631150694808506e-14
96.59677491653748,62.1957220209959,10.599999999999994,0.297036015115837,-0.3944216611088205,-1.473634247727659e-14
96.60480449856328,62.18622600204677,10.599999999999998,0.2970877166208033,-0.3949233460661643,-1.2631150694808506e-14
96.61283665144703,62.17673182133916,10.599999999999994,0.297140030114062,-0.3954247733606276,-1.0525958912340423e-14
96.6208713873348,62.167239481918436,10.599999999999994,0.29719295206156765,-0.395925947029933,-1.2631150694808506e-14
96.62890871806172,62.15774898673546,10.599999999999994,0.29724647889895567,-0.3964268710926142,-1.2631150694808506e-14
96.63694865515359,62.1482603386467,10.599999999999994,0.2973006070316816,-0.39692754954778664,-9.47336302110638e-15
96.64499120982795,62.13877354041476,10.599999999999996,0.2973553328351651,-0.39742798637492044,-1.3683746586042549e-14
96.65303639299555,62.12928859470861,10.599999999999996,0.29741065265493766,-0.3979281855336174,-1.0525958912340423e-14
96.66108421526131,62.119805504104264,10.599999999999996,0.29746656280678396,-0.39842815096338435,-1.2631150694808506e-14
96.6691346869261,62.11032427108466,10.599999999999994,0.2975230595768944,-0.39892788658341716,-1.3683746586042549e-14
96.67718781798777,62.100844898040435,10.599999999999996,0.2975801392220083,-0.39942739629237806,-1.0525958912340423e-14
96.68524361814254,62.09136738727014,10.599999999999996,0.2976377979695668,-0.3999266839681823,-1.2631150694808506e-14
96.69330209678638,62.081891740980595,10.599999999999996,0.2976960320178627,-0.40042575346778075,-1.1578554803574466e-14
96.70136326301608,62.072417961287385,10.599999999999996,0.2977548375361929,-0.4009246086269478,-1.5788938368510635e-14
96.70942712563097,62.06294605021506,10.599999999999996,0.29781421066500935,-0.4014232532600731,-1.2631150694808506e-14
96.71749369313402,62.05347600969764,10.599999999999994,0.29787414751607516,-0.4019216911599495,-1.1578554803574466e-14
96.7255629737333,62.04400784157893,10.599999999999994,0.29793464417261867,-0.40241992609756894,-1.3683746586042549e-14
96.73363497534302,62.034541547613074,10.599999999999996,0.2979956966894919,-0.4029179618219175,-1.894672604221276e-14
96.7417097055854,62.02507712946461,10.599999999999994,0.2980573010933247,-0.40341580205977184,-1.2631150694808506e-14
96.74978717179158,62.01561458870922,10.599999999999996,0.2981194533826858,-0.4039134505155005,-1.5788938368510635e-14
96.75786738100317,62.00615392683379,10.599999999999996,0.29818214952824157,-0.40441091087086417,-1.6841534259744676e-14
96.76595033997367,61.99669514523702,10.599999999999996,0.2982453854729159,-0.40490818678481977,-1.2631150694808506e-14
96.77403605516952,61.98723824522988,10.599999999999996,0.29830915713205525,-0.4054052818933268,-1.473634247727659e-14
96.78212453277189,61.97778322803569,10.599999999999996,0.2983734603935868,-0.4059021998091539,-1.2631150694808506e-14
96.79021577867779,61.96833009479077,10.599999999999996,0.2984382911181857,-0.40639894412169,-1.473634247727659e-14
96.79830979850156,61.95887884654472,10.599999999999996,0.2985036451394387,-0.4068955183967552,-1.473634247727659e-14
96.80640659757603,61.949429484260996,10.599999999999996,0.29856951826401174,-0.40739192617641506,-1.5788938368510635e-14
96.81450618095424,61.93998200881704,10.599999999999996,0.2986359062718141,-0.4078881709787967,-1.0525958912340423e-14
96.82260855341057,61.93053642100487,10.599999999999996,0.2987028049161686,-0.4083842562979067,-1.1578554803574466e-14
96.83071371944234,61.92109272153136,10.599999999999993,0.29877020992397973,-0.4088801856034518,-1.2631150694808506e-14
96.83882168327081,61.91165091101886,10.599999999999996,0.29883811699590507,-0.4093759623406592,-1.3683746586042549e-14
96.84693244884305,61.902210990005315,10.599999999999994,0.29890652180652505,-0.40987158993010364,-1.5788938368510635e-14
96.85504601983307,61.89277295894487,10.599999999999996,0.29897542000451427,-0.4103670717675307,-1.1578554803574466e-14
96.86316239964331,61.883336818208164,10.599999999999994,0.29904480721281645,-0.41086241122368794,-7.368171238638296e-15
96.871281591406,61.87390256808282,10.599999999999996,0.2991146790288159,-0.4113576116441528,-1.3683746586042549e-14
96.87940359798448,61.864470208773895,10.599999999999998,0.29918503102451677,-0.4118526763491672,-1.3683746586042549e-14
96.88752842197479,61.85503974040411,10.599999999999994,0.299255858746714,-0.4123476086334698,-9.47336302110638e-15
96.895656065707,61.84561116301444,10.599999999999998,0.2993271577171718,-0.4128424117661355,-1.1578554803574466e-14
96.90378653124668,61.836184476564384,10.599999999999994,0.2993989234328035,-0.41333708899041177,-1.2631150694808506e-14
96.91191982039608,61.826759680932625,10.599999999999996,0.2994711513658477,-0.4138316435235591,-1.5788938368510635e-14
96.92005593469591,61.81733677591713,10.599999999999994,0.2995438369640488,-0.41432607855669623,-1.1578554803574466e-14
96.92819487542648,61.80791576123576,10.599999999999996,0.2996169756508373,-0.4148203972546425,-1.3683746586042549e-14
96.93633664360938,61.79849663652663,10.599999999999996,0.29969056282551076,-0.41531460275576676,-1.2631150694808506e-14
96.94448124000847,61.78907940134866,10.599999999999998,0.2997645938634187,-0.4158086981718341,-1.3683746586042549e-14
96.95262866513185,61.779664055181726,10.599999999999994,0.2998390641161411,-0.4163026865878596,-9.47336302110638e-15
96.96077891923295,61.770250597427356,10.599999999999998,0.29991396891167577,-0.41679657106195833,-1.473634247727659e-14
96.96893200231209,61.76083902740898,10.599999999999996,0.2999893035546228,-0.4172903546252038,-1.3683746586042549e-14
96.97708791411787,61.751429344372376,10.599999999999998,0.3000650633263692,-0.4177840402814833,-1.2631150694808506e-14
96.98524665414848,61.74202154748628,10.599999999999996,0.3001412434852776,-0.4182776310073557,-1.2631150694808506e-14
96.99340822165345,61.73261563584255,10.599999999999996,0.30021783926687007,-0.41877112975191655,-8.420767129872338e-15
97.00157261563488,61.72321160845673,10.599999999999996,0.30029484588401995,-0.41926453943665876,-1.5788938368510635e-14
