galstreams/tracks/track.st.Gaia-9.ibata2021.ecsv
# %ECSV 1.0
# ---
# datatype:
# - {name: ra, unit: deg, datatype: float64}
# - {name: dec, unit: deg, datatype: float64}
# - {name: distance, unit: kpc, datatype: float64}
# - {name: pm_ra_cosdec, unit: mas / yr, datatype: float64}
# - {name: pm_dec, unit: mas / yr, datatype: float64}
# - {name: radial_velocity, unit: km / s, datatype: float64}
# delimiter: ','
# meta: !!omap
# - __serialized_columns__:
#     dec:
#       __class__: astropy.coordinates.angles.Latitude
#       unit: &id001 !astropy.units.Unit {unit: deg}
#       value: !astropy.table.SerializedColumn {name: dec}
#     distance:
#       __class__: astropy.coordinates.distances.Distance
#       unit: !astropy.units.Unit {unit: kpc}
#       value: !astropy.table.SerializedColumn {name: distance}
#     pm_dec:
#       __class__: astropy.units.quantity.Quantity
#       unit: !astropy.units.Unit {unit: mas / yr}
#       value: !astropy.table.SerializedColumn {name: pm_dec}
#     pm_ra_cosdec:
#       __class__: astropy.units.quantity.Quantity
#       unit: !astropy.units.Unit {unit: mas / yr}
#       value: !astropy.table.SerializedColumn {name: pm_ra_cosdec}
#     ra:
#       __class__: astropy.coordinates.angles.Longitude
#       unit: *id001
#       value: !astropy.table.SerializedColumn {name: ra}
#       wrap_angle: !astropy.coordinates.Angle
#         unit: *id001
#         value: 360.0
#     radial_velocity:
#       __class__: astropy.units.quantity.Quantity
#       unit: !astropy.units.Unit {unit: km / s}
#       value: !astropy.table.SerializedColumn {name: radial_velocity}
# schema: astropy-2.0
ra,dec,distance,pm_ra_cosdec,pm_dec,radial_velocity
[from data line 1997]
243.55704648976928,53.43303086758428,4.977960648996106,-9.106604516544941,5.834531418724347,-305.8930737735784
243.56165005773977,53.423120425821395,4.9795418231331015,-9.104898029945744,5.832258571348039,-306.23462184361233
243.56624633270295,53.413208408186726,4.98112492161095,-9.103195710777683,5.829985748958089,-306.5768579127438
243.57083531455638,53.403294814095275,4.9827099458453725,-9.101497561451243,5.827712954246285,-306.9197826654717
243.57541700319794,53.39337964296145,4.984296897252097,-9.099803584376918,5.825440189902926,-307.26339678629586
243.57999139852564,53.38346289419904,4.985885777246836,-9.098113781965278,5.823167458616788,-307.6077009597155
243.5845585004376,53.37354456722123,4.98747658724532,-9.096428156626944,5.820894763075122,-307.9526958702303
243.5891183088321,53.363624661440575,4.989069328663267,-9.094746710772606,5.818622105963672,-308.2983822023391
243.5936708236076,53.35370317626902,4.990664002916402,-9.093069446813006,5.816349489966659,-308.6447606405417
243.5982160446627,53.34378011111789,4.992260611420443,-9.091396367158977,5.8140769177667835,-308.9918318693372
243.60275397189616,53.3338554653979,4.9938591555911165,-9.08972747422138,5.811804392045212,-309.33959657322526
243.60728460520696,53.32392923851913,4.995459636844143,-9.088062770411172,5.809531915481597,-309.68805543670516
243.61180794449416,53.31400142989105,4.9970620565952455,-9.086402258139358,5.807259490754066,-310.0372091442761
243.61632398965702,53.304072038922506,4.9986664162601455,-9.08474593981705,5.804987120539206,-310.38705838043785
243.6208327405949,53.29414106502171,5.000272717254566,-9.083093817855417,5.802714807512063,-310.7376038296892
243.6253341972075,53.28420850759626,5.001880960994227,-9.081445894665688,5.800442554346185,-311.0888461765304
243.62982835939434,53.27427436605316,5.003491148894853,-9.079802172659228,5.798170363713531,-311.44078610546
243.63431522705548,53.26433863979871,5.005103282372167,-9.078162654247414,5.795898238284581,-311.79342430097796
243.63879480009084,53.25440132823866,5.006717362841888,-9.076527341841768,5.793626180728221,-312.14676144758334
243.64326707840056,53.244462430778086,5.0083333917197415,-9.074896237853899,5.791354193711816,-312.50079822977557
243.64773206188508,53.23452194682146,5.009951370421449,-9.073269344695445,5.789082279901204,-312.855535332054
243.65218975044493,53.22457987577261,5.011571300362731,-9.071646664778191,5.786810441960662,-313.21097343891813
243.65664014398067,53.21463621703471,5.013193182959311,-9.070028200514024,5.784538682552901,-313.56711323486746
243.66108324239312,53.20469097001038,5.014817019626912,-9.068413954314888,5.7822670043391104,-313.923955404401
243.66551904558324,53.19474413410151,5.016442811781256,-9.066803928592865,5.779995409978914,-314.28150063201866
243.66994755345212,53.184795708709416,5.018070560838063,-9.06519812576012,5.777723902130375,-314.6397496022192
243.6743687659011,53.17484569323477,5.019700268213058,-9.063596548228904,5.775452483450021,-314.9987029995026
243.67878268283152,53.164894087077585,5.021331935321962,-9.061999198411629,5.7731811565928,-315.35836150836764
243.68318930414506,53.15494088963726,5.022965563580499,-9.060406078720746,5.770909924212118,-315.71872581331445
243.6875886297433,53.144986100312565,5.024601154404387,-9.058817191568897,5.768638788959792,-316.0797965988417
243.69198065952816,53.13502971850157,5.026238709209353,-9.05723253936878,5.766367753486101,-316.4415745494492
243.6963653934017,53.1250717436018,5.027878229411116,-9.055652124533218,5.7640968204397485,-316.80406034963596
243.70074283126604,53.115112175010054,5.0295197164253995,-9.054075949475179,5.76182599246787,-317.16725468390183
243.70511297302355,53.10515101212252,5.031163171667927,-9.05250401660772,5.759555272216023,-317.53115823674597
243.70947581857675,53.09518825433477,5.032808596554419,-9.050936328344022,5.757284662328222,-317.89577169266767
243.71383136782816,53.08522390104167,5.0344559925006,-9.04937288709744,5.75501416544686,-318.26109573616645
243.71817962068062,53.0752579516375,5.036105360922187,-9.047813695281402,5.752743784212797,-318.62713105174174
243.72252057703705,53.06529040551586,5.037756703234909,-9.046258755309488,5.750473521265291,-318.9938783238929
243.72685423680048,53.05532126206971,5.039410020854484,-9.044708069595416,5.748203379242022,-319.36133823711896
243.73118059987422,53.04535052069137,5.041065315196635,-9.043161640553013,5.745933360779115,-319.72951147592
243.73549966616153,53.03537818077252,5.042722587677085,-9.041619470596299,5.743663468511067,-320.0983987247948
243.73981143556603,53.025404241704145,5.044381839711554,-9.040081562139362,5.741393705070823,-320.4680006682428
243.74411590799127,53.015428702876626,5.046043072715769,-9.038547917596485,5.7391240730897195,-320.83831799076364
243.74841308334118,53.005451563679664,5.047706288105448,-9.037018539382073,5.7368545751975235,-321.2093513768566
243.75270296151965,52.99547282350231,5.0493714872963125,-9.03549342991069,5.7345852140224,-321.58110151102113
243.75698554243078,52.98549248173299,5.05103867170409,-9.033972591597028,5.732315992190917,-321.9535690777566
243.76126082597887,52.97551053775943,5.052707842744499,-9.032456026855955,5.730046912328049,-322.32675476156214
243.7655288120683,52.96552699096873,5.054379001833259,-9.030943738102462,5.727777977057193,-322.70065924693756
243.76978950060354,52.95554184074732,5.0560521503860985,-9.029435727751743,5.725509189000096,-323.0752832183819
243.77404289148944,52.945555086480994,5.057727289818737,-9.02793199821908,5.723240550776975,-323.4506273603947
243.77828898463062,52.93556672755484,5.059404421546896,-9.026432551920005,5.720972065006378,-323.8266923574753
243.7825277799322,52.925576763353334,5.061083546986298,-9.024937391270132,5.718703734305289,-324.20347889412295
243.78675927729927,52.915585193260256,5.062764667552666,-9.023446518685276,5.716435561289066,-324.5809876548374
243.790983476637,52.90559201665875,5.064447784661723,-9.021959936581435,5.71416754857147,-324.9592193241177
243.79520037785096,52.895597232931294,5.0661328997291895,-9.020477647374722,5.711899698764652,-325.33817458646325
243.7994099808466,52.88560084145967,5.067820014170787,-9.018999653481478,5.709632014479139,-325.71785412637377
243.80361228552957,52.87560284162503,5.06950912940224,-9.01752595731821,5.7073644983238445,-326.0982586283482
243.80780729180583,52.86560323280786,5.071200246839271,-9.01605656130155,5.705097152906085,-326.47938877688637
243.8119949995812,52.855602014387934,5.072893367897598,-9.014591467848378,5.702829980831531,-326.8612452564872
243.8161754087619,52.84559918574444,5.07458849399295,-9.013130679375706,5.700562984704259,-327.2438287516505
243.8203485192541,52.83559474625581,5.076285626541043,-9.011674198300767,5.698296167126697,-327.6271399468752
243.8245143309643,52.825588695299864,5.077984766957603,-9.010222027040932,5.6960295306996755,-328.01117952666107
243.82867284379896,52.81558103225373,5.07968591665835,-9.008774168013797,5.693763078022394,-328.39594817550727
243.83282405766474,52.80557175649386,5.0813890770590096,-9.007330623637142,5.691496811692405,-328.7814465779133
243.83696797246853,52.79556086739604,5.083094249575301,-9.005891396328924,5.689230734305656,-329.1676754183786
243.84110458811728,52.78554836433539,5.084801435622946,-9.0044564885073,5.686964848456458,-329.55463538140236
243.845233904518,52.77553424668633,5.0865106366176684,-9.003025902590643,5.684699156737467,-329.9423271514842
243.84935592157794,52.76551851382264,5.088221853975193,-9.001599640997501,5.682433661739733,-330.3307514131233
243.85347063920455,52.755501165117394,5.089935089111236,-9.000177706146633,5.680168366052659,-330.71990885081925
243.85757805730523,52.745482199943005,5.091650343441524,-8.998760100457003,5.677903272264008,-331.10980014907125
243.86167817578763,52.73546161767119,5.093367618381778,-8.997346826347783,5.675638382959891,-331.5004259923786
243.86577099455965,52.72543941767302,5.095086915347722,-8.995937886238323,5.673373700724813,-331.8917870652411
243.8698565135291,52.71541559931885,5.096808235755075,-8.994533282548234,5.671109228141594,-332.28388405215753
243.87393473260406,52.70539016197838,5.098531581019561,-8.993133017697293,5.668844967791437,-332.67671763762803
243.87800565169266,52.695363105020604,5.100256952556902,-8.991737094105531,5.666580922253874,-333.0702885061512
243.88206927070328,52.685334427813835,5.101984351782821,-8.990345514193173,5.664317094106798,-333.4645973422269
243.88612558954443,52.67530412972573,5.103713780113039,-8.98895828038064,5.662053485926475,-333.8596448303545
243.89017460812457,52.665272210123234,5.10544523896328,-8.987575395088637,5.659790100287475,-334.25543165503314
243.89421632635248,52.65523866837262,5.107178729749265,-8.986196860738042,5.657526939762736,-334.65195850076236
243.89825074413707,52.64520350383947,5.108914253886717,-8.984822679749954,5.655264006923551,-335.0492260520418
243.90227786138726,52.63516671588866,5.110651812791356,-8.98345285454575,5.653001304339522,-335.4472349933703
243.9062976780122,52.6251283038844,5.112391407878907,-8.982087387546983,5.650738834578626,-335.84598600924767
243.91031019392116,52.61508826719023,5.11413304056509,-8.980726281175473,5.648476600207154,-336.24547978417297
243.91431540902354,52.60504660516895,5.115876712265629,-8.979369537853255,5.646214603789746,-336.6457170026458
243.91831332322886,52.595003317182695,5.117622424396247,-8.978017160002604,5.643952847889373,-337.04669834916575
243.92230393644667,52.5849584025929,5.119370178372664,-8.976669150046064,5.641691335067326,-337.4484245082316
243.9262872485869,52.574911860760324,5.121119975610604,-8.975325510406357,5.6394300678832545,-337.8508961643434
243.9302632595594,52.56486369104502,5.122871817525788,-8.973986243506511,5.637169048895115,-338.2541140020001
243.9342319692742,52.55481389280632,5.12462570553394,-8.97265135176977,5.634908280659189,-338.6580787057013
243.93819337764145,52.54476246540291,5.126381641050779,-8.971320837619635,5.6326477657300975,-339.06279095994614
243.94214748457156,52.53470940819275,5.12813962549203,-8.969994703479836,5.630387506660793,-339.46825144923434
243.94609428997484,52.5246547205331,5.129899660273415,-8.96867295177438,5.628127506002518,-339.8744608580648
243.95003379376192,52.514598401780525,5.131661746810654,-8.967355584927533,5.625867766304865,-340.2814198709374
243.9539659958435,52.50454045129089,5.133425886519472,-8.966042605363779,5.62360829011574,-340.68912917235156
243.95789089613032,52.49448086841939,5.1351920808155915,-8.964734015507904,5.621349079981351,-341.0975894468061
243.96180849453341,52.48441965252044,5.136960331114731,-8.963429817784931,5.619090138446234,-341.50680137880096
243.9657187909638,52.47435680294783,5.138730638832619,-8.962130014620152,5.6168314680532365,-341.9167656528351
243.96962178533272,52.464292319054636,5.1405030053849705,-8.96083460843912,5.6145730713435205,-342.3274829534085
243.97351747755147,52.454226200193176,5.142277432187512,-8.959543601667669,5.612314950856547,-342.7389539650198
243.97740586753147,52.44415844571512,5.144053920655965,-8.958256996731887,5.610057109130097,-343.1511793721689
243.98128695518437,52.43408905497143,5.145832472206053,-8.956974796058134,5.6077995487002505,-343.564159859355
243.9851607404218,52.4240180273123,5.147613088253498,-8.955697002073059,5.605542272101396,-343.97789611107754
243.98902722315563,52.41394536208729,5.149395770214017,-8.954423617203588,5.603285281866232,-344.39238881183576
243.9928864032978,52.40387105864521,5.151180519503341,-8.953154643876893,5.6010285805257345,-344.807638646129
243.9967382807604,52.39379511633416,5.152967337537186,-8.951890084520453,5.59877217060921,-345.22364629845737
244.00058285545558,52.383717534501564,5.1547562257312745,-8.95062994156205,5.596516054644245,-345.6404124533192
244.00442012729573,52.37363831249408,5.156547185501333,-8.949374217429687,5.594260235156719,-346.0579377952145
244.0082500961932,52.363557449657705,5.15834021826308,-8.948122914551734,5.592004714670813,-346.4762230086425
244.01207276206068,52.353474945337695,5.16013532543224,-8.94687603535677,5.589749495709012,-346.89526877810266
244.01588812481077,52.343390798878595,5.161932508424532,-8.945633582273732,5.587494580792078,-347.3150757880943
244.0196961843563,52.33330500962425,5.163731768655681,-8.944395557731816,5.585239972439051,-347.7356447231169
244.02349694061024,52.32321757691776,5.165533107541409,-8.943161964160513,5.582985673167292,-348.1569762676696
244.02729039348557,52.313128500101534,5.167336526497437,-8.94193280398963,5.580731685492406,-348.5790711062518
244.03107654289556,52.30303777851725,5.169142026939487,-8.940708079649246,5.578478011928335,-349.00192992336326
244.03485538875336,52.29294541150588,5.1709496102832855,-8.939487793569786,5.576224654987246,-349.42555340350293
244.03862693097258,52.282851398407686,5.172759277944551,-8.938271948181914,5.573971617179642,-349.8499422311707
244.04239116946655,52.27275573856215,5.1745710313390045,-8.937060545916673,5.571718901014251,-350.2750970908654
244.04614810414915,52.262658431308104,5.1763848718823695,-8.93585358920535,5.5694665089981354,-350.70101866708694
244.0498977349339,52.25255947598362,5.178200800990371,-8.9346510804796,5.567214443636576,-351.127707644334
244.05364006173485,52.24245887192607,5.180018820078729,-8.933453022171335,5.564962707433185,-351.55516470710666
244.05737508446597,52.23235661847208,5.181838930563166,-8.932259416712823,5.562711302889803,-351.98339053990395
244.0611028030413,52.22225271495757,5.1836611338594025,-8.931070266536647,5.560460232506561,-352.4123858272255
244.06482321737525,52.212147160717706,5.185485431383164,-8.929885574075676,5.558209498781859,-352.84215125357036
244.06853632738208,52.202039955086946,5.18731182455017,-8.928705341763115,5.555959104212365,-353.2726875034381
244.07224213297624,52.19193109739905,5.189140314776144,-8.927529572032517,5.553709051293016,-353.7039952613281
244.07594063407234,52.181820586987,5.190970903476807,-8.926358267317735,5.551459342516989,-354.13607521173964
244.0796318305851,52.17170842318307,5.192803592067887,-8.92519143005295,5.549209980375762,-354.5689280391726
244.08331572242935,52.16159460531882,5.194638381965098,-8.924029062672673,5.546960967359057,-355.00255442812556
244.08699230951999,52.15147913272504,5.1964752745841665,-8.922871167611765,5.54471230595484,-355.4369550630985
244.09066159177203,52.141362004731846,5.198314271340813,-8.921717747305408,5.542463998649369,-355.87213062859047
244.0943235691007,52.13124322066856,5.200155373650762,-8.920568804189106,5.5402160479271245,-356.30808180910117
244.09797824142137,52.1211227798638,5.2019985829297335,-8.919424340698702,5.537968456270872,-356.74480928912976
244.1016256086492,52.11100068164547,5.203843900593452,-8.918284359270432,5.535721226161594,-357.1823137531755
244.10526567069982,52.100876925340714,5.20569132805764,-8.917148862340795,5.533474360078566,-357.62059588573806
244.10889842748884,52.09075151027592,5.207540866738015,-8.916017852346684,5.531227860499292,-358.05965637131675
244.11252387893194,52.080624435776805,5.209392518050306,-8.91489133172533,5.528981729899516,-358.49949589441087
244.11614202494505,52.07049570116826,5.2112462834102296,-8.91376930291429,5.526735970753249,-358.9401151395199
244.119752865444,52.06036530577453,5.213102164233512,-8.91265176835151,5.524490585532731,-359.3815147911433
244.12335640034493,52.05023324891905,5.214960161935874,-8.91153873047526,5.522245576708461,-359.8236955337801
244.12695262956396,52.040099529924575,5.216820277933037,-8.910430191724169,5.52000094674917,-360.26665805193005
244.1305415530174,52.029964148113045,5.218682513640724,-8.909326154537228,5.517756698121823,-360.71040303009215
244.13412317062162,52.01982710280571,5.2205468704746565,-8.908226621353784,5.5155128332916386,-361.1549311527665
244.1376974822931,52.00968839332309,5.222413349850556,-8.907131594613546,5.5132693547220715,-361.60024310445175
