galstreams/tracks/track.ep.Willka_Yaku.shipp2018.ecsv
# %ECSV 0.9
# ---
# datatype:
# - {name: ra, unit: deg, datatype: float64}
# - {name: dec, unit: deg, datatype: float64}
# - {name: distance, unit: kpc, datatype: float64}
# - {name: pm_ra_cosdec, unit: mas / yr, datatype: float64}
# - {name: pm_dec, unit: mas / yr, datatype: float64}
# - {name: radial_velocity, unit: km / s, datatype: float64}
# delimiter: ','
# meta: !!omap
# - __serialized_columns__:
#     dec:
#       __class__: astropy.coordinates.angles.Latitude
#       unit: &id001 !astropy.units.Unit {unit: deg}
#       value: !astropy.table.SerializedColumn {name: dec}
#     distance:
#       __class__: astropy.coordinates.distances.Distance
#       unit: !astropy.units.Unit {unit: kpc}
#       value: !astropy.table.SerializedColumn {name: distance}
#     pm_dec:
#       __class__: astropy.units.quantity.Quantity
#       unit: !astropy.units.Unit {unit: mas / yr}
#       value: !astropy.table.SerializedColumn {name: pm_dec}
#     pm_ra_cosdec:
#       __class__: astropy.units.quantity.Quantity
#       unit: !astropy.units.Unit {unit: mas / yr}
#       value: !astropy.table.SerializedColumn {name: pm_ra_cosdec}
#     ra:
#       __class__: astropy.coordinates.angles.Longitude
#       unit: *id001
#       value: !astropy.table.SerializedColumn {name: ra}
#       wrap_angle: !astropy.coordinates.Angle
#         unit: *id001
#         value: 360.0
#     radial_velocity:
#       __class__: astropy.units.quantity.Quantity
#       unit: !astropy.units.Unit {unit: km / s}
#       value: !astropy.table.SerializedColumn {name: radial_velocity}
# schema: astropy-2.0
ra,dec,distance,pm_ra_cosdec,pm_dec,radial_velocity
36.10000040198876,-64.60000003325194,34.699999999999996,1.1,0.3,0.0
36.11416858937125,-64.56844947006492,34.7,1.1,0.3,0.0
36.12830399924656,-64.53689755128177,34.699999999999996,1.1,0.3,0.0
36.14240675237273,-64.50534428195463,34.7,1.1,0.3,0.0
36.156476968925304,-64.47378966711098,34.7,1.1,0.3,0.0
36.17051476850083,-64.44223371175356,34.699999999999996,1.1,0.3,0.0
36.184520270120224,-64.41067642086092,34.7,1.1,0.3,0.0
36.19849359223233,-64.37911779938713,34.7,1.1,0.3,0.0
36.21243485271718,-64.34755785226214,34.70000000000001,1.1,0.3,0.0
36.22634416888946,-64.31599658439197,34.699999999999996,1.1,0.3,0.0
36.2402216575018,-64.2844340006587,34.7,1.1,0.3,0.0
36.25406743474814,-64.2528701059208,34.7,1.1,0.3,0.0
36.267881616266976,-64.22130490501311,34.7,1.1,0.3,0.0
36.28166431714472,-64.18973840274705,34.7,1.1,0.3,0.0
36.29541565191885,-64.15817060391078,34.7,1.1,0.3,0.0
36.30913573458129,-64.12660151326932,34.7,1.1,0.3,0.0
36.32282467858144,-64.09503113556464,34.7,1.1,0.3,0.0
36.33648259682954,-64.06345947551588,34.699999999999996,1.1,0.3,0.0
36.35010960169969,-64.03188653781947,34.7,1.1,0.3,0.0
36.363705805033106,-64.0003123271492,34.7,1.1,0.3,0.0
36.37727131814116,-63.96873684815641,34.7,1.1,0.3,0.0
36.39080625180852,-63.93716010547013,34.699999999999996,1.1,0.3,0.0
36.40431071629625,-63.905582103697185,34.699999999999996,1.1,0.3,0.0
36.41778482134485,-63.874002847422304,34.7,1.1,0.3,0.0
36.431228676177206,-63.8424223412084,34.699999999999996,1.1,0.3,0.0
36.44464238950176,-63.810840589596495,34.70000000000001,1.1,0.3,0.0
36.458026069515405,-63.779257597105925,34.7,1.1,0.3,0.0
36.47137982390648,-63.74767336823451,34.7,1.1,0.3,0.0
36.48470375985775,-63.71608790745868,34.7,1.1,0.3,0.0
36.497997984049285,-63.68450121923353,34.7,1.1,0.3,0.0
36.51126260266143,-63.652913307993025,34.7,1.1,0.3,0.0
36.52449772137766,-63.621324178150076,34.7,1.1,0.3,0.0
36.537703445387464,-63.58973383409666,34.7,1.1,0.3,0.0
36.55087987938923,-63.55814228020402,34.7,1.1,0.3,0.0
36.56402712759299,-63.52654952082267,34.70000000000001,1.1,0.3,0.0
36.57714529372338,-63.4949555602826,34.7,1.1,0.3,0.0
36.59023448102229,-63.463360402893365,34.699999999999996,1.1,0.3,0.0
36.603294792251724,-63.43176405294422,34.7,1.1,0.3,0.0
36.61632632969652,-63.400166514704225,34.699999999999996,1.1,0.3,0.0
36.629329195167145,-63.36856779242235,34.699999999999996,1.1,0.3,0.0
36.64230349000237,-63.33696789032759,34.7,1.1,0.3,0.0
36.6552493150719,-63.30536681262923,34.699999999999996,1.1,0.3,0.0
36.66816677077923,-63.2737645635167,34.7,1.1,0.3,0.0
36.68105595706418,-63.24216114715984,34.7,1.1,0.3,0.0
36.693916973405585,-63.21055656770902,34.7,1.1,0.3,0.0
36.70674991882391,-63.17895082929523,34.7,1.1,0.3,0.0
36.71955489188388,-63.14734393603016,34.7,1.1,0.3,0.0
36.732331990697055,-63.11573589200638,34.70000000000001,1.1,0.3,0.0
36.74508131292443,-63.08412670129739,34.7,1.1,0.3,0.0
36.75780295577896,-63.05251636795776,34.699999999999996,1.1,0.3,0.0
36.77049701602814,-63.02090489602322,34.699999999999996,1.1,0.3,0.0
36.7831635899965,-62.98929228951079,34.7,1.1,0.3,0.0
36.79580277356813,-62.9576785524189,34.7,1.1,0.3,0.0
36.80841466218917,-62.92606368872741,34.7,1.1,0.3,0.0
36.820999350870295,-62.89444770239784,34.7,1.1,0.3,0.0
36.83355693418911,-62.86283059737341,34.70000000000001,1.1,0.3,0.0
36.8460875062927,-62.831212377579135,34.699999999999996,1.1,0.3,0.0
36.85859116089997,-62.799593046921956,34.7,1.1,0.3,0.0
36.87106799130408,-62.76797260929075,34.699999999999996,1.1,0.3,0.0
36.88351809037481,-62.73635106855674,34.7,1.1,0.3,0.0
36.89594155056101,-62.70472842857314,34.70000000000001,1.1,0.3,0.0
36.90833846389291,-62.6731046931756,34.7,1.1,0.3,0.0
36.92070892198445,-62.64147986618214,34.7,1.1,0.3,0.0
36.93305301603565,-62.60985395139337,34.7,1.1,0.3,0.0
36.94537083683489,-62.57822695259248,34.70000000000001,1.1,0.3,0.0
36.95766247476124,-62.546598873545385,34.7,1.1,0.3,0.0
36.96992801978673,-62.51496971800085,34.7,1.1,0.3,0.0
36.982167561478605,-62.483339489690515,34.699999999999996,1.1,0.3,0.0
36.994381189001615,-62.451708192329086,34.699999999999996,1.1,0.3,0.0
37.006568991120204,-62.420075829614355,34.7,1.1,0.3,0.0
37.018731056200785,-62.38844240522731,34.7,1.1,0.3,0.0
37.030867472213906,-62.35680792283225,34.7,1.1,0.3,0.0
37.042978326736474,-62.325172386076865,34.699999999999996,1.1,0.3,0.0
37.05506370695395,-62.293535798592345,34.7,1.1,0.3,0.0
37.067123699662446,-62.261898163993465,34.7,1.1,0.3,0.0
37.07915839127097,-62.23025948587866,34.699999999999996,1.1,0.3,0.0
37.091167867803506,-62.19861976783008,34.7,1.1,0.3,0.0
37.103152214901094,-62.1669790134139,34.70000000000001,1.1,0.3,0.0
37.11511151782408,-62.135337226180056,34.70000000000001,1.1,0.3,0.0
37.12704586145408,-62.1036944096626,34.70000000000001,1.1,0.3,0.0
37.13895533029611,-62.07205056737972,34.7,1.1,0.3,0.0
37.15084000848069,-62.04040570283378,34.70000000000001,1.1,0.3,0.0
37.16269997976583,-62.00875981951147,34.7,1.1,0.3,0.0
37.17453532753912,-61.977112920883854,34.7,1.1,0.3,0.0
37.18634613481976,-61.9454650104065,34.7,1.1,0.3,0.0
37.198132484260526,-61.91381609151952,34.7,1.1,0.3,0.0
37.20989445814985,-61.88216616764768,34.7,1.1,0.3,0.0
37.22163213841374,-61.850515242200466,34.699999999999996,1.1,0.3,0.0
37.2333456066178,-61.8188633185722,34.7,1.1,0.3,0.0
37.2450349439692,-61.78721040014209,34.7,1.1,0.3,0.0
37.25670023131856,-61.75555649027434,34.7,1.1,0.3,0.0
37.26834154916198,-61.72390159231819,34.7,1.1,0.3,0.0
37.279958977642885,-61.6922457096081,34.7,1.1,0.3,0.0
37.29155259655402,-61.66058884546365,34.70000000000001,1.1,0.3,0.0
37.30312248533926,-61.62893100318991,34.699999999999996,1.1,0.3,0.0
37.314668723095565,-61.59727218607719,34.7,1.1,0.3,0.0
37.32619138857487,-61.56561239740132,34.70000000000001,1.1,0.3,0.0
37.33769056018587,-61.533951640423666,34.699999999999996,1.1,0.3,0.0
37.34916631599596,-61.50228991839129,34.7,1.1,0.3,0.0
37.36061873373303,-61.47062723453689,34.7,1.1,0.3,0.0
37.37204789078728,-61.43896359207901,34.7,1.1,0.3,0.0
37.38345386421311,-61.40729899422202,34.7,1.1,0.3,0.0
37.39483673073083,-61.37563344415625,34.7,1.1,0.3,0.0
37.406196566728525,-61.34396694505806,34.7,1.1,0.3,0.0
37.417533448263804,-61.31229950008992,34.699999999999996,1.1,0.3,0.0
37.42884745106561,-61.28063111240043,34.7,1.1,0.3,0.0
37.44013865053593,-61.248961785124486,34.7,1.1,0.3,0.0
37.451407121751544,-61.21729152138326,34.7,1.1,0.3,0.0
37.46265293946586,-61.18562032428437,34.7,1.1,0.3,0.0
37.473876178110515,-61.15394819692188,34.699999999999996,1.1,0.3,0.0
37.48507691179716,-61.122275142376374,34.7,1.1,0.3,0.0
37.49625521431913,-61.090601163715085,34.7,1.1,0.3,0.0
37.507411159153214,-61.058926263991935,34.7,1.1,0.3,0.0
37.518544819461226,-61.0272504462476,34.7,1.1,0.3,0.0
37.52965626809177,-60.995573713509565,34.7,1.1,0.3,0.0
37.54074557758188,-60.963896068792266,34.7,1.1,0.3,0.0
37.551812820158624,-60.932217515097065,34.7,1.1,0.3,0.0
37.56285806774082,-60.900538055412405,34.7,1.1,0.3,0.0
37.57388139194061,-60.86885769271381,34.699999999999996,1.1,0.3,0.0
37.584882864065136,-60.837176429963996,34.70000000000001,1.1,0.3,0.0
37.595862555118075,-60.805494270112945,34.7,1.1,0.3,0.0
37.60682053580132,-60.773811216097954,34.699999999999996,1.1,0.3,0.0
37.61775687651652,-60.742127270843696,34.699999999999996,1.1,0.3,0.0
37.628671647366666,-60.71044243726228,34.7,1.1,0.3,0.0
37.63956491815771,-60.678756718253375,34.7,1.1,0.3,0.0
37.65043675840005,-60.64707011670423,34.699999999999996,1.1,0.3,0.0
37.66128723731015,-60.615382635489716,34.7,1.1,0.3,0.0
37.67211642381202,-60.58369427747245,34.7,1.1,0.3,0.0
37.68292438653881,-60.552005045502845,34.7,1.1,0.3,0.0
37.693711193834304,-60.52031494241913,34.7,1.1,0.3,0.0
37.70447691375442,-60.48862397104746,34.7,1.1,0.3,0.0
37.71522161406874,-60.45693213420196,34.7,1.1,0.3,0.0
37.725945362261996,-60.42523943468484,34.7,1.1,0.3,0.0
37.73664822553552,-60.393545875286364,34.7,1.1,0.3,0.0
37.747330270808796,-60.36185145878499,34.7,1.1,0.3,0.0
37.75799156472086,-60.33015618794738,34.699999999999996,1.1,0.3,0.0
37.76863217363179,-60.298460065528516,34.7,1.1,0.3,0.0
37.77925216362414,-60.266763094271724,34.7,1.1,0.3,0.0
37.789851600504406,-60.23506527690873,34.7,1.1,0.3,0.0
37.8004305498044,-60.20336661615976,34.7,1.1,0.3,0.0
37.810989076782754,-60.17166711473356,34.7,1.1,0.3,0.0
37.82152724642628,-60.13996677532747,34.699999999999996,1.1,0.3,0.0
37.83204512345136,-60.1082656006275,34.699999999999996,1.1,0.3,0.0
37.842542772305386,-60.07656359330836,34.7,1.1,0.3,0.0
37.85302025716814,-60.044860756033536,34.7,1.1,0.3,0.0
37.86347764195316,-60.01315709145537,34.7,1.1,0.3,0.0
37.873914990309096,-59.98145260221505,34.7,1.1,0.3,0.0
37.88433236562112,-59.94974729094277,34.7,1.1,0.3,0.0
37.894729831012214,-59.91804116025767,34.7,1.1,0.3,0.0
37.90510744934459,-59.886334212768,34.7,1.1,0.3,0.0
37.91546528322098,-59.8546264510711,34.7,1.1,0.3,0.0
37.92580339498597,-59.822917877753525,34.70000000000001,1.1,0.3,0.0
37.93612184672731,-59.791208495391025,34.699999999999996,1.1,0.3,0.0
37.94642070027729,-59.75949830654863,34.7,1.1,0.3,0.0
37.956700017213976,-59.727787313780766,34.7,1.1,0.3,0.0
37.96695985886251,-59.69607551963123,34.699999999999996,1.1,0.3,0.0
37.97720028629647,-59.664362926633245,34.7,1.1,0.3,0.0
37.987421360339084,-59.6326495373096,34.70000000000001,1.1,0.3,0.0
37.9976231415645,-59.60093535417259,34.7,1.1,0.3,0.0
38.00780569029912,-59.569220379724165,34.7,1.1,0.3,0.0
38.01796906662278,-59.53750461645593,34.7,1.1,0.3,0.0
38.02811333037005,-59.50578806684921,34.7,1.1,0.3,0.0
38.038238541131484,-59.47407073337512,34.7,1.1,0.3,0.0
38.04834475825479,-59.4423526184946,34.7,1.1,0.3,0.0
38.058432040846164,-59.410633724658446,34.7,1.1,0.3,0.0
38.0685004477714,-59.3789140543074,34.7,1.1,0.3,0.0
38.07855003765719,-59.34719360987222,34.699999999999996,1.1,0.3,0.0
38.08858086889228,-59.31547239377363,34.7,1.1,0.3,0.0
38.09859299962871,-59.283750408422506,34.7,1.1,0.3,0.0
38.108586487782944,-59.25202765621983,34.7,1.1,0.3,0.0
38.11856139103715,-59.220304139556774,34.7,1.1,0.3,0.0
38.128517766840275,-59.188579860814734,34.699999999999996,1.1,0.3,0.0
38.13845567240928,-59.15685482236542,34.7,1.1,0.3,0.0
38.14837516473029,-59.12512902657085,34.70000000000001,1.1,0.3,0.0
38.15827630055975,-59.09340247578344,34.7,1.1,0.3,0.0
38.16815913642557,-59.061675172346035,34.7,1.1,0.3,0.0
38.178023728628276,-59.02994711859198,34.7,1.1,0.3,0.0
38.18787013324215,-58.99821831684511,34.7,1.1,0.3,0.0
38.197698406116324,-58.96648876941987,34.7,1.1,0.3,0.0
38.20750860287598,-58.9347584786213,34.7,1.1,0.3,0.0
38.21730077892338,-58.90302744674517,34.7,1.1,0.3,0.0
38.22707498943903,-58.87129567607791,34.7,1.1,0.3,0.0
38.23683128938277,-58.839563168896746,34.699999999999996,1.1,0.3,0.0
38.24656973349486,-58.807829927469705,34.699999999999996,1.1,0.3,0.0
38.25629037629709,-58.776095954055656,34.699999999999996,1.1,0.3,0.0
38.26599327209383,-58.74436125090443,34.7,1.1,0.3,0.0
38.275678474973176,-58.712625820256754,34.699999999999996,1.1,0.3,0.0
38.28534603880794,-58.680889664344384,34.699999999999996,1.1,0.3,0.0
38.29499601725674,-58.649152785390065,34.70000000000001,1.1,0.3,0.0
38.30462846376512,-58.61741518560769,34.7,1.1,0.3,0.0
38.314243431566496,-58.58567686720226,34.7,1.1,0.3,0.0
38.323840973683296,-58.55393783236993,34.699999999999996,1.1,0.3,0.0
38.33342114292793,-58.5221980832981,34.7,1.1,0.3,0.0
38.3429839919039,-58.490457622165415,34.7,1.1,0.3,0.0
38.35252957300673,-58.458716451141825,34.699999999999996,1.1,0.3,0.0
38.362057938425096,-58.42697457238866,34.7,1.1,0.3,0.0
38.37156914014175,-58.395231988058605,34.70000000000001,1.1,0.3,0.0
38.381063229934576,-58.363488700295775,34.699999999999996,1.1,0.3,0.0
38.39054025937761,-58.331744711235814,34.7,1.1,0.3,0.0
38.40000027984197,-58.300000023005815,34.7,1.1,0.3,0.0
