galstreams/tracks/track.st.Orphan.koposov2019.ecsv
# %ECSV 0.9
# ---
# datatype:
# - {name: ra, unit: deg, datatype: float64}
# - {name: dec, unit: deg, datatype: float64}
# - {name: distance, unit: kpc, datatype: float64}
# - {name: pm_ra_cosdec, unit: mas / yr, datatype: float64}
# - {name: pm_dec, unit: mas / yr, datatype: float64}
# - {name: radial_velocity, unit: km / s, datatype: float64}
# delimiter: ','
# meta: !!omap
# - __serialized_columns__:
#     dec:
#       __class__: astropy.coordinates.angles.Latitude
#       unit: &id001 !astropy.units.Unit {unit: deg}
#       value: !astropy.table.SerializedColumn {name: dec}
#     distance:
#       __class__: astropy.coordinates.distances.Distance
#       unit: !astropy.units.Unit {unit: kpc}
#       value: !astropy.table.SerializedColumn {name: distance}
#     pm_dec:
#       __class__: astropy.units.quantity.Quantity
#       unit: !astropy.units.Unit {unit: mas / yr}
#       value: !astropy.table.SerializedColumn {name: pm_dec}
#     pm_ra_cosdec:
#       __class__: astropy.units.quantity.Quantity
#       unit: !astropy.units.Unit {unit: mas / yr}
#       value: !astropy.table.SerializedColumn {name: pm_ra_cosdec}
#     ra:
#       __class__: astropy.coordinates.angles.Longitude
#       unit: *id001
#       value: !astropy.table.SerializedColumn {name: ra}
#       wrap_angle: !astropy.coordinates.Angle
#         unit: *id001
#         value: 360.0
#     radial_velocity:
#       __class__: astropy.units.quantity.Quantity
#       unit: !astropy.units.Unit {unit: km / s}
#       value: !astropy.table.SerializedColumn {name: radial_velocity}
# schema: astropy-2.0
ra,dec,distance,pm_ra_cosdec,pm_dec,radial_velocity
[from data line 136]
164.60148396033753,-8.965208258940951,17.84643326337327,-1.909579927035275,1.1713502079778841,233.3144809346743
164.14553862430444,-7.887120009338935,17.985605132053028,-1.8685251095711775,1.0736919787488377,234.58401379464297
163.69031242653134,-6.808933254434113,18.14112742211205,-1.8282843931729156,0.9777239841678694,235.72429624417032
163.23639675782695,-5.7305066293552995,18.315713490885027,-1.7889830870997172,0.8842656044875212,236.72265851275193
162.78448307681478,-4.651676152073402,18.509628342827988,-1.7506730745532504,0.7937458687862475,237.58479726706776
162.3352973332651,-3.572270293767442,18.725460691354286,-1.7134852764733315,0.7069989977005314,238.29840633919227
161.8893996894369,-2.4921583708385593,18.96207050804377,-1.6774226511678516,0.6242471941825323,238.86905141855215
161.44763844946604,-1.411136239602846,19.220398175576406,-1.6425903137861755,0.5461841151343181,239.28485237541764
161.01047240772593,-0.3290935858722015,19.498966295769524,-1.6089730944637344,0.47292073417703834,239.55114561749744
160.57881767801396,0.7541981483021796,19.798580057033494,-1.5766107946020758,0.40483054384500955,239.6566210021114
160.15245097259654,1.8386883468437694,20.117893373683913,-1.5453476945127949,0.34140817609425766,239.60760643265655
159.73120683462798,2.9243451437708985,20.457583018028654,-1.5151387960069116,0.2826232670991533,239.3958428078822
159.31433491568532,4.010993845261665,20.816428424090855,-1.4858425815365681,0.2279782546568138,239.02823677883887
158.901624574705,5.0985983836694,21.194983740866913,-1.457411103870018,0.17737794751180458,238.4973100456621
158.49237805275064,6.187003059612247,21.592148129295982,-1.4297205795264483,0.13036152231278814,237.80925756658172
158.086359141723,7.276171413990626,22.008358907854234,-1.402719724826889,0.08678260570922813,236.9573448737102
157.6829151535362,8.365963933637286,22.44262917160547,-1.3762996903590587,0.04621930295814236,235.94704620679826
157.2817818174486,9.45634223803356,22.89528520129692,-1.3504056107652525,0.00848668560127469,234.77238143819577
156.8823440625991,10.547180443558677,23.36544823332575,-1.3249407507108284,-0.02679827198706436,233.43809539273923
156.48430686586514,11.63843682931803,23.85333930350153,-1.2998464885425935,-0.05984780526143796,231.93897239055156
156.08708528291058,12.729996777951383,24.358181996763445,-1.2750353835402293,-0.09100796771668646,230.2790194535534
155.69035057678755,13.821813892089983,24.880097896774735,-1.2504449032081624,-0.12050854634102959,228.45379497261573
155.29354028612013,14.913782595663962,25.418407144225267,-1.2259940955353468,-0.14866189876979286,226.4665600732198
154.89628863480968,16.005850532693888,25.97313766342325,-1.20161634770048,-0.17570704174912266,224.3136562794206
154.49804771616883,17.097919028321723,26.543700358018,-1.177234404412657,-0.20192685045100478,221.9975910110291
154.09841091623008,18.189928509089633,27.1300352857539,-1.152777362270088,-0.2275625177430508,219.51549736189475
153.6968365185879,19.281785092783867,27.731638320448482,-1.1281688699000942,-0.2528721978839404,216.86912151209032
153.2928726685686,20.37342071914813,28.34836744607361,-1.1033334670957602,-0.27809323112285717,214.05639588380217
152.88597486367723,21.464744166424953,28.979797713823682,-1.078205135899907,-0.30342232085160953,211.07829814808477
152.4756408444815,22.55567756955814,29.625696786928277,-1.0527614017412539,-0.3288950889409953,207.93356709860927
152.061313527572,23.646130152479763,30.285505268043142,-1.0269914773595161,-0.35450603638762257,204.6224048793541
151.64243413462387,24.736012834436885,30.958565600271754,-1.0008833284768597,-0.3802504713982823,201.1443629597731
151.2186040557217,25.82528391484357,31.644209387073186,-0.9744268856407333,-0.40611542143440926,197.49850185495023
150.79017045256882,26.91411607723653,32.341711985604896,-0.9476166616913895,-0.4320742611056384,193.68329493014448
150.35782782744005,28.002790384182234,33.05045821289585,-0.9204506522570469,-0.45809204754525734,189.69486216516765
149.9221794233497,29.091574520197504,33.769676737475855,-0.8929305568274543,-0.48412644305291164,185.53198306394145
149.48401117335263,30.18080100851155,34.49879254005257,-0.8650615024613643,-0.5101297936264244,181.1898625878789
149.043906645797,31.270757606032163,35.23700065042258,-0.8368520807731736,-0.5360493382085754,176.66815934955122
148.6027770458761,32.36183954824092,35.98375316307888,-0.8083158901995551,-0.5618265084657915,171.9611072498648
148.16117546251542,33.454351494817836,36.73822451897865,-0.779468647667818,-0.587401717011565,167.06929338825094
147.72017929600062,34.548763200398795,37.49988087650706,-0.7503339780332701,-0.6127069650650127,161.98592255067123
147.28030184019062,35.64539138851175,38.26788913767597,-0.7209315749394051,-0.6376884080932929,156.71256599427218
146.8428336895578,36.74479170284006,39.041716474869865,-0.6912732139478579,-0.6623333565182545,151.24134653772677
146.40824169030034,37.84728612087203,39.82053530104929,-0.6613572819890846,-0.6866599566391447,145.5748830964113
145.97808353801858,38.95352635302938,40.603800752705354,-0.6311951670268026,-0.7106752887371826,139.70417387055585
145.55237510750348,40.06371077599625,41.390703803642886,-0.6007870005272758,-0.7343968716133821,133.63366916258965
145.13079425121566,41.17793698831591,42.180674504572856,-0.5701334318948449,-0.7578448050691254,127.3570479076616
144.7110660318209,42.29571999943957,42.972935440042484,-0.5392155276658337,-0.7810470958727382,120.88363411609332
144.29221450380422,43.416962584643834,43.76687852508506,-0.5080255310385591,-0.8040265860543223,114.2072764178349
143.87178452595091,44.54113160328758,44.56177100487687,-0.47653799500256594,-0.8268053538319979,107.33820782224485
143.44856805982434,45.66807310044294,45.35695360887823,-0.4447382533037928,-0.8494052977777768,100.26957720720641
143.01989386900223,46.797211466270255,46.15175129278708,-0.4125924932750196,-0.8718413652063804,93.01247457007166
142.58421958655452,47.92832299469429,46.945440550596786,-0.380076342392693,-0.8941338424054539,85.55938224998478
142.13860314695796,49.060793969432105,47.737417098419584,-0.347145299855995,-0.9162888306838523,77.92218733217375
141.6810386005013,50.19431513013336,48.52688014488797,-0.3137616744473188,-0.9383236115424296,70.09273115563273
141.2082345725222,51.32823699117076,49.313309216420954,-0.2798673027997153,-0.9602329946077752,3.35565902813521e-07
140.71755563312712,52.46214460239848,50.0958131863961,-0.24540645264044392,-0.9820288498492018,2.870737700718214e-07
140.2052494667228,53.59535137517409,50.87396844143207,-0.2103034112681462,-1.0036911817242,2.3849490342868423e-07
139.66783530073243,54.72730998557206,51.64678046975735,-0.1744781927111333,-1.0252225465922926,1.9019008223102158e-07
139.10094172587677,55.8572894101878,52.41393556808301,-0.13783239857094304,-1.0465830071162272,1.4250679785521483e-07
138.49995842828676,56.98457347136203,53.174322789594434,-0.10025361196479832,-1.0677596182945353,9.582790889959072e-08
137.85967144609603,58.108369977755906,53.92775139098823,-0.06161395447440665,-1.0886848225382337,5.0430408078119274e-08
137.17396346027033,59.22774277938564,54.672980940512446,-0.021757893928801064,-1.1093204019319245,6.712665042180514e-09
136.43646379545228,60.34180735662019,55.409956704742626,0.01948079447439327,-1.1295594342294364,-3.512938579864771e-08
