galstreams/tracks/track.st.NGC2298.ibata2024.ecsv
# %ECSV 1.0
# ---
# datatype:
# - {name: ra, unit: deg, datatype: float64}
# - {name: dec, unit: deg, datatype: float64}
# - {name: distance, unit: kpc, datatype: float64}
# - {name: pm_ra_cosdec, unit: mas / yr, datatype: float64}
# - {name: pm_dec, unit: mas / yr, datatype: float64}
# - {name: radial_velocity, unit: km / s, datatype: float64}
# delimiter: ','
# meta: !!omap
# - __serialized_columns__:
#     dec:
#       __class__: astropy.coordinates.angles.Latitude
#       unit: &id001 !astropy.units.Unit {unit: deg}
#       value: !astropy.table.SerializedColumn {name: dec}
#     distance:
#       __class__: astropy.coordinates.distances.Distance
#       unit: !astropy.units.Unit {unit: kpc}
#       value: !astropy.table.SerializedColumn {name: distance}
#     pm_dec:
#       __class__: astropy.units.quantity.Quantity
#       unit: !astropy.units.Unit {unit: mas / yr}
#       value: !astropy.table.SerializedColumn {name: pm_dec}
#     pm_ra_cosdec:
#       __class__: astropy.units.quantity.Quantity
#       unit: !astropy.units.Unit {unit: mas / yr}
#       value: !astropy.table.SerializedColumn {name: pm_ra_cosdec}
#     ra:
#       __class__: astropy.coordinates.angles.Longitude
#       unit: *id001
#       value: !astropy.table.SerializedColumn {name: ra}
#       wrap_angle: !astropy.coordinates.Angle
#         unit: *id001
#         value: 360.0
#     radial_velocity:
#       __class__: astropy.units.quantity.Quantity
#       unit: !astropy.units.Unit {unit: km / s}
#       value: !astropy.table.SerializedColumn {name: radial_velocity}
# schema: astropy-2.0
ra,dec,distance,pm_ra_cosdec,pm_dec,radial_velocity
[from data line 143]
95.3519815628745,-32.72268393338286,0.9999999999999997,2.9718475580293386,-2.1484385386257685,994.8944290330683
95.36293346962404,-32.727063135286386,0.9999999999999996,2.971403898451733,-2.146884874187819,994.7828159538952
95.37388525526944,-32.73144290688799,0.9999999999999998,2.97096447951947,-2.1453384592222022,994.6716599923541
95.38483691717796,-32.73582325209855,0.9999999999999996,2.97052929599856,-2.1437992821259115,994.5609604981859
95.39578845271834,-32.74020417482993,0.9999999999999996,2.9700983426514647,-2.142267331298399,994.4507168211335
95.40673985926078,-32.74458567899511,0.9999999999999997,2.969671614236873,-2.1407425951408925,994.3409283109382
95.41769113417695,-32.74896776850814,0.9999999999999998,2.9692491055097925,-2.139225062056866,994.2315943173421
95.42864227483996,-32.75335044728411,0.9999999999999998,2.9688308112217072,-2.1377147204518963,994.1227141900878
95.43959327862436,-32.757733719239205,0.9999999999999997,2.9684167261203562,-2.136211558733578,994.0142872789157
95.45054414290622,-32.762117588290685,0.9999999999999996,2.9680068449498016,-2.134715565311666,993.9063129335696
95.46149486506302,-32.766502058356835,0.9999999999999994,2.9676011624504746,-2.1332267285980464,993.7987905037902
95.47244544247374,-32.770887133357036,0.9999999999999997,2.967199673359069,-2.1317450370066666,993.6917193393201
95.48339587251881,-32.77527281721177,0.9999999999999997,2.9668023724086723,-2.1302704789535767,993.585098789901
95.49434615258009,-32.77965911384251,0.9999999999999997,2.9664092543287026,-2.1288030428570295,993.4789282052748
95.505296280041,-32.78404602717186,0.9999999999999997,2.9660203138447834,-2.1273427171372674,993.3732069351838
95.51624625228634,-32.78843356112348,0.9999999999999996,2.9656355456789356,-2.125889490216707,993.2679343293696
95.52719606670239,-32.792821719622076,0.9999999999999997,2.965254944549546,-2.124443350519954,993.1631097375744
95.53814572067692,-32.79721050659343,0.9999999999999997,2.964878505171203,-2.1230042864737584,993.0587325095397
95.54909521159921,-32.80159992596442,0.9999999999999998,2.9645062222548475,-2.1215722865068045,992.9548019950084
95.56004453685993,-32.80598998166293,0.9999999999999994,2.964138090507678,-2.120147339050078,992.8513175437214
95.57099369385129,-32.81038067761797,0.9999999999999997,2.963774104633302,-2.118729432536739,992.7482785054216
95.58194267996691,-32.814772017759594,0.9999999999999996,2.9634142593315183,-2.117318555401951,992.6456842298502
95.59289149260196,-32.81916400601892,0.9999999999999994,2.9630585492984416,-2.115914696083081,992.5435340667498
95.60384012915306,-32.823556646328136,0.9999999999999997,2.962706969226474,-2.1145178430197547,992.4418273658621
95.61478858701824,-32.827949942620506,0.9999999999999998,2.9623595138043086,-2.1131279846535307,992.3405634769285
95.6257368635971,-32.83234389883034,0.9999999999999998,2.9620161777169756,-2.1117451094282274,992.2397417496921
95.63668495629068,-32.836738518893036,0.9999999999999996,2.961676955645647,-2.110369205789908,992.1393615338939
95.6476328625015,-32.841133806745034,0.9999999999999996,2.9613418422679167,-2.1090002621866972,992.0394221792762
95.65858057963355,-32.84552976632387,0.9999999999999997,2.9610108322576316,-2.1076382670688787,991.9399230355809
95.66952810509233,-32.84992640156813,0.9999999999999997,2.9606839202847652,-2.106283208888854,991.8408634525504
95.6804754362848,-32.85432371641746,0.9999999999999998,2.9603611010157387,-2.1049350761014267,991.7422427799261
95.69142257061941,-32.85872171481259,0.9999999999999997,2.960042369113154,-2.103593857163247,991.6440603674502
95.7023695055061,-32.86312040069529,0.9999999999999998,2.9597277192358824,-2.1022595405334386,991.5463155648645
95.71331623835628,-32.86751977800842,0.9999999999999996,2.95941714603903,-2.100932114672986,991.4490077219114
95.72426276658288,-32.8719198506959,0.9999999999999996,2.9591106441739896,-2.0996115680453613,991.3521361883323
95.73520908760028,-32.87632062270271,0.9999999999999997,2.9588082082884064,-2.0982978891161537,991.2557003138694
95.74615519882437,-32.88072209797489,0.9999999999999997,2.95850983302617,-2.0969910663529276,991.1596994482647
95.75710109767255,-32.88512428045956,0.9999999999999996,2.958215513027337,-2.095691088225635,991.0641329412605
95.76804678156363,-32.88952717410489,0.9999999999999997,2.9579252429284146,-2.094397943206488,990.969000142598
95.778992247918,-32.89393078286013,0.9999999999999997,2.9576390173619345,-2.0931116197696014,990.8743004020198
95.7899374941575,-32.8983351106756,0.9999999999999996,2.9573568309567655,-2.0918321063915783,990.7800330692675
95.80088251770549,-32.90274016150265,0.9999999999999997,2.9570786783379788,-2.0905593915510963,990.6861974940834
95.81182731598678,-32.90714593929372,0.9999999999999996,2.956804554126947,-2.0892934637291063,990.5927930262092
95.82277188642773,-32.911552448002325,0.9999999999999998,2.9565344529410993,-2.088034311408677,990.4998190153868
95.83371622645616,-32.91595969158302,0.9999999999999997,2.956268369394323,-2.0867819230750655,990.4072748113584
95.8446603335014,-32.92036767399143,0.9999999999999998,2.956006298096529,-2.085536287215959,990.3151597638657
95.85560420499425,-32.92477639918427,0.9999999999999998,2.9557482336539955,-2.084297392320991,990.2234732226509
95.86654783836708,-32.92918587111927,0.9999999999999998,2.9554941706690663,-2.083065226882198,990.1322145374562
95.87749123105367,-32.93359609375529,0.9999999999999998,2.955244103740487,-2.081839779393718,990.041383058023
95.88843438048937,-32.938007071052176,0.9999999999999997,2.954998027463013,-2.080621038352092,989.9509781340936
95.89937728411101,-32.94241880697091,0.9999999999999994,2.954755936427734,-2.07940899225585,989.8609991154096
95.91031993935691,-32.946831305473474,0.9999999999999997,2.9545178252219166,-2.0782036296060795,989.7714453517136
95.9212623436669,-32.95124457052298,0.9999999999999997,2.95428368842904,-2.0770049389056453,989.6823161927473
95.93220449448233,-32.95565860608353,0.9999999999999994,2.9540535206287366,-2.075812908660069,989.593610988252
95.94314638924607,-32.96007341612035,0.9999999999999998,2.9538273163968647,-2.074627527377018,989.5053290879708
95.95408802540243,-32.964489004599706,0.9999999999999996,2.9536050703055103,-2.0734487835662065,989.417469841645
95.96502940039728,-32.968905375488916,0.9999999999999999,2.9533867769228905,-2.072276665739821,989.3300325990167
95.975970511678,-32.97332253275637,0.9999999999999996,2.95317243081346,-2.0711111624122083,989.2430167098275
95.98691135669347,-32.97774048037152,0.9999999999999997,2.9529620265377794,-2.0699522620999744,989.1564215238201
95.99785193289406,-32.98215922230491,0.9999999999999996,2.9527555586527043,-2.0687999533219283,989.070246390736
96.00879223773164,-32.98657876252805,0.9999999999999997,2.952553021711161,-2.0676542245992664,988.9844906603169
96.01973226865972,-32.99099910501366,0.9999999999999997,2.9523544102623234,-2.0665150644553734,988.8991536823053
96.03067202313319,-32.995420253735396,0.9999999999999999,2.9521597188514583,-2.0653824614158225,988.8142348064429
96.04161149860846,-32.999842212668035,0.9999999999999998,2.951968942020173,-2.0642564040087024,988.7297333824717
96.0525506925435,-33.0042649857874,0.9999999999999997,2.951782074306035,-2.063136880764077,988.6456487601336
96.0634896023978,-33.00868857707037,0.9999999999999997,2.951599110242892,-2.0620238802144684,988.5619802891707
96.0744282256323,-33.01311299049491,0.9999999999999998,2.9514200443607237,-2.060917390894545,988.4787273193249
96.08536655970956,-33.01753823004001,0.9999999999999998,2.9512448711856827,-2.059817401341462,988.3958892003385
96.09630460209357,-33.021964299685735,0.9999999999999997,2.951073585240085,-2.0587239000945345,988.3134652819527
96.10724235024989,-33.02639120341325,0.9999999999999997,2.9509061810423596,-2.0576368756952093,988.2314549139099
96.11817980164558,-33.03081894520469,0.9999999999999997,2.9507426531071594,-2.0565563166876046,988.1498574459523
96.12911695374923,-33.03524752904335,0.9999999999999996,2.950582995945151,-2.0554822116177576,988.0686722278215
96.14005380403094,-33.039676958913546,0.9999999999999994,2.9504272040633097,-2.054414549034135,987.9878986092596
96.15099034996236,-33.04410723880062,0.9999999999999997,2.95027527196466,-2.053353317487691,987.9075359400085
96.16192658901662,-33.04853837269101,0.9999999999999996,2.950127194148372,-2.0522985055312972,987.8275835698106
96.17286251866842,-33.05297036457223,0.9999999999999996,2.9499829651097578,-2.0512501017205267,987.7480408484067
96.18379813639396,-33.05740321843281,0.9999999999999997,2.9498425793402916,-2.0502080946129695,987.6689071255403
96.194733439671,-33.061836938262374,0.9999999999999997,2.9497060313275263,-2.049172472768632,987.5901817509524
96.20566842597876,-33.06627152805157,0.9999999999999997,2.949573315555213,-2.0481432247499214,987.5118640743849
96.21660309279805,-33.07070699179215,0.9999999999999996,2.949444426503142,-2.0471203391214345,987.4339534455805
96.22753743761119,-33.07514333347689,0.9999999999999997,2.9493193586473225,-2.046103804450155,987.3564492142804
96.23847145790202,-33.07958055709965,0.9999999999999998,2.949198106459818,-2.0450936093052974,987.2793507302267
96.24940515115593,-33.08401866665532,0.9999999999999998,2.949080664408843,-2.044089742258592,987.2026573431622
96.26033851485982,-33.08845766613988,0.9999999999999998,2.9489670269587087,-2.0430921918838862,987.1263684028273
96.27127154650218,-33.09289755955034,0.9999999999999996,2.9488571885698,-2.042100946757458,987.0504832589651
96.28220424357292,-33.097338350884776,0.9999999999999996,2.9487511436987184,-2.041115995457929,986.9750012613175
96.29313660356362,-33.101780044142345,0.9999999999999996,2.9486488867980576,-2.0401373265663665,986.8999217596262
96.30406862396728,-33.10622264332323,0.9999999999999997,2.9485504123166386,-2.039164928665855,986.8252441036332
96.31500030227852,-33.110666152428685,0.9999999999999996,2.948455714699236,-2.0381987903421503,986.7509676430808
96.32593163599344,-33.11511057546102,0.9999999999999997,2.948364788386865,-2.0372389001831834,986.6770917277105
96.33686262260971,-33.11955591642362,0.9999999999999997,2.9482776278165197,-2.0362852467792862,986.6036157072645
96.34779325962654,-33.12400217932089,0.9999999999999999,2.948194227421407,-2.0353378187231783,986.5305389314848
96.35872354454465,-33.128449368158314,0.9999999999999997,2.9481145816307475,-2.0343966046098956,986.4578607501126
96.36965347486634,-33.13289748694245,0.9999999999999997,2.948038684869804,-2.0334615930367335,986.3855805128915
96.38058304809542,-33.13734653968086,0.9999999999999997,2.94796653156007,-2.032532772603574,986.313697569562
96.39151226173725,-33.14179653038224,0.9999999999999997,2.9478981161190347,-2.0316101319124584,986.2422112698663
96.40244111329874,-33.14624746305625,0.9999999999999997,2.947833432960227,-2.0306936595679446,986.1711209635467
96.41336960028836,-33.15069934171369,0.9999999999999996,2.947772476493313,-2.0297833441768205,986.1004260003454
96.42429772021609,-33.155152170366364,0.9999999999999997,2.9477152411240404,-2.0288791743482903,986.0301257300042
96.43522547059347,-33.15960595302715,0.9999999999999997,2.9476617212542386,-2.027981138694045,985.9602195022646
96.44615284893358,-33.16406069370998,0.9999999999999998,2.947611911281779,-2.027089225828078,985.8907066668688
96.45707985275106,-33.16851639642983,0.9999999999999998,2.947565805600579,-2.0262034243666847,985.8215865735589
96.46800647956213,-33.17297306520275,0.9999999999999997,2.947523398600623,-2.0253237229286327,985.752858572077
96.47893272688448,-33.17743070404583,0.9999999999999996,2.9474846846680656,-2.0244501101350636,985.6845220121645
96.4898585922374,-33.18188931697723,0.9999999999999997,2.9474496581850183,-2.0235825746095486,985.616576243564
96.50078407314173,-33.186348908016136,0.9999999999999997,2.9474183135296848,-2.0227211049779896,985.5490206160174
96.51170916711985,-33.190809481182825,0.9999999999999996,2.947390645076286,-2.02186568986869,985.4818544792658
96.52263387169569,-33.1952710404986,0.9999999999999997,2.947366647195139,-2.021016317912398,985.4150771830525
96.53355818439476,-33.19973358998581,0.9999999999999996,2.947346314252602,-2.02017297774222,985.3486880771186
96.5444821027441,-33.204197133667904,0.9999999999999997,2.9473296406110805,-2.0193356579936648,985.282686511206
96.5554056242723,-33.208661675569346,0.9999999999999996,2.947316620629028,-2.018504347304713,985.2170718350571
96.5663287465095,-33.213127219715645,0.9999999999999996,2.9473072486609873,-2.0176790343156767,985.1518433984138
96.57725146698743,-33.2175937701334,0.9999999999999997,2.947301519057426,-2.0168597076692976,985.0870005510177
96.58817378323936,-33.22206133085023,0.9999999999999997,2.9472994261649497,-2.016046356010847,985.022542642611
96.59909569280008,-33.22652990589483,0.9999999999999998,2.947300964326189,-2.0152389679877842,984.958469022936
96.610017193206,-33.230999499296935,0.9999999999999997,2.947306127879763,-2.0144375322501844,984.8947790417341
96.62093828199508,-33.235470115087324,0.9999999999999997,2.947314911160383,-2.013642037450552,984.8314720487475
96.63185895670681,-33.23994175729783,0.9999999999999997,2.9473273084987106,-2.0128524722437504,984.768547393718
96.64277921488222,-33.24441442996136,0.9999999999999997,2.9473433142215377,-2.012068825286974,984.706004426388
96.65369905406399,-33.248888137111855,0.9999999999999997,2.947362922651571,-2.0112910852400603,984.6438424964992
96.66461847179627,-33.25336288278431,0.9999999999999997,2.947386128107599,-2.0105192407651487,984.5820609537934
96.67553746562484,-33.257838671014774,0.9999999999999998,2.9474129249044694,-2.009753280526823,984.5206591480128
96.68645603309699,-33.26231550584034,0.9999999999999998,2.9474433073529624,-2.0089931931921825,984.459636428899
96.69737417176161,-33.26679339129913,0.9999999999999997,2.947477269759947,-2.0082389674307706,984.3989921461946
96.70829187916915,-33.27127233143039,0.9999999999999997,2.9475148064282166,-2.0074905919144044,984.3387256496411
96.71920915287163,-33.27575233027433,0.9999999999999996,2.947555911656657,-2.0067480553176296,984.2788362889805
96.73012599042264,-33.280233391872265,0.9999999999999998,2.947600579740101,-2.006011346317166,984.2193234139551
96.7410423893773,-33.28471552026653,0.9999999999999997,2.9476488049694964,-2.005280453592448,984.1601863743066
96.75195834729234,-33.28919871950053,0.9999999999999996,2.9477005816316257,-2.004555365825169,984.1014245197764
96.76287386172605,-33.29368299361872,0.9999999999999997,2.9477559040094405,-2.0038360716995385,984.0430372001074
96.7737889302383,-33.29816834666656,0.9999999999999997,2.947814766381743,-2.003122559902394,983.9850237650412
96.78470355039049,-33.30265478269064,0.9999999999999997,2.9478771630234384,-2.00241481912272,983.9273835643197
96.79561771974564,-33.307142305738516,0.9999999999999996,2.9479430882054167,-2.001712838052285,983.8701159476849
96.80653143586832,-33.31163091985884,0.9999999999999997,2.9480125361944864,-2.001016605385132,983.8132202648791
96.81744469632469,-33.316120629101306,0.9999999999999996,2.948085501253516,-2.0003261098178626,983.7566958656435
96.82835749868244,-33.32061143751665,0.9999999999999997,2.9481619776413197,-1.9996413400495356,983.7005420997209
96.8392698405109,-33.325103349156656,0.9999999999999997,2.94824195961273,-1.9989622847817259,983.6447583168527
96.8501817193809,-33.32959636807414,0.9999999999999997,2.9483254414185716,-1.998288932718438,983.5893438667808
96.86109313286492,-33.33409049832301,0.9999999999999997,2.9484124173055584,-1.9976212725662066,983.5342980992477
96.87200407853699,-33.33858574395817,0.9999999999999997,2.948502881516479,-1.9969592930340525,983.4796203639951
96.88291455397271,-33.343082109035585,0.9999999999999997,2.9485968282900608,-1.9963029828334982,983.4253100107647
96.89382455674924,-33.347579597612295,0.9999999999999997,2.9486942518610313,-1.9956523306785101,983.3713663892988
