galstreams/tracks/track.po.Scamander.grillmair2017.ecsv
# %ECSV 1.0
# ---
# datatype:
# - {name: ra, unit: deg, datatype: float64}
# - {name: dec, unit: deg, datatype: float64}
# - {name: distance, unit: kpc, datatype: float64}
# - {name: pm_ra_cosdec, unit: mas / yr, datatype: float64}
# - {name: pm_dec, unit: mas / yr, datatype: float64}
# - {name: radial_velocity, unit: km / s, datatype: float64}
# delimiter: ','
# meta: !!omap
# - __serialized_columns__:
#     dec:
#       __class__: astropy.coordinates.angles.Latitude
#       unit: &id001 !astropy.units.Unit {unit: deg}
#       value: !astropy.table.SerializedColumn {name: dec}
#     distance:
#       __class__: astropy.coordinates.distances.Distance
#       unit: !astropy.units.Unit {unit: kpc}
#       value: !astropy.table.SerializedColumn {name: distance}
#     pm_dec:
#       __class__: astropy.units.quantity.Quantity
#       unit: !astropy.units.Unit {unit: mas / yr}
#       value: !astropy.table.SerializedColumn {name: pm_dec}
#     pm_ra_cosdec:
#       __class__: astropy.units.quantity.Quantity
#       unit: !astropy.units.Unit {unit: mas / yr}
#       value: !astropy.table.SerializedColumn {name: pm_ra_cosdec}
#     ra:
#       __class__: astropy.coordinates.angles.Longitude
#       unit: *id001
#       value: !astropy.table.SerializedColumn {name: ra}
#       wrap_angle: !astropy.coordinates.Angle
#         unit: *id001
#         value: 360.0
#     radial_velocity:
#       __class__: astropy.units.quantity.Quantity
#       unit: !astropy.units.Unit {unit: km / s}
#       value: !astropy.table.SerializedColumn {name: radial_velocity}
# schema: astropy-2.0
ra,dec,distance,pm_ra_cosdec,pm_dec,radial_velocity
[from data line 5649]
145.11244042352726,35.704509626504056,21.000000000000007,0.0,0.0,0.0
145.11086986510418,35.714429523698605,21.000000000000007,0.0,0.0,0.0
145.1092989156387,35.72434940048331,21.000000000000004,0.0,0.0,0.0
145.10772757489133,35.73426925684565,21.000000000000004,0.0,0.0,0.0
145.1061558426224,35.744189092773055,21.000000000000004,0.0,0.0,0.0
145.1045837185922,35.754108908252995,21.000000000000004,0.0,0.0,0.0
145.10301120256068,35.76402870327287,21.000000000000007,0.0,0.0,0.0
145.10143829428773,35.77394847782013,21.000000000000007,0.0,0.0,0.0
145.0998649935331,35.78386823188217,21.000000000000007,0.0,0.0,0.0
145.09829130005622,35.793787965446406,21.000000000000007,0.0,0.0,0.0
145.09671721361653,35.80370767850024,21.000000000000007,0.0,0.0,0.0
145.09514273397326,35.81362737103107,21.000000000000004,0.0,0.0,0.0
145.09356786088543,35.82354704302625,21.000000000000004,0.0,0.0,0.0
145.0919925941119,35.83346669447318,21.000000000000007,0.0,0.0,0.0
145.09041693341135,35.84338632535921,21.000000000000004,0.0,0.0,0.0
145.08884087854238,35.85330593567169,21.000000000000007,0.0,0.0,0.0
145.08726442926334,35.863225525397986,21.000000000000004,0.0,0.0,0.0
145.08568758533244,35.87314509452539,21.000000000000007,0.0,0.0,0.0
145.0841103465077,35.88306464304129,21.000000000000004,0.0,0.0,0.0
145.08253271254705,35.892984170932955,21.000000000000007,0.0,0.0,0.0
145.08095468320815,35.90290367818774,21.000000000000004,0.0,0.0,0.0
145.07937625824854,35.912823164792904,21.000000000000004,0.0,0.0,0.0
145.0777974374256,35.92274263073576,21.000000000000007,0.0,0.0,0.0
145.07621822049654,35.932662076003595,21.000000000000007,0.0,0.0,0.0
145.0746386072184,35.94258150058368,21.000000000000007,0.0,0.0,0.0
145.07305859734805,35.95250090446328,21.000000000000004,0.0,0.0,0.0
145.0714781906422,35.962420287629655,21.000000000000007,0.0,0.0,0.0
145.06989738685738,35.97233965007007,21.000000000000007,0.0,0.0,0.0
145.0683161857499,35.98225899177172,21.000000000000007,0.0,0.0,0.0
145.06673458707604,35.99217831272189,21.000000000000004,0.0,0.0,0.0
145.0651525905918,36.002097612907754,21.000000000000004,0.0,0.0,0.0
145.063570196053,36.01201689231655,21.000000000000004,0.0,0.0,0.0
145.0619874032154,36.021936150935495,21.000000000000004,0.0,0.0,0.0
145.06040421183442,36.03185538875176,21.000000000000007,0.0,0.0,0.0
145.05882062166552,36.041774605752536,21.000000000000007,0.0,0.0,0.0
145.05723663246383,36.05169380192501,21.000000000000007,0.0,0.0,0.0
145.05565224398435,36.06161297725635,21.000000000000007,0.0,0.0,0.0
145.054067455982,36.0715321317337,21.000000000000007,0.0,0.0,0.0
145.05248226821132,36.081451265344235,21.000000000000007,0.0,0.0,0.0
145.05089668042692,36.09137037807507,21.000000000000007,0.0,0.0,0.0
145.0493106923831,36.101289469913354,21.000000000000007,0.0,0.0,0.0
145.047724303834,36.11120854084622,21.000000000000007,0.0,0.0,0.0
145.04613751453365,36.12112759086075,21.000000000000007,0.0,0.0,0.0
145.04455032423584,36.1310466199441,21.000000000000007,0.0,0.0,0.0
145.04296273269424,36.14096562808333,21.000000000000007,0.0,0.0,0.0
145.04137473966233,36.150884615265525,21.000000000000007,0.0,0.0,0.0
145.03978634489343,36.16080358147778,21.000000000000007,0.0,0.0,0.0
145.03819754814063,36.17072252670716,21.000000000000007,0.0,0.0,0.0
145.03660834915692,36.18064145094072,21.000000000000007,0.0,0.0,0.0
145.03501874769512,36.19056035416552,21.000000000000007,0.0,0.0,0.0
145.0334287435078,36.20047923636861,21.000000000000007,0.0,0.0,0.0
145.03183833634745,36.210398097536995,21.000000000000007,0.0,0.0,0.0
145.03024752596633,36.22031693765772,21.000000000000007,0.0,0.0,0.0
145.02865631211657,36.2302357567178,21.000000000000007,0.0,0.0,0.0
145.02706469455006,36.24015455470426,21.000000000000007,0.0,0.0,0.0
145.02547267301858,36.25007333160406,21.00000000000001,0.0,0.0,0.0
145.02388024727372,36.25999208740421,21.000000000000007,0.0,0.0,0.0
145.02228741706693,36.26991082209168,21.00000000000001,0.0,0.0,0.0
145.02069418214938,36.27982953565345,21.000000000000007,0.0,0.0,0.0
145.01910054227218,36.28974822807647,21.000000000000007,0.0,0.0,0.0
145.01750649718625,36.299666899347706,21.00000000000001,0.0,0.0,0.0
145.01591204664223,36.30958554945406,21.000000000000007,0.0,0.0,0.0
145.01431719039073,36.319504178382516,21.000000000000007,0.0,0.0,0.0
145.01272192818212,36.32942278611999,21.000000000000007,0.0,0.0,0.0
145.01112625976657,36.33934137265337,21.000000000000007,0.0,0.0,0.0
145.00953018489415,36.34925993796959,21.00000000000001,0.0,0.0,0.0
145.00793370331468,36.35917848205554,21.000000000000007,0.0,0.0,0.0
145.00633681477782,36.369097004898094,21.000000000000007,0.0,0.0,0.0
145.0047395190331,36.37901550648413,21.000000000000007,0.0,0.0,0.0
145.00314181582988,36.38893398680054,21.000000000000007,0.0,0.0,0.0
145.0015437049172,36.398852445834144,21.00000000000001,0.0,0.0,0.0
144.99994518604416,36.40877088357184,21.000000000000007,0.0,0.0,0.0
144.9983462589595,36.418689300000445,21.000000000000007,0.0,0.0,0.0
144.99674692341182,36.42860769510679,21.00000000000001,0.0,0.0,0.0
144.99514717914963,36.4385260688777,21.000000000000007,0.0,0.0,0.0
144.99354702592115,36.44844442129999,21.000000000000007,0.0,0.0,0.0
144.99194646347453,36.458362752360465,21.000000000000007,0.0,0.0,0.0
144.99034549155766,36.46828106204592,21.00000000000001,0.0,0.0,0.0
144.9887441099183,36.47819935034315,21.00000000000001,0.0,0.0,0.0
144.98714231830397,36.48811761723891,21.00000000000001,0.0,0.0,0.0
144.9855401164621,36.49803586271998,21.00000000000001,0.0,0.0,0.0
144.98393750413993,36.50795408677312,21.00000000000001,0.0,0.0,0.0
144.98233448108448,36.51787228938507,21.00000000000001,0.0,0.0,0.0
144.9807310470426,36.52779047054258,21.00000000000001,0.0,0.0,0.0
144.97912720176095,36.537708630232366,21.00000000000001,0.0,0.0,0.0
144.97752294498608,36.54762676844117,21.00000000000001,0.0,0.0,0.0
144.97591827646434,36.55754488515567,21.00000000000001,0.0,0.0,0.0
144.9743131959418,36.567462980362606,21.000000000000007,0.0,0.0,0.0
144.9727077031645,36.577381054048644,21.00000000000001,0.0,0.0,0.0
144.97110179787816,36.587299106200476,21.000000000000014,0.0,0.0,0.0
144.96949547982848,36.59721713680478,21.000000000000018,0.0,0.0,0.0
144.96788874876088,36.607135145848204,21.00000000000001,0.0,0.0,0.0
144.96628160442057,36.61705313331741,21.00000000000001,0.0,0.0,0.0
144.9646740465527,36.62697109919907,21.000000000000018,0.0,0.0,0.0
144.9630660749021,36.63688904347978,21.000000000000014,0.0,0.0,0.0
144.96145768921352,36.64680696614618,21.000000000000014,0.0,0.0,0.0
144.95984888923152,36.6567248671849,21.000000000000014,0.0,0.0,0.0
144.95823967470045,36.666642746582525,21.000000000000014,0.0,0.0,0.0
144.95663004536448,36.67656060432567,21.000000000000014,0.0,0.0,0.0
144.95502000096764,36.68647844040093,21.00000000000001,0.0,0.0,0.0
144.95340954125376,36.69639625479487,21.000000000000018,0.0,0.0,0.0
144.95179866596644,36.706314047494054,21.000000000000014,0.0,0.0,0.0
144.95018737484915,36.71623181848507,21.00000000000001,0.0,0.0,0.0
144.9485756676452,36.72614956775443,21.000000000000018,0.0,0.0,0.0
144.94696354409766,36.736067295288706,21.00000000000001,0.0,0.0,0.0
144.9453510039495,36.74598500107442,21.000000000000014,0.0,0.0,0.0
144.94373804694342,36.75590268509809,21.000000000000014,0.0,0.0,0.0
144.942124672822,36.76582034734623,21.000000000000014,0.0,0.0,0.0
144.94051088132758,36.77573798780534,21.000000000000018,0.0,0.0,0.0
144.93889667220236,36.78565560646192,21.00000000000001,0.0,0.0,0.0
144.93728204518843,36.79557320330245,21.00000000000001,0.0,0.0,0.0
144.93566700002754,36.80549077831342,21.00000000000001,0.0,0.0,0.0
144.93405153646137,36.81540833148126,21.000000000000018,0.0,0.0,0.0
144.93243565423137,36.825325862792454,21.000000000000014,0.0,0.0,0.0
144.93081935307885,36.835243372233435,21.000000000000014,0.0,0.0,0.0
144.92920263274488,36.845160859790646,21.000000000000014,0.0,0.0,0.0
144.92758549297045,36.85507832545052,21.00000000000001,0.0,0.0,0.0
144.9259679334962,36.864995769199446,21.00000000000001,0.0,0.0,0.0
144.92434995406276,36.87491319102384,21.00000000000001,0.0,0.0,0.0
144.92273155441046,36.884830590910134,21.000000000000014,0.0,0.0,0.0
144.9211127342795,36.894747968844676,21.000000000000014,0.0,0.0,0.0
144.91949349340987,36.90466532481385,21.000000000000014,0.0,0.0,0.0
144.9178738315414,36.914582658804036,21.00000000000001,0.0,0.0,0.0
144.91625374841377,36.92449997080158,21.000000000000014,0.0,0.0,0.0
144.9146332437664,36.93441726079284,21.000000000000014,0.0,0.0,0.0
144.91301231733848,36.944334528764166,21.000000000000014,0.0,0.0,0.0
144.9113909688692,36.95425177470186,21.000000000000018,0.0,0.0,0.0
144.90976919809742,36.964168998592264,21.000000000000018,0.0,0.0,0.0
144.90814700476187,36.974086200421674,21.000000000000014,0.0,0.0,0.0
144.906524388601,36.9840033801764,21.000000000000014,0.0,0.0,0.0
144.9049013493533,36.993920537842726,21.00000000000001,0.0,0.0,0.0
144.90327788675683,37.003837673406935,21.00000000000001,0.0,0.0,0.0
144.9016540005495,37.013754786855294,21.000000000000014,0.0,0.0,0.0
144.90002969046927,37.02367187817406,21.000000000000014,0.0,0.0,0.0
144.8984049562536,37.033588947349514,21.000000000000014,0.0,0.0,0.0
144.89677979763994,37.04350599436786,21.000000000000014,0.0,0.0,0.0
144.89515421436553,37.05342301921536,21.000000000000014,0.0,0.0,0.0
144.89352820616742,37.0633400218782,21.00000000000001,0.0,0.0,0.0
144.8919017727825,37.07325700234262,21.000000000000014,0.0,0.0,0.0
144.89027491394734,37.08317396059482,21.000000000000014,0.0,0.0,0.0
144.8886476293985,37.093090896620986,21.000000000000018,0.0,0.0,0.0
144.8870199188722,37.10300781040729,21.000000000000018,0.0,0.0,0.0
144.88539178210468,37.11292470193993,21.000000000000018,0.0,0.0,0.0
144.88376321883172,37.12284157120505,21.000000000000014,0.0,0.0,0.0
144.88213422878917,37.1327584181888,21.000000000000018,0.0,0.0,0.0
144.88050481171246,37.14267524287734,21.000000000000014,0.0,0.0,0.0
144.87887496733705,37.15259204525678,21.000000000000018,0.0,0.0,0.0
144.87724469539805,37.16250882531327,21.000000000000014,0.0,0.0,0.0
144.87561399563046,37.172425583032904,21.000000000000018,0.0,0.0,0.0
144.87398286776906,37.182342318401794,21.000000000000018,0.0,0.0,0.0
144.8723513115485,37.192259031406024,21.000000000000018,0.0,0.0,0.0
144.87071932670312,37.20217572203168,21.000000000000018,0.0,0.0,0.0
144.8690869129672,37.21209239026485,21.000000000000014,0.0,0.0,0.0
144.86745407007473,37.22200903609159,21.000000000000018,0.0,0.0,0.0
144.8658207977596,37.23192565949793,21.000000000000018,0.0,0.0,0.0
144.86418709575545,37.241842260469944,21.000000000000014,0.0,0.0,0.0
144.86255296379576,37.25175883899365,21.000000000000014,0.0,0.0,0.0
144.8609184016138,37.26167539505507,21.000000000000018,0.0,0.0,0.0
144.85928340894264,37.27159192864024,21.000000000000014,0.0,0.0,0.0
144.8576479855152,37.281508439735134,21.000000000000018,0.0,0.0,0.0
144.8560121310642,37.29142492832575,21.000000000000018,0.0,0.0,0.0
144.85437584532212,37.30134139439809,21.000000000000014,0.0,0.0,0.0
144.85273912802128,37.31125783793812,21.000000000000018,0.0,0.0,0.0
144.85110197889387,37.32117425893179,21.000000000000014,0.0,0.0,0.0
144.8494643976718,37.33109065736506,21.000000000000018,0.0,0.0,0.0
144.8478263840868,37.34100703322388,21.000000000000018,0.0,0.0,0.0
144.8461879378704,37.350923386494166,21.000000000000018,0.0,0.0,0.0
144.8445490587541,37.36083971716186,21.000000000000018,0.0,0.0,0.0
144.842909746469,37.37075602521287,21.000000000000014,0.0,0.0,0.0
144.84127000074602,37.380672310633095,21.000000000000018,0.0,0.0,0.0
144.83962982131604,37.39058857340842,21.000000000000014,0.0,0.0,0.0
144.8379892079096,37.40050481352474,21.000000000000018,0.0,0.0,0.0
144.8363481602572,37.410421030967925,21.000000000000018,0.0,0.0,0.0
144.83470667808893,37.420337225723834,21.000000000000014,0.0,0.0,0.0
144.83306476113492,37.43025339777831,21.000000000000018,0.0,0.0,0.0
144.83142240912494,37.44016954711719,21.000000000000018,0.0,0.0,0.0
144.82977962178865,37.45008567372634,21.000000000000018,0.0,0.0,0.0
144.8281363988555,37.46000177759156,21.000000000000018,0.0,0.0,0.0
144.82649274005465,37.46991785869866,21.000000000000014,0.0,0.0,0.0
144.82484864511525,37.479833917033424,21.000000000000018,0.0,0.0,0.0
144.8232041137661,37.48974995258168,21.000000000000018,0.0,0.0,0.0
144.82155914573596,37.49966596532917,21.000000000000014,0.0,0.0,0.0
144.81991374075318,37.509581955261694,21.000000000000018,0.0,0.0,0.0
144.81826789854614,37.519497922365,21.000000000000014,0.0,0.0,0.0
144.81662161884282,37.529413866624836,21.000000000000014,0.0,0.0,0.0
144.81497490137116,37.539329788026926,21.000000000000018,0.0,0.0,0.0
144.81332774585889,37.54924568655703,21.000000000000018,0.0,0.0,0.0
144.8116801520334,37.55916156220085,21.000000000000014,0.0,0.0,0.0
144.81003211962212,37.5690774149441,21.000000000000018,0.0,0.0,0.0
144.80838364835205,37.578993244772455,21.000000000000018,0.0,0.0,0.0
144.80673473795014,37.58890905167163,21.000000000000018,0.0,0.0,0.0
144.80508538814308,37.598824835627305,21.000000000000018,0.0,0.0,0.0
144.80343559865744,37.60874059662511,21.00000000000002,0.0,0.0,0.0
144.8017853692195,37.61865633465076,21.000000000000018,0.0,0.0,0.0
144.80013469955537,37.62857204968984,21.00000000000002,0.0,0.0,0.0
144.79848358939097,37.638487741728035,21.000000000000018,0.0,0.0,0.0
144.79683203845207,37.64840341075092,21.00000000000002,0.0,0.0,0.0
144.79518004646417,37.65831905674417,21.000000000000018,0.0,0.0,0.0
144.79352761315263,37.66823467969334,21.000000000000018,0.0,0.0,0.0
144.79187473824254,37.678150279584045,21.00000000000002,0.0,0.0,0.0
144.7902214214589,37.68806585640188,21.000000000000018,0.0,0.0,0.0
144.78856766252642,37.697981410132385,21.000000000000018,0.0,0.0,0.0
144.78691346116963,37.70789694076115,21.000000000000018,0.0,0.0,0.0
144.78525881711286,37.71781244827372,21.000000000000018,0.0,0.0,0.0
144.7836037300803,37.72772793265564,21.000000000000018,0.0,0.0,0.0
144.78194819979586,37.737643393892434,21.000000000000018,0.0,0.0,0.0
144.78029222598335,37.74755883196962,21.00000000000002,0.0,0.0,0.0
144.77863580836623,37.75747424687273,21.00000000000002,0.0,0.0,0.0
144.7769789466679,37.767389638587254,21.000000000000018,0.0,0.0,0.0
144.7753216406115,37.77730500709866,21.00000000000002,0.0,0.0,0.0
144.77366388991996,37.78722035239245,21.000000000000018,0.0,0.0,0.0
144.77200569431608,37.79713567445409,21.00000000000002,0.0,0.0,0.0
144.77034705352236,37.80705097326903,21.00000000000002,0.0,0.0,0.0
144.76868796726114,37.81696624882273,21.000000000000018,0.0,0.0,0.0
144.76702843525464,37.8268815011006,21.00000000000002,0.0,0.0,0.0
144.76536845722475,37.836796730088096,21.000000000000025,0.0,0.0,0.0
144.76370803289322,37.84671193577063,21.000000000000018,0.0,0.0,0.0
144.7620471619816,37.85662711813358,21.000000000000018,0.0,0.0,0.0
144.76038584421127,37.866542277162374,21.000000000000018,0.0,0.0,0.0
144.75872407930333,37.87645741284237,21.000000000000018,0.0,0.0,0.0
144.75706186697877,37.88637252515894,21.00000000000002,0.0,0.0,0.0
144.75539920695826,37.89628761409748,21.00000000000002,0.0,0.0,0.0
144.75373609896238,37.906202679643314,21.00000000000002,0.0,0.0,0.0
144.7520725427115,37.91611772178178,21.000000000000018,0.0,0.0,0.0
144.75040853792564,37.92603274049823,21.00000000000002,0.0,0.0,0.0
144.74874408432487,37.93594773577795,21.000000000000018,0.0,0.0,0.0
144.74707918162883,37.94586270760629,21.00000000000002,0.0,0.0,0.0
144.7454138295571,37.95577765596852,21.00000000000002,0.0,0.0,0.0
144.74374802782893,37.965692580849925,21.00000000000002,0.0,0.0,0.0
144.7420817761635,37.975607482235816,21.000000000000018,0.0,0.0,0.0
144.7404150742797,37.98552236011142,21.000000000000018,0.0,0.0,0.0
144.73874792189622,37.995437214462,21.000000000000018,0.0,0.0,0.0
144.73708031873164,38.005352045272815,21.000000000000018,0.0,0.0,0.0
144.7354122645042,38.0152668525291,21.00000000000002,0.0,0.0,0.0
144.733743758932,38.02518163621606,21.000000000000018,0.0,0.0,0.0
144.73207480173298,38.03509639631893,21.00000000000002,0.0,0.0,0.0
