galstreams/tracks/track.st.C-19.martin2022.ecsv
# %ECSV 0.9
# ---
# datatype:
# - {name: ra, unit: deg, datatype: float64}
# - {name: dec, unit: deg, datatype: float64}
# - {name: distance, unit: kpc, datatype: float64}
# - {name: pm_ra_cosdec, unit: mas / yr, datatype: float64}
# - {name: pm_dec, unit: mas / yr, datatype: float64}
# - {name: radial_velocity, unit: km / s, datatype: float64}
# delimiter: ','
# meta: !!omap
# - __serialized_columns__:
#     dec:
#       __class__: astropy.coordinates.angles.Latitude
#       unit: &id001 !astropy.units.Unit {unit: deg}
#       value: !astropy.table.SerializedColumn {name: dec}
#     distance:
#       __class__: astropy.coordinates.distances.Distance
#       unit: !astropy.units.Unit {unit: kpc}
#       value: !astropy.table.SerializedColumn {name: distance}
#     pm_dec:
#       __class__: astropy.units.quantity.Quantity
#       unit: !astropy.units.Unit {unit: mas / yr}
#       value: !astropy.table.SerializedColumn {name: pm_dec}
#     pm_ra_cosdec:
#       __class__: astropy.units.quantity.Quantity
#       unit: !astropy.units.Unit {unit: mas / yr}
#       value: !astropy.table.SerializedColumn {name: pm_ra_cosdec}
#     ra:
#       __class__: astropy.coordinates.angles.Longitude
#       unit: *id001
#       value: !astropy.table.SerializedColumn {name: ra}
#       wrap_angle: !astropy.coordinates.Angle
#         unit: *id001
#         value: 360.0
#     radial_velocity:
#       __class__: astropy.units.quantity.Quantity
#       unit: !astropy.units.Unit {unit: km / s}
#       value: !astropy.table.SerializedColumn {name: radial_velocity}
# schema: astropy-2.0
ra,dec,distance,pm_ra_cosdec,pm_dec,radial_velocity
[from data line 909]
354.75678467997767,26.661094683259968,18.0,1.2815349982071957,-2.828587143596852,-189.44000000000003
354.7572974481848,26.65068893667578,18.0,1.281418054709643,-2.8291827298255776,-189.4400000000001
354.7578099296929,26.640283180521152,18.0,1.2813011851038432,-2.829777917577503,-189.4400000000001
354.7583221246138,26.629877414799346,18.0,1.2811843893928807,-2.8303727068584412,-189.44000000000014
354.7588340330592,26.619471639513602,18.0,1.2810676675798292,-2.8309670976742063,-189.44000000000014
354.7593456551406,26.609065854667154,18.0,1.2809510196677496,-2.831561090030612,-189.44000000000005
354.75985699096947,26.598660060263267,18.0,1.280834445659692,-2.8321546839334615,-189.44000000000005
354.7603680406573,26.58825425630521,18.0,1.2807179455586943,-2.832747879388554,-189.44000000000005
354.76087880431527,26.577848442796117,18.0,1.280601519367783,-2.8333406764016877,-189.44000000000003
354.7613892820547,26.567442619739282,18.000000000000004,1.2804851670899722,-2.833933074978652,-189.44000000000014
354.7618994739867,26.557036787137918,18.0,1.2803688887282658,-2.8345250751252364,-189.44000000000005
354.7624093802223,26.54663094499524,18.000000000000004,1.2802526842856548,-2.835116676847222,-189.4400000000001
354.7629190008725,26.53622509331449,18.0,1.2801365537651188,-2.8357078801503866,-189.44000000000014
354.763428336048,26.525819232098918,18.0,1.2800204971696267,-2.836298685040503,-189.44000000000014
354.7639373858597,26.515413361351627,18.0,1.2799045145021346,-2.836889091523338,-189.4400000000001
354.76444615041817,26.505007481075904,18.0,1.2797886057655865,-2.8374790996046584,-189.44000000000014
354.76495462983416,26.49460159127492,18.0,1.2796727709629183,-2.838068709290223,-189.44000000000005
354.765462824218,26.48419569195189,18.0,1.279557010097049,-2.838657920585785,-189.44000000000003
354.76597073368015,26.473789783110014,18.000000000000007,1.2794413231708897,-2.8392467334970948,-189.44000000000014
354.7664783583309,26.463383864752554,17.999999999999996,1.279325710187341,-2.8398351480299016,-189.44000000000017
354.7669856982805,26.452977936882558,18.0,1.2792101711492878,-2.840423164189942,-189.44000000000017
354.76749275363915,26.44257199950328,18.0,1.279094706059607,-2.8410107819829555,-189.44
354.76799952451677,26.432166052617912,17.999999999999996,1.2789793149211621,-2.841598001414674,-189.44000000000005
354.7685060110234,26.42176009622962,18.0,1.2788639977368053,-2.842184822490822,-189.44000000000003
354.76901221326887,26.4113541303416,18.0,1.2787487545093794,-2.842771245217126,-189.44000000000014
354.769518131363,26.400948154957053,18.0,1.2786335852417132,-2.843357269599304,-189.44000000000005
354.7700237654153,26.390542170079048,18.0,1.2785184899366244,-2.8439428956430683,-189.44000000000005
354.7705291155356,26.380136175710813,18.000000000000004,1.2784034685969201,-2.84452812335413,-189.44000000000014
354.77103418183333,26.36973017185549,18.0,1.278288521225397,-2.845112952738192,-189.44
354.7715389644178,26.35932415851626,18.0,1.278173647824837,-2.8456973838009585,-189.44000000000014
354.7720434633985,26.348918135696255,18.0,1.2780588483980135,-2.846281416548123,-189.4400000000001
354.77254767888456,26.338512103398703,18.0,1.2779441229476878,-2.8468650509853743,-189.44000000000014
354.77305161098514,26.32810606162661,18.0,1.2778294714766099,-2.847448287118405,-189.44000000000014
354.77355525980937,26.317700010383202,18.0,1.2777148939875178,-2.8480311249528945,-189.44000000000005
354.7740586254661,26.307293949671603,18.0,1.2776003904831372,-2.8486135644945194,-189.44000000000014
354.7745617080644,26.296887879494953,17.999999999999996,1.277485960966186,-2.8491956057489567,-189.44000000000005
354.77506450771284,26.286481799856386,17.999999999999996,1.2773716054393665,-2.849777248721871,-189.44000000000014
354.77556702452034,26.27607571075903,17.999999999999996,1.2772573239053735,-2.8503584934189297,-189.4400000000001
354.77606925859527,26.265669612206064,18.0,1.2771431163668865,-2.8509393398457936,-189.44000000000017
354.77657121004637,26.2552635042005,18.0,1.2770289828265777,-2.851519788008116,-189.44000000000017
354.77707287898204,26.244857386745508,18.000000000000004,1.2769149232871055,-2.852099837911549,-189.4400000000001
354.77757426551057,26.234451259844207,18.000000000000004,1.2768009377511176,-2.8526794895617393,-189.4400000000001
354.77807536974024,26.224045123499717,17.999999999999996,1.2766870262212509,-2.8532587429643304,-189.44000000000005
354.7785761917792,26.213638977715124,18.000000000000004,1.2765731887001293,-2.8538375981249575,-189.44000000000005
354.77907673173564,26.203232822493607,18.0,1.2764594251903685,-2.854416055049256,-189.4400000000001
354.77957698971744,26.19282665783815,18.0,1.27634573569457,-2.8549941137428534,-189.4400000000001
354.78007696583256,26.182420483751887,18.0,1.2762321202153255,-2.8555717742113753,-189.44000000000014
354.7805766601888,26.172014300237947,18.0,1.2761185787552163,-2.856149036460441,-189.44000000000005
354.7810760728939,26.16160810729939,18.0,1.2760051113168098,-2.8567259004956655,-189.44000000000017
354.7815752040555,26.15120190493931,18.000000000000004,1.2758917179026656,-2.8573023663226604,-189.44000000000005
354.7820740537812,26.140795693160864,18.0,1.2757783985153295,-2.8578784339470347,-189.44000000000014
354.7825726221784,26.130389471966996,18.0,1.2756651531573378,-2.8584541033743864,-189.4400000000001
354.78307090935454,26.119983241360842,18.0,1.2755519818312138,-2.8590293746103175,-189.44000000000005
354.7835689154168,26.10957700134549,18.0,1.2754388845394715,-2.859604247660418,-189.44000000000005
354.78406664047253,26.099170751923975,18.000000000000004,1.2753258612846123,-2.8601787225302786,-189.4400000000001
354.7845640846288,26.0887644930994,18.0,1.2752129120691291,-2.8607527992254864,-189.44000000000005
354.78506124799264,26.078358224874876,17.999999999999996,1.2751000368955006,-2.861326477751617,-189.44000000000003
354.78555813067095,26.067951947253327,18.0,1.2749872357661944,-2.8618997581142493,-189.44
354.7860547327706,26.057545660237892,18.0,1.2748745086836697,-2.862472640318953,-189.44000000000005
354.78655105439833,26.047139363831594,18.000000000000004,1.2747618556503724,-2.8630451243712973,-189.44000000000014
354.7870470956609,26.0367330580375,18.0,1.274649276668741,-2.8636172102768453,-189.44
354.78754285666486,26.02632674285866,18.0,1.2745367717411957,-2.864188898041153,-189.4400000000001
354.78803833751675,26.0159204182981,17.999999999999996,1.2744243408701532,-2.864760187669776,-189.44000000000005
354.7885335383229,26.00551408435891,18.0,1.274311984058014,-2.8653310791682616,-189.4400000000001
354.7890284591897,25.995107741044038,17.999999999999996,1.274199701307171,-2.865901572542158,-189.44000000000014
354.7895231002234,25.98470138835654,18.0,1.2740874926200036,-2.8664716677970055,-189.44000000000014
354.79001746153017,25.974295026299465,18.0,1.2739753579988822,-2.867041364938339,-189.44000000000005
354.790511543216,25.96388865487582,18.0,1.2738632974461648,-2.8676106639716914,-189.4400000000001
354.79100534538696,25.953482274088646,17.999999999999996,1.2737513109641996,-2.8681795649025936,-189.44000000000005
354.7914988681489,25.943075883940995,18.0,1.2736393985553223,-2.868748067736564,-189.44000000000014
354.79199211160767,25.932669484435785,18.0,1.2735275602218592,-2.869316172479125,-189.44000000000005
354.79248507586897,25.92226307557607,18.0,1.2734157959661248,-2.869883879135792,-189.4400000000001
354.79297776103834,25.911856657364865,18.0,1.2733041057904222,-2.8704511877120735,-189.44000000000014
354.7934701672215,25.901450229805167,18.0,1.2731924896970457,-2.871018098213475,-189.44000000000014
354.79396229452385,25.891043792899985,17.999999999999996,1.273080947688277,-2.871584610645503,-189.4400000000001
354.79445414305076,25.880637346652353,18.000000000000004,1.272969479766386,-2.872150725013648,-189.4400000000001
354.79494571290746,25.870230891065177,18.0,1.2728580859336334,-2.8727164413234085,-189.44000000000014
354.79543700419924,25.85982442614148,18.0,1.272746766192271,-2.8732817595802738,-189.44000000000003
354.7959280170312,25.84941795188427,17.999999999999996,1.2726355205445332,-2.8738466797897257,-189.4400000000001
354.7964187515083,25.83901146829651,18.0,1.2725243489926503,-2.874411201957244,-189.4400000000001
354.7969092077356,25.828604975381182,18.0,1.2724132515388384,-2.8749753260883084,-189.4400000000001
354.7973993858179,25.818198473141326,18.0,1.2723022281853038,-2.875539052188387,-189.44000000000005
354.7978892858599,25.80779196157981,17.999999999999996,1.2721912789342418,-2.8761023802629504,-189.44000000000014
354.7983789079665,25.797385440699635,18.0,1.2720804037878366,-2.876665310317457,-189.44000000000005
354.79886825224213,25.786978910503787,18.0,1.271969602748262,-2.8772278423573727,-189.44000000000003
354.7993573187913,25.776572370995222,18.0,1.271858875817681,-2.8777899763881463,-189.44000000000003
354.7998461077185,25.766165822176895,18.000000000000004,1.2717482229982444,-2.87835171241523,-189.4400000000001
354.8003346191281,25.75575926405183,18.0,1.2716376442920962,-2.87891305044407,-189.44000000000003
354.8008228531242,25.745352696622852,18.000000000000004,1.2715271397013639,-2.8794739904801077,-189.4400000000002
354.8013108098112,25.734946119892975,18.0,1.27141670922817,-2.8800345325287813,-189.44000000000005
354.80179848929305,25.724539533865148,17.999999999999996,1.2713063528746233,-2.880594676595524,-189.44000000000014
354.8022858916738,25.714132938542303,18.000000000000004,1.2711960706428205,-2.881154422685763,-189.44000000000005
354.80277301705735,25.703726333927378,18.0,1.2710858625348511,-2.881713770804926,-189.44000000000003
354.8032598655475,25.69331972002333,17.999999999999996,1.2709757285527916,-2.8822727209584316,-189.4400000000001
354.8037464372481,25.68291309683312,17.999999999999996,1.2708656686987088,-2.8828312731516976,-189.4400000000001
354.8042327322627,25.672506464359568,18.0,1.2707556829746582,-2.8833894273901324,-189.44000000000005
354.80471875069486,25.662099822605676,17.999999999999996,1.2706457713826846,-2.883947183679149,-189.44000000000014
354.8052044926482,25.651693171574347,18.0,1.2705359339248228,-2.8845045420241466,-189.4400000000001
354.8056899582261,25.64128651126851,18.0,1.2704261706030973,-2.8850615024305277,-189.4400000000001
354.80617514753175,25.630879841691087,17.999999999999996,1.2703164814195211,-2.8856180649036856,-189.44000000000005
354.8066600606685,25.620473162845023,18.000000000000004,1.270206866376095,-2.88617422944901,-189.44000000000014
354.80714469773955,25.61006647473313,18.0,1.2700973254748147,-2.8867299960718924,-189.44
354.8076290588478,25.59965977735837,18.0,1.2699878587176583,-2.8872853647777106,-189.44000000000014
354.80811314409635,25.589253070723643,17.999999999999996,1.2698784661065992,-2.8878403355718447,-189.44000000000014
354.8085969535881,25.578846354831857,17.999999999999993,1.2697691476435966,-2.88839490845967,-189.4400000000001
354.80908048742583,25.568439629685876,18.0,1.2696599033305995,-2.888949083446553,-189.44000000000005
354.8095637457123,25.55803289528869,18.0,1.2695507331695484,-2.8895028605378617,-189.4400000000001
354.81004672855005,25.547626151643048,18.000000000000004,1.2694416371623711,-2.8900562397389558,-189.44000000000014
354.8105294360418,25.537219398751898,18.000000000000004,1.2693326153109878,-2.8906092210551972,-189.44000000000005
354.81101186829,25.526812636618136,18.000000000000004,1.2692236676173048,-2.8911618044919356,-189.44000000000003
354.8114940253969,25.516405865244618,18.0,1.2691147940832193,-2.89171399005452,-189.44000000000005
354.8119759074649,25.50599908463424,18.0,1.2690059947106187,-2.892265777748296,-189.44000000000014
354.81245751459625,25.495592294789923,17.999999999999996,1.268897269501379,-2.8928171675786034,-189.44000000000014
354.812938846893,25.485185495714415,18.0,1.2687886184573656,-2.8933681595507794,-189.4400000000001
354.81341990445736,25.474778687410645,17.999999999999996,1.2686800415804351,-2.893918753670156,-189.44000000000014
354.81390068739114,25.46437186988148,18.000000000000004,1.2685715388724306,-2.89446894994206,-189.4400000000001
354.81438119579633,25.45396504312978,18.0,1.2684631103351889,-2.895018748371819,-189.44000000000017
354.8148614297747,25.443558207158397,18.0,1.2683547559705335,-2.895568148964748,-189.4400000000001
354.81534138942794,25.433151361970186,17.999999999999996,1.2682464757802776,-2.8961171517261692,-189.4400000000001
354.81582107485775,25.42274450756804,18.0,1.2681382697662242,-2.8966657566613874,-189.44000000000003
354.8163004861656,25.412337643954714,18.0,1.268030137930167,-2.8972139637757137,-189.4400000000001
354.81677962345304,25.40193077113309,17.999999999999996,1.267922080273889,-2.897761773074451,-189.44000000000005
354.81725848682134,25.39152388910602,18.0,1.2678140967991616,-2.898309184562897,-189.44000000000005
354.81773707637194,25.38111699787634,17.999999999999996,1.267706187507747,-2.8988561982463494,-189.44000000000017
354.818215392206,25.370710097446874,17.999999999999996,1.2675983524013983,-2.899402814130097,-189.44000000000014
354.81869343442463,25.360303187820513,18.000000000000004,1.267490591481854,-2.8999490322194275,-189.44000000000005
354.8191712031289,25.34989626899997,18.000000000000004,1.2673829047508463,-2.900494852519622,-189.44000000000005
354.81964869841977,25.339489340988134,18.0,1.2672752922100965,-2.901040275035962,-189.44000000000017
354.8201259203982,25.329082403787815,18.0,1.267167753861315,-2.9015852997737195,-189.44000000000005
354.8206028691649,25.31867545740183,18.0,1.267060289706201,-2.902129926738165,-189.44000000000005
354.8210795448206,25.308268501833,18.0,1.2669528997464445,-2.902674155934567,-189.4400000000001
354.8215559474659,25.297861537084188,18.0,1.2668455839837254,-2.9032179873681843,-189.4400000000001
354.82203207720147,25.28745456315809,18.0,1.2667383424197138,-2.903761421044277,-189.44000000000005
354.82250793412766,25.277047580057566,17.999999999999996,1.2666311750560668,-2.9043044569681014,-189.44000000000014
354.8229835183449,25.266640587785417,18.0,1.2665240818944348,-2.904847095144902,-189.44000000000017
354.8234588299536,25.25623358634444,18.0,1.2664170629364566,-2.9053893355799296,-189.44000000000005
354.82393386905386,25.24582657573743,18.000000000000004,1.26631011818376,-2.905931178278423,-189.44000000000005
354.8244086357458,25.23541955596724,18.0,1.2662032476379634,-2.906472623245621,-189.44000000000017
354.8248831301296,25.225012527036544,18.0,1.2660964513006754,-2.907013670486758,-189.44000000000005
354.82535735230505,25.214605488948177,18.0,1.2659897291734925,-2.9075543200070606,-189.44000000000014
354.82583130237225,25.204198441704918,17.999999999999996,1.2658830812580046,-2.908094571811759,-189.44000000000005
354.8263049804308,25.19379138530956,18.0,1.2657765075557867,-2.9086344259060692,-189.4400000000001
354.82677838658054,25.183384319764873,18.0,1.2656700080684085,-2.909173882295214,-189.44000000000017
354.82725152092115,25.17297724507362,18.0,1.2655635827974272,-2.909712940984403,-189.44000000000005
354.82772438355215,25.162570161238644,18.0,1.2654572317443893,-2.9102516019788465,-189.44000000000005
354.828196974573,25.15216306826259,18.0,1.2653509549108308,-2.91078986528375,-189.44000000000014
354.8286692940831,25.141755966148263,18.0,1.2652447522982817,-2.911327730904315,-189.44000000000005
354.8291413421818,25.131348854898448,18.0,1.2651386239082567,-2.9118651988457387,-189.44000000000014
354.8296131189683,25.120941734515885,18.0,1.2650325697422635,-2.912402269113213,-189.44000000000005
354.83008462454177,25.11053460500333,18.0,1.264926589801798,-2.9129389417119294,-189.44000000000014
354.83055585900127,25.1001274663636,17.999999999999993,1.2648206840883498,-2.9134752166470728,-189.44000000000014
354.8310268224457,25.08972031859931,18.0,1.2647148526033916,-2.9140110939238197,-189.44000000000017
354.8314975149742,25.079313161713266,18.0,1.264609095348394,-2.914546573547353,-189.44000000000005
