galstreams/tracks/track.st.New-1.ibata2024.ecsv
# %ECSV 1.0
# ---
# datatype:
# - {name: ra, unit: deg, datatype: float64}
# - {name: dec, unit: deg, datatype: float64}
# - {name: distance, unit: kpc, datatype: float64}
# - {name: pm_ra_cosdec, unit: mas / yr, datatype: float64}
# - {name: pm_dec, unit: mas / yr, datatype: float64}
# - {name: radial_velocity, unit: km / s, datatype: float64}
# delimiter: ','
# meta: !!omap
# - __serialized_columns__:
#     dec:
#       __class__: astropy.coordinates.angles.Latitude
#       unit: &id001 !astropy.units.Unit {unit: deg}
#       value: !astropy.table.SerializedColumn {name: dec}
#     distance:
#       __class__: astropy.coordinates.distances.Distance
#       unit: !astropy.units.Unit {unit: kpc}
#       value: !astropy.table.SerializedColumn {name: distance}
#     pm_dec:
#       __class__: astropy.units.quantity.Quantity
#       unit: !astropy.units.Unit {unit: mas / yr}
#       value: !astropy.table.SerializedColumn {name: pm_dec}
#     pm_ra_cosdec:
#       __class__: astropy.units.quantity.Quantity
#       unit: !astropy.units.Unit {unit: mas / yr}
#       value: !astropy.table.SerializedColumn {name: pm_ra_cosdec}
#     ra:
#       __class__: astropy.coordinates.angles.Longitude
#       unit: *id001
#       value: !astropy.table.SerializedColumn {name: ra}
#       wrap_angle: !astropy.coordinates.Angle
#         unit: *id001
#         value: 360.0
#     radial_velocity:
#       __class__: astropy.units.quantity.Quantity
#       unit: !astropy.units.Unit {unit: km / s}
#       value: !astropy.table.SerializedColumn {name: radial_velocity}
# schema: astropy-2.0
ra,dec,distance,pm_ra_cosdec,pm_dec,radial_velocity
[from data line 1292]
26.903613440950718,-48.10668783777441,0.9999999999999988,2.1523996712695506,1.7615895776983894,51.998253546624134
26.90419572316395,-48.116679612463734,0.9999999999999988,2.1522798392028957,1.7616084961413003,52.046488403144124
26.90477785673003,-48.12667139332644,0.9999999999999988,2.1521599630050265,1.7616272469717327,52.09482907942733
26.90535984306519,-48.136663180330494,0.9999999999999988,2.152040043554955,1.7616458314662795,52.14327528678104
26.90594168358672,-48.14665497344365,0.9999999999999989,2.151920081731616,1.761664250901612,52.19182673651269
26.90652337971298,-48.15664677263367,0.9999999999999987,2.151800078413858,1.7616825065544752,52.24048313992958
26.90710493286338,-48.16663857786839,0.9999999999999988,2.1516800344804423,1.7617005997016806,52.28924420833909
26.9076863444584,-48.17663038911551,0.9999999999999989,2.151559950810053,1.7617185316201311,52.33810965304858
26.90826761591959,-48.18662220634266,0.9999999999999987,2.1514398282812843,1.7617363035867868,52.387079185365366
26.90884874866958,-48.19661402951766,0.9999999999999989,2.151319667772642,1.7617539168786944,52.43615251659681
26.909429744132023,-48.206605858608,0.9999999999999988,2.15119947016256,1.7617713727729694,52.48532935805031
26.9100106037317,-48.21659769358145,0.9999999999999989,2.1510792363293727,1.7617886725468033,52.534609421033146
26.910591328894423,-48.22658953440551,0.9999999999999989,2.1509589671513423,1.7618058174774625,52.58399241685274
26.911171921047103,-48.23658138104769,0.9999999999999988,2.15083866350664,1.761822808842286,52.6334780568164
26.9117523816177,-48.246573233475644,0.9999999999999988,2.150718326273355,1.761839647918693,52.68306605223151
26.912332712035273,-48.25656509165675,0.9999999999999989,2.1505979563294897,1.761856335984171,52.73275611440538
26.912912913729965,-48.26655695555859,0.9999999999999989,2.1504775545529626,1.7618728743162864,52.7825479546454
26.91349298813298,-48.27654882514857,0.9999999999999988,2.1503571218216093,1.7618892641926784,52.8324412842589
26.914072936676597,-48.28654070039403,0.9999999999999988,2.1502366590131805,1.7619055068910647,52.882435814553276
26.914652760794198,-48.29653258126246,0.9999999999999988,2.1501161670053413,1.761921603689232,52.93253125683583
26.91523246192024,-48.30652446772118,0.9999999999999988,2.1499956466756704,1.761937555865046,52.98272732241393
26.91581204149026,-48.31651635973744,0.9999999999999988,2.149875098901668,1.7619533646964447,53.03302372259493
26.9163915009409,-48.32650825727867,0.9999999999999989,2.149754524560741,1.761969031461442,53.083420168686196
26.916970841709865,-48.336500160312006,0.9999999999999989,2.149633924530216,1.7619845574381312,53.133916371995056
26.917550065235975,-48.34649206880482,0.9999999999999988,2.149513299687341,1.7619999439046738,53.184512043828896
26.918129172959127,-48.35648398272427,0.9999999999999989,2.1493926509092676,1.7620151921393115,53.23520689549504
26.918708166320307,-48.366475902037465,0.9999999999999988,2.1492719790730717,1.7620303034203575,53.28600063830086
26.91928704676161,-48.37646782671166,0.9999999999999989,2.14915128505574,1.7620452790261956,53.336892983553696
26.91986581572622,-48.3864597567139,0.999999999999999,2.1490305697341747,1.762060120235299,53.387883642560894
26.92044447465842,-48.396451692011375,0.9999999999999988,2.1489098339851944,1.7620748283262078,53.43897232662982
26.921023025003592,-48.40644363257109,0.9999999999999987,2.1487890786855353,1.7620894045775293,53.490158747067845
26.92160146820821,-48.416435578360044,0.9999999999999989,2.148668304711842,1.7621038502679642,53.541442615182284
26.922179805719857,-48.42642752934533,0.9999999999999987,2.148547512940684,1.7621181666762693,53.59282364228052
26.922758038987237,-48.43641948549386,0.9999999999999987,2.1484267042485325,1.76213235508129,53.64430153966988
26.923336169460125,-48.44641144677264,0.999999999999999,2.148305879511788,1.762146416761941,53.69587601865773
26.923914198589436,-48.45640341314858,0.9999999999999988,2.1481850396067563,1.7621603529972143,53.747546790551425
26.92449212782717,-48.4663953845885,0.9999999999999989,2.148064185409663,1.7621741650661775,53.79931356665832
26.92506995862644,-48.47638736105938,0.9999999999999989,2.1479433177966483,1.7621878542479719,53.851176058285745
26.925647692441487,-48.48637934252799,0.9999999999999988,2.1478224376437636,1.7622014218218176,53.90313397674109
26.926225330727647,-48.4963713289611,0.9999999999999989,2.1477015458269806,1.7622148690670043,53.95518703333169
26.926802874941366,-48.506363320325555,0.9999999999999988,2.147580643222184,1.7622281972629006,54.00733493936489
26.92738032654024,-48.51635531658804,0.9999999999999989,2.1474597307051706,1.7622414076889559,54.05957740614806
26.927957686982953,-48.52634731771538,0.9999999999999988,2.147338809151655,1.7622545016246915,54.11191414498851
26.928534957729305,-48.536339323674184,0.9999999999999988,2.1472178794372656,1.7622674803496983,54.164344867193655
26.92911214024024,-48.546331334431066,0.9999999999999988,2.147096942437546,1.7622803451436457,54.21686928407083
26.929689235977804,-48.55632334995278,0.9999999999999988,2.1469759990279584,1.7622930972862871,54.26948710692735
26.930266246405168,-48.56631537020581,0.9999999999999987,2.146855050083872,1.7623057380574423,54.32219804707058
26.93084317298664,-48.576307395156846,0.9999999999999988,2.146734096480576,1.7623182687370118,54.37500181580791
26.931420017187648,-48.58629942477237,0.9999999999999988,2.146613139093275,1.7623306906049665,54.42789812444668
26.931996780474762,-48.59629145901886,0.9999999999999989,2.146492178797084,1.762343004941365,54.480886684294205
26.932573464315656,-48.60628349786289,0.9999999999999988,2.146371216467034,1.762355213026325,54.53396720665789
26.933150070179146,-48.61627554127087,0.9999999999999987,2.146250252978078,1.7623673161400486,54.58713940284504
26.933726599535184,-48.626267589209206,0.999999999999999,2.146129289205073,1.762379315562825,54.64040298416303
26.934303053854883,-48.63625964164436,0.9999999999999989,2.146008326022793,1.7623912125749968,54.693757661919236
26.934879434610444,-48.64625169854262,0.9999999999999988,2.145887364305933,1.7624030084569995,54.74720314742097
26.93545574327524,-48.656243759870456,0.9999999999999987,2.145766404929093,1.7624147044893421,54.80073915197561
26.936031981323747,-48.666235825594086,0.9999999999999989,2.1456454487668006,1.7624263019526003,54.8543653868905
26.936608150231642,-48.67622789567977,0.9999999999999989,2.145524496693482,1.7624378021274438,54.908081563473004
26.93718425147569,-48.686219970093866,0.9999999999999988,2.14540354958349,1.7624492062946011,54.96188739303045
26.93776028653382,-48.69621204880248,0.9999999999999989,2.1452826083110854,1.7624605157348796,55.015782586870216
26.938336256885123,-48.70620413177193,0.9999999999999988,2.145161673750446,1.7624717317291765,55.06976685629966
26.9389121640098,-48.716196218968335,0.9999999999999988,2.145040746775663,1.762482855558451,55.123839912626096
26.939488009389247,-48.72618831035778,0.9999999999999987,2.1449198282607425,1.762493888503747,55.1780014671569
26.940063794505964,-48.73618040590647,0.9999999999999988,2.144798919079604,1.7625048318461767,55.232251231199434
26.940639520843643,-48.74617250558043,0.9999999999999987,2.1446780201060824,1.762515686866938,55.28658891606105
26.941215189887092,-48.75616460934568,0.9999999999999988,2.1445571322139254,1.7625264548472979,55.341014233049066
26.941790803122323,-48.76615671716834,0.9999999999999989,2.1444362562767934,1.7625371370686072,55.3955268934709
26.942366362036445,-48.77614882901431,0.9999999999999989,2.1443153931682684,1.7625477348122889,55.45012660863386
26.94294186811779,-48.78614094484965,0.9999999999999989,2.144194543761834,1.7625582493598415,55.50481308984527
26.9435173228558,-48.79613306464024,0.9999999999999988,2.1440737089308994,1.762568681992846,55.559586048412555
26.944092727741104,-48.80612518835195,0.9999999999999989,2.1439528895487805,1.762579033992953,55.61444519564302
26.944668084265462,-48.816117315950734,0.9999999999999987,2.1438320864887155,1.762589306641889,55.669390242844024
26.945243393921857,-48.82610944740237,0.9999999999999987,2.1437113006238433,1.7625995012214677,55.72442090132292
26.9458186582044,-48.83610158267276,0.9999999999999989,2.1435905328272247,1.7626096190135732,55.77953688238708
26.946393878608365,-48.84609372172767,0.999999999999999,2.1434697839718386,1.7626196613001648,55.83473789734386
26.946969056630202,-48.85608586453278,0.9999999999999989,2.143349054930571,1.7626296293632828,55.890023657500564
26.947544193767555,-48.86607801105394,0.9999999999999989,2.143228346576221,1.7626395244850395,55.94539387416457
26.94811929151922,-48.87607016125682,0.9999999999999988,2.1431076597815046,1.7626493479476366,56.000848258643266
26.94869435138517,-48.88606231510701,0.9999999999999987,2.1429869954190512,1.7626591010333348,56.05638652224397
26.94926937486655,-48.896054472570285,0.9999999999999988,2.1428663543614017,1.762668785024486,56.11200837627402
26.949844363465697,-48.90604663361215,0.9999999999999989,2.1427457374810115,1.7626784012035142,56.16771353204081
26.950419318686112,-48.9160387981983,0.9999999999999989,2.1426251456502547,1.7626879508529187,56.22350170085167
26.950994242032507,-48.92603096629425,0.9999999999999989,2.1425045797414066,1.7626974352552853,56.27937259401393
26.951569135010725,-48.93602313786544,0.9999999999999986,2.142384040626672,1.7627068556932635,56.33532592283502
26.95214399912784,-48.94601531287751,0.9999999999999989,2.14226352917815,1.7627162134495906,56.391361398622216
26.952718835892096,-48.95600749129582,0.9999999999999989,2.1421430462678703,1.7627255098070798,56.44747873268289
26.953293646812927,-48.965999673085925,0.9999999999999989,2.1420225927677685,1.7627347460486193,56.5036776363244
26.953868433400952,-48.97599185821317,0.9999999999999989,2.1419021695496903,1.7627439234571787,56.5599578208541
26.954443197167983,-48.98598404664288,0.9999999999999988,2.1417817774854018,1.7627530433157999,56.61631899757933
26.955017939627023,-48.995976238340546,0.9999999999999988,2.141661417446576,1.7627621069076067,56.672760877807484
26.95559266229228,-49.00596843327136,0.9999999999999988,2.1415410903048024,1.7627711155157986,56.72928317284587
26.95616736667915,-49.01596063140074,0.9999999999999987,2.141420796931582,1.7627800704236547,56.785885594001854
26.956742054304218,-49.02595283269389,0.9999999999999988,2.1413005381983297,1.7627889729145325,56.842567852582796
26.95731672668529,-49.035945037116,0.9999999999999988,2.141180314976372,1.7627978242718711,56.89932965989604
26.95789138534135,-49.04593724463238,0.9999999999999987,2.1410601281369486,1.762806625779171,56.956170727248946
26.958466031792618,-49.055929455208165,0.9999999999999989,2.1409399785512124,1.7628153787200338,57.013090765948874
26.95904066756046,-49.065921668808436,0.9999999999999988,2.140819867090231,1.7628240843781215,57.07008948730314
26.959615294167513,-49.07591388539844,0.9999999999999989,2.140699794624983,1.7628327440371816,57.12716660261915
26.960189913137576,-49.08590610494316,0.9999999999999988,2.140579762026357,1.7628413589810474,57.18432182320424
26.960764525995707,-49.09589832740776,0.9999999999999988,2.1404597701651555,1.7628499304936192,57.24155486036573
26.961339134268112,-49.10589055275721,0.9999999999999986,2.1403398199120964,1.7628584598588697,57.298865425410995
26.96191373948225,-49.115882780956476,0.9999999999999989,2.140219912137808,1.7628669483608705,57.3562532296474
26.962488343166783,-49.125875011970635,0.9999999999999987,2.1401000477128314,1.762875397283759,57.41371798438228
26.963062946851593,-49.13586724576451,0.9999999999999988,2.1399802275076203,1.762883807911745,57.471259400923
26.96363755206779,-49.14585948230315,0.9999999999999988,2.1398604523925373,1.7628921815291392,57.52887719057692
26.964212160347678,-49.15585172155138,0.9999999999999988,2.1397407232378662,1.762900519420306,57.586571064651345
26.9647867732248,-49.16584396347398,0.9999999999999989,2.139621040913789,1.7629088228696963,57.6443407344537
26.965361392233945,-49.175836208035925,0.9999999999999989,2.1395014062904103,1.7629170931618594,57.702185911291274
26.965936018911062,-49.18582845520194,0.9999999999999987,2.1393818202377477,1.7629253315813918,57.760106306471464
26.966510654793378,-49.19582070493672,0.9999999999999989,2.1392622836257247,1.7629335394129875,57.8181016313016
26.967085301419345,-49.205812957205154,0.9999999999999988,2.1391427973241783,1.7629417179414224,57.87617159708904
26.96765996032863,-49.21580521197181,0.9999999999999988,2.139023362202859,1.762949868451539,57.93431591514114
26.968234633062135,-49.2257974692015,0.9999999999999987,2.1389039791314275,1.7629579922282677,57.99253429676526
26.968809321161995,-49.235789728858805,0.9999999999999988,2.1387846489794593,1.7629660905566151,58.050826453268726
26.969384026171593,-49.24578199090829,0.9999999999999989,2.138665372616437,1.762974164721669,58.10919209595891
26.969958749635534,-49.25577425531468,0.9999999999999988,2.1385461509117563,1.762982216008595,58.1676309361432
26.970533493099644,-49.265766522042405,0.9999999999999989,2.1384269847347306,1.762990245702639,58.22614268512885
26.97110825811104,-49.275758791056134,0.9999999999999988,2.1383078749545747,1.762998255089129,58.2847270542233
26.971683046218036,-49.28575106232028,0.9999999999999989,2.138188822440418,1.7630062454534619,58.34338375473389
26.972257858970213,-49.295743335799294,0.9999999999999989,2.138069828061306,1.7630142180811292,58.40211249796794
26.97283269791838,-49.30573561145771,0.9999999999999988,2.137950892686194,1.7630221742576921,58.46091299523282
26.973407564614604,-49.31572788925984,0.9999999999999988,2.1378320171839444,1.7630301152687924,58.519784957835896
26.9739824606122,-49.3257201691702,0.9999999999999989,2.1377132024233303,1.7630380424001615,58.57872809708452
26.974557387465744,-49.335712451153064,0.9999999999999989,2.137594449273042,1.7630459569375931,58.63774212428604
26.975132346731034,-49.34570473517272,0.9999999999999989,2.137475758601676,1.763053860166976,58.696826750747775
26.975707339965144,-49.355697021193556,0.9999999999999988,2.1373571312777435,1.7630617533742727,58.75598168777714
26.97628236872641,-49.3656893091798,0.9999999999999989,2.137238568169664,1.7630696378455273,58.81520664668144
26.976857434574413,-49.37568159909563,0.9999999999999989,2.137120070145763,1.763077514866863,58.87450133876802
26.97743253906999,-49.38567389090537,0.9999999999999988,2.137001638074286,1.763085385724489,58.933865475344284
26.97800768377525,-49.39566618457308,0.9999999999999987,2.1368832728233866,1.7630932517046833,58.99329876771754
26.978582870253558,-49.40565848006304,0.9999999999999988,2.1367649752611237,1.763101114093816,59.052800927195186
26.97915810006954,-49.41565077733928,0.9999999999999988,2.1366467462554715,1.7631089741783255,59.112371665084524
26.97973337478911,-49.42564307636586,0.9999999999999988,2.136528586674311,1.763116833244747,59.17201069269292
26.980308695979407,-49.435635377106934,0.9999999999999988,2.1364104973854396,1.763124692579681,59.231717721327726
26.980884065208897,-49.44562767952649,0.9999999999999987,2.1362924792565594,1.76313255346982,59.29149246229635
26.98145948404725,-49.45561998358845,0.9999999999999988,2.136174533155286,1.763140417201928,59.35133462690607
26.982034954065487,-49.46561228925693,0.9999999999999988,2.136056659949141,1.7631482850628597,59.411243926464266
26.98261047683583,-49.47560459649573,0.9999999999999989,2.1359388605055574,1.7631561583395383,59.47122007227831
26.98318605393183,-49.485596905268885,0.9999999999999988,2.1358211356918835,1.7631640383189797,59.53126277565551
26.98376168692829,-49.49558921554022,0.9999999999999989,2.135703486375374,1.763171926288278,59.591371747903274
26.9843373774013,-49.50558152727353,0.9999999999999989,2.135585913423189,1.7631798235346006,59.65154670032893
26.984913126928234,-49.51557384043274,0.9999999999999988,2.1354684177024046,1.7631877313452078,59.71178734423979
