galstreams/tracks/track.st.TucanaIII.shipp2019.ecsv
# %ECSV 0.9
# ---
# datatype:
# - {name: ra, unit: deg, datatype: float64}
# - {name: dec, unit: deg, datatype: float64}
# - {name: distance, unit: kpc, datatype: float64}
# - {name: pm_ra_cosdec, unit: mas / yr, datatype: float64}
# - {name: pm_dec, unit: mas / yr, datatype: float64}
# - {name: radial_velocity, unit: km / s, datatype: float64}
# delimiter: ','
# meta: !!omap
# - __serialized_columns__:
#     dec:
#       __class__: astropy.coordinates.angles.Latitude
#       unit: &id001 !astropy.units.Unit {unit: deg}
#       value: !astropy.table.SerializedColumn {name: dec}
#     distance:
#       __class__: astropy.coordinates.distances.Distance
#       unit: !astropy.units.Unit {unit: kpc}
#       value: !astropy.table.SerializedColumn {name: distance}
#     pm_dec:
#       __class__: astropy.units.quantity.Quantity
#       unit: !astropy.units.Unit {unit: mas / yr}
#       value: !astropy.table.SerializedColumn {name: pm_dec}
#     pm_ra_cosdec:
#       __class__: astropy.units.quantity.Quantity
#       unit: !astropy.units.Unit {unit: mas / yr}
#       value: !astropy.table.SerializedColumn {name: pm_ra_cosdec}
#     ra:
#       __class__: astropy.coordinates.angles.Longitude
#       unit: *id001
#       value: !astropy.table.SerializedColumn {name: ra}
#       wrap_angle: !astropy.coordinates.Angle
#         unit: *id001
#         value: 360.0
#     radial_velocity:
#       __class__: astropy.units.quantity.Quantity
#       unit: !astropy.units.Unit {unit: km / s}
#       value: !astropy.table.SerializedColumn {name: radial_velocity}
# schema: astropy-2.0
ra,dec,distance,pm_ra_cosdec,pm_dec,radial_velocity
[from data line 269]
359.91206968942384,-59.57554138480055,25.615851347493642,-0.011230249781039854,-1.5467801792278848,3.669750105357253e-08
359.93183275115706,-59.57497595743268,25.62417894472411,-0.010452931253962851,-1.5460918925625873,3.562738996670835e-08
359.9515957962589,-59.57441135864616,25.632506482264628,-0.009681790137479765,-1.545405589227553,3.454343513868267e-08
359.97135882794333,-59.57384758832426,25.640833960115213,-0.008916824428775606,-1.544721274555164,3.344561972796121e-08
359.99112184942385,-59.57328464634911,25.64916137827586,-0.008158032122058734,-1.5440389538763921,3.2334011100681027e-08
0.010884863913576489,-59.57272253260167,25.657488736746565,-0.007405411208555663,-1.5433586325208075,3.120850820763655e-08
0.030647874625064245,-59.572161246961805,25.665816035527328,-0.00665895967651962,-1.5426803158165712,3.006924578110186e-08
0.05041088477047727,-59.57160078930821,25.674143274618157,-0.005918675511222631,-1.5420040090904439,2.8916055405734364e-08
0.07017389756149693,-59.57104115951846,25.682470454019043,-0.005184556694959228,-1.5413297176677803,2.7749088655342394e-08
0.08993691620933532,-59.57048235746901,25.690797573729984,-0.004456601207045844,-1.540657446872536,2.6568311846857436e-08
0.10969994392474255,-59.56992438303513,25.69912463375099,-0.003734807023820536,-1.539987202027263,2.5373623931073927e-08
0.12946298391799807,-59.569367236091026,25.70745163408206,-0.0030191721186429445,-1.5393189884531144,2.4165159640265947e-08
0.14922603939891715,-59.56881091650969,25.71577857472318,-0.0023096944618945414,-1.538652811469845,2.2942851608296457e-08
0.16898911357684668,-59.56825542416304,25.724105455674373,-0.0016063720209779139,-1.5379886763958086,2.170673351823398e-08
0.18875220966066264,-59.56770075892181,25.732432276935615,-0.000909202760317274,-1.5373265885479666,2.0456721162407208e-08
0.20851533085877338,-59.567146920655645,25.74075903850692,-0.000218184641358218,-1.5366665532418775,1.9192932431555968e-08
0.22827848037911505,-59.56659390923304,25.749085740388285,0.0004666843774325845,-1.5360085757917104,1.7915283118008957e-08
0.24804166142915338,-59.56604172452131,25.757412382579712,0.0011454063405671481,-1.5353526615102364,1.6623790063300436e-08
0.26780487721588353,-59.56549036638672,25.765738965081205,0.0018179832955364612,-1.5346988157088346,1.5318503792033186e-08
0.28756813094582506,-59.56493983469432,25.774065487892745,0.0024844172928104938,-1.5340470436974918,1.3999390621138684e-08
0.30733142582502615,-59.56439012930807,25.78239195101435,0.0031447103858384317,-1.5333973507848015,1.2666400026014153e-08
0.327094765059059,-59.5638412500908,25.79071835444602,0.0037988646310485714,-1.532749742277968,1.131963305586515e-08
0.3468581518530222,-59.56329319690416,25.799044698187746,0.004446882087848515,-1.532104223482806,9.959022344554638e-09
0.3666215894115385,-59.562745969608706,25.807370982239533,0.00508876481862531,-1.5314607997037402,8.584517367479836e-09
0.38638508093875124,-59.56219956806386,25.815697206601378,0.005724514888745578,-1.5308194762438085,7.196236015380563e-09
0.4061486296383312,-59.561653992127894,25.82402337127328,0.006354134366555575,-1.5301802584046604,5.794144605188299e-09
0.42591223871346473,-59.56110924165795,25.832349476255253,0.00697762532338116,-1.52954315148656,4.378158929231745e-09
0.4456759113668654,-59.56056531651003,25.84067552154728,0.007594989833528352,-1.5289081607883883,2.948346353647942e-09
0.46543965080076244,-59.560022216539025,25.84900150714936,0.008206229974282879,-1.5282752916076388,1.5047574030396674e-09
0.48520346021690675,-59.55947994159867,25.857327433061503,0.008811347825910728,-1.5276445492404238,4.732471126988254e-11
0.5049673428165682,-59.55893849154157,25.865653299283707,0.009410345471658187,-1.5270159389814721,-1.4240190877984514e-09
0.5247313018005323,-59.55839786621922,25.873979105815973,0.010003224997751822,-1.5263894661241317,-2.9090887372884772e-09
0.5444953403691041,-59.55785806548194,25.8823048526583,0.010589988493398695,-1.5257651359603694,-4.408052652542792e-09
0.5642594617221032,-59.557319089178954,25.89063053981068,0.011170638050786766,-1.5251429537807746,-5.9207929428215785e-09
0.584023669058866,-59.55678093715832,25.89895616727312,0.01174517576508445,-1.5245229248745544,-7.447427498864654e-09
0.6037879655782441,-59.55624360926702,25.907281735045625,0.012313603734441406,-1.52390505452954,-8.987872113000721e-09
0.6235523544786002,-59.55570710535083,25.915607243128196,0.012875924059988102,-1.523289348032185,-1.0542177309832557e-08
0.6433168389578152,-59.55517142525445,25.923932691520815,0.013432138845836442,-1.5226758106675686,-1.2110309406291643e-08
0.6630814222132759,-59.554636568821415,25.932258080223495,0.013982250199079824,-1.5220644477193934,-1.3692234719309461e-08
0.6828461074418882,-59.554102535894145,25.940583409236233,0.014526260229792979,-1.5214552644699881,-1.528805429809157e-08
0.7026108978400623,-59.553569326313934,25.94890867855904,0.015064171051032381,-1.520848266200307,-1.6897700776500925e-08
0.7223757966037218,-59.55303693992091,25.957233888191897,0.015595984778836447,-1.520243458189934,-1.852120783760605e-08
0.7421408069283009,-59.5525053765541,25.965559038134817,0.016121703532225806,-1.5196408457170802,-2.015855863987269e-08
0.7619059320087382,-59.551974636051426,25.973884128387798,0.01664132943320298,-1.5190404340585855,-2.1809685817163796e-08
0.7816711750394841,-59.5514447182496,25.98220915895084,0.01715486460675309,-1.5184422284899208,-2.3474690418684935e-08
0.8014365392144928,-59.550915622984256,25.99053412982393,0.017662311180843836,-1.5178462342851902,-2.5153538761367582e-08
0.8212020277272278,-59.5503873500899,25.998859041007094,0.018163671286425546,-1.5172524567171242,-2.6846247686746e-08
0.8409676437706565,-59.549859899399884,26.007183892500308,0.01865894705743151,-1.516660901057091,-2.8552800353285928e-08
0.8607333905372494,-59.54933327074645,26.015508684303583,0.01914814063077833,-1.516071572575092,-3.027316307791885e-08
0.8804992712189843,-59.54880746396069,26.023833416416924,0.019631254146365733,-1.5154844765397604,-3.200742006831606e-08
0.9002652890073385,-59.54828247887258,26.03215808884032,0.020108289747076985,-1.514899618218369,-3.375550395834051e-08
0.9200314470932941,-59.54775831531096,26.040482701573772,0.020579249578778956,-1.5143170028768225,-3.551741474799222e-08
0.939797748667335,-59.54723497310352,26.04880725461728,0.021044135790322705,-1.5137366357796669,-3.7293253486476743e-08
0.9595641969194425,-59.546712452076854,26.05713174797086,0.021502950533543126,-1.5131585221900834,-3.9082902283054246e-08
0.9793307950391026,-59.54619075205641,26.065456181634485,0.02195569596325959,-1.5125826673698943,-4.088639482079327e-08
0.9990975462152955,-59.54566987286651,26.073780555608177,0.022402374237275702,-1.512009076579559,-4.270374794122806e-08
1.0188644536365052,-59.54514981433033,26.082104869891932,0.022842987516380274,-1.5114377550781806,-4.4534978485892874e-08
1.0386315204907075,-59.544630576269945,26.090429124485738,0.023277537964346534,-1.5108687081235024,-4.6380052771719204e-08
1.0583987499653793,-59.54411215850627,26.0987533193896,0.023706027747933307,-1.5103019409719098,-4.823897079870704e-08
1.0781661452474929,-59.5435945608591,26.107077454603534,0.02412845903688467,-1.5097374588784318,-5.011176624992491e-08
1.0979337095235138,-59.543077783147105,26.11540153012752,0.024544834003930104,-1.5091752670967413,-5.1998455966907065e-08
1.117701445979405,-59.542561825187846,26.123725545961562,0.02495515482478524,-1.5086153708791574,-5.389898942505073e-08
1.1374693578006199,-59.54204668679772,26.13204950210567,0.025359423678151558,-1.508057775476643,-5.581340030742443e-08
1.1572374481721073,-59.54153236779199,26.140373398559827,0.025757642745716992,-1.5075024861388098,-5.7741705455562414e-08
1.177005720278307,-59.54101886798484,26.148697235324054,0.026149814212155897,-1.506949508113914,-5.968378697872488e-08
1.1967741773031502,-59.54050618718927,26.15702101239833,0.026535940265129468,-1.5063988466488643,-6.163983013378866e-08
1.21654282243006,-59.5399943252172,26.16534472978267,0.026916023095285922,-1.5058505069892152,-6.360968334694544e-08
1.2363116588419465,-59.539483281879384,26.173668387477075,0.02729006489626073,-1.505304494379172,-6.559344766740076e-08
1.2560806897212127,-59.53897305698545,26.181991985481528,0.027658067864676898,-1.5047608140615925,-6.759112309515463e-08
1.2758499182497443,-59.53846365034391,26.19031552379605,0.028020034200145323,-1.504219471277985,-6.96026927886728e-08
1.2956193476089204,-59.537955061762155,26.198639002420617,0.028375966105264657,-1.5036804712685095,-7.162810622335248e-08
1.3153889809796029,-59.53744729104643,26.20696242135525,0.028725865785622168,-1.5031438192719808,-7.366741392379643e-08
1.3351588215421393,-59.536940338001884,26.215285780599945,0.02906973544979337,-1.502609520525867,-7.572058220693617e-08
1.3549288724763673,-59.53643420243248,26.22360908015469,0.02940757730934287,-1.5020775802662925,-7.778769528044297e-08
1.3746991369616013,-59.53592888414113,26.231932320019503,0.02973939357882412,-1.5015480037280349,-7.986863525357702e-08
1.3944696181766427,-59.53542438292952,26.24025550019437,0.030065186475780086,-1.5010207961445323,-8.196357054168093e-08
1.4142403192997788,-59.53492069859831,26.248578620679297,0.030384958220743344,-1.500495962747876,-8.407233272941207e-08
1.4340112435087726,-59.53441783094698,26.256901681474275,0.030698711037236398,-1.4999735087688204,-8.619502286597603e-08
1.4537823939808732,-59.53391577977388,26.265224682579323,0.031006447151771765,-1.499453439436774,-8.833159042677001e-08
1.4735537738928075,-59.53341454487625,26.273547623994425,0.031308168793852724,-1.4989357599798097,-9.048208593639682e-08
1.4933253864207838,-59.5329141260502,26.28187050571958,0.03160387819597308,-1.498420475624657,-9.264644202871939e-08
1.5130972347404856,-59.53241452309071,26.290193327754803,0.03189357759361779,-1.4979075915967113,-9.482475975294329e-08
1.5328693220270768,-59.53191573579162,26.298516090100083,0.0321772692252632,-1.4973971131200265,-9.701697174293146e-08
1.552641651455202,-59.531417763945676,26.306838792755414,0.032454955332377244,-1.4968890454173236,-9.922311168175246e-08
1.5724142261989738,-59.530920607344456,26.315161435720807,0.032726638159419674,-1.4963833937099824,-1.0144323009400904e-07
1.5921870494319883,-59.53042426577847,26.323484018996258,0.032992319953842816,-1.4958801632180527,-1.0367715856435861e-07
1.6119601243273112,-59.529928739037025,26.331806542581766,0.03325200296609097,-1.4953793591602458,-1.0592508234967804e-07
1.6317334540574837,-59.52943402690837,26.340129006477333,0.03350568944960208,-1.494880986753943,-1.0818688355922748e-07
1.6515070417945235,-59.528940129179574,26.348451410682962,0.03375338166080658,-1.4943850512151897,-1.104627137668153e-07
1.6712808907099146,-59.52844704563664,26.356773755198642,0.03399508185912861,-1.4938915577587004,-1.1275242139863315e-07
1.6910550039746175,-59.52795477606439,26.365096040024387,0.03423079230698629,-1.4934005115978581,-1.1505604013774955e-07
1.7108293847590619,-59.52746332024656,26.37341826516018,0.03446051526979157,-1.492911917944717,-1.1737362050876727e-07
1.7306040362331458,-59.52697267796572,26.38174043060604,0.034684253015951017,-1.492425782009999,-1.197051793532206e-07
1.75037896156624,-59.526482849003365,26.390062536361956,0.034902007816865976,-1.4919421090030989,-1.2205061562190392e-07
1.7701541639271796,-59.52599383313983,26.398384582427926,0.03511378194693273,-1.4914609041320823,-1.2441003036402285e-07
1.7899296464842722,-59.52550563015431,26.406706568803962,0.03531957768354322,-1.4909821726036883,-1.2678344042111163e-07
1.8097054124052874,-59.52501823982494,26.415028495490056,0.035519397307084866,-1.4905059196233281,-1.2917076158549897e-07
1.8294814648574644,-59.52453166192865,26.4233503624862,0.035713243100941566,-1.4900321503950902,-1.3157207806485615e-07
1.8492578070075045,-59.52404589624129,26.431672169792403,0.03590111735149334,-1.4895608701217344,-1.3398735617611466e-07
1.8690344420215772,-59.523560942537614,26.439993917408657,0.03608302234811703,-1.489092084004698,-1.364165453946717e-07
1.8888113730653138,-59.52307680059117,26.44831560533498,0.03625896038318694,-1.4886257972440946,-1.3885979729433563e-07
1.9085886033038042,-59.52259347017446,26.456637233571357,0.036428933752074295,-1.488162015038714,-1.4131699398436666e-07
1.9283661359016098,-59.52211095105882,26.464958802117795,0.03659294475314874,-1.4877007425860262,-1.4378813546476473e-07
1.9481439740227446,-59.521629243014466,26.47328031097429,0.03675099568777785,-1.487241985082179,-1.4627332278473543e-07
1.967922120830687,-59.52114834581051,26.481601760140837,0.036903088860327615,-1.4867857477219986,-1.487724548950732e-07
1.9877005794883762,-59.52066825921492,26.48992314961744,0.03704922657816329,-1.4863320356989933,-1.512855823203808e-07
2.0074793531582054,-59.52018898299455,26.498244479404107,0.037189411151649046,-1.4858808542053512,-1.538127050606583e-07
2.0272584450020306,-59.51971051691512,26.506565749500826,0.03732364489414896,-1.4854322084319422,-1.563538231159056e-07
2.0470378581811635,-59.519232860741255,26.514886959907614,0.03745193012202707,-1.4849861035683192,-1.589089196445885e-07
2.0668175958563726,-59.51875601423641,26.523208110624445,0.03757426915464772,-1.4845425448027194,-1.614780283297755e-07
2.0865976611878803,-59.51827997716295,26.531529201651345,0.037690664314376225,-1.484101537322062,-1.6406121653760368e-07
2.106378057335365,-59.5178047492821,26.53985023298829,0.03780111792657879,-1.4836630863119522,-1.666583832188674e-07
2.126158787457962,-59.517330330354,26.548171204635302,0.037905632319623385,-1.4832271969566801,-1.6926956205663528e-07
2.145939854714254,-59.516856720137625,26.55649211659236,0.038004209824879835,-1.482793874439223,-1.7189475305090723e-07
2.1657212622622812,-59.51638391839084,26.564812968859485,0.03809685277672027,-1.4823631239412438,-1.7453400672628609e-07
2.1855030132595337,-59.515911924870395,26.57313376143667,0.038183563512519475,-1.4819349506430946,-1.7718723887510052e-07
2.20528511086295,-59.51544073933189,26.581454494323904,0.03826434437265523,-1.481509359723814,-1.7985453370502183e-07
2.2250675582289237,-59.514970361529855,26.589775167521196,0.03833919770050918,-1.481086356361133,-1.8253589121605006e-07
2.244850358513294,-59.51450079121764,26.598095781028547,0.03840812584246653,-1.4806659457314684,-1.8523127772511663e-07
2.2646335148713495,-59.51403202814752,26.60641633484596,0.038471131147916844,-1.4802481330099304,-1.879407605983586e-07
2.2844170304578246,-59.513564072070615,26.614736828973424,0.038528215969254584,-1.479832923370321,-1.9066423878657045e-07
2.3042009084269046,-59.513096922736956,26.62305726341094,0.03857938266187903,-1.4794203219851312,-1.934017628143549e-07
2.323985151932218,-59.5126305798954,26.63137763815852,0.038624633584195205,-1.4790103340255465,-1.9615340004784901e-07
2.343769764126838,-59.51216504329375,26.63969795321615,0.03866397109761398,-1.4786029646614478,-1.9891904943784727e-07
2.3635547481632844,-59.511700312678634,26.648018208583842,0.038697397566552605,-1.4781982190614067,-2.0169881203355515e-07
2.3833401071935167,-59.51123638779557,26.656338404261593,0.038724915358435086,-1.4777961023926918,-2.0449270467650697e-07
2.4031258443689447,-59.51077326838899,26.664658540249402,0.03874652684369278,-1.4773966198212671,-2.0730059263442864e-07
2.4229119628404105,-59.51031095420213,26.672978616547258,0.03876223439576439,-1.4769997765117924,-2.1012264432266276e-07
2.4426984657582045,-59.509849444977206,26.681298633155173,0.03877204039109699,-1.4766055776276255,-2.129587418504695e-07
2.4624853562720554,-59.509388740455236,26.689618590073156,0.03877594720914583,-1.4762140283308185,-2.1580896942552017e-07
2.4822726375311297,-59.50892884037614,26.697938487301172,0.03877395723237537,-1.4758251337821278,-2.18673276523212e-07
2.5020603126840353,-59.508469744478724,26.70625832483926,0.0387660728462593,-1.4754388991410035,-2.2155169682661348e-07
