galstreams/tracks/track.st.M92.thomas2020.ecsv
# %ECSV 0.9
# ---
# datatype:
# - {name: ra, unit: deg, datatype: float64}
# - {name: dec, unit: deg, datatype: float64}
# - {name: distance, unit: kpc, datatype: float64}
# - {name: pm_ra_cosdec, unit: mas / yr, datatype: float64}
# - {name: pm_dec, unit: mas / yr, datatype: float64}
# - {name: radial_velocity, unit: km / s, datatype: float64}
# delimiter: ','
# meta: !!omap
# - __serialized_columns__:
#     dec:
#       __class__: astropy.coordinates.angles.Latitude
#       unit: &id001 !astropy.units.Unit {unit: deg}
#       value: !astropy.table.SerializedColumn {name: dec}
#     distance:
#       __class__: astropy.coordinates.distances.Distance
#       unit: !astropy.units.Unit {unit: kpc}
#       value: !astropy.table.SerializedColumn {name: distance}
#     pm_dec:
#       __class__: astropy.units.quantity.Quantity
#       unit: !astropy.units.Unit {unit: mas / yr}
#       value: !astropy.table.SerializedColumn {name: pm_dec}
#     pm_ra_cosdec:
#       __class__: astropy.units.quantity.Quantity
#       unit: !astropy.units.Unit {unit: mas / yr}
#       value: !astropy.table.SerializedColumn {name: pm_ra_cosdec}
#     ra:
#       __class__: astropy.coordinates.angles.Longitude
#       unit: *id001
#       value: !astropy.table.SerializedColumn {name: ra}
#       wrap_angle: !astropy.coordinates.Angle
#         unit: *id001
#         value: 360.0
#     radial_velocity:
#       __class__: astropy.units.quantity.Quantity
#       unit: !astropy.units.Unit {unit: km / s}
#       value: !astropy.table.SerializedColumn {name: radial_velocity}
# schema: astropy-2.0
ra,dec,distance,pm_ra_cosdec,pm_dec,radial_velocity
250.28337694840346,39.28458415009291,8.29999999999999,0.0,0.0,0.0
250.29619830388484,39.29650549348782,8.29999999999999,0.0,0.0,0.0
250.30902451001086,39.308404048481506,8.299999999999988,0.0,0.0,0.0
250.32185555586048,39.32027983448544,8.299999999999988,0.0,0.0,0.0
250.33469143051204,39.332132870894,8.29999999999999,0.0,0.0,0.0
250.34753212304355,39.34396317708454,8.299999999999992,0.0,0.0,0.0
250.3603776225332,39.35577077241734,8.299999999999992,0.0,0.0,0.0
250.37322791805863,39.36755567623563,8.29999999999999,0.0,0.0,0.0
250.3860829986974,39.37931790786566,8.299999999999992,0.0,0.0,0.0
250.39894285352688,39.39105748661663,8.299999999999994,0.0,0.0,0.0
250.41180747162434,39.402774431780784,8.299999999999992,0.0,0.0,0.0
250.424676842067,39.41446876263337,8.299999999999992,0.0,0.0,0.0
250.4375509539317,39.426140498432645,8.299999999999992,0.0,0.0,0.0
250.4504297962955,39.43778965841995,8.299999999999994,0.0,0.0,0.0
250.46331335823533,39.449416261819685,8.299999999999994,0.0,0.0,0.0
250.47620162882782,39.4610203278393,8.299999999999995,0.0,0.0,0.0
250.48909459714997,39.47260187566937,8.299999999999994,0.0,0.0,0.0
250.50199225227848,39.484160924483525,8.299999999999994,0.0,0.0,0.0
250.51489458329013,39.49569749343857,8.299999999999994,0.0,0.0,0.0
250.52780157926193,39.50721160167439,8.299999999999994,0.0,0.0,0.0
250.5407132292707,39.51870326831406,8.299999999999994,0.0,0.0,0.0
250.55362952239344,39.53017251246377,8.299999999999994,0.0,0.0,0.0
250.5665504477072,39.54161935321291,8.299999999999992,0.0,0.0,0.0
250.5794759942893,39.55304380963404,8.299999999999992,0.0,0.0,0.0
250.59240615121703,39.56444590078294,8.299999999999995,0.0,0.0,0.0
250.6053409075679,39.57582564569859,8.299999999999995,0.0,0.0,0.0
250.61828025241965,39.58718306340319,8.299999999999995,0.0,0.0,0.0
250.6312241748502,39.598518172902196,8.299999999999995,0.0,0.0,0.0
250.64417266393758,39.6098309931843,8.299999999999992,0.0,0.0,0.0
250.65712570876028,39.62112154322149,8.299999999999995,0.0,0.0,0.0
250.67008329839686,39.632389841969015,8.299999999999995,0.0,0.0,0.0
250.68304542192627,39.64363590836542,8.299999999999995,0.0,0.0,0.0
250.69601206842776,39.65485976133257,8.299999999999995,0.0,0.0,0.0
250.70898322698088,39.66606141977564,8.299999999999995,0.0,0.0,0.0
250.72195888666545,39.67724090258316,8.299999999999995,0.0,0.0,0.0
250.7349390365619,39.68839822862699,8.299999999999997,0.0,0.0,0.0
250.74792366575085,39.69953341676238,8.299999999999997,0.0,0.0,0.0
250.76091276331334,39.71064648582791,8.299999999999997,0.0,0.0,0.0
250.77390631833083,39.721737454645606,8.299999999999997,0.0,0.0,0.0
250.78690431988537,39.73280634202088,8.299999999999997,0.0,0.0,0.0
250.7999067570594,39.743853166742554,8.299999999999999,0.0,0.0,0.0
250.81291361893574,39.75487794758288,8.299999999999997,0.0,0.0,0.0
250.82592489459802,39.765880703297555,8.299999999999995,0.0,0.0,0.0
250.83894057313012,39.776861452625766,8.299999999999997,0.0,0.0,0.0
250.85196064361648,39.78782021429014,8.299999999999995,0.0,0.0,0.0
250.86498509514246,39.7987570069968,8.299999999999997,0.0,0.0,0.0
250.87801391679363,39.809671849435375,8.299999999999995,0.0,0.0,0.0
250.89104709765633,39.820564760279005,8.299999999999999,0.0,0.0,0.0
250.90408462681765,39.83143575818434,8.299999999999999,0.0,0.0,0.0
250.91712649336515,39.842284861791605,8.299999999999999,0.0,0.0,0.0
250.93017268638718,39.853112089724554,8.299999999999999,0.0,0.0,0.0
250.9432231949728,39.863917460590514,8.299999999999999,0.0,0.0,0.0
250.9562780082118,39.874700992980394,8.299999999999997,0.0,0.0,0.0
250.96933711519472,39.88546270546872,8.299999999999999,0.0,0.0,0.0
250.9824005050127,39.896202616613586,8.299999999999999,0.0,0.0,0.0
250.995468166758,39.906920744956736,8.299999999999999,0.0,0.0,0.0
251.00854008952348,39.91761710902353,8.299999999999999,0.0,0.0,0.0
251.02161626240272,39.92829172732303,8.3,0.0,0.0,0.0
251.0346966744905,39.938944618347875,8.3,0.0,0.0,0.0
251.0477813148822,39.94957580057444,8.299999999999999,0.0,0.0,0.0
251.06087017267407,39.9601852924628,8.3,0.0,0.0,0.0
251.07396323696358,39.97077311245668,8.3,0.0,0.0,0.0
251.08706049684884,39.98133927898356,8.3,0.0,0.0,0.0
251.10016194142904,39.99188381045466,8.299999999999999,0.0,0.0,0.0
251.1132675598042,40.00240672526489,8.300000000000002,0.0,0.0,0.0
251.12637734107577,40.01290804179297,8.3,0.0,0.0,0.0
251.1394912743457,40.02338777840137,8.299999999999999,0.0,0.0,0.0
251.15260934871725,40.03384595343634,8.3,0.0,0.0,0.0
251.16573155329488,40.04428258522795,8.3,0.0,0.0,0.0
251.17885787718387,40.054697692090045,8.3,0.0,0.0,0.0
251.19198830949068,40.06509129232031,8.300000000000002,0.0,0.0,0.0
251.20512283932308,40.07546340420027,8.3,0.0,0.0,0.0
251.21826145578984,40.08581404599533,8.300000000000002,0.0,0.0,0.0
251.23140414800076,40.0961432359547,8.3,0.0,0.0,0.0
251.2445509050672,40.1064509923115,8.3,0.0,0.0,0.0
251.2577017161015,40.11673733328275,8.3,0.0,0.0,0.0
251.27085657021735,40.12700227706935,8.300000000000004,0.0,0.0,0.0
251.2840154565294,40.13724584185615,8.300000000000002,0.0,0.0,0.0
251.2971783641541,40.147468045811884,8.300000000000002,0.0,0.0,0.0
251.3103452822088,40.157668907089274,8.300000000000002,0.0,0.0,0.0
251.32351619981227,40.16784844382498,8.300000000000002,0.0,0.0,0.0
251.33669110608474,40.178006674139645,8.3,0.0,0.0,0.0
251.34986999014774,40.188143616137864,8.300000000000002,0.0,0.0,0.0
251.3630528411241,40.198259287908286,8.3,0.0,0.0,0.0
251.3762396481382,40.20835370752351,8.300000000000002,0.0,0.0,0.0
251.3894304003159,40.21842689304019,8.300000000000002,0.0,0.0,0.0
251.40262508678416,40.228478862499024,8.300000000000004,0.0,0.0,0.0
251.415823696672,40.23850963392475,8.300000000000002,0.0,0.0,0.0
251.42902621910937,40.24851922532616,8.300000000000002,0.0,0.0,0.0
251.4422326432281,40.25850765469616,8.300000000000002,0.0,0.0,0.0
251.45544295816137,40.26847494001169,8.300000000000004,0.0,0.0,0.0
251.46865715304415,40.27842109923384,8.3,0.0,0.0,0.0
251.48187521701274,40.288346150307795,8.300000000000002,0.0,0.0,0.0
251.49509713920514,40.29825011116287,8.300000000000004,0.0,0.0,0.0
251.50832290876113,40.30813299971255,8.300000000000004,0.0,0.0,0.0
251.52155251482185,40.31799483385444,8.300000000000004,0.0,0.0,0.0
251.53478594653032,40.32783563147035,8.300000000000004,0.0,0.0,0.0
251.5480231930313,40.337655410426215,8.300000000000004,0.0,0.0,0.0
251.56126424347113,40.34745418857226,8.300000000000002,0.0,0.0,0.0
251.57450908699786,40.35723198374281,8.300000000000004,0.0,0.0,0.0
251.5877577127615,40.36698881375648,8.300000000000002,0.0,0.0,0.0
251.60101010991355,40.37672469641614,8.300000000000002,0.0,0.0,0.0
251.6142662676076,40.386439649508844,8.300000000000004,0.0,0.0,0.0
251.6275261749989,40.396133690805954,8.300000000000004,0.0,0.0,0.0
251.64078982124462,40.40580683806307,8.300000000000004,0.0,0.0,0.0
251.65405719550375,40.41545910902014,8.300000000000004,0.0,0.0,0.0
251.66732828693716,40.42509052140136,8.300000000000004,0.0,0.0,0.0
251.68060308470768,40.43470109291525,8.300000000000004,0.0,0.0,0.0
251.69388157798008,40.44429084125466,8.300000000000004,0.0,0.0,0.0
251.707163755921,40.45385978409681,8.300000000000004,0.0,0.0,0.0
251.7204496076991,40.46340793910322,8.300000000000004,0.0,0.0,0.0
251.73373912248516,40.47293532391982,8.300000000000004,0.0,0.0,0.0
251.74703228945174,40.48244195617691,8.300000000000004,0.0,0.0,0.0
251.76032909777368,40.49192785348917,8.300000000000002,0.0,0.0,0.0
251.7736295366278,40.50139303345571,8.300000000000006,0.0,0.0,0.0
251.78693359519278,40.51083751366002,8.300000000000008,0.0,0.0,0.0
251.80024126264993,40.52026131167006,8.300000000000006,0.0,0.0,0.0
251.8135525281821,40.529664445038215,8.300000000000008,0.0,0.0,0.0
251.82686738097468,40.53904693130134,8.300000000000004,0.0,0.0,0.0
251.84018581021508,40.548408787980755,8.300000000000006,0.0,0.0,0.0
251.85350780509296,40.557750032582256,8.300000000000004,0.0,0.0,0.0
251.8668333548002,40.56707068259615,8.300000000000008,0.0,0.0,0.0
251.88016244853083,40.57637075549725,8.300000000000004,0.0,0.0,0.0
251.89349507548124,40.58565026874491,8.300000000000006,0.0,0.0,0.0
251.90683122485012,40.594909239782965,8.300000000000006,0.0,0.0,0.0
251.92017088583825,40.604147686039845,8.300000000000006,0.0,0.0,0.0
251.93351404764903,40.61336562492854,8.300000000000006,0.0,0.0,0.0
251.9468606994881,40.62256307384662,8.300000000000004,0.0,0.0,0.0
251.9602108305633,40.63174005017622,8.300000000000006,0.0,0.0,0.0
251.97356443008508,40.64089657128406,8.300000000000004,0.0,0.0,0.0
251.98692148726624,40.65003265452154,8.300000000000006,0.0,0.0,0.0
252.0002819913219,40.65914831722463,8.300000000000008,0.0,0.0,0.0
252.0136459314698,40.66824357671396,8.300000000000006,0.0,0.0,0.0
252.02701329693008,40.67731845029481,8.300000000000006,0.0,0.0,0.0
252.0403840769254,40.686372955257134,8.300000000000006,0.0,0.0,0.0
252.0537582606808,40.69540710887554,8.300000000000006,0.0,0.0,0.0
252.06713583742416,40.70442092840935,8.300000000000006,0.0,0.0,0.0
252.0805167963857,40.71341443110257,8.300000000000006,0.0,0.0,0.0
252.09390112679816,40.72238763418397,8.300000000000006,0.0,0.0,0.0
252.10728881789714,40.73134055486698,8.300000000000006,0.0,0.0,0.0
252.1206798589207,40.740273210349834,8.300000000000008,0.0,0.0,0.0
252.13407423910948,40.74918561781549,8.300000000000008,0.0,0.0,0.0
252.14747194770706,40.75807779443168,8.300000000000008,0.0,0.0,0.0
252.1608729739595,40.76694975735092,8.300000000000008,0.0,0.0,0.0
252.17427730711546,40.77580152371052,8.300000000000008,0.0,0.0,0.0
252.18768493642673,40.784633110632576,8.300000000000006,0.0,0.0,0.0
252.20109585114753,40.79344453522406,8.300000000000008,0.0,0.0,0.0
252.21451004053492,40.80223581457672,8.300000000000008,0.0,0.0,0.0
252.22792749384885,40.81100696576718,8.300000000000008,0.0,0.0,0.0
252.24134820035206,40.819758005856905,8.300000000000006,0.0,0.0,0.0
252.25477214931013,40.82848895189223,8.300000000000008,0.0,0.0,0.0
252.26819932999138,40.8371998209044,8.300000000000008,0.0,0.0,0.0
252.2816297316673,40.84589062990954,8.300000000000008,0.0,0.0,0.0
252.29506334361204,40.85456139590866,8.300000000000008,0.0,0.0,0.0
252.30850015510273,40.86321213588774,8.300000000000008,0.0,0.0,0.0
252.32194015541964,40.87184286681766,8.300000000000006,0.0,0.0,0.0
252.33538333384578,40.880453605654246,8.30000000000001,0.0,0.0,0.0
252.34882967966718,40.88904436933832,8.300000000000008,0.0,0.0,0.0
252.36227918217313,40.89761517479563,8.30000000000001,0.0,0.0,0.0
252.3757318306556,40.906166038936945,8.300000000000006,0.0,0.0,0.0
252.38918761441,40.914696978658014,8.300000000000006,0.0,0.0,0.0
252.4026465227343,40.923208010839616,8.300000000000006,0.0,0.0,0.0
252.4161085449303,40.93169915234753,8.300000000000006,0.0,0.0,0.0
252.4295736703023,40.94017042003257,8.300000000000006,0.0,0.0,0.0
252.44304188815795,40.94862183073063,8.300000000000006,0.0,0.0,0.0
252.45651318780824,40.95705340126265,8.300000000000006,0.0,0.0,0.0
252.4699875585671,40.96546514843464,8.300000000000006,0.0,0.0,0.0
252.4834649897518,40.97385708903768,8.300000000000006,0.0,0.0,0.0
252.49694547068287,40.98222923984798,8.300000000000006,0.0,0.0,0.0
252.5104289906841,40.990581617626866,8.300000000000008,0.0,0.0,0.0
252.52391553908225,40.99891423912076,8.300000000000006,0.0,0.0,0.0
252.53740510520794,41.00722712106122,8.300000000000008,0.0,0.0,0.0
252.5508976783946,41.015520280165,8.300000000000008,0.0,0.0,0.0
252.56439324797927,41.023793733133985,8.300000000000008,0.0,0.0,0.0
252.5778918033022,41.03204749665522,8.300000000000006,0.0,0.0,0.0
252.59139333370726,41.04028158740096,8.300000000000008,0.0,0.0,0.0
252.60489782854148,41.04849602202866,8.300000000000008,0.0,0.0,0.0
252.6184052771554,41.05669081718099,8.300000000000008,0.0,0.0,0.0
252.6319156689031,41.06486598948584,8.300000000000006,0.0,0.0,0.0
252.64542899314193,41.07302155555632,8.300000000000008,0.0,0.0,0.0
252.65894523923285,41.08115753199085,8.300000000000008,0.0,0.0,0.0
252.67246439654045,41.08927393537303,8.30000000000001,0.0,0.0,0.0
252.68598645443262,41.0973707822718,8.300000000000008,0.0,0.0,0.0
252.6995114022809,41.10544808924137,8.300000000000006,0.0,0.0,0.0
252.71303922946058,41.11350587282125,8.300000000000008,0.0,0.0,0.0
252.72656992535022,41.12154414953624,8.300000000000008,0.0,0.0,0.0
252.74010347933222,41.12956293589652,8.30000000000001,0.0,0.0,0.0
252.7536398807925,41.13756224839757,8.300000000000011,0.0,0.0,0.0
252.76717911912084,41.145542103520214,8.30000000000001,0.0,0.0,0.0
252.78072118371045,41.15350251773067,8.300000000000008,0.0,0.0,0.0
252.7942660639584,41.16144350748051,8.30000000000001,0.0,0.0,0.0
252.8078137492654,41.16936508920671,8.300000000000008,0.0,0.0,0.0
252.82136422903608,41.177267279331616,8.30000000000001,0.0,0.0,0.0
252.83491749267847,41.18515009426302,8.30000000000001,0.0,0.0,0.0
252.84847352960483,41.19301355039415,8.300000000000008,0.0,0.0,0.0
252.862032329231,41.20085766410362,8.30000000000001,0.0,0.0,0.0
252.87559388097654,41.208682451755564,8.30000000000001,0.0,0.0,0.0
252.8891581742651,41.216487929699504,8.300000000000011,0.0,0.0,0.0
252.90272519852408,41.2242741142705,8.30000000000001,0.0,0.0,0.0
252.9162949431848,41.23204102178907,8.30000000000001,0.0,0.0,0.0
252.9298673976823,41.23978866856123,8.30000000000001,0.0,0.0,0.0
252.94344255145595,41.24751707087854,8.30000000000001,0.0,0.0,0.0
252.9570203939488,41.25522624501803,8.30000000000001,0.0,0.0,0.0
252.97060091460784,41.26291620724233,8.300000000000006,0.0,0.0,0.0
252.9841841028843,41.27058697379957,8.30000000000001,0.0,0.0,0.0
252.99776994823327,41.27823856092347,8.30000000000001,0.0,0.0,0.0
253.01135844011367,41.28587098483333,8.300000000000008,0.0,0.0,0.0
253.02494956798898,41.293484261734015,8.300000000000008,0.0,0.0,0.0
253.03854332132642,41.30107840781599,8.30000000000001,0.0,0.0,0.0
253.05213968959714,41.308653439255366,8.300000000000008,0.0,0.0,0.0
253.06573866227694,41.31620937221382,8.30000000000001,0.0,0.0,0.0
253.0793402288454,41.323746222838736,8.300000000000008,0.0,0.0,0.0
253.09294437878629,41.33126400726308,8.300000000000008,0.0,0.0,0.0
253.10655110158754,41.338762741605535,8.300000000000008,0.0,0.0,0.0
253.1201603867415,41.34624244197041,8.30000000000001,0.0,0.0,0.0
253.1337722237446,41.35370312444773,8.30000000000001,0.0,0.0,0.0
253.1473866020973,41.36114480511321,8.300000000000008,0.0,0.0,0.0
253.1610035113049,41.368567500028284,8.30000000000001,0.0,0.0,0.0
253.1746229408764,41.37597122524008,8.30000000000001,0.0,0.0,0.0
253.18824488032539,41.383355996781496,8.30000000000001,0.0,0.0,0.0
253.2018693191698,41.39072183067116,8.30000000000001,0.0,0.0,0.0
253.21549624693188,41.39806874291345,8.30000000000001,0.0,0.0,0.0
253.2291256531381,41.40539674949854,8.30000000000001,0.0,0.0,0.0
253.2427575273197,41.41270586640237,8.300000000000008,0.0,0.0,0.0
253.25639185901187,41.4199961095867,8.30000000000001,0.0,0.0,0.0
253.27002863775442,41.42726749499904,8.30000000000001,0.0,0.0,0.0
253.28366785309194,41.43452003857279,8.30000000000001,0.0,0.0,0.0
253.29730949457294,41.441753756227136,8.30000000000001,0.0,0.0,0.0
253.31095355175077,41.448968663867156,8.30000000000001,0.0,0.0,0.0
253.32460001418312,41.45616477738372,8.300000000000006,0.0,0.0,0.0
253.33824887143246,41.46334211265361,8.30000000000001,0.0,0.0,0.0
253.35190011306562,41.47050068553951,8.30000000000001,0.0,0.0,0.0
253.3655537286539,41.47764051188994,8.300000000000008,0.0,0.0,0.0
253.37920970777358,41.48476160753935,8.30000000000001,0.0,0.0,0.0
253.39286804000523,41.49186398830817,8.300000000000008,0.0,0.0,0.0
253.40652871493407,41.49894767000263,8.30000000000001,0.0,0.0,0.0
253.42019172215015,41.50601266841503,8.300000000000011,0.0,0.0,0.0
253.43385705124817,41.513058999323555,8.30000000000001,0.0,0.0,0.0
253.44752469182728,41.52008667849237,8.30000000000001,0.0,0.0,0.0
253.4611946334917,41.527095721671635,8.300000000000008,0.0,0.0,0.0
253.4748668658501,41.534086144597474,8.300000000000008,0.0,0.0,0.0
253.4885413785162,41.541057962992035,8.300000000000008,0.0,0.0,0.0
253.5022181611081,41.54801119256347,8.300000000000008,0.0,0.0,0.0
