galstreams/tracks/track.st.Orphan-Chenab.koposov2019.ecsv
# %ECSV 0.9
# ---
# datatype:
# - {name: ra, unit: deg, datatype: float64}
# - {name: dec, unit: deg, datatype: float64}
# - {name: distance, unit: kpc, datatype: float64}
# - {name: pm_ra_cosdec, unit: mas / yr, datatype: float64}
# - {name: pm_dec, unit: mas / yr, datatype: float64}
# - {name: radial_velocity, unit: km / s, datatype: float64}
# delimiter: ','
# meta: !!omap
# - __serialized_columns__:
#     dec:
#       __class__: astropy.coordinates.angles.Latitude
#       unit: &id001 !astropy.units.Unit {unit: deg}
#       value: !astropy.table.SerializedColumn {name: dec}
#     distance:
#       __class__: astropy.coordinates.distances.Distance
#       unit: !astropy.units.Unit {unit: kpc}
#       value: !astropy.table.SerializedColumn {name: distance}
#     pm_dec:
#       __class__: astropy.units.quantity.Quantity
#       unit: !astropy.units.Unit {unit: mas / yr}
#       value: !astropy.table.SerializedColumn {name: pm_dec}
#     pm_ra_cosdec:
#       __class__: astropy.units.quantity.Quantity
#       unit: !astropy.units.Unit {unit: mas / yr}
#       value: !astropy.table.SerializedColumn {name: pm_ra_cosdec}
#     ra:
#       __class__: astropy.coordinates.angles.Longitude
#       unit: *id001
#       value: !astropy.table.SerializedColumn {name: ra}
#       wrap_angle: !astropy.coordinates.Angle
#         unit: *id001
#         value: 360.0
#     radial_velocity:
#       __class__: astropy.units.quantity.Quantity
#       unit: !astropy.units.Unit {unit: km / s}
#       value: !astropy.table.SerializedColumn {name: radial_velocity}
# schema: astropy-2.0
ra,dec,distance,pm_ra_cosdec,pm_dec,radial_velocity
[from data line 13554]
172.30089009543443,-29.417637132265902,16.515776881263864,-2.669009811047817,2.576022514816919,-3.745128097074278e-07
172.29801981746684,-29.40794776597894,16.51636730085587,-2.668725311502374,2.575707516680153,-3.746063981133092e-07
172.29515015029557,-29.398258326686175,16.516957720447863,-2.6684408621666407,2.5753924739383773,-3.747000202022591e-07
172.2922810936029,-29.38856881442502,16.517548140039867,-2.6681564630175703,2.5750773866157335,-3.7479376018194884e-07
172.2894126470713,-29.37887922923292,16.518138559631865,-2.667872114032138,2.574762254736349,-3.7488733174629595e-07
172.28654481038345,-29.369189571147228,16.518728979223866,-2.6675878151873236,2.5744470783243307,-3.749810043598487e-07
172.2836775832222,-29.35949984020539,16.519319398815867,-2.6673035664601237,2.574131857403774,-3.750746601318671e-07
172.28081096527058,-29.349810036444683,16.519909818407868,-2.667019367827549,2.5738165919987512,-3.751682990623513e-07
172.2779449562118,-29.34012015990251,16.520500237999865,-2.6667352192666214,2.5735012821333223,-3.7526187062669844e-07
172.27507955572926,-29.330430210616136,16.52109065759187,-2.666451120754373,2.5731859278315246,-3.7535554324025113e-07
172.2722147635066,-29.320740188622885,16.521681077183867,-2.666167072267857,2.572870529117385,-3.754492326953381e-07
172.26935057922753,-29.311050093959985,16.522271496775872,-2.66588307378413,2.5725550860149093,-3.7554283794275377e-07
172.266487002576,-29.301359926664716,16.522861916367873,-2.665599125280267,2.57223959854809,-3.7563647687323795e-07
172.2636240332362,-29.29166968677427,16.523452335959874,-2.6653152267333544,2.571924066740897,-3.757301158037221e-07
172.26076167089238,-29.28197937432584,16.524042755551875,-2.665031378120494,2.571608490617288,-3.75823737892672e-07
172.25789991522913,-29.272288989356646,16.524633175143876,-2.664747579418796,2.5712928702012032,-3.75917359981622e-07
172.25503876593103,-29.2625985319038,16.525223594735873,-2.6644638306053854,2.5709772055165647,-3.760109652290376e-07
172.25217822268306,-29.252908002004478,16.525814014327874,-2.664180131657401,2.5706614965872774,-3.761046041595218e-07
172.2493182851702,-29.24321739969573,16.526404433919875,-2.663896482551994,2.5703457434372305,-3.7619829361460874e-07
172.2464589530777,-29.233526725014702,16.526994853511876,-2.6636128832663273,2.5700299460902962,-3.762918988620244e-07
172.243600226091,-29.2238359779984,16.527585273103874,-2.66332933377758,2.5697141045703296,-3.763854704263716e-07
172.24074210389566,-29.214145158683927,16.52817569269588,-2.6630458340629377,2.569398218901169,-3.7647910935685577e-07
172.23788458617747,-29.20445426710825,16.52876611228788,-2.662762384099605,2.5690822891066345,-3.7657278197040845e-07
172.2350276726224,-29.194763303308434,16.529356531879884,-2.6624789838647964,2.5687663152105342,-3.766663872178241e-07
172.23217136291663,-29.185072267321374,16.52994695147188,-2.6621956333357413,2.5684502972366525,-3.7676007667291104e-07
172.22931565674645,-29.175381159184063,16.530537371063886,-2.6619123324896767,2.5681342352087633,-3.76853698761861e-07
172.22646055379832,-29.165689978933468,16.531127790655887,-2.6616290813038592,2.5678181291506217,-3.769472366431396e-07
172.22360605375906,-29.15599872660644,16.531718210247888,-2.6613458797555545,2.5675019790859612,-3.770408587320895e-07
172.2207521563154,-29.146307402239927,16.53230862983989,-2.6610627278220402,2.567185785038509,-3.7713448082103945e-07
172.21789886115448,-29.13661600587072,16.532899049431894,-2.6607796254806098,2.566869547031964,-3.7722805238538657e-07
172.21504616796352,-29.126924537535746,16.53348946902389,-2.6604965727085665,2.5665532650900165,-3.773217586820078e-07
172.2121940764299,-29.11723299727176,16.534079888615896,-2.660213569483226,2.5662369392363376,-3.7741533024635493e-07
172.20934258624123,-29.107541385115617,16.534670308207893,-2.659930615781922,2.5659205694945815,-3.775089691768391e-07
172.20649169708528,-29.097849701104035,16.535260727799898,-2.6596477115819925,2.5656041558883858,-3.776025744242548e-07
172.20364140865004,-29.088157945273814,16.5358511473919,-2.659364856860796,2.5652876984413733,-3.7769617967167046e-07
172.20079172062364,-29.07846611766167,16.5364415669839,-2.6590820515957003,2.564971197177143,-3.777898354436889e-07
172.19794263269435,-29.068774218304316,16.537031986575904,-2.6587992957640845,2.56465465211929,-3.7788340700803603e-07
172.1950941445507,-29.05908224723848,16.537622406167905,-2.6585165893433436,2.564338063291382,-3.779770459385202e-07
172.19224625588134,-29.049390204500753,16.538212825759906,-2.658233932310882,2.5640214307169744,-3.780706343444016e-07
172.18939896637517,-29.03969809012787,16.53880324535191,-2.65795132464412,2.5637047544196063,-3.7816425643335156e-07
172.18655227572117,-29.03000590415639,16.53939366494391,-2.657668766320487,2.563388034422798,-3.782577774730959e-07
172.18370618360862,-29.020313646622956,16.539984084535913,-2.65738625731743,2.563071270750055,-3.783514500866486e-07
172.18086068972687,-29.0106213175641,16.540574504127918,-2.657103797612402,2.5627544634248665,-3.784451227002013e-07
172.1779963007222,-29.000934178173083,16.541165448583513,-2.656819235858343,2.5624338139978127,-3.785350228100798e-07
172.17510288175794,-28.99125496355174,16.54175719093781,-2.6565314541224763,2.5621073455705226,-3.78619129432173e-07
172.1722100683854,-28.981575674939922,16.542348933292107,-2.6562437233534495,2.561780832203537,-3.7870340446960876e-07
172.1693178602888,-28.971896312375456,16.542940675646406,-2.6559560435279765,2.561454273920991,-3.7878762898244174e-07
172.1664262571527,-28.962216875896274,16.5435324180007,-2.6556684146227867,2.561127670747002,-3.7887195454448024e-07
172.1635352586617,-28.952537365540145,16.544124160354997,-2.6553808366146177,2.5608010227056703,-3.789561116911762e-07
172.1606448645007,-28.942857781344934,16.5447159027093,-2.655093309480224,2.560474329821077,-3.79040386728612e-07
172.15775507435475,-28.93317812334848,16.54530764506359,-2.6548058331963755,2.5601475921172927,-3.7912464492451347e-07
172.154865887909,-28.923498391588463,16.545899387417894,-2.6545184077398445,2.559820809618363,-3.7920886943734645e-07
172.15197730484894,-28.91381858610271,16.546491129772186,-2.654231033087431,2.559493982348324,-3.792931444747822e-07
172.14908932486003,-28.904138706928904,16.547082872126484,-2.6539437092159326,2.559167110331188,-3.793773521460809e-07
172.14620194762813,-28.894458754104793,16.54767461448078,-2.6536564361021706,2.5588401935909584,-3.794615935004482e-07
172.14331517283907,-28.884778727668014,16.548266356835082,-2.6533692137229736,2.5585132321516144,-3.795458011717469e-07
172.140429000179,-28.875098627656307,16.548858099189378,-2.6530820420551877,2.558186226037123,-3.7963000884304564e-07
172.13754342933427,-28.865418454107218,16.549449841543677,-2.6527949210756665,2.5578591752714317,-3.797142838804814e-07
172.1346584599913,-28.855738207058444,16.550041583897972,-2.6525078507612805,2.5575320798784746,-3.797984915517801e-07
172.13177409183675,-28.84605788654752,16.55063332625227,-2.6522208310889104,2.5572049398821637,-3.7988273290614737e-07
172.12889032455746,-28.83637749261206,16.55122506860657,-2.651933862035451,2.5568777553063997,-3.7996702478511736e-07
172.12600715784038,-28.826697025289615,16.55181681096087,-2.651646943577809,2.556550526175065,-3.8005119877334756e-07
172.1231245913728,-28.817016484617685,16.552408553315164,-2.6513600756929065,2.556223252512022,-3.8013538960311204e-07
172.120242624842,-28.807335870633818,16.55300029566946,-2.6510732583576746,2.5558959343411223,-3.802195804328765e-07
172.11736125793558,-28.79765518337545,16.553592038023762,-2.6507864915490575,2.555568571686194,-3.8030390599491507e-07
172.11448049034124,-28.787974422880094,16.554183780378057,-2.650499775244018,2.5552411645710538,-3.8038811366621377e-07
172.11160032174686,-28.778293589185143,16.554775522732353,-2.6502131094195214,2.5549137130195017,-3.8047232133751253e-07
172.10872075184056,-28.768612682328072,16.555367265086648,-2.649926494052555,2.5545862170553164,-3.80556579533414e-07
172.10584178031058,-28.758931702346192,16.55595900744095,-2.6496399291201143,2.554258676702264,-3.806407703631785e-07
172.1029634068454,-28.749250649276966,16.556550749795246,-2.6493534145992097,2.5539310919840936,-3.807249443514087e-07
172.10008563113354,-28.739569523157673,16.55714249214955,-2.6490669504668607,2.5536034629245346,-3.8080916886424167e-07
172.09720845286387,-28.729888324025723,16.557734234503844,-2.6487805367001047,2.553275789547305,-3.8089347758474594e-07
172.0943318717253,-28.72020705191831,16.55832597685814,-2.648494173275986,2.552948071876103,-3.8097761788990764e-07
172.09145588740705,-28.71052570687281,16.55891771921244,-2.6482078601715666,2.5526203099346088,-3.8106180871967206e-07
172.0885804995984,-28.70084428892648,16.55950946156674,-2.6479215973639185,2.552292503746489,-3.8114608375710783e-07
172.08570570798884,-28.691162798116515,16.560101203921036,-2.647635384830126,2.5519646533353932,-3.81230190379201e-07
172.0828315122681,-28.68148123448019,16.560692946275335,-2.6473492225472888,2.5516367587249538,-3.813144654166368e-07
172.07995791212596,-28.67179959805465,16.561284688629637,-2.647063110492515,2.551308819938783,-3.8139870677100404e-07
172.0770849072525,-28.662117888877113,16.561876430983933,-2.6467770486429303,2.550980837000486,-3.8148288075923424e-07
172.07421249733792,-28.652436106984688,16.562468173338228,-2.64649103697567,2.550652809933641,-3.8156712211360145e-07
172.0713406820726,-28.642754252414555,16.563059915692527,-2.6462050754678814,2.5503247387618195,-3.8165134662643443e-07
172.06846946114706,-28.63307232520377,16.563651658046822,-2.645919164096725,2.5499966235085667,-3.817354869315961e-07
172.0655988342521,-28.623390325389472,16.56424340040112,-2.6456333028393764,2.549668464197418,-3.818197282859634e-07
172.06272880107863,-28.613708253008674,16.564835142755424,-2.645347491673019,2.5493402608518894,-3.8190391911572786e-07
172.0598593613177,-28.60402610809844,16.56542688510972,-2.6450617305748554,2.549012013495484,-3.8198812678702657e-07
172.0569905146606,-28.59434389069584,16.566018627464018,-2.6447760195220944,2.5486837221516856,-3.8207238498292805e-07
172.05412226079878,-28.584661600837798,16.56661036981832,-2.6444903584919595,2.5483553868439586,-3.821565926542268e-07
172.0512545994238,-28.574979238561344,16.567202112172616,-2.6442047474616888,2.5480270075957607,-3.822408171670598e-07
172.0483875302275,-28.5652968039034,16.56779385452692,-2.6439191864085307,2.5476985844305227,-3.823249743137557e-07
172.04550488142004,-28.555618658831026,16.568385659076093,-2.6436319589505355,2.547367056251054,-3.8240604945968214e-07
172.04258625907264,-28.545950303875834,16.568977604275116,-2.643340901186977,2.5470285607293586,-3.824801185273565e-07
172.0396682366993,-28.53628187388171,16.56956954947414,-2.6430498951724446,2.5466900199259195,-3.8255427180270213e-07
172.0367508139863,-28.526613368887006,16.57016149467317,-2.6427589408833865,2.5463514338648596,-3.8262842507804777e-07
172.03383399062022,-28.51694478893011,16.57075343987219,-2.6424680382962706,2.5460128025702833,-3.827024604626536e-07
172.0309177662878,-28.50727613404935,16.571345385071215,-2.6421771873875692,2.545674126066279,-3.8277663057953353e-07
172.02800214067597,-28.49760740428306,16.57193733027024,-2.641886388133774,2.54533540437692,-3.8285075017181067e-07
172.02508711347173,-28.4879385996695,16.572529275469268,-2.6415956405113863,2.544996637526261,-3.8292481923948507e-07
172.0221726843624,-28.478269720246974,16.57312122066829,-2.6413049444969205,2.544657825538339,-3.8299887146562514e-07
172.0192588530354,-28.46860076605376,16.573713165867314,-2.641014300066906,2.5443189684371768,-3.8307300789943655e-07
172.01634561917834,-28.45893173712802,16.574305111066344,-2.6407237071978797,2.5439800662467764,-3.831470938086451e-07
172.013432982479,-28.449262633508017,16.574897056265364,-2.6404331658664004,2.5436411189911325,-3.8322117971785375e-07
172.01052094262536,-28.43959345523191,16.575489001464394,-2.640142676049026,2.543302126694208,-3.832952993101309e-07
172.00760949930554,-28.42992420233788,16.57608094666342,-2.6398522377223426,2.5429630893799664,-3.833694357439423e-07
172.00469865220782,-28.420254874864018,16.576672891862447,-2.639561850862936,2.542624007072339,-3.8344345428701387e-07
172.00178840102072,-28.41058547284851,16.577264837061467,-2.6392715154474145,2.5422848797952513,-3.835175907208253e-07
171.99887874543293,-28.40091599632939,16.577856782260493,-2.638981231452392,2.5419457075726046,-3.835917271546367e-07
171.99596968513328,-28.39124644534477,16.578448727459524,-2.638690998854498,2.5416064904282907,-3.8366581306384527e-07
171.99306121981073,-28.381576819932675,16.579040672658547,-2.6384008176303766,2.541267228386179,-3.8373996633919096e-07
171.9901533491545,-28.37190712013111,16.579632617857573,-2.6381106877566802,2.5409279214701264,-3.838139848822625e-07
171.987246072854,-28.362237345978166,16.5802245630566,-2.637820609210079,2.54058856970397,-3.838880371084026e-07
171.98433939059868,-28.352567497511732,16.580816508255623,-2.63753058196725,2.540249173111531,-3.839621398591455e-07
171.98143330207833,-28.342897574769832,16.581408453454642,-2.6372406060048896,2.5399097317166164,-3.8403620892681985e-07
171.97852780698278,-28.333227577790367,16.582000398653673,-2.636950681299701,2.539570245543015,-3.84110328519097e-07
171.97562290500215,-28.323557506611273,16.5825923438527,-2.636660807828401,2.5392307146144963,-3.841844481113741e-07
171.97271859582668,-28.31388736127041,16.583184289051726,-2.6363709855677233,2.538891138954817,-3.8425856770365125e-07
171.96981487914667,-28.304217141805704,16.58377623425075,-2.636081214494411,2.538551518587721,-3.843325694051886e-07
171.9669117546528,-28.29454684825496,16.58436817944978,-2.635791494585218,2.5382118535369265,-3.844066553143972e-07
171.96400922203586,-28.28487648065603,16.584960124648806,-2.635501825816915,2.5378721438261405,-3.844807917482086e-07
171.96110728098668,-28.275206039046694,16.58555206984782,-2.6352122081662825,2.5375323894790545,-3.845548439743487e-07
171.95820593119646,-28.265535523464763,16.586144015046848,-2.634922641610114,2.537192590519339,-3.8462898040816006e-07
171.9553051723564,-28.25586493394797,16.586735960245882,-2.6346331261252156,2.536852746970652,-3.8470304947583446e-07
171.95240500415795,-28.24619427053406,16.5873279054449,-2.6343436616884075,2.5365128588566366,-3.847770848604403e-07
171.94950542629283,-28.236523533260787,16.58791985064393,-2.63405424827652,2.536172926200914,-3.8485123813578595e-07
171.94660643845276,-28.226852722165784,16.588511795842958,-2.6337648858663987,2.535832949027093,-3.8492523983732323e-07
171.9437080403297,-28.217181837286777,16.58910374104198,-2.6334755744349008,2.535492927358768,-3.8499930890499763e-07
171.94081023161587,-28.207510878661374,16.58969568624101,-2.633186313958892,2.5351528612195073,-3.8507346218034327e-07
171.9379130120035,-28.19783984632724,16.59028763144003,-2.632897104415258,2.534812750632876,-3.8514744704034633e-07
171.93501638118514,-28.188168740321952,16.59087957663906,-2.632607945780891,2.5344725956224123,-3.8522156663262346e-07
171.9321203388534,-28.178497560683116,16.591471521838088,-2.632318838032698,2.534132396211646,-3.8529558517569503e-07
171.92922488470117,-28.168826307448274,16.59206346703711,-2.6320297811475997,2.533792152424083,-3.8536972160950644e-07
171.9263300184214,-28.15915498065499,16.59265541223614,-2.631740775102527,2.53345186428322,-3.8544380751871507e-07
171.9234357397073,-28.149483580340746,16.593247357435168,-2.6314518198744223,2.5331115318125317,-3.8551780922025236e-07
171.9205420482522,-28.139812106543054,16.593839302634194,-2.631162915440245,2.53277115503548,-3.855918782879267e-07
171.91764894374964,-28.13014055929943,16.594431247833217,-2.6308740617769657,2.5324307339755108,-3.856659810386696e-07
