galstreams/tracks/track.st.Pal5.ibata2024.ecsv
# %ECSV 1.0
# ---
# datatype:
# - {name: ra, unit: deg, datatype: float64}
# - {name: dec, unit: deg, datatype: float64}
# - {name: distance, unit: kpc, datatype: float64}
# - {name: pm_ra_cosdec, unit: mas / yr, datatype: float64}
# - {name: pm_dec, unit: mas / yr, datatype: float64}
# - {name: radial_velocity, unit: km / s, datatype: float64}
# delimiter: ','
# meta: !!omap
# - __serialized_columns__:
#     dec:
#       __class__: astropy.coordinates.angles.Latitude
#       unit: &id001 !astropy.units.Unit {unit: deg}
#       value: !astropy.table.SerializedColumn {name: dec}
#     distance:
#       __class__: astropy.coordinates.distances.Distance
#       unit: !astropy.units.Unit {unit: kpc}
#       value: !astropy.table.SerializedColumn {name: distance}
#     pm_dec:
#       __class__: astropy.units.quantity.Quantity
#       unit: !astropy.units.Unit {unit: mas / yr}
#       value: !astropy.table.SerializedColumn {name: pm_dec}
#     pm_ra_cosdec:
#       __class__: astropy.units.quantity.Quantity
#       unit: !astropy.units.Unit {unit: mas / yr}
#       value: !astropy.table.SerializedColumn {name: pm_ra_cosdec}
#     ra:
#       __class__: astropy.coordinates.angles.Longitude
#       unit: *id001
#       value: !astropy.table.SerializedColumn {name: ra}
#       wrap_angle: !astropy.coordinates.Angle
#         unit: *id001
#         value: 360.0
#     radial_velocity:
#       __class__: astropy.units.quantity.Quantity
#       unit: !astropy.units.Unit {unit: km / s}
#       value: !astropy.table.SerializedColumn {name: radial_velocity}
# schema: astropy-2.0
ra,dec,distance,pm_ra_cosdec,pm_dec,radial_velocity
[from data line 3104]
245.30043502824194,8.972933457343553,0.9999999999999999,-2.491776933732092,-2.3704455351579377,-60.310525957302275
245.3094517506562,8.977554136861205,0.9999999999999999,-2.4912851549597312,-2.370932358740675,-60.31721612648949
245.31846808104854,8.982175559426429,0.9999999999999999,-2.490792683271041,-2.3714201039803506,-60.32390566237739
245.32748401837495,8.986797726874414,0.9999999999999998,-2.490299518226005,-2.371908771246922,-60.33059455611363
245.33649956159138,8.99142064104055,0.9999999999999998,-2.489805659384741,-2.3723983609104664,-60.33728279884582
245.34551470965428,8.996044303760389,1.0,-2.4893111063074143,-2.3728888733411875,-60.3439703817216
245.35452946152023,9.000668716869681,0.9999999999999998,-2.488815858554288,-2.3733803089093994,-60.350657295888595
245.36354381614595,9.005293882204352,0.9999999999999999,-2.4883199156857225,-2.3738726679855415,-60.35734353249449
245.3725577724884,9.009919801600518,0.9999999999999999,-2.487823277262158,-2.3743659509401684,-60.36402908268686
245.38157132950474,9.014546476894457,0.9999999999999999,-2.487325942844135,-2.3748601581439583,-60.37071393761335
245.39058448615245,9.01917390992267,0.9999999999999999,-2.4868279119922594,-2.3753552899677066,-60.3773980884216
245.39959724138905,9.023802102521811,0.9999999999999999,-2.486329184267248,-2.375851346782328,-60.38408152625923
245.40860959417242,9.028431056528724,0.9999999999999998,-2.485829759229898,-2.3763483289588594,-60.39076424227388
245.41762154346065,9.033060773780441,1.0,-2.485329636441073,-2.3768462368684524,-60.39744622761321
245.4266330882119,9.037691256114181,0.9999999999999998,-2.4848288154617717,-2.377345070882384,-60.40412747342481
245.4356442273847,9.04232250536734,1.0,-2.48432729585303,-2.3778448313720455,-60.41080797085634
245.44465495993774,9.0469545233775,0.9999999999999999,-2.4838250771760015,-2.378345518708951,-60.41748771105546
245.45366528482987,9.051587311982436,0.9999999999999999,-2.483322158991932,-2.3788471332647334,-60.42416668516972
245.46267520102023,9.056220873020093,0.9999999999999998,-2.482818540862136,-2.3793496754111443,-60.43084488434682
245.47168470746817,9.060855208328622,0.9999999999999999,-2.4823142223480206,-2.3798531455200544,-60.43752229973437
245.48069380313316,9.065490319746331,1.0,-2.4818092030110948,-2.380357543963457,-60.44419892248002
245.48970248697512,9.070126209111745,1.0,-2.4813034824129234,-2.3808628711134627,-60.45087474373138
245.4987107579539,9.074762878263542,0.9999999999999999,-2.480797060115195,-2.3813691273422988,-60.45754975463612
245.5077186150297,9.079400329040617,0.9999999999999999,-2.4802899356796737,-2.3818763130223184,-60.46422394634182
245.51672605716294,9.08403856328202,0.9999999999999999,-2.479782108668203,-2.3823844285259907,-60.47089730999615
245.5257330833143,9.088677582827009,0.9999999999999999,-2.4792735786427142,-2.382893474225903,-60.47756983674673
245.5347396924445,9.093317389515018,0.9999999999999999,-2.4787643451652515,-2.3834034504947668,-60.48424151774118
245.54374588351476,9.097957985185676,0.9999999999999998,-2.4782544077978965,-2.3839143577054083,-60.49091234412717
245.55275165548622,9.102599371678789,0.9999999999999998,-2.4777437661028756,-2.3844261962307747,-60.497582307052305
245.5617570073204,9.107241550834342,0.9999999999999999,-2.4772324196424704,-2.3849389664439338,-60.50425139766424
245.57076193797903,9.11188452449253,0.9999999999999999,-2.4767203679790546,-2.3854526687180737,-60.510919607110566
245.57976644642406,9.116528294493714,0.9999999999999999,-2.4762076106750843,-2.385967303426498,-60.51758692653896
245.58877053161763,9.121172862678446,0.9999999999999998,-2.475694147293111,-2.386482870942638,-60.524253347097
245.59777419252202,9.12581823088747,0.9999999999999999,-2.4751799773957837,-2.386999371640033,-60.53091885993243
245.60677742809986,9.130464400961712,1.0,-2.4746651005458236,-2.387516805892354,-60.537583456192756
245.61578023731394,9.13511137474229,0.9999999999999999,-2.4741495163060394,-2.3880351740733823,-60.544247127025656
245.62478261912736,9.139759154070505,0.9999999999999998,-2.4736332242393284,-2.388554476557022,-60.5509098635788
245.6337845725032,9.144407740787843,0.9999999999999998,-2.4731162239086917,-2.3890747137172994,-60.55757165699977
245.64278609640502,9.149057136735983,0.9999999999999998,-2.4725985148771903,-2.3895958859283555,-60.56423249843624
245.65178718979647,9.153707343756786,0.9999999999999999,-2.4720800967079897,-2.3901179935644565,-60.570892379035826
245.66078785164137,9.15835836369231,1.0,-2.4715609689643583,-2.3906410369999818,-60.577551289946165
245.66978808090397,9.163010198384788,1.0,-2.4710411312096023,-2.3911650166094383,-60.58420922231486
245.6787878765484,9.167662849676653,0.9999999999999997,-2.470520583007187,-2.3916899327674432,-60.590866167289555
245.68778723753937,9.17231631941051,0.9999999999999999,-2.4699993239205917,-2.3922157858487387,-60.59752211601792
245.6967861628416,9.176970609429173,0.9999999999999999,-2.469477353513421,-2.3927425762281893,-60.604177059647554
245.70578465142003,9.181625721575628,0.9999999999999999,-2.4689546713493757,-2.393270304280772,-60.610830989326125
245.71478270223992,9.186281657693058,0.9999999999999998,-2.4684312769922245,-2.3937989703815905,-60.61748389620121
245.72378031426666,9.190938419624828,0.9999999999999998,-2.4679071700058284,-2.3943285749058623,-60.62413577142049
245.7327774864659,9.195596009214501,1.0,-2.4673823499541396,-2.3948591182289274,-60.630786606131586
245.74177421780348,9.200254428305817,0.9999999999999998,-2.4668568164011906,-2.395390600726246,-60.63743639148208
245.75077050724556,9.204913678742713,1.0,-2.466330568911102,-2.395923022773392,-60.64408511861971
245.7597663537584,9.209573762369311,1.0,-2.465803607048087,-2.396456384746072,-60.65073277869203
245.76876175630852,9.214234681029927,0.9999999999999999,-2.465275930376451,-2.3969906870200957,-60.657379362846676
245.77775671386263,9.21889643656906,1.0,-2.4647475384605784,-2.3975259299714065,-60.6640248622313
245.78675122538777,9.223559030831408,0.9999999999999998,-2.4642184308649338,-2.3980621139760583,-60.67066926799353
245.79574528985108,9.228222465661846,0.9999999999999999,-2.4636886071540802,-2.3985992394102267,-60.67731257128103
245.80473890622005,9.232886742905443,0.9999999999999998,-2.4631580668926563,-2.3991373066502115,-60.68395476324138
245.81373207346218,9.237551864407465,0.9999999999999999,-2.4626268096454194,-2.3996763160724277,-60.690595835022215
245.8227247905455,9.24221783201336,0.9999999999999999,-2.4620948349771528,-2.4002162680534074,-60.697235777771226
245.83171705643792,9.246884647568768,0.9999999999999998,-2.4615621424528014,-2.4007571629698106,-60.703874582636004
245.8407088701078,9.251552312919522,1.0,-2.461028731637346,-2.4012990011984057,-60.710512240764196
245.84970023052367,9.25622082991164,0.9999999999999998,-2.4604946020958636,-2.401841783116093,-60.717148743303405
245.85869113665424,9.260890200391328,1.0,-2.459959753393526,-2.402385509099882,-60.723784081401284
245.86768158746858,9.265560426205003,0.9999999999999999,-2.459424185095581,-2.4029301795269076,-60.73041824620552
245.87667158193577,9.270231509199244,0.9999999999999999,-2.458887896767387,-2.4034757947744225,-60.73705122886364
245.88566111902526,9.274903451220839,1.0,-2.4583508879743654,-2.4040223552197997,-60.743683020523335
245.89465019770668,9.279576254116762,1.0,-2.4578131582820295,-2.404569861240529,-60.75031361233226
