galstreams/tracks/track.st.M92.ibata2021.ecsv
# %ECSV 1.0
# ---
# datatype:
# - {name: ra, unit: deg, datatype: float64}
# - {name: dec, unit: deg, datatype: float64}
# - {name: distance, unit: kpc, datatype: float64}
# - {name: pm_ra_cosdec, unit: mas / yr, datatype: float64}
# - {name: pm_dec, unit: mas / yr, datatype: float64}
# - {name: radial_velocity, unit: km / s, datatype: float64}
# delimiter: ','
# meta: !!omap
# - __serialized_columns__:
#     dec:
#       __class__: astropy.coordinates.angles.Latitude
#       unit: &id001 !astropy.units.Unit {unit: deg}
#       value: !astropy.table.SerializedColumn {name: dec}
#     distance:
#       __class__: astropy.coordinates.distances.Distance
#       unit: !astropy.units.Unit {unit: kpc}
#       value: !astropy.table.SerializedColumn {name: distance}
#     pm_dec:
#       __class__: astropy.units.quantity.Quantity
#       unit: !astropy.units.Unit {unit: mas / yr}
#       value: !astropy.table.SerializedColumn {name: pm_dec}
#     pm_ra_cosdec:
#       __class__: astropy.units.quantity.Quantity
#       unit: !astropy.units.Unit {unit: mas / yr}
#       value: !astropy.table.SerializedColumn {name: pm_ra_cosdec}
#     ra:
#       __class__: astropy.coordinates.angles.Longitude
#       unit: *id001
#       value: !astropy.table.SerializedColumn {name: ra}
#       wrap_angle: !astropy.coordinates.Angle
#         unit: *id001
#         value: 360.0
#     radial_velocity:
#       __class__: astropy.units.quantity.Quantity
#       unit: !astropy.units.Unit {unit: km / s}
#       value: !astropy.table.SerializedColumn {name: radial_velocity}
# schema: astropy-2.0
ra,dec,distance,pm_ra_cosdec,pm_dec,radial_velocity
[from data line 566]
256.2806730011715,44.07244980012348,9.10074625813471,-5.2013739966501715,-1.0755915634255109,-122.61915399301152
256.29443841639323,44.070118142647125,9.101484652658364,-5.200587900195548,-1.0734095151366825,-122.64804454316165
256.3081948822722,44.06777582545757,9.10222423379117,-5.199800625376238,-1.0712312230549021,-122.67744540651682
256.32194240753034,44.06542286860291,9.102964992161288,-5.199012179573653,-1.0690566802334744,-122.70735472751909
256.335681000917,44.063059292122986,9.103706918396883,-5.19822257016183,-1.0668858797194398,-122.73777065061073
256.3494106712077,44.060685116049754,9.104450003126129,-5.1974318045074215,-1.0647188145536557,-122.76869132023364
256.3631314272049,44.058300360406925,9.105194236977184,-5.196639889969722,-1.0625554777707575,-122.80011488083002
256.3768432777375,44.05590504521029,9.105939610578218,-5.195846833900645,-1.0603958623992245,-122.83203947684189
256.3905462316612,44.05349919046748,9.106686114557403,-5.1950526436447575,-1.0582399614613638,-122.86446325271125
256.40424029785805,44.05108281617806,9.107433739542897,-5.194257326539264,-1.056087767973343,-122.89738435288045
256.4179254852364,44.04865594233364,9.10818247616287,-5.193460889914023,-1.0539392749452292,-122.93080092179127
256.4316018027314,44.04621858891765,9.10893231504549,-5.192663341091549,-1.0517944753809567,-122.964711103886
256.4452692593039,44.04377077590556,9.109683246818925,-5.191864687387014,-1.0496533622784057,-122.99911304360657
256.45892786394165,44.04131252326474,9.110435262111334,-5.191064936108264,-1.0475159286293731,-123.03400488539518
256.47257762565823,44.03884385095448,9.111188351550892,-5.190264094555813,-1.0453821674196093,-123.06938477369397
256.4862185534933,44.036364778926135,9.11194250576576,-5.189462170022857,-1.0432520716288542,-123.10525085294478
256.4998506565129,44.03387532712287,9.112697715384112,-5.188659169795269,-1.0411256342308168,-123.14160126758998
256.51347394380866,44.03137551547996,9.113453971034104,-5.187855101151624,-1.0390028481932407,-123.1784341620714
256.5270884244986,44.02886536392453,9.114211263343908,-5.187049971363177,-1.036883706477874,-123.2157476808312
256.54069410772644,44.02634489237568,9.114969582941693,-5.186243787693895,-1.0347682020405156,-123.25353996831163
256.55429100266156,44.02381412074457,9.115728920455625,-5.185436557400449,-1.0326563278310446,-123.29180916895444
256.5678791184995,44.0212730689342,9.116489266513865,-5.1846282877322185,-1.0305480767934068,-123.33055342720196
256.58145846446115,44.01872175683966,9.117250611744584,-5.183818985931307,-1.0284434418656558,-123.36977088749632
256.5950290497933,44.016160204347905,9.118012946775949,-5.183008659232537,-1.0263424159799666,-123.40945969427935
256.6085908837682,44.013588431338,9.118776262236127,-5.182197314863463,-1.024244992062652,-123.44961799199342
256.6221439756836,44.0110064576809,9.11954054875328,-5.181384960044374,-1.022151163034182,-123.49024392508029
256.635688334863,44.0084143032395,9.120305796955577,-5.180571601988303,-1.0200609218091872,-123.5313356379824
256.64922397065493,44.00581198786883,9.121071997471187,-5.179757247901024,-1.0179742612965168,-123.57289127514161
256.66275089243356,44.00319953141575,9.121839140928275,-5.178941904981073,-1.0158911743992092,-123.61490898100006
256.67626910959814,44.000576953719275,9.122607217955007,-5.178125580419737,-1.0138116540145465,-123.65738689999972
256.6897786315734,43.99794427461025,9.123376219179551,-5.177308281401069,-1.0117356930340442,-123.70032317658294
256.703279467809,43.99530151391166,9.124146135230074,-5.176490015101901,-1.0096632843435,-123.74371595519148
256.7167716277798,43.99264869143843,9.124916956734737,-5.175670788691834,-1.0075944208229861,-123.78756338026747
256.73025512098593,43.98998582699745,9.125688674321713,-5.174850609333251,-1.0055290953468612,-123.8318635962533
256.7437299569521,43.98731294038771,9.126461278619166,-5.174029484181331,-1.0034673007838366,-123.87661474759079
256.7571961452284,43.9846300514001,9.127234760255263,-5.173207420384041,-1.0014090299969292,-123.92181497872211
256.7706536953894,43.981937179817685,9.128009109858173,-5.172384425082151,-0.9993542758435361,-123.96746243408937
256.7841026170347,43.979234345415385,9.128784318056054,-5.171560505409248,-0.9973030311754139,-124.01355525813447
256.7975429197887,43.976521567960205,9.129560375477084,-5.170735668491716,-0.9952552888387098,-124.06009159529968
256.81097461330035,43.97379886721123,9.130337272749424,-5.169909921448769,-0.9932110416739877,-124.10706959002695
256.8243977072433,43.97106626291945,9.13111500050124,-5.169083271392448,-0.9911702825162308,-124.15448738675842
256.8378122113158,43.96832377482803,9.131893549360699,-5.168255725427615,-0.9891330041948753,-124.2023431299362
256.8512181352407,43.96557142267203,9.132672909955966,-5.167427290651984,-0.9870991995338063,-124.25063496400246
256.864615488765,43.96280922617866,9.133453072915213,-5.1665979741561046,-0.9850688613514077,-124.2993610333991
256.8780042816604,43.96003720506713,9.1342340288666,-5.16576778302338,-0.9830419824605506,-124.34851948256825
256.891384523723,43.95725537904862,9.135015768438299,-5.164936724330069,-0.981018555668614,-124.39810845595198
256.9047562247729,43.9544637678265,9.135798282258476,-5.1641048051452945,-0.9789985737775254,-124.44812609799258
256.9181193946545,43.95166239109606,9.136581560955293,-5.16327203253105,-0.9769820295837527,-124.49857055313176
256.93147404323656,43.94885126854475,9.137365595156918,-5.162438413542207,-0.9749689158783397,-124.54943996581183
256.94482018041174,43.94603041985201,9.138150375491524,-5.161603955226506,-0.972959225446905,-124.60073248047503
256.9581578160968,43.94319986468932,9.138935892587272,-5.160768664624596,-0.9709529510696802,-124.65244624156314
256.9714869602325,43.94035962272032,9.139722137072326,-5.159932548770011,-0.9689500855215186,-124.70457939351833
256.98480762278353,43.93750971360061,9.140509099574858,-5.159095614689185,-0.9669506215718999,-124.75713008078269
256.99811981373847,43.93465015697796,9.14129677072303,-5.158257869401463,-0.9649545519849726,-124.81009644779843
257.0114235431097,43.93178097249211,9.142085141145014,-5.157419319919101,-0.9629618695195473,-124.86347663900754
257.0247188209331,43.92890217977501,9.142874201468972,-5.156579973247283,-0.9609725669291409,-124.91726879885194
257.03800565726874,43.92601379845057,9.143663942323075,-5.155739836384111,-0.9589866369619582,-124.97147107177396
257.05128406220007,43.9231158481348,9.144454354335481,-5.154898916320631,-0.9570040723609348,-125.02608160221561
257.06455404583386,43.920208348435914,9.145245428134366,-5.154057220040822,-0.9550248658637629,-125.08109853461889
257.0778156183008,43.91729131895406,9.146037154347892,-5.153214754521613,-0.9530490102028731,-125.13652001342584
257.09106878975484,43.91436477928161,9.14682952360423,-5.152371526732883,-0.9510764981054876,-125.19234418307873
257.10431357037334,43.91142874900296,9.14762252653154,-5.151527543637478,-0.9491073222936119,-125.24856918801966
257.11754997035706,43.90848324769461,9.148416153757992,-5.150682812191209,-0.9471414754840661,-125.30519317269048
257.1307779999299,43.905528294925254,9.149210395911751,-5.149837339342855,-0.9451789503885051,-125.36221428153344
257.1439976693391,43.902563910255566,9.150005243620988,-5.148991132034178,-0.9432197397134202,-125.41963065899044
257.15720898885513,43.89959011323847,9.150800687513865,-5.148144197199931,-0.941263836160162,-125.47744044950393
257.1704119687715,43.89660692341887,9.15159671821855,-5.147296541767856,-0.939311232424967,-125.5356417975156
257.1836066194045,43.89361436033393,9.152393326363208,-5.1464481726586975,-0.9373619211989733,-125.59423284746764
257.19679295109387,43.89061244351284,9.153190502576008,-5.1455990967862,-0.9354158951682108,-125.65321174380232
257.209970974202,43.88760119247693,9.153988237485118,-5.144749321057137,-0.9334731470136555,-125.71257663096144
257.2231406991143,43.88458062673974,9.154786521718702,-5.143898852371282,-0.931533669411226,-125.77232565338745
257.2363021362388,43.88155076580683,9.155585345904925,-5.143047697621456,-0.9295974550318036,-125.83245695552195
257.2494552960064,43.878511629176025,9.156384700671955,-5.142195863693496,-0.9276644965412539,-125.89296868180742
257.26260018887075,43.87546323633721,9.15718457664796,-5.141343357466292,-0.9257347866004282,-125.95385897668582
257.27573682530806,43.8724056067724,9.157984964461107,-5.140490185811779,-0.923808317865197,-126.0151259845991
257.2888652158171,43.8693387599559,9.15878585473956,-5.139636355594941,-0.9218850829864678,-126.07676784998958
257.30198537091934,43.86626271535397,9.159587238111488,-5.138781873673827,-0.91996507461018,-126.13878271729915
257.31509730115846,43.86317749242524,9.160389105205056,-5.137926746899556,-0.9180482853773517,-126.20116873097002
257.3282010171008,43.8600831106203,9.16119144664843,-5.137070982116322,-0.9161347079240658,-126.2639240354442
257.3412965293348,43.856979589382114,9.16199425306978,-5.136214586161391,-0.9142243348815184,-126.32704677516375
257.3543838484713,43.85386694814566,9.162797515097267,-5.135357565865134,-0.9123171588760077,-126.39053509457075
257.3674629851436,43.85074520633812,9.163601223359063,-5.134499928051005,-0.910413172528953,-126.45438713810735
257.38053395000674,43.84761438337895,9.164405368483331,-5.133641679535563,-0.9085123684569394,-126.51860105021558
257.3935967537384,43.84447449867965,9.16520994109824,-5.132782827128482,-0.9066147392716926,-126.58317497533757
257.40665140703777,43.84132557164406,9.166014931831956,-5.131923377632542,-0.9047202775801353,-126.64810705791547
257.4196979206264,43.8381676216681,9.166820331312644,-5.13106333784366,-0.9028289759843791,-126.71339544239115
257.4327363052478,43.83500066813989,9.167626130168474,-5.130202714550872,-0.9009408270817352,-126.77903827320674
257.4457665716671,43.83182473043984,9.16843231902761,-5.129341514536357,-0.8990558234647579,-126.8450336948045
257.4587887306717,43.82863982794045,9.169238888518215,-5.128479744575436,-0.8971739577212334,-126.9113798516263
257.4718027930703,43.82544598000654,9.170045829268462,-5.127617411436583,-0.8952952224342168,-126.97807488811449
257.48480876969364,43.822243205995036,9.170853131906515,-5.126754521881431,-0.8934196101820293,-127.04511694871077
257.4978066713941,43.819031525255184,9.171660787060542,-5.125891082664774,-0.8915471135382911,-127.11250417785767
257.5107965090454,43.81581095712838,9.172468785358706,-5.125027100534584,-0.8896777250719312,-127.18023471999695
257.52377829354316,43.81258152094823,9.173277117429178,-5.124162582232014,-0.8878114373471937,-127.24830671957064
257.5367520358042,43.80934323604067,9.174085773900122,-5.1232975344913925,-0.8859482429236734,-127.31671832102104
257.5497177467672,43.80609612172374,9.174894745399701,-5.122431964040257,-0.8840881343563065,-127.38546766879026
257.5626754373916,43.80284019730785,9.17570402255609,-5.121565877599332,-0.8822311041954201,-127.45455290732016
257.57562511865865,43.799575482095555,9.17651359599745,-5.120699281882564,-0.8803771449867126,-127.52397218105298
257.58856680157083,43.79630199538165,9.17732345635195,-5.1198321835970955,-0.8785262492712889,-127.59372363443087
257.6015004971514,43.79301975645328,9.178133594247756,-5.118964589443315,-0.8766784095856885,-127.66380541189561
257.61442621644545,43.78972878458973,9.17894400031303,-5.118096506114823,-0.8748336184618579,-127.7342156578896
257.62734397051855,43.78642909906265,9.179754665175944,-5.117227940298462,-0.8729918684272269,-127.80495251685477
257.64025377045766,43.78312071913583,9.18056557946466,-5.116358898674319,-0.8711531520046591,-127.87601413323321
257.6531556273706,43.77980366406548,9.181376733807355,-5.115489387915731,-0.869317461712529,-127.947398651467
257.66604955238614,43.77647795309996,9.182188118832183,-5.114619414689291,-0.8674847900646903,-128.01910421599817
257.6789355566541,43.773143605479916,9.182999725167317,-5.113748985654864,-0.865655129570509,-128.09112897126903
257.6918136513447,43.76980064043836,9.183811543440923,-5.112878107465581,-0.8638284727349022,-128.16347106172137
257.7046838476494,43.76644907720048,9.184623564281166,-5.112006786767853,-0.8620048120583019,-128.23612863179756
257.7175461567799,43.76308893498386,9.185435778316217,-5.111135030201381,-0.8601841400367201,-128.30909982593946
257.73040058996895,43.75972023299831,9.186248176174235,-5.110262844399164,-0.8583664491617427,-128.38238278858913
257.7432471584698,43.756342990445916,9.187060748483391,-5.10939023598749,-0.8565517319205309,-128.4559756641888
257.75608587355595,43.752957226521175,9.187873485871853,-5.108517211585972,-0.8547399807958711,-128.5298765971805
257.76891674652177,43.74956296041075,9.188686378967786,-5.107643777807523,-0.8529311882661577,-128.6040837320063
257.7817397886818,43.746160211293734,9.189499418399356,-5.10676994125839,-0.8511253468054323,-128.67859521310837
257.7945550113711,43.74274899834146,9.190312594794728,-5.10589570853815,-0.8493224488833797,-128.75340918492856
257.80736242594486,43.73932934071765,9.191125898782076,-5.105021086239709,-0.8475224869653599,-128.82852379190916
257.8201620437788,43.73590125757829,9.191939320989556,-5.104146080949331,-0.8457254535124048,-128.90393717849233
257.83295387626873,43.73246476807168,9.192752852045341,-5.103270699246624,-0.8439313409812499,-128.97964748911994
257.8457379348303,43.72901989133856,9.193566482577598,-5.102394947704557,-0.8421401418243526,-129.0556528682341
257.85851423089986,43.72556664651185,9.19438020321449,-5.101518832889469,-0.8403518484898795,-129.13195146027684
257.87128277593325,43.722105052717,9.195194004584188,-5.100642361361065,-0.8385664534217536,-129.2085414096905
257.8840435814066,43.71863512907166,9.196007877314855,-5.099765539672449,-0.8367839490596507,-129.28542086091696
257.896796658816,43.715156894685855,9.196821812034658,-5.098888374370093,-0.8350043278390156,-129.36258795839834
257.90954201967713,43.711670368662055,9.197635799371765,-5.098010871993881,-0.8332275821910897,-129.44004084657684
257.9222796755258,43.70817557009496,9.198449829954342,-5.097133039077097,-0.8314537045429127,-129.5177776698942
257.93500963791723,43.70467251807178,9.199263894410558,-5.096254882146428,-0.8296826873173406,-129.5957965727928
257.9477319184269,43.70116123167194,9.200077983368573,-5.0953764077219965,-0.8279145229330587,-129.67409569971477
257.9604465286493,43.6976417299674,9.200892087456559,-5.094497622317334,-0.8261492038046079,-129.752673195102
257.973153480199,43.69411403202238,9.20170619730268,-5.093618532439413,-0.8243867223423844,-129.83152720339666
257.98585278471,43.690578156893494,9.202520303535106,-5.09273914458865,-0.8226270709526586,-129.91065586904074
257.99854445383573,43.68703412362983,9.203334396782001,-5.091859465258902,-0.8208702420375975,-129.9900573364766
258.011228499249,43.68348195127276,9.204148467671532,-5.090979500937487,-0.8191162279952704,-130.06972975014588
258.0239049326421,43.679921658856166,9.204962506831867,-5.09009925810518,-0.8173650212196715,-130.14967125449107
258.03657376572664,43.67635326540624,9.205776504891166,-5.0892187432362395,-0.8156166141007244,-130.22987999395394
258.04923501023364,43.67277678994159,9.206590452477606,-5.088337962798383,-0.8138709990242967,-130.31035411297688
258.06188867791303,43.669192251473305,9.207404340219348,-5.08745692325283,-0.8121281683722379,-130.39109175600177
258.07453478053424,43.66559966900481,9.208218158744556,-5.086575631054283,-0.8103881145223535,-130.47209106747073
258.08717332988545,43.661999061532036,9.209031898681403,-5.085694092650946,-0.8086508298484649,-130.55335019182576
258.0998043377744,43.65839044804325,9.20984555065805,-5.084812314484535,-0.8069163067203733,-130.63486727350914
258.1124278160273,43.654773847519216,9.210659105302666,-5.083930302990275,-0.8051845375039302,-130.71664045696272
258.12504377648975,43.65114927893311,9.211472553243416,-5.083048064596917,-0.8034555145609987,-130.79866788662878
