galstreams/tracks/track.po.PS1-D.bernard2016.ecsv
# %ECSV 0.9
# ---
# datatype:
# - {name: ra, unit: deg, datatype: float64}
# - {name: dec, unit: deg, datatype: float64}
# - {name: distance, unit: kpc, datatype: float64}
# - {name: pm_ra_cosdec, unit: mas / yr, datatype: float64}
# - {name: pm_dec, unit: mas / yr, datatype: float64}
# - {name: radial_velocity, unit: km / s, datatype: float64}
# delimiter: ','
# meta: !!omap
# - __serialized_columns__:
#     dec:
#       __class__: astropy.coordinates.angles.Latitude
#       unit: &id001 !astropy.units.Unit {unit: deg}
#       value: !astropy.table.SerializedColumn {name: dec}
#     distance:
#       __class__: astropy.coordinates.distances.Distance
#       unit: !astropy.units.Unit {unit: kpc}
#       value: !astropy.table.SerializedColumn {name: distance}
#     pm_dec:
#       __class__: astropy.units.quantity.Quantity
#       unit: !astropy.units.Unit {unit: mas / yr}
#       value: !astropy.table.SerializedColumn {name: pm_dec}
#     pm_ra_cosdec:
#       __class__: astropy.units.quantity.Quantity
#       unit: !astropy.units.Unit {unit: mas / yr}
#       value: !astropy.table.SerializedColumn {name: pm_ra_cosdec}
#     ra:
#       __class__: astropy.coordinates.angles.Longitude
#       unit: *id001
#       value: !astropy.table.SerializedColumn {name: ra}
#       wrap_angle: !astropy.coordinates.Angle
#         unit: *id001
#         value: 360.0
#     radial_velocity:
#       __class__: astropy.units.quantity.Quantity
#       unit: !astropy.units.Unit {unit: km / s}
#       value: !astropy.table.SerializedColumn {name: radial_velocity}
# schema: astropy-2.0
ra,dec,distance,pm_ra_cosdec,pm_dec,radial_velocity
[from data line 2125]
139.6242701539649,-0.3650930547796415,22.900000000000006,0.0,0.0,0.0
139.62470070655698,-0.3551000977546333,22.90000000000001,0.0,0.0,0.0
139.62513125821832,-0.3451071407095733,22.90000000000001,0.0,0.0,0.0
139.62556180897502,-0.3351141836450833,22.900000000000013,0.0,0.0,0.0
139.6259923588533,-0.3251212265616137,22.900000000000006,0.0,0.0,0.0
139.62642290787937,-0.3151282694598426,22.900000000000006,0.0,0.0,0.0
139.6268534560794,-0.30513531234022023,22.900000000000006,0.0,0.0,0.0
139.62728400347962,-0.2951423552033681,22.900000000000006,0.0,0.0,0.0
139.6277145501062,-0.28514939804990735,22.900000000000006,0.0,0.0,0.0
139.62814509598533,-0.2751564408802884,22.90000000000001,0.0,0.0,0.0
139.62857564114324,-0.26516348369518916,22.90000000000001,0.0,0.0,0.0
139.62900618560607,-0.25517052649506056,22.90000000000001,0.0,0.0,0.0
139.62943672940008,-0.24517756928058088,22.900000000000006,0.0,0.0,0.0
139.62986727255142,-0.2351846120521997,22.900000000000006,0.0,0.0,0.0
139.63029781508632,-0.22519165481053866,22.90000000000001,0.0,0.0,0.0
139.63072835703093,-0.21519869755621912,22.900000000000002,0.0,0.0,0.0
139.63115889841148,-0.2052057402896918,22.900000000000006,0.0,0.0,0.0
139.63158943925413,-0.1952127830116339,22.900000000000006,0.0,0.0,0.0
139.63201997958512,-0.18521982572249673,22.90000000000001,0.0,0.0,0.0
139.63245051943062,-0.17522686842290108,22.90000000000001,0.0,0.0,0.0
139.6328810588168,-0.16523391111346808,22.900000000000013,0.0,0.0,0.0
139.63331159776988,-0.15524095379464842,22.90000000000001,0.0,0.0,0.0
139.63374213631604,-0.14524799646711972,22.90000000000001,0.0,0.0,0.0
139.6341726744815,-0.13525503913133308,22.900000000000006,0.0,0.0,0.0
139.63460321229246,-0.12526208178790918,22.900000000000006,0.0,0.0,0.0
139.63503374977506,-0.11526912443746924,22.900000000000006,0.0,0.0,0.0
139.6354642869555,-0.10527616708046394,22.900000000000013,0.0,0.0,0.0
139.63589482386004,-0.09528320971757108,22.90000000000001,0.0,0.0,0.0
139.63632536051483,-0.08529025234924148,22.900000000000006,0.0,0.0,0.0
139.63675589694606,-0.07529729497609587,22.900000000000006,0.0,0.0,0.0
139.6371864331799,-0.06530433759875548,22.900000000000006,0.0,0.0,0.0
139.63761696924257,-0.055311380217670895,22.900000000000002,0.0,0.0,0.0
139.63804750516027,-0.04531842283351984,22.90000000000001,0.0,0.0,0.0
139.6384780409592,-0.03532546544675324,22.900000000000006,0.0,0.0,0.0
139.63890857666553,-0.02533250805804888,22.90000000000001,0.0,0.0,0.0
139.63933911230546,-0.015339550667857171,22.900000000000006,0.0,0.0,0.0
139.63976964790518,-0.00534659327679958,22.900000000000006,0.0,0.0,0.0
139.6402001834909,0.004646364114503241,22.900000000000006,0.0,0.0,0.0
139.64063071908876,0.01463932150560038,22.900000000000006,0.0,0.0,0.0
139.64106125472503,0.02463227889581439,22.90000000000001,0.0,0.0,0.0
139.64149179042585,0.03462523628469421,22.900000000000006,0.0,0.0,0.0
139.6419223262174,0.04461819367156208,22.900000000000006,0.0,0.0,0.0
139.64235286212596,0.05461115105596754,22.900000000000006,0.0,0.0,0.0
139.6427833981776,0.06460410843728945,22.900000000000006,0.0,0.0,0.0
139.64321393439863,0.0745970658149066,22.900000000000006,0.0,0.0,0.0
139.64364447081516,0.08459002318836853,22.900000000000006,0.0,0.0,0.0
139.64407500745344,0.09458298055699708,22.900000000000006,0.0,0.0,0.0
139.64450554433958,0.10457593792034221,22.900000000000006,0.0,0.0,0.0
139.64493608149988,0.11456889527778252,22.90000000000001,0.0,0.0,0.0
139.64536661896045,0.12456185262869687,22.90000000000001,0.0,0.0,0.0
139.64579715674753,0.13455480997263475,22.900000000000006,0.0,0.0,0.0
139.6462276948873,0.14454776730891805,22.900000000000006,0.0,0.0,0.0
139.64665823340593,0.1545407246370966,22.900000000000006,0.0,0.0,0.0
139.64708877232968,0.164533681956549,22.900000000000006,0.0,0.0,0.0
139.64751931168465,0.17452663926665432,22.900000000000006,0.0,0.0,0.0
139.64794985149712,0.18451959656696137,22.900000000000006,0.0,0.0,0.0
139.64838039179318,0.194512553856793,22.90000000000001,0.0,0.0,0.0
139.64881093259916,0.20450551113569834,22.90000000000001,0.0,0.0,0.0
139.64924147394117,0.21449846840305634,22.900000000000006,0.0,0.0,0.0
139.6496720158454,0.2244914256582457,22.900000000000006,0.0,0.0,0.0
139.65010255833806,0.23448438290081589,22.900000000000006,0.0,0.0,0.0
139.65053310144535,0.2444773401300889,22.90000000000001,0.0,0.0,0.0
139.65096364519346,0.2544702973456144,22.900000000000002,0.0,0.0,0.0
139.6513941896086,0.2644632545467141,22.90000000000001,0.0,0.0,0.0
139.65182473471694,0.27445621173293766,22.900000000000006,0.0,0.0,0.0
139.6522552805447,0.2844491689036635,22.900000000000006,0.0,0.0,0.0
139.65268582711806,0.2944421260582712,22.900000000000006,0.0,0.0,0.0
139.6531163744632,0.3044350831963094,22.900000000000006,0.0,0.0,0.0
139.65354692260632,0.31442804031710053,22.900000000000002,0.0,0.0,0.0
139.65397747157365,0.32442099742019415,22.900000000000006,0.0,0.0,0.0
139.6544080213914,0.3344139545049683,22.900000000000006,0.0,0.0,0.0
139.65483857208568,0.34440691157080283,22.900000000000006,0.0,0.0,0.0
139.65526912368276,0.3543998686172462,22.900000000000006,0.0,0.0,0.0
139.65569967620877,0.3643928256436212,22.900000000000006,0.0,0.0,0.0
139.65613022969,0.3743857826494766,22.900000000000006,0.0,0.0,0.0
139.6565607841526,0.38437873963413466,22.900000000000002,0.0,0.0,0.0
139.65699133962272,0.39437169659714466,22.900000000000006,0.0,0.0,0.0
139.65742189612664,0.4043646535378853,22.900000000000006,0.0,0.0,0.0
139.6578524536905,0.4143576104557353,22.900000000000006,0.0,0.0,0.0
139.65828301234055,0.4243505673502445,22.900000000000006,0.0,0.0,0.0
139.65871357210295,0.4343435242207344,22.900000000000006,0.0,0.0,0.0
139.65914413300388,0.44433648106675444,22.900000000000006,0.0,0.0,0.0
139.65957469506958,0.4543294378876832,22.900000000000002,0.0,0.0,0.0
139.66000525832624,0.4643223946828997,22.900000000000006,0.0,0.0,0.0
139.66043582280005,0.4743153514519533,22.900000000000006,0.0,0.0,0.0
139.6608663885172,0.48430830819416576,22.900000000000006,0.0,0.0,0.0
139.66129695550393,0.4943012649090864,22.900000000000002,0.0,0.0,0.0
139.6617275237864,0.5042942215960939,22.900000000000006,0.0,0.0,0.0
139.66215809339081,0.514287178254567,22.900000000000006,0.0,0.0,0.0
139.66258866434342,0.5242801348840552,22.900000000000006,0.0,0.0,0.0
139.66301923667032,0.5342730914838804,22.900000000000006,0.0,0.0,0.0
139.66344981039785,0.5442660480535911,22.900000000000006,0.0,0.0,0.0
139.6638803855521,0.5542590045925104,22.900000000000006,0.0,0.0,0.0
139.66431096215933,0.5642519611001864,22.90000000000001,0.0,0.0,0.0
139.66474154024573,0.5742449175759982,22.90000000000001,0.0,0.0,0.0
139.66517211983748,0.5842378740193249,22.900000000000006,0.0,0.0,0.0
139.6656027009608,0.594230830429715,22.90000000000001,0.0,0.0,0.0
139.66603328364192,0.6042237868064909,22.900000000000006,0.0,0.0,0.0
139.666463867907,0.6142167431492019,22.900000000000006,0.0,0.0,0.0
139.66689445378228,0.6242096994572259,22.900000000000006,0.0,0.0,0.0
139.66732504129396,0.6342026557299422,22.90000000000001,0.0,0.0,0.0
139.6677556304682,0.6441956119668998,22.900000000000013,0.0,0.0,0.0
139.66818622133127,0.6541885681674207,22.900000000000006,0.0,0.0,0.0
139.66861681390935,0.6641815243310532,22.900000000000006,0.0,0.0,0.0
139.66904740822864,0.6741744804571199,22.900000000000006,0.0,0.0,0.0
139.66947800431532,0.6841674365451699,22.90000000000001,0.0,0.0,0.0
139.6699086021957,0.6941603925945816,22.900000000000006,0.0,0.0,0.0
139.67033920189587,0.7041533486047334,22.90000000000001,0.0,0.0,0.0
139.67076980344208,0.7141463045751748,22.90000000000001,0.0,0.0,0.0
139.67120040686055,0.7241392605052274,22.90000000000001,0.0,0.0,0.0
139.6716310121775,0.7341322163944399,22.900000000000006,0.0,0.0,0.0
139.67206161941914,0.7441251722421915,22.900000000000006,0.0,0.0,0.0
139.67249222861162,0.7541181280478605,22.900000000000006,0.0,0.0,0.0
139.6729228397812,0.7641110838109956,22.900000000000006,0.0,0.0,0.0
139.6733534529541,0.7741040395309187,22.900000000000013,0.0,0.0,0.0
139.67378406815652,0.7840969952071789,22.90000000000001,0.0,0.0,0.0
139.67421468541468,0.7940899508391549,22.90000000000001,0.0,0.0,0.0
139.67464530475476,0.8040829064262248,22.900000000000006,0.0,0.0,0.0
139.675075926203,0.8140758619679378,22.90000000000001,0.0,0.0,0.0
139.6755065497856,0.8240688174636153,22.90000000000001,0.0,0.0,0.0
139.67593717552882,0.8340617729127996,22.900000000000006,0.0,0.0,0.0
139.6763678034588,0.8440547283148616,22.90000000000001,0.0,0.0,0.0
139.67679843360182,0.8540476836692475,22.900000000000006,0.0,0.0,0.0
139.67722906598405,0.8640406389753995,22.900000000000006,0.0,0.0,0.0
139.67765970063175,0.8740335942327458,22.900000000000006,0.0,0.0,0.0
139.6780903375711,0.8840265494407253,22.90000000000001,0.0,0.0,0.0
139.6785209768283,0.8940195045987768,22.90000000000001,0.0,0.0,0.0
139.67895161842964,0.9040124597063283,22.900000000000006,0.0,0.0,0.0
139.67938226240128,0.914005414762818,22.900000000000006,0.0,0.0,0.0
139.67981290876943,0.9239983697676859,22.900000000000006,0.0,0.0,0.0
139.68024355756035,0.9339913247203592,22.90000000000001,0.0,0.0,0.0
139.68067420880027,0.9439842796202802,22.90000000000001,0.0,0.0,0.0
139.68110486251535,0.9539772344668768,22.90000000000001,0.0,0.0,0.0
139.6815355187319,0.9639701892595882,22.90000000000001,0.0,0.0,0.0
139.68196617747606,0.973963143997853,22.900000000000006,0.0,0.0,0.0
139.68239683877408,0.9839560986810989,22.90000000000001,0.0,0.0,0.0
139.68282750265217,0.9939490533087681,22.900000000000006,0.0,0.0,0.0
139.6832581691366,1.0039420078802892,22.90000000000001,0.0,0.0,0.0
139.68368883825354,1.0139349623951,22.900000000000006,0.0,0.0,0.0
139.68411951002926,1.0239279168526396,22.900000000000013,0.0,0.0,0.0
139.68455018448995,1.0339208712523356,22.90000000000001,0.0,0.0,0.0
139.68498086166187,1.0439138255936304,22.900000000000006,0.0,0.0,0.0
139.68541154157123,1.0539067798759523,22.900000000000006,0.0,0.0,0.0
139.68584222424423,1.0638997340987386,22.900000000000006,0.0,0.0,0.0
139.68627290970716,1.073892688261429,22.900000000000013,0.0,0.0,0.0
139.6867035979862,1.083885642363451,22.900000000000006,0.0,0.0,0.0
139.68713428910758,1.0938785964042468,22.900000000000006,0.0,0.0,0.0
139.68756498309756,1.103871550383244,22.90000000000001,0.0,0.0,0.0
139.68799567998238,1.113864504299881,22.90000000000001,0.0,0.0,0.0
139.68842637978824,1.1238574581535963,22.90000000000001,0.0,0.0,0.0
139.68885708254135,1.1338504119438182,22.900000000000006,0.0,0.0,0.0
139.689287788268,1.1438433656699882,22.90000000000001,0.0,0.0,0.0
139.68971849699437,1.1538363193315342,22.900000000000006,0.0,0.0,0.0
139.69014920874676,1.163829272927894,22.90000000000001,0.0,0.0,0.0
139.69057992355135,1.1738222264585074,22.90000000000001,0.0,0.0,0.0
139.69101064143445,1.183815179922801,22.900000000000006,0.0,0.0,0.0
139.69144136242218,1.193808133320213,22.900000000000006,0.0,0.0,0.0
139.69187208654085,1.2038010866501825,22.900000000000006,0.0,0.0,0.0
139.69230281381672,1.213794039912137,22.90000000000001,0.0,0.0,0.0
139.692733544276,1.2237869931055176,22.900000000000006,0.0,0.0,0.0
139.6931642779449,1.2337799462297532,22.900000000000006,0.0,0.0,0.0
139.6935950148497,1.2437728992842807,22.90000000000001,0.0,0.0,0.0
139.69402575501667,1.2537658522685395,22.900000000000006,0.0,0.0,0.0
139.69445649847196,1.2637588051819566,22.900000000000006,0.0,0.0,0.0
139.6948872452419,1.2737517580239737,22.900000000000006,0.0,0.0,0.0
139.6953179953527,1.2837447107940185,22.90000000000001,0.0,0.0,0.0
139.6957487488306,1.2937376634915296,22.900000000000006,0.0,0.0,0.0
139.69617950570185,1.303730616115944,22.900000000000006,0.0,0.0,0.0
139.69661026599272,1.3137235686666908,22.900000000000006,0.0,0.0,0.0
139.6970410297294,1.3237165211432105,22.900000000000002,0.0,0.0,0.0
139.6974717969382,1.3337094735449309,22.900000000000006,0.0,0.0,0.0
139.69790256764537,1.3437024258712895,22.900000000000006,0.0,0.0,0.0
139.6983333418771,1.3536953781217258,22.900000000000006,0.0,0.0,0.0
139.69876411965967,1.3636883302956662,22.900000000000006,0.0,0.0,0.0
139.69919490101935,1.3736812823925524,22.900000000000006,0.0,0.0,0.0
139.69962568598237,1.3836742344118116,22.900000000000006,0.0,0.0,0.0
139.70005647457504,1.3936671863528818,22.90000000000001,0.0,0.0,0.0
139.70048726682353,1.4036601382152016,22.900000000000006,0.0,0.0,0.0
139.70091806275414,1.4136530899981978,22.900000000000006,0.0,0.0,0.0
139.7013488623931,1.4236460417013088,22.900000000000002,0.0,0.0,0.0
139.7017796657667,1.4336389933239717,22.900000000000006,0.0,0.0,0.0
139.70221047290119,1.443631944865614,22.90000000000001,0.0,0.0,0.0
139.70264128382283,1.4536248963256784,22.900000000000002,0.0,0.0,0.0
139.70307209855787,1.4636178477035902,22.90000000000001,0.0,0.0,0.0
139.70350291713254,1.473610798998788,22.900000000000006,0.0,0.0,0.0
139.7039337395732,1.4836037502107107,22.900000000000006,0.0,0.0,0.0
139.704364565906,1.4935967013387832,22.90000000000001,0.0,0.0,0.0
139.70479539615724,1.503589652382449,22.900000000000006,0.0,0.0,0.0
139.70522623035322,1.5135826033411341,22.900000000000006,0.0,0.0,0.0
139.70565706852017,1.5235755542142766,22.900000000000006,0.0,0.0,0.0
139.70608791068437,1.5335685050013137,22.900000000000006,0.0,0.0,0.0
139.7065187568721,1.543561455701673,22.900000000000006,0.0,0.0,0.0
139.7069496071096,1.5535544063147957,22.900000000000006,0.0,0.0,0.0
139.70738046142316,1.5635473568401086,22.900000000000006,0.0,0.0,0.0
139.70781131983904,1.5735403072770497,22.900000000000002,0.0,0.0,0.0
139.70824218238351,1.5835332576250554,22.90000000000001,0.0,0.0,0.0
139.70867304908285,1.5935262078835544,22.900000000000006,0.0,0.0,0.0
139.70910391996333,1.603519158051987,22.90000000000001,0.0,0.0,0.0
139.7095347950512,1.6135121081297794,22.900000000000006,0.0,0.0,0.0
139.7099656743728,1.6235050581163706,22.900000000000006,0.0,0.0,0.0
139.71039655795434,1.6334980080111967,22.900000000000006,0.0,0.0,0.0
139.71082744582213,1.6434909578136854,22.900000000000006,0.0,0.0,0.0
139.71125833800247,1.6534839075232775,22.900000000000006,0.0,0.0,0.0
139.71168923452157,1.6634768571393994,22.900000000000006,0.0,0.0,0.0
139.71212013540577,1.673469806661489,22.900000000000006,0.0,0.0,0.0
139.71255104068135,1.6834627560889837,22.900000000000006,0.0,0.0,0.0
139.71298195037457,1.69345570542131,22.900000000000006,0.0,0.0,0.0
139.7134128645117,1.7034486546579053,22.900000000000006,0.0,0.0,0.0
139.71384378311905,1.713441603798207,22.900000000000006,0.0,0.0,0.0
139.7142747062229,1.7234345528416413,22.900000000000006,0.0,0.0,0.0
139.71470563384955,1.7334275017876497,22.900000000000006,0.0,0.0,0.0
139.71513656602528,1.7434204506356579,22.900000000000013,0.0,0.0,0.0
139.71556750277637,1.7534133993851047,22.900000000000006,0.0,0.0,0.0
139.7159984441291,1.763406348035426,22.900000000000006,0.0,0.0,0.0
139.7164293901098,1.773399296586048,22.900000000000006,0.0,0.0,0.0
139.71686034074472,1.7833922450364128,22.900000000000006,0.0,0.0,0.0
139.7172912960602,1.7933851933859457,22.90000000000001,0.0,0.0,0.0
139.7177222560825,1.803378141634084,22.900000000000006,0.0,0.0,0.0
139.71815322083793,1.8133710897802657,22.90000000000001,0.0,0.0,0.0
139.71858419035277,1.8233640378239155,22.90000000000001,0.0,0.0,0.0
139.71901516465334,1.833356985764476,22.90000000000001,0.0,0.0,0.0
139.7194461437659,1.8433499336013721,22.90000000000001,0.0,0.0,0.0
139.7198771277168,1.8533428813340416,22.900000000000006,0.0,0.0,0.0
139.72030811653235,1.8633358289619206,22.900000000000006,0.0,0.0,0.0
139.72073911023878,1.8733287764844369,22.900000000000006,0.0,0.0,0.0
139.72117010886248,1.8833217239010287,22.900000000000006,0.0,0.0,0.0
139.7216011124297,1.8933146712111233,22.90000000000001,0.0,0.0,0.0
139.7220321209668,1.9033076184141584,22.900000000000013,0.0,0.0,0.0
139.72246313449998,1.9133005655095698,22.900000000000006,0.0,0.0,0.0
139.72289415305565,1.9232935124967845,22.90000000000001,0.0,0.0,0.0
139.7233251766601,1.9332864593752417,22.90000000000001,0.0,0.0,0.0
139.7237562053396,1.9432794061443686,22.900000000000006,0.0,0.0,0.0
139.72418723912054,1.9532723528036011,22.90000000000001,0.0,0.0,0.0
