galstreams/tracks/track.st.C-5.ibata2021.ecsv
# %ECSV 0.9
# ---
# datatype:
# - {name: ra, unit: deg, datatype: float64}
# - {name: dec, unit: deg, datatype: float64}
# - {name: distance, unit: kpc, datatype: float64}
# - {name: pm_ra_cosdec, unit: mas / yr, datatype: float64}
# - {name: pm_dec, unit: mas / yr, datatype: float64}
# - {name: radial_velocity, unit: km / s, datatype: float64}
# delimiter: ','
# meta: !!omap
# - __serialized_columns__:
#     dec:
#       __class__: astropy.coordinates.angles.Latitude
#       unit: &id001 !astropy.units.Unit {unit: deg}
#       value: !astropy.table.SerializedColumn {name: dec}
#     distance:
#       __class__: astropy.coordinates.distances.Distance
#       unit: !astropy.units.Unit {unit: kpc}
#       value: !astropy.table.SerializedColumn {name: distance}
#     pm_dec:
#       __class__: astropy.units.quantity.Quantity
#       unit: !astropy.units.Unit {unit: mas / yr}
#       value: !astropy.table.SerializedColumn {name: pm_dec}
#     pm_ra_cosdec:
#       __class__: astropy.units.quantity.Quantity
#       unit: !astropy.units.Unit {unit: mas / yr}
#       value: !astropy.table.SerializedColumn {name: pm_ra_cosdec}
#     ra:
#       __class__: astropy.coordinates.angles.Longitude
#       unit: *id001
#       value: !astropy.table.SerializedColumn {name: ra}
#       wrap_angle: !astropy.coordinates.Angle
#         unit: *id001
#         value: 360.0
#     radial_velocity:
#       __class__: astropy.units.quantity.Quantity
#       unit: !astropy.units.Unit {unit: km / s}
#       value: !astropy.table.SerializedColumn {name: radial_velocity}
# schema: astropy-2.0
ra,dec,distance,pm_ra_cosdec,pm_dec,radial_velocity
[from data line 558]
119.30333322999955,33.92230571555479,5.298444931682905,-0.5243594620616363,-8.7422325805593,1.6841534259744676e-14
119.31313146071587,33.91634464540923,5.3041922628031575,-0.5227414570309763,-8.733103503016764,3.368306851948935e-14
119.32292270450297,33.910374346839426,5.3099588654045,-0.5211158172395658,-8.723925143720688,1.6841534259744676e-14
119.33270693959997,33.904394790872296,5.31574479943223,-0.5194825009364892,-8.714697278299965,0.0
119.3424841442432,33.898405948540166,5.321550124831646,-0.5178414663163935,-8.705419682392202,0.0
119.3522542966663,33.89240779088072,5.327374901548045,-0.5161926715197451,-8.69609213164369,-1.6841534259744676e-14
119.36201737510018,33.886400288937054,5.333219189526726,-0.5145360746331153,-8.686714401709377,1.6841534259744676e-14
119.37177335777324,33.88038341375762,5.339083048712987,-0.5128716336894543,-8.677286268252853,0.0
119.38152222291126,33.8743571363962,5.344966539052126,-0.5111993066683658,-8.667807506946309,1.6841534259744676e-14
119.39126394873752,33.86832142791195,5.350869720489441,-0.5095190514963819,-8.65827789347052,0.0
119.40099851347284,33.86227625936933,5.3567926529702286,-0.5078308260472464,-8.648697203514821,0.0
119.41072589533563,33.856221601838136,5.362735396439788,-0.5061345881421813,-8.639065212777066,0.0
119.42044607254189,33.85015742639346,5.368698010843419,-0.5044302955501776,-8.62938169696361,0.0
119.43015902330542,33.8440837041157,5.374680556126418,-0.5027179059882796,-8.619646431789294,0.0
119.43986472583761,33.838000406090515,5.380683092234085,-0.500997377121835,-8.609859192977385,0.0
119.44956315834779,33.83190750340887,5.386705679111715,-0.49926866656481894,-8.600019756259588,-1.6841534259744676e-14
119.45925429904293,33.82580496716697,5.392748376704609,-0.49753173188007116,-8.590127897375993,1.6841534259744676e-14
119.46893812612808,33.81969276846624,5.398811244958063,-0.49578653057961586,-8.580183392075039,-1.6841534259744676e-14
119.47861461780609,33.813570878413394,5.404894343817376,-0.49403302012491834,-8.570186016113517,-3.368306851948935e-14
119.48828375227788,33.80743926812033,5.410997733227846,-0.49227115792718035,-8.56013554525651,1.6841534259744676e-14
119.49794550774229,33.80129790870418,5.41712147313477,-0.4905009013476181,-8.550031755277388,1.6841534259744676e-14
119.5075998623964,33.79514677128726,5.4232656234834495,-0.4887222076977585,-8.539874421957759,1.6841534259744676e-14
119.51724679443528,33.788985826997084,5.429430244219179,-0.4869350342397014,-8.529663321087455,3.368306851948935e-14
119.52688628205227,33.78281504696635,5.435615395287259,-0.48513933818643307,-8.5193982284645,0.0
119.53651830343888,33.77663440233288,5.441821136632986,-0.48333507670208636,-8.509078919895064,0.0
119.54614283678497,33.77044386423969,5.448047528201659,-0.4815222069022486,-8.498705171193462,1.6841534259744676e-14
119.55575986027868,33.76424340383492,5.454294629938576,-0.4797006858542401,-8.4882767581821,5.0524602779234026e-14
119.56536935210656,33.75803299227183,5.460562501789035,-0.4778704705773953,-8.477793456691455,0.0
119.57497129045358,33.751812600708796,5.466851203698335,-0.4760315180433634,-8.467255042560042,1.6841534259744676e-14
119.58456565350323,33.7455822003093,5.47316079561177,-0.47418378517640075,-8.45666129163439,0.0
119.59415241943748,33.739341762241914,5.479491337474644,-0.47232722885364065,-8.446011979768993,1.6841534259744676e-14
119.6037315664369,33.73309125768029,5.485842889232251,-0.4704618059053988,-8.4353068828263,1.6841534259744676e-14
119.61330307268076,33.726830657803134,5.49221551082989,-0.46858747311547333,-8.424545776676675,0.0
119.62286691634694,33.72055993379421,5.498609262212862,-0.4667041872214124,-8.413728437198358,1.6841534259744676e-14
119.63242307561207,33.714279056842315,5.505024203326461,-0.46481190491482494,-8.402854640277452,1.6841534259744676e-14
119.6419715286516,33.707987998141284,5.511460394115988,-0.4629105828416668,-8.391924161807871,5.0524602779234026e-14
119.65151225363981,33.701686728889975,5.517917894526739,-0.4610001776025394,-8.380936777691321,1.6841534259744676e-14
119.66104522874987,33.695375220292206,5.524396764504012,-0.4590806457529777,-8.369892263837258,0.0
119.67057043215385,33.68905344355683,5.530897063993109,-0.45715194380374524,-8.358790396162869,1.6841534259744676e-14
119.68008784202291,33.68272136989765,5.537418852939323,-0.45521402822113693,-8.347630950593022,3.368306851948935e-14
119.68959743652715,33.67637897053345,5.543962191287956,-0.4532668554272589,-8.336413703060247,6.73661370389787e-14
119.69909919383586,33.67002621668795,5.550527138984303,-0.4513103818003516,-8.325138429504701,3.368306851948935e-14
119.70859309211738,33.663663079589824,5.557113755973663,-0.4493445636750552,-8.313804905874129,0.0
119.71807910953929,33.65728953047263,5.563722102201337,-0.447369357342728,-8.302412908123825,1.6841534259744676e-14
119.72755722426847,33.650905540574904,5.57035223761262,-0.4453847190517415,-8.290962212216622,0.0
119.73702741447102,33.64451108114003,5.5770042221528096,-0.44339060500777566,-8.279452594122828,0.0
119.74648965831244,33.638106123416286,5.583678115767208,-0.44138697137411653,-8.26788382982022,-1.6841534259744676e-14
119.75594393395764,33.631690638656835,5.590373978401109,-0.4393737742719596,-8.25625569529398,1.6841534259744676e-14
119.76539021957093,33.6252645981197,5.5970918699998125,-0.43735096978071025,-8.24456796653669,3.368306851948935e-14
119.77482849331624,33.618827973067766,5.603831850508614,-0.435318513938282,-8.232820419548286,3.368306851948935e-14
119.7842587333569,33.6123807347687,5.610593979872818,-0.4332763627413992,-8.221012830335996,5.0524602779234026e-14
119.793680917856,33.605922854495056,5.617378318037716,-0.43122447214589826,-8.209144974914363,0.0
119.80309502497622,33.59945430352415,5.624184924948608,-0.4291627980670343,-8.197216629305155,-3.368306851948935e-14
