galstreams/tracks/track.st.Gaia-8.ibata2021.ecsv
# %ECSV 1.0
# ---
# datatype:
# - {name: ra, unit: deg, datatype: float64}
# - {name: dec, unit: deg, datatype: float64}
# - {name: distance, unit: kpc, datatype: float64}
# - {name: pm_ra_cosdec, unit: mas / yr, datatype: float64}
# - {name: pm_dec, unit: mas / yr, datatype: float64}
# - {name: radial_velocity, unit: km / s, datatype: float64}
# delimiter: ','
# meta: !!omap
# - __serialized_columns__:
#     dec:
#       __class__: astropy.coordinates.angles.Latitude
#       unit: &id001 !astropy.units.Unit {unit: deg}
#       value: !astropy.table.SerializedColumn {name: dec}
#     distance:
#       __class__: astropy.coordinates.distances.Distance
#       unit: !astropy.units.Unit {unit: kpc}
#       value: !astropy.table.SerializedColumn {name: distance}
#     pm_dec:
#       __class__: astropy.units.quantity.Quantity
#       unit: !astropy.units.Unit {unit: mas / yr}
#       value: !astropy.table.SerializedColumn {name: pm_dec}
#     pm_ra_cosdec:
#       __class__: astropy.units.quantity.Quantity
#       unit: !astropy.units.Unit {unit: mas / yr}
#       value: !astropy.table.SerializedColumn {name: pm_ra_cosdec}
#     ra:
#       __class__: astropy.coordinates.angles.Longitude
#       unit: *id001
#       value: !astropy.table.SerializedColumn {name: ra}
#       wrap_angle: !astropy.coordinates.Angle
#         unit: *id001
#         value: 360.0
#     radial_velocity:
#       __class__: astropy.units.quantity.Quantity
#       unit: !astropy.units.Unit {unit: km / s}
#       value: !astropy.table.SerializedColumn {name: radial_velocity}
# schema: astropy-2.0
ra,dec,distance,pm_ra_cosdec,pm_dec,radial_velocity
[from data line 1844]
197.7253057670678,-14.238012350230298,7.102056360045193,-9.259884787314991,-8.304405503561872,-751.4734331723109
197.73379567455603,-14.232248056365105,7.1014169517334285,-9.257394075392957,-8.302780561639931,-754.1807611590805
197.742286910016,-14.226485454228708,7.100774820712993,-9.254896508303048,-8.301151651295381,-756.8926628817676
197.75077947600855,-14.220724546379282,7.100129963336018,-9.252392078731539,-8.299518768228058,-759.6091418375408
197.7592733750946,-14.214965335374801,7.099482375954632,-9.249880779365165,-8.297881908137064,-762.33020152357
197.76776860983523,-14.209207823773054,7.09883205492097,-9.247362602891073,-8.296241066720771,-765.0558454370221
197.77626518279152,-14.203452014131637,7.098178996587163,-9.244837541996835,-8.294596239676824,-767.7860770750676
197.78476309652464,-14.197697909007948,7.097523197305342,-9.242305589370492,-8.29294742270214,-770.5208999348743
197.7932623535959,-14.191945510959194,7.096864653427637,-9.239766737700473,-8.291294611492901,-773.2603175136118
197.80176295656662,-14.186194822542399,7.096203361306184,-9.23722097967568,-8.289637801744572,-776.004333308449
197.81026490799823,-14.180445846314388,7.095539317293109,-9.234668307985409,-8.287976989151893,-778.7529508165544
197.81876821045225,-14.174698584831795,7.094872517740547,-9.232108715319402,-8.286312169408873,-781.5061735350985
197.8272728664902,-14.168953040651076,7.09420295900063,-9.229542194367854,-8.284643338208806,-784.264004961247
197.8357788786738,-14.16320921632848,7.093530637425484,-9.226968737821352,-8.28297049124426,-787.0264485921707
197.8442862495648,-14.157467114420083,7.092855549367249,-9.224388338370932,-8.281293624207073,-789.7935079250387
197.85279498172494,-14.151726737481757,7.09217769117805,-9.221800988708058,-8.279612732788383,-792.5651864570195
197.86130507771617,-14.145988088069197,7.091497059210021,-9.219206681524614,-8.277927812678593,-795.3414876852815
197.8698165401005,-14.140251168737892,7.090813649815291,-9.216605409512912,-8.276238859567394,-798.1224151069956
197.8783293714399,-14.134515982043178,7.0901274593459975,-9.213997165365706,-8.274545869143763,-800.9079722193278
197.8868435742965,-14.128782530540159,7.089438484154266,-9.21138194177617,-8.27284883709595,-803.6981625194485
197.89535915123264,-14.123050816783781,7.088746720592231,-9.20875973143788,-8.271147759111507,-806.4929895045262
197.90387610481042,-14.117320843328798,7.088052165012023,-9.20613052704486,-8.269442630877252,-809.2924566717301
197.91239443759238,-14.11159261272977,7.0873548137657725,-9.203494321291563,-8.267733448079314,-812.0965675182288
197.92091415214082,-14.105866127541075,7.086654663205613,-9.200851106872861,-8.26602020640309,-814.9053255411924
197.92943525101833,-14.100141390316907,7.085951709683675,-9.198200876484039,-8.264302901533277,-817.7187342377877
197.93795773678752,-14.094418403611261,7.085245949552092,-9.195543622820818,-8.262581529153856,-820.5367971051849
197.946481612011,-14.088697169977962,7.084537379162993,-9.192879338579335,-8.260856084948108,-823.3595176405522
197.9550068792516,-14.082977691970653,7.0838259948685085,-9.190208016456147,-8.259126564598603,-826.1868993410587
197.9635335410721,-14.07725997214277,7.083111793020775,-9.187529649148244,-8.257392963787192,-829.0189457038733
197.9720616000355,-14.07154401304758,7.082394769971918,-9.184844229353008,-8.255655278195047,-831.855660226166
197.98059105870465,-14.065829817238168,7.081674922074074,-9.182151749768291,-8.253913503502607,-834.6970464051051
197.98912191964268,-14.060117387267422,7.080952245679372,-9.179452203092318,-8.252167635389629,-837.5431077378579
197.99765418541276,-14.054406725688064,7.080226737139942,-9.176745582023752,-8.250417669535159,-840.3938477215946
198.00618785857807,-14.048697835052621,7.079498392807919,-9.17403187926168,-8.248663601617539,-843.2492698534838
198.01472294170193,-14.04299071791344,7.078767209035431,-9.171311087505597,-8.24690542731442,-846.1093776306946
198.0232594373477,-14.037285376822679,7.078033182174614,-9.168583199455416,-8.245143142302743,-848.9741745503957
198.03179734807887,-14.03158181433232,7.077296308577594,-9.165848207811475,-8.243376742258757,-851.8436641097571
198.0403366764589,-14.02588003299417,7.076556584596508,-9.163106105274533,-8.241606222858016,-854.7178498059453
198.04887742505147,-14.020180035359836,7.075814006583485,-9.16035688454572,-8.239831579775373,-857.5967351361311
198.0574195964202,-14.014481823980757,7.075068570890657,-9.157600538326667,-8.238052808684987,-860.4803235974829
198.0659631931289,-14.008785401408202,7.0743202738701525,-9.154837059319327,-8.236269905260333,-863.3686186871691
198.07450821774142,-14.003090770193227,7.0735691118741055,-9.15206644022614,-8.23448286517418,-866.261623902359
198.08305467282165,-13.997397932886736,7.0728150812546495,-9.149288673749906,-8.232691684098604,-869.159342740222
198.09160256093355,-13.991706892039439,7.072058178363915,-9.146503752593876,-8.230896357705003,-872.061778697926
198.10015188464124,-13.986017650201871,7.07129839955403,-9.143711669461709,-8.229096881664079,-874.9689352726401
198.10870264650885,-13.98033020992439,7.070535741177129,-9.14091241705744,-8.227293251645845,-877.8808159615334
198.11725484910062,-13.974644573757171,7.069770199585346,-9.138105988085556,-8.225485463319623,-880.797424261775
198.12580849498082,-13.968960744250213,7.069001771130806,-9.135292375250941,-8.22367351235406,-883.7187636705333
198.13436358671385,-13.963278723953326,7.068230452165645,-9.132471571258893,-8.221857394417103,-886.6448376849778
198.14292012686417,-13.957598515416159,7.067456239041993,-9.129643568815101,-8.220037105176022,-889.5756498022777
198.1514781179963,-13.951920121188174,7.0666791281119865,-9.126808360625686,-8.218212640297406,-892.5112035195999
198.16003756267483,-13.946243543818657,7.065899115727749,-9.123965939397177,-8.21638399544716,-895.4515023341146
198.1685984634645,-13.940568785856714,7.065116198241415,-9.12111629783648,-8.214551166290512,-898.3965497429909
198.17716082293,-13.934895849851284,7.064330372005119,-9.118259428650955,-8.212714148492,-901.3463492433973
198.18572464363623,-13.92922473835111,7.063541633370988,-9.11539532454834,-8.21087293771549,-904.3009043325033
198.19428992814807,-13.923555453904784,7.062749978691156,-9.11252397823678,-8.209027529624166,-907.2602185074769
198.20285667903053,-13.917887999060703,7.061955404317757,-9.10964538242483,-8.207177919880543,-910.2242952654876
198.21142489884863,-13.912222376367096,7.061157906602916,-9.106759529821455,-8.205324104146456,-913.1931381037034
198.21999459016757,-13.906558588372018,7.060357481898772,-9.103866413136014,-8.203466078083059,-916.1667505192943
198.22856575555255,-13.900896637623346,7.059554126557453,-9.100966025078275,-8.201603837350836,-919.1451360094288
198.23713839756888,-13.895236526668791,7.058747836931085,-9.098058358358411,-8.199737377609619,-922.1282980712749
198.24571251878191,-13.889578258055872,7.057938609371811,-9.095143405687013,-8.197866694518531,-925.1162402020036
198.25428812175707,-13.88392183433195,7.057126440231753,-9.092221159775049,-8.195991783736051,-928.1089658987814
198.26286520905992,-13.87826725804421,7.0563113258630485,-9.089291613333874,-8.19411264091998,-931.1064786587785
198.27144378325605,-13.87261453173966,7.055493262617822,-9.086354759075311,-8.19222926172746,-934.1087819791629
198.28002384691115,-13.86696365796514,7.054672246848212,-9.083410589711509,-8.190341641814957,-937.1158793571047
198.28860540259095,-13.861314639267302,7.053848274906349,-9.080459097955066,-8.188449776838265,-940.1277742897714
198.29718845286126,-13.85566747819266,7.0530213431443585,-9.07750027651895,-8.18655366245253,-943.1444702743331
198.305773000288,-13.850022177287519,7.052191447914381,-9.074534118116539,-8.184653294312223,-946.1659708079594
198.3143590474372,-13.844378739098035,7.051358585568541,-9.071560615461621,-8.182748668071152,-949.1922793878167
198.32294659687486,-13.838737166170189,7.050522752458973,-9.06857976126836,-8.180839779382474,-952.2233995110751
198.3315356511671,-13.833097461049775,7.049683944937808,-9.065591548251344,-8.178926623898672,-955.2593346749037
198.3401262128801,-13.827459626282446,7.048842159357179,-9.062595969125532,-8.17700919727157,-958.3000883764713
198.34871828458026,-13.821823664413659,7.047997392069214,-9.059593016606275,-8.175087495152354,-961.3456641129467
198.35731186883385,-13.816189577988718,7.0471496394260456,-9.056582683409342,-8.173161513191527,-964.3960653814996
198.36590696820727,-13.810557369552749,7.046298897779809,-9.053564962250887,-8.171231247038946,-967.4512956792972
198.3745035852671,-13.80492704165071,7.045445163482633,-9.050539845847467,-8.16929669234382,-970.5113585035091
198.38310172257988,-13.799298596827391,7.0445884328866475,-9.047507326916003,-8.167357844754694,-973.5762573513044
198.39170138271228,-13.793672037627422,7.043728702343987,-9.044467398173847,-8.165414699919467,-976.6459957198516
198.40030256823104,-13.78804736659524,7.0428659682067805,-9.041420052338713,-8.163467253485388,-979.7205771063203
198.40890528170297,-13.78242458627515,7.042000226827161,-9.03836528212873,-8.16151550109904,-982.8000050078799
198.41750952569495,-13.776803699211252,7.041131474557259,-9.035303080262384,-8.159559438406372,-985.884282921697
198.4261153027739,-13.771184707947517,7.040259707749207,-9.032233439458604,-8.157599061052693,-988.9734143449421
198.4347226155069,-13.765567615027718,7.039384922755137,-9.029156352436674,-8.155634364682635,-992.0674027747841
198.443331466461,-13.759952422995477,7.038507115927178,-9.026071811916271,-8.153665344940206,-995.1662517083909
198.45194185820347,-13.754339134394252,7.037626283617463,-9.022979810617436,-8.151691997468772,-998.2699646429321
198.46055379330147,-13.748727751767317,7.0367424221781265,-9.01988034126066,-8.149714317911034,-1001.3785450755769
198.46916727432242,-13.743118277657807,7.0358555279612975,-9.016773396566757,-8.147732301909071,-1004.4919965034948
198.47778230383366,-13.73751071460867,7.034965597319106,-9.01365896925698,-8.145745945104313,-1007.6103224238524
198.4863988844027,-13.731905065162703,7.034072626603683,-9.01053705205293,-8.14375524313755,-1010.7335263338201
198.49501701859708,-13.726301331862532,7.033176612167165,-9.007407637676627,-8.141760191648926,-1013.8616117305666
198.5036367089844,-13.72069951725062,7.032277550361677,-9.004270718850442,-8.139760786277959,-1016.9945821112603
198.51225795813244,-13.71509962386927,7.0313754375393565,-9.001126288297149,-8.137757022663518,-1020.1324409730712
198.52088076860895,-13.709501654260615,7.030470270052329,-8.997974338739894,-8.135748896443845,-1023.275191813168
198.5295051429817,-13.703905610966634,7.0295620442527325,-8.994814862902249,-8.133736403256538,-1026.4228381287187
198.5381310838187,-13.698311496529127,7.028650756492695,-8.9916478535081,-8.131719538738567,-1029.5753834168913
198.54675859368797,-13.692719313489757,7.027736403124349,-8.988473303281749,-8.129698298526277,-1032.7328311748568
198.55538767515753,-13.687129064390005,7.026818980499823,-8.985291204947908,-8.127672678255367,-1035.895184899783
198.56401833079553,-13.681540751771196,7.025898484971253,-8.98210155123163,-8.12564267356091,-1039.0624480888393
198.57265056317019,-13.675954378174493,7.024974912890768,-8.978904334858358,-8.123608280077352,-1042.2346242391936
198.58128437484984,-13.670369946140902,7.024048260610499,-8.975699548553893,-8.121569493438514,-1045.4117168480175
198.58991976840284,-13.664787458211256,7.023118524482579,-8.97248718504448,-8.119526309277571,-1048.5937294124756
198.59855674639758,-13.659206916926255,7.02218570085914,-8.969267237056696,-8.11747872322711,-1051.7806654297399
198.6071953114026,-13.65362832482641,7.021249786092312,-8.966039697317479,-8.115426730919053,-1054.972528396978
198.61583546598652,-13.648051684452081,7.0203107765342265,-8.962804558554172,-8.113370327984722,-1058.1693218113592
198.624477212718,-13.642476998343485,7.019368668537014,-8.9595618134945,-8.111309510054816,-1061.3710491700524
198.63312055416577,-13.63690426904065,7.018423458452809,-8.956311454866535,-8.109244272759392,-1064.5777139702277
198.6417654928986,-13.63133349908347,7.017475142633743,-8.95305347539877,-8.10717461172791,-1067.7893197090511
198.6504120314854,-13.625764691011682,7.016523717431947,-8.949787867820023,-8.1051005225892,-1071.005869883693
198.65906017249512,-13.620197847364844,7.015569179199548,-8.946514624859502,-8.103022000971482,-1074.2273679913224
198.66770991849683,-13.614632970682367,7.014611524288683,-8.943233739246809,-8.100939042502347,-1077.4538175291086
198.67636127205958,-13.60907006350352,7.013650749051483,-8.939945203711892,-8.098851642808777,-1080.6852219942202
198.68501423575256,-13.603509128367394,7.012686849840074,-8.936649010985091,-8.096759797517144,-1083.9215848838267
198.69366881214503,-13.59795016781293,7.011719823006595,-8.933345153797115,-8.094663502253196,-1087.1629096950949
198.7023250038063,-13.592393184378908,7.010749664903172,-8.930033624879021,-8.092562752642078,-1090.409199925195
198.71098281330575,-13.586838180603975,7.009776371881943,-8.926714416962277,-8.090457544308315,-1093.660459071296
198.71964224321286,-13.58128515902659,7.00879994029503,-8.92338752277867,-8.088347872875834,-1096.916690630566
198.72830329609718,-13.57573412218509,7.007820366494574,-8.920052935060385,-8.086233733967948,-1100.1778981001753
198.73696597452832,-13.570185072617624,7.006837646832699,-8.916710646540002,-8.084115123207354,-1103.4440849772916
198.74563028107593,-13.564638012862204,7.005851777661542,-8.91336064995042,-8.081992036216151,-1106.7152547590856
198.75429621830978,-13.559092945456698,7.004862755333232,-8.910002938024924,-8.07986446861583,-1109.9914109427232
198.7629637887997,-13.553549872938799,7.0038705761998985,-8.90663750349718,-8.07773241602729,-1113.2725570253745
198.77163299511562,-13.54800879784606,7.0028752366136775,-8.903264339101186,-8.075595874070801,-1116.5586965042098
198.78030383982747,-13.542469722715884,7.001876732926698,-8.899883437571349,-8.073454838366057,-1119.849832876396
198.78897632550533,-13.536932650085504,7.000875061491091,-8.896494791642388,-8.07130930453213,-1123.145969639103
198.7976504547193,-13.53139758249202,6.99987021865899,-8.893098394049447,-8.069159268187514,-1126.4471102895004
198.80632623003956,-13.525864522472364,6.998862200782525,-8.889694237527971,-8.067004724950085,-1129.753258324756
198.8150036540364,-13.52033347256333,6.997851004213827,-8.88628231481383,-8.064845670437132,-1133.0644172420377
198.82368272928008,-13.51480443530155,6.996836625305031,-8.882862618643204,-8.062682100265341,-1136.3805905385163
198.8323634583411,-13.509277413223518,6.995819060408263,-8.87943514175265,-8.060514010050825,-1139.70178171136
198.84104584378983,-13.503752408865562,6.994798305875658,-8.875999876879117,-8.05834139540907,-1143.0279942577372
198.84972988819695,-13.498229424763867,6.9937743580593486,-8.872556816759856,-8.056164251954987,-1146.3592316748186
198.85841559413294,-13.492708463454475,6.992747213311463,-8.86910595413253,-8.053982575302904,-1149.6954974597704
198.8671029641686,-13.487189527473266,6.991716867984134,-8.865647281735129,-8.051796361066547,-1153.0367951097628
198.8757920008746,-13.481672619355974,6.990683318429496,-8.862180792306015,-8.04960560485904,-1156.3831281219648
198.88448270682187,-13.476157741638199,6.989646560999676,-8.858706478583896,-8.047410302292954,-1159.734499993545
198.89317508458126,-13.470644896855367,6.988606592046807,-8.855224333307856,-8.045210448980246,-1163.0909142216728
198.90186913672372,-13.46513408754277,6.987563407923024,-8.851734349217324,-8.043006040532289,-1166.4523743035156
198.91056486582033,-13.45962531623556,6.986517004980453,-8.848236519052097,-8.040797072559887,-1169.8188837362454
198.9192622744422,-13.454118585468725,6.985467379571229,-8.844730835552289,-8.038583540673246,-1173.190446017028
198.9279613651605,-13.448613897777113,6.984414528047482,-8.841217291458404,-8.036365440481996,-1176.567064643033
