galstreams/tracks/track.st.Hrid.ibata2024.ecsv
# %ECSV 1.0
# ---
# datatype:
# - {name: ra, unit: deg, datatype: float64}
# - {name: dec, unit: deg, datatype: float64}
# - {name: distance, unit: kpc, datatype: float64}
# - {name: pm_ra_cosdec, unit: mas / yr, datatype: float64}
# - {name: pm_dec, unit: mas / yr, datatype: float64}
# - {name: radial_velocity, unit: km / s, datatype: float64}
# delimiter: ','
# meta: !!omap
# - __serialized_columns__:
#     dec:
#       __class__: astropy.coordinates.angles.Latitude
#       unit: &id001 !astropy.units.Unit {unit: deg}
#       value: !astropy.table.SerializedColumn {name: dec}
#     distance:
#       __class__: astropy.coordinates.distances.Distance
#       unit: !astropy.units.Unit {unit: kpc}
#       value: !astropy.table.SerializedColumn {name: distance}
#     pm_dec:
#       __class__: astropy.units.quantity.Quantity
#       unit: !astropy.units.Unit {unit: mas / yr}
#       value: !astropy.table.SerializedColumn {name: pm_dec}
#     pm_ra_cosdec:
#       __class__: astropy.units.quantity.Quantity
#       unit: !astropy.units.Unit {unit: mas / yr}
#       value: !astropy.table.SerializedColumn {name: pm_ra_cosdec}
#     ra:
#       __class__: astropy.coordinates.angles.Longitude
#       unit: *id001
#       value: !astropy.table.SerializedColumn {name: ra}
#       wrap_angle: !astropy.coordinates.Angle
#         unit: *id001
#         value: 360.0
#     radial_velocity:
#       __class__: astropy.units.quantity.Quantity
#       unit: !astropy.units.Unit {unit: km / s}
#       value: !astropy.table.SerializedColumn {name: radial_velocity}
# schema: astropy-2.0
ra,dec,distance,pm_ra_cosdec,pm_dec,radial_velocity
[from data line 3840]
279.4344377381446,37.58292608984668,0.9999999999999996,-6.40161356538094,20.979931431878985,-250.20237987389964
279.4336497057187,37.57123545269487,0.9999999999999997,-6.401931806802928,20.976954327860234,-250.2705754314045
279.4328616403915,37.55954481712674,0.9999999999999997,-6.402249750646034,20.973975655094087,-250.33876563773586
279.4320735420949,37.54785418314193,0.9999999999999997,-6.402567396890641,20.970995414100052,-250.40695048783218
279.4312854107608,37.53616355074,0.9999999999999994,-6.40288474551723,20.96801360539759,-250.4751299766322
279.4304972463213,37.524472919920605,0.9999999999999997,-6.403201796506233,20.96503022950627,-250.5433040990744
279.4297090487082,37.51278229068329,0.9999999999999998,-6.403518549838221,20.962045286945514,-250.61147285009739
279.42892081785357,37.501091663027715,0.9999999999999996,-6.403835005493784,20.959058778234905,-250.67963622463978
279.42813255368947,37.48940103695347,0.9999999999999997,-6.404151163453401,20.9560707038939,-250.74779421764035
279.42734425614776,37.477710412460155,0.9999999999999997,-6.404467023697796,20.95308106444201,-250.8159468240375
279.4265559251606,37.46601978954742,0.9999999999999997,-6.404782586207649,20.95008986039874,-250.88409403876986
279.42576756066,37.45432916821485,0.9999999999999997,-6.405097850963543,20.947097092283613,-250.95223585677616
279.4249791625779,37.44263854846206,0.9999999999999996,-6.405412817946351,20.944102760616097,-251.02037227299485
279.4241907308466,37.430947930288696,0.9999999999999998,-6.405727487136753,20.941106865915746,-251.08850328236463
279.423402265398,37.41925731369437,0.9999999999999996,-6.406041858515579,20.938109408702065,-251.1566288798241
279.4226137661642,37.40756669867871,0.9999999999999997,-6.406355932063702,20.935110389494525,-251.22474906031175
279.4218252330774,37.395876085241326,0.9999999999999996,-6.406669707761997,20.932109808812662,-251.29286381876642
279.42103666606965,37.384185473381876,0.9999999999999997,-6.4069831855913435,20.92910766717602,-251.36097315012654
279.42024806507317,37.37249486309996,0.9999999999999998,-6.4072963655327175,20.92610396510404,-251.42907704933077
279.41945943001997,37.360804254395234,0.9999999999999997,-6.407609247567143,20.92309870311631,-251.49717551131758
279.4186707608424,37.349113647267316,0.9999999999999997,-6.407921831675543,20.92009188173229,-251.56526853102585
279.4178820574725,37.33742304171586,0.9999999999999996,-6.408234117839088,20.917083501471513,-251.6333561033939
279.41709331984254,37.32573243774049,0.9999999999999996,-6.408546106038804,20.91407356285353,-251.70143822336053
279.41630454788464,37.31404183534086,0.9999999999999997,-6.408857796255871,20.91106206639781,-251.76951488586428
279.4155157415311,37.302351234516614,0.9999999999999997,-6.409169188471402,20.908049012623913,-251.83758608584364
279.41472690071413,37.29066063526738,0.9999999999999997,-6.409480282666667,20.905034402051314,-251.90565181823743
279.413938025366,37.27897003759282,0.9999999999999996,-6.409791078822844,20.902018235199563,-251.97371207798415
279.41314911541895,37.267279441492576,0.9999999999999997,-6.410101576921196,20.89900051258817,-252.04176686002242
279.4123601708052,37.25558884696631,0.9999999999999997,-6.410411776943143,20.895981234736674,-252.1098161592907
279.41157119145714,37.243898254013665,0.9999999999999998,-6.410721678869905,20.892960402164576,-252.17785997072787
279.410782177307,37.23220766263429,0.9999999999999996,-6.41103128268295,20.889938015391408,-252.24589828927233
279.4099931282871,37.22051707282787,0.9999999999999998,-6.411340588363643,20.886914074936705,-252.31393110986272
279.4092040443298,37.208826484594034,0.9999999999999997,-6.411649595893502,20.88388858131998,-252.38195842743775
279.40841492536737,37.19713589793247,0.9999999999999997,-6.411958305253988,20.880861535060767,-252.44998023693583
279.4076257713323,37.185445312842816,0.9999999999999997,-6.41226671642662,20.877832936678594,-252.5179965332958
279.4068365821568,37.17375472932477,0.9999999999999997,-6.412574829392955,20.87480278669298,-252.58600731145603
279.40604735777333,37.162064147377976,0.9999999999999997,-6.412882644134662,20.87177108562348,-252.65401256635525
279.40525809811425,37.150373567002106,0.9999999999999997,-6.413190160633299,20.86873783398958,-252.7220122929321
279.4044688031121,37.138682988196834,0.9999999999999997,-6.413497378870526,20.865703032310854,-252.7900064861251
279.40367947269914,37.12699241096184,0.9999999999999997,-6.413804298828104,20.862666681106788,-252.85799514087302
279.40289010680783,37.11530183529681,0.9999999999999998,-6.414110920487788,20.85962878089697,-252.92597825211416
279.40210070537063,37.103611261201394,0.9999999999999996,-6.414417243831339,20.85658933220089,-252.9939558147873
279.40131126832006,37.0919206886753,0.9999999999999997,-6.414723268840566,20.8535483355381,-253.06192782383118
279.4005217955885,37.08023011771818,0.9999999999999997,-6.415028995497318,20.85050579142813,-253.12989427418424
279.3997322871085,37.06853954832975,0.9999999999999997,-6.4153344237835,20.847461700390532,-253.19785516078502
279.39894274281255,37.0568489805097,0.9999999999999998,-6.415639553681022,20.844416062944816,-253.2658104785723
279.39815316263315,37.04515841425768,0.9999999999999997,-6.4159443851718745,20.841368879610542,-253.3337602224846
279.39736354650273,37.03346784957343,0.9999999999999997,-6.416248918238068,20.838320150907222,-253.40170438746043
279.396573894354,37.02177728645659,0.9999999999999996,-6.4165531528615976,20.83526987735441,-253.46964296843862
279.3957842061194,37.010086724906905,0.9999999999999997,-6.4168570890245125,20.83221805947168,-253.53757596035757
279.39499448173154,36.99839616492404,0.9999999999999998,-6.417160726709016,20.82916469777851,-253.60550335815606
279.39420472112295,36.986705606507705,0.9999999999999997,-6.417464065897143,20.82610979279447,-253.6734251567725
279.39341492422625,36.975015049657614,0.9999999999999996,-6.417767106571148,20.823053345039135,-253.74134135114565
279.392625090974,36.963324494373445,0.9999999999999998,-6.418069848713218,20.819995355031985,-253.80925193621405
279.3918352212988,36.95163394065493,0.9999999999999996,-6.418372292305644,20.816935823292617,-253.87715690691627
279.39104531513334,36.93994338850175,0.9999999999999997,-6.418674437330674,20.81387475034054,-253.945056258191
279.3902553724102,36.92825283791364,0.9999999999999994,-6.4189762837706485,20.8108121366953,-254.0129499849768
279.38946539306215,36.916562288890304,0.9999999999999996,-6.419277831607893,20.80774798287648,-254.08083808221227
279.3886753770217,36.90487174143146,0.9999999999999996,-6.4195790808248585,20.8046822894036,-254.148720544836
279.38788532422154,36.893181195536805,0.9999999999999996,-6.41988003140397,20.80161505679621,-254.2165973677866
279.3870952345944,36.88149065120607,0.9999999999999997,-6.42018068332772,20.798546285573856,-254.2844685460027
279.38630510807303,36.86980010843898,0.9999999999999998,-6.4204810365785825,20.795475976256093,-254.35233407442297
279.38551494459006,36.85810956723525,0.9999999999999996,-6.420781091139048,20.792404129362478,-254.42019394798587
279.38472474407826,36.84641902759463,0.9999999999999996,-6.421080846991785,20.78933074541254,-254.4880481616301
279.3839345064703,36.8347284895168,0.9999999999999998,-6.421380304119435,20.78625582492584,-254.55589671029415
279.383144231699,36.82303795300153,0.9999999999999997,-6.42167946250456,20.783179368421962,-254.62373958891686
279.3823539196971,36.81134741804853,0.9999999999999997,-6.421978322129894,20.780101376420404,-254.69157679243665
279.38156357039736,36.79965688465754,0.9999999999999997,-6.422276882978203,20.777021849440743,-254.75940831579217
279.3807731837326,36.7879663528283,0.9999999999999997,-6.4225751450321695,20.773940788002548,-254.82723415392206
279.37998275963554,36.77627582256054,0.9999999999999996,-6.422873108274615,20.770858192625358,-254.89505430176473
279.379192298039,36.764585293854005,0.9999999999999997,-6.42317077268844,20.76777406382874,-254.962868754259
279.37840179887587,36.75289476670843,0.9999999999999998,-6.42346813825648,20.76468840213223,-255.03067750634352
279.377611262079,36.741204241123576,0.9999999999999997,-6.42376520496159,20.761601208055417,-255.09848055295672
279.3768206875811,36.72951371709916,0.9999999999999997,-6.424061972786836,20.758512482117826,-255.1662778890373
279.37603007531516,36.71782319463495,0.9999999999999997,-6.424358441715084,20.75542222483904,-255.23406950952375
279.3752394252139,36.7061326737307,0.9999999999999997,-6.424654611729435,20.752330436738603,-255.3018554093548
279.3744487372104,36.69444215438615,0.9999999999999996,-6.424950482812859,20.749237118336076,-255.36963558346903
279.37365801123735,36.68275163660108,0.9999999999999997,-6.42524605494855,20.746142270151058,-255.43741002680505
279.37286724722776,36.67106112037521,0.9999999999999996,-6.425541328119619,20.743045892703037,-255.5051787343014
279.3720764451146,36.65937060570831,0.9999999999999996,-6.425836302309126,20.739947986511623,-255.57294170089673
279.37128560483063,36.64768009260016,0.9999999999999996,-6.4261309775004065,20.736848552096376,-255.64069892152972
279.37049472630895,36.63598958105051,0.9999999999999997,-6.426425353676619,20.73374758997687,-255.7084503911389
279.3697038094825,36.62429907105912,0.9999999999999998,-6.426719430821068,20.730645100672625,-255.77619610466292
279.3689128542841,36.61260856262577,0.9999999999999996,-6.427013208917083,20.72754108470325,-255.84393605704017
279.36812186064674,36.60091805575023,0.9999999999999996,-6.427306687948018,20.724435542588296,-255.91167024320941
279.3673308285036,36.58922755043225,0.9999999999999996,-6.427599867897163,20.721328474847315,-255.97939865810946
279.36653975778745,36.57753704667164,0.9999999999999997,-6.427892748748109,20.7182198819999,-256.0471212966786
279.36574864843146,36.565846544468144,0.9999999999999996,-6.428185330484185,20.715109764565597,-256.1148381538556
279.3649575003686,36.55415604382154,0.9999999999999997,-6.428477613088884,20.71199812306399,-256.182549224579
279.3641663135318,36.542465544731634,0.9999999999999996,-6.428769596545843,20.70888495801462,-256.25025450378746
279.3633750878542,36.5307750471982,0.9999999999999997,-6.429061280838582,20.705770269937105,-256.31795398641964
279.3625838232689,36.51908455122101,0.9999999999999998,-6.429352665950635,20.70265405935096,-256.3856476674139
279.3617925197089,36.507394056799875,0.9999999999999996,-6.429643751865742,20.699536326775803,-256.45333554170907
279.3610011771072,36.49570356393456,0.9999999999999997,-6.4299345385675615,20.696417072731172,-256.5210176042437
279.360209795397,36.48401307262486,0.9999999999999997,-6.430225026039821,20.69329629773665,-256.5886938499563
279.35941837451134,36.47232258287059,0.9999999999999997,-6.430515214266244,20.690174002311828,-256.6563642737856
279.3586269143834,36.4606320946715,0.9999999999999997,-6.4308051032306,20.687050186976226,-256.7240288706703
279.3578354149462,36.44894160802744,0.9999999999999997,-6.431094692916805,20.683924852249476,-256.7916876355487
279.35704387613293,36.437251122938186,0.9999999999999996,-6.431383983308622,20.680797998651133,-256.8593405633596
279.3562522978767,36.42556063940355,0.9999999999999997,-6.431672974390063,20.67766962670077,-256.92698764904156
279.35546068011075,36.413870157423304,0.9999999999999998,-6.431961666144938,20.67453973691793,-256.9946288875332
279.3546690227681,36.4021796769973,0.9999999999999997,-6.432250058557354,20.671408329822253,-257.06226427377334
279.3538773257821,36.39048919812532,0.9999999999999994,-6.432538151611222,20.668275405933294,-257.12989380270017
279.35308558908577,36.37879872080719,0.9999999999999997,-6.4328259452906345,20.665140965770583,-257.1975174692525
279.3522938126124,36.3671082450427,0.9999999999999998,-6.433113439579701,20.662005009853743,-257.26513526836897
279.35150199629516,36.35541777083168,0.9999999999999996,-6.433400634462517,20.658867538702346,-257.3327471949881
279.35071014006724,36.34372729817396,0.9999999999999997,-6.433687529923278,20.65572855283598,-257.4003532440486
279.34991824386196,36.332036827069345,0.9999999999999996,-6.433974125946079,20.652588052774203,-257.4679534104889
279.34912630761255,36.32034635751765,0.9999999999999996,-6.434260422515257,20.649446039036622,-257.5355476892479
279.34833433125215,36.30865588951871,0.9999999999999994,-6.43454641961511,20.646302512142775,-257.60313607526376
279.34754231471413,36.29696542307234,0.9999999999999997,-6.43483211722981,20.643157472612288,-257.6707185634757
279.3467502579317,36.2852749581784,0.9999999999999998,-6.435117515343851,20.640010920964706,-257.73829514882186
279.34595816083817,36.27358449483669,0.9999999999999996,-6.435402613941514,20.636862857719663,-257.8058658262408
279.3451660233669,36.26189403304705,0.9999999999999996,-6.435687413007226,20.633713283396684,-257.87343059067143
279.34437384545106,36.25020357280931,0.9999999999999996,-6.435971912525515,20.630562198515385,-257.9409894370521
279.34358162702404,36.23851311412332,0.9999999999999997,-6.436256112480848,20.627409603595325,-258.0085423603216
279.34278936801917,36.22682265698893,0.9999999999999997,-6.4365400128577015,20.624255499156135,-258.0760893554185
279.3419970683698,36.21513220140594,0.9999999999999996,-6.436823613640694,20.62109988571735,-258.14363041728126
279.3412047280092,36.203441747374235,0.9999999999999996,-6.437106914814441,20.6179427637986,-258.2111655408487
279.3404123468708,36.19175129489365,0.9999999999999997,-6.4373899163635535,20.614784133919436,-258.2786947210592
279.33961992488787,36.18006084396401,0.9999999999999996,-6.437672618272748,20.611623996599445,-258.3462179528515
279.33882746199396,36.1683703945852,0.9999999999999996,-6.4379550205266725,20.608462352358245,-258.41373523116414
279.3380349581223,36.15667994675705,0.9999999999999996,-6.438237123110145,20.60529920171539,-258.48124655093596
279.33724241320635,36.14498950047943,0.9999999999999996,-6.438518926007957,20.602134545190495,-258.54875190710516
279.33644982717954,36.1332990557522,0.9999999999999996,-6.438800429204868,20.59896838330314,-258.6162512946106
279.3356571999752,36.12160861257518,0.9999999999999997,-6.439081632685859,20.59580071657291,-258.68374470839103
279.3348645315268,36.10991817094828,0.9999999999999998,-6.439362536435741,20.592631545519378,-258.75123214338475
279.3340718217679,36.09822773087135,0.9999999999999996,-6.4396431404394505,20.5894608706622,-258.8187135945304
279.33327907063176,36.08653729234424,0.9999999999999996,-6.439923444682069,20.586288692520874,-258.88618905676657
279.332486278052,36.074846855366836,0.9999999999999998,-6.440203449148443,20.583115011615064,-258.9536585250322
279.33169344396197,36.063156419939006,0.9999999999999997,-6.4404831538238,20.579939828464333,-259.0211219942655
279.3309005682952,36.051465986060606,0.9999999999999996,-6.440762558693118,20.57676314358826,-259.08857945940537
279.33010765098516,36.03977555373153,0.9999999999999996,-6.441041663741528,20.573584957506462,-259.15603091539003
279.32931469196535,36.02808512295166,0.9999999999999997,-6.441320468954254,20.570405270738526,-259.2234763571586
279.32852169116927,36.01639469372085,0.9999999999999996,-6.441598974316461,20.56722408380405,-259.2909157796493
279.3277286485305,36.00470426603901,0.9999999999999996,-6.4418771798133765,20.564041397222603,-259.35834917780096
279.32693556398254,35.993013839906006,0.9999999999999997,-6.442155085430315,20.56085721151381,-259.42577654655184
279.3261424374589,35.98132341532173,0.9999999999999996,-6.442432691152531,20.55767152719725,-259.4931978808409
279.3253492688931,35.96963299228606,0.9999999999999997,-6.442709996965442,20.554484344792527,-259.5606131756067
279.3245560582187,35.95794257079891,0.9999999999999997,-6.442987002854398,20.551295664819243,-259.6280224257876
279.3237628053694,35.94625215086016,0.9999999999999997,-6.443263708804805,20.548105487796974,-259.69542562632256
