galstreams/tracks/track.st.New-2.ibata2024.ecsv
# %ECSV 1.0
# ---
# datatype:
# - {name: ra, unit: deg, datatype: float64}
# - {name: dec, unit: deg, datatype: float64}
# - {name: distance, unit: kpc, datatype: float64}
# - {name: pm_ra_cosdec, unit: mas / yr, datatype: float64}
# - {name: pm_dec, unit: mas / yr, datatype: float64}
# - {name: radial_velocity, unit: km / s, datatype: float64}
# delimiter: ','
# meta: !!omap
# - __serialized_columns__:
#     dec:
#       __class__: astropy.coordinates.angles.Latitude
#       unit: &id001 !astropy.units.Unit {unit: deg}
#       value: !astropy.table.SerializedColumn {name: dec}
#     distance:
#       __class__: astropy.coordinates.distances.Distance
#       unit: !astropy.units.Unit {unit: kpc}
#       value: !astropy.table.SerializedColumn {name: distance}
#     pm_dec:
#       __class__: astropy.units.quantity.Quantity
#       unit: !astropy.units.Unit {unit: mas / yr}
#       value: !astropy.table.SerializedColumn {name: pm_dec}
#     pm_ra_cosdec:
#       __class__: astropy.units.quantity.Quantity
#       unit: !astropy.units.Unit {unit: mas / yr}
#       value: !astropy.table.SerializedColumn {name: pm_ra_cosdec}
#     ra:
#       __class__: astropy.coordinates.angles.Longitude
#       unit: *id001
#       value: !astropy.table.SerializedColumn {name: ra}
#       wrap_angle: !astropy.coordinates.Angle
#         unit: *id001
#         value: 360.0
#     radial_velocity:
#       __class__: astropy.units.quantity.Quantity
#       unit: !astropy.units.Unit {unit: km / s}
#       value: !astropy.table.SerializedColumn {name: radial_velocity}
# schema: astropy-2.0
ra,dec,distance,pm_ra_cosdec,pm_dec,radial_velocity
[from data line 3720]
39.32106646000836,3.862642962198113,1.0000000000000004,-11.377952203133688,-41.25338893642127,185.67210008191816
39.33072602501394,3.8613401423291496,1.0000000000000004,-11.385305869926704,-41.257467870950286,185.67149184561802
39.34038565356063,3.860038059658203,1.0000000000000004,-11.392660544745322,-41.26154559132411,185.67088030686725
39.350045345862185,3.8587367158289343,1.0000000000000004,-11.400016226894685,-41.26562209847442,185.67026547591306
39.3597051021324,3.857436112485002,1.0000000000000004,-11.407372915679975,-41.26969739333302,185.6696473630027
39.36936492258516,3.8561362512700548,1.0000000000000007,-11.414730610406442,-41.2737714768317,185.66902597838342
39.37902480743437,3.8548371338277483,1.0000000000000002,-11.42208931037938,-41.27784434990239,185.66840133230232
39.38868475689404,3.8535387618017194,1.0000000000000004,-11.429449014904147,-41.28191601347696,185.6677734350069
39.398344771178216,3.8522411368356115,1.0000000000000004,-11.436809723286167,-41.28598646848743,185.66714229674426
39.408004850501015,3.850944260573061,1.0000000000000004,-11.444171434830908,-41.29005571586583,185.66650792776161
39.41766499507662,3.8496481346576963,1.0000000000000004,-11.451534148843896,-41.29412375654426,185.66587033830626
39.427325205119246,3.8483527607331456,1.0000000000000004,-11.458897864630682,-41.29819059145486,185.66522953862534
39.43698548084322,3.84705814044303,1.0000000000000007,-11.466262581496952,-41.30225622152986,185.66458553896618
39.44664582246287,3.8457642754309673,1.0000000000000004,-11.473628298748356,-41.306320647701504,185.66393834957603
39.45630623019264,3.844471167340573,1.0000000000000004,-11.480995015690668,-41.310383870902086,185.66328798070205
39.465966704247,3.843178817815456,1.0000000000000004,-11.48836273162968,-41.31444589206403,185.66263444259152
39.47562724484049,3.8418872284992185,1.0000000000000004,-11.495731445871238,-41.318506712119714,185.6619777454917
39.4852878521877,3.8405964010354627,1.0000000000000004,-11.503101157721266,-41.322566332001635,185.66131789964984
39.49494852650333,3.8393063370677853,1.0000000000000004,-11.510471866485732,-41.326624752642324,185.66065491531302
39.50460926800206,3.838017038239776,1.0000000000000004,-11.517843571470664,-41.330681974974375,185.65998880272872
39.51427007689871,3.836728506195025,1.0000000000000004,-11.525216271982146,-41.33473799993043,185.659319572144
39.523930953408104,3.8354407425771133,1.0000000000000007,-11.532589967326297,-41.338792828443175,185.65864723380622
39.53359189774514,3.8341537490296216,1.0000000000000004,-11.539964656809312,-41.342846461445404,185.65797179796255
39.5432529101248,3.832867527196122,1.0000000000000007,-11.547340339737437,-41.346898899869856,185.6572932748602
39.55291399076211,3.831582078720187,1.0000000000000004,-11.554717015416985,-41.350950144649474,185.65661167474642
39.562575139872145,3.8302974052453798,1.0000000000000007,-11.562094683154296,-41.35500019671711,185.65592700786848
39.57223635767004,3.8290135084152657,1.0000000000000007,-11.569473342255788,-41.359049057005755,185.65523928447362
39.58189764437104,3.8277303898733965,1.0000000000000004,-11.57685299202793,-41.363096726448454,185.65454851480908
39.59155900019038,3.8264480512633314,1.0000000000000007,-11.584233631777234,-41.36714320597827,185.65385470912207
39.60122042534341,3.825166494228613,1.0000000000000004,-11.5916152608103,-41.371188496528355,185.65315787765985
39.61088192004551,3.8238857204127905,1.0000000000000004,-11.598997878433746,-41.37523259903187,185.65245803066964
39.6205434845121,3.822605731459401,1.0000000000000004,-11.606381483954257,-41.379275514422076,185.6517551783987
39.63020511895873,3.82132652901198,1.0000000000000004,-11.613766076678585,-41.38331724363228,185.65104933109427
39.63986682360092,3.8200481147140626,1.0000000000000004,-11.621151655913518,-41.3873577875958,185.65034049900353
39.64952859865434,3.8187704902091713,1.0000000000000004,-11.628538220965915,-41.39139714724609,185.6496286923738
39.65919044433466,3.8174936571408304,1.0000000000000004,-11.635925771142686,-41.395435323516594,185.64891392145228
39.66885236085763,3.8162176171525597,1.0000000000000007,-11.643314305750794,-41.39947231734082,185.6481961964862
39.67851434843905,3.8149423718878728,1.0000000000000004,-11.650703824097253,-41.40350812965236,185.64747552772275
39.6881764072948,3.813667922990279,1.0000000000000007,-11.658094325489154,-41.40754276138479,185.64675192540935
39.69783853764079,3.8123942721032855,1.0000000000000004,-11.66548580923361,-41.41157621347186,185.64602539979296
39.70750073969301,3.811121420870394,1.0000000000000004,-11.672878274637808,-41.415608486847255,185.6452959611211
39.717163013667516,3.8098493709350993,1.0000000000000004,-11.680271721009001,-41.41963958244477,185.6445636196408
39.72682535978039,3.8085781239408956,1.0000000000000004,-11.68766614765447,-41.42366950119828,185.64382838559948
39.73648777824783,3.8073076815312725,1.0000000000000007,-11.695061553881569,-41.42769824404162,185.64309026924423
39.746150269286034,3.8060380453497134,1.0000000000000004,-11.702457938997696,-41.431725811908805,185.64234928082226
39.755812833111285,3.8047692170396994,1.0000000000000004,-11.709855302310327,-41.4357522057338,185.64160543058094
39.76547546993994,3.803501198244705,1.0000000000000007,-11.717253643126966,-41.439777426450675,185.6408587287674
39.77513817998838,3.802233990608205,1.0000000000000004,-11.72465296075519,-41.44380147499355,185.640109185629
39.78480096347309,3.8009675957736646,1.0000000000000004,-11.732053254502611,-41.44782435229658,185.63935681141288
39.79446382061056,3.7997020153845464,1.0000000000000004,-11.739454523676912,-41.45184605929401,185.6386016163662
39.804126751617396,3.7984372510843105,1.0000000000000007,-11.746856767585841,-41.45586659692009,185.63784361073647
39.81378975671023,3.797173304516412,1.0000000000000004,-11.754259985537185,-41.45988596610916,185.63708280477064
39.82345283610575,3.795910177324303,1.0000000000000004,-11.761664176838783,-41.463904167795604,185.63631920871617
39.833115990020715,3.7946478711514273,1.0000000000000004,-11.76906934079854,-41.46792120291387,185.63555283282017
39.842779218671936,3.7933863876412275,1.0000000000000007,-11.7764754767244,-41.47193707239844,185.63478368732981
39.85244252227629,3.7921257284371435,1.0000000000000004,-11.783882583924383,-41.47595177718386,185.63401178249254
39.86210590105072,3.790865895182607,1.0000000000000004,-11.791290661706558,-41.47996531820474,185.63323712855538
39.87176935521221,3.789606889521047,1.0000000000000004,-11.798699709379044,-41.483977696395726,185.63245973576568
39.88143288497779,3.788348713095893,1.0000000000000004,-11.806109726249993,-41.48798891269153,185.6316796143707
39.8910964905646,3.7870913675505626,1.0000000000000004,-11.813520711627664,-41.49199896802689,185.6308967746177
39.90076017218978,3.7858348545284737,1.0000000000000007,-11.820932664820319,-41.49600786333666,185.63011122675377
39.91042393007058,3.7845791756730387,1.0000000000000004,-11.828345585136312,-41.5000155995557,185.62932298102623
39.92008776442425,3.783324332627668,1.0000000000000004,-11.835759471884028,-41.50402217761892,185.62853204768248
39.92975167546819,3.7820703270357643,1.0000000000000004,-11.843174324371931,-41.508027598461325,185.62773843696942
39.93941566341974,3.780817160540728,1.0000000000000004,-11.850590141908512,-41.5120318630179,185.62694215913461
39.949079728496386,3.7795648347859583,1.0000000000000004,-11.858006923802323,-41.51603497222377,185.62614322442508
39.95874387091565,3.7783133514148433,1.0000000000000002,-11.865424669361992,-41.52003692701409,185.6253416430881
39.96840809089508,3.7770627120707716,1.0000000000000004,-11.87284337789617,-41.524037728324,185.62453742537105
39.978072388652365,3.7758129183971274,1.0000000000000004,-11.880263048713608,-41.528037377088765,185.623730581521
39.987736764405135,3.77456397203729,1.0000000000000004,-11.88768368112305,-41.53203587424371,185.62292112178534
39.99740121837117,3.773315874634636,1.0000000000000004,-11.89510527443335,-41.536033220724164,185.62210905641115
40.00706575076827,3.7720686278325357,1.0000000000000007,-11.902527827953374,-41.54002941746554,185.62129439564572
40.01673036181432,3.7708222332743575,1.0000000000000007,-11.909951340992096,-41.54402446540332,185.62047714973627
40.026395051727214,3.7695766926034615,1.0000000000000004,-11.917375812858486,-41.548018365473006,185.61965732893017
40.03605982072496,3.76833200746321,1.0000000000000004,-11.924801242861614,-41.552011118610174,185.61883494347458
40.045724669025574,3.7670881794969544,1.0000000000000004,-11.93222763031057,-41.55600272575042,185.6180100036167
40.05538959684717,3.7658452103480466,1.0000000000000004,-11.939654974514516,-41.559993187829434,185.61718251960374
40.065054604407905,3.764603101659835,1.0000000000000004,-11.947083274782672,-41.56398250578296,185.61635250168305
40.074719691925985,3.76336185507566,1.0000000000000007,-11.954512530424314,-41.56797068054677,185.61551996010175
40.08438485961968,3.7621214722388574,1.0000000000000007,-11.961942740748762,-41.571957713056705,185.6146849051072
40.09405010770731,3.760881954792766,1.0000000000000007,-11.969373905065378,-41.57594360424865,185.6138473469466
40.10371543640727,3.7596433043807127,1.0000000000000004,-11.97680602268362,-41.57992835505856,185.61300729586702
40.113380845937996,3.758405522646027,1.0000000000000004,-11.984239092912949,-41.58391196642242,185.6121647621159
40.123046336518,3.7571686112320246,1.0000000000000007,-11.991673115062945,-41.58789443927628,185.6113197559404
40.13271190836582,3.755932571782028,1.0000000000000007,-11.999108088443158,-41.59187577455627,185.61047228758787
40.142377561700094,3.7546974059393503,1.0000000000000004,-12.006544012363292,-41.59585597319854,185.60962236730538
40.15204329673948,3.7534631153472993,1.0000000000000004,-12.01398088613302,-41.59983503613926,185.60877000534032
40.16170911370271,3.7522297016491826,1.0000000000000004,-12.02141870906211,-41.60381296431473,185.60791521193968
40.171375012808575,3.7509971664882995,1.0000000000000004,-12.02885748046039,-41.607789758661276,185.60705799735098
40.1810409942759,3.7497655115079485,1.0000000000000004,-12.036297199637689,-41.61176542011525,185.60619837182134
40.1907070583236,3.7485347383514207,1.0000000000000007,-12.04373786590398,-41.61573994961307,185.60533634559803
40.20037320517065,3.7473048486620093,1.0000000000000007,-12.05117947856923,-41.61971334809124,185.60447192892826
40.21003943503602,3.7460758440829975,1.0000000000000007,-12.05862203694345,-41.623685616486284,185.60360513205924
40.21970574813882,3.7448477262576643,1.0000000000000004,-12.066065540336744,-41.62765675573478,185.60273596523822
40.22937214469816,3.74362049682929,1.0000000000000004,-12.07350998805926,-41.631626766773365,185.60186443871248
40.239038624933244,3.7423941574411446,1.0000000000000004,-12.080955379421198,-41.63559565053873,185.60099056272927
40.24870518906328,3.741168709736499,1.0000000000000004,-12.088401713732786,-41.63956340796761,185.6001143475357
40.25837183730758,3.7399441553586175,1.0000000000000007,-12.095848990304322,-41.643530039996826,185.5992358033791
40.26803856988552,3.738720495950761,1.0000000000000007,-12.103297208446223,-41.64749554756321,185.59835494050685
40.27770538701648,3.737497733156186,1.0000000000000007,-12.110746367468852,-41.65145993160368,185.597471769166
40.28737228891996,3.736275868618145,1.0000000000000007,-12.1181964666827,-41.655423193055185,185.59658629960364
40.29703927581546,3.735054903979887,1.0000000000000007,-12.12564750539828,-41.65938533285473,185.59569854206745
40.306706347922564,3.7338348408846582,1.0000000000000004,-12.133099482926172,-41.663346351939396,185.59480850680433
40.31637350546092,3.732615680975695,1.0000000000000007,-12.140552398577007,-41.667306251246266,185.59391620406157
40.326040748650215,3.7313974258962403,1.0000000000000004,-12.14800625166148,-41.67126503171253,185.59302164408646
40.3357080777102,3.7301800772895195,1.0000000000000004,-12.155461041490323,-41.67522269427542,185.59212483712622
40.34537549286067,3.728963636798769,1.0000000000000004,-12.162916767374329,-41.679179239872184,185.59122579342812
40.35504299432151,3.727748106067208,1.0000000000000004,-12.17037342862437,-41.68313466944018,185.59032452323942
40.36471058231263,3.7265334867380564,1.0000000000000004,-12.177831024551324,-41.687088983916766,185.5894210368072
40.37437825705398,3.725319780454536,1.0000000000000004,-12.185289554466157,-41.69104218423937,185.58851534437886
40.38404601876562,3.7241069888598552,1.0000000000000007,-12.19274901767987,-41.69499427134551,185.58760745620162
40.39371386766763,3.7228951135972244,1.0000000000000004,-12.200209413503542,-41.69894524617271,185.5866973825226
40.403381803980146,3.7216841563098484,1.0000000000000004,-12.207670741248307,-41.702895109658556,185.58578513358918
40.413049827923366,3.7204741186409267,1.0000000000000004,-12.215133000225316,-41.70684386274069,185.5848707196485
40.42271793971756,3.7192650022336573,1.0000000000000002,-12.222596189745824,-41.710791506356834,185.5839541509478
40.43238613958301,3.718056808731231,1.0000000000000004,-12.230060309121079,-41.714738041444704,185.58303543773457
40.442054427740096,3.71684953977684,1.0000000000000004,-12.237525357662449,-41.718683468942125,185.58211459025563
40.45172280440925,3.715643197013667,1.0000000000000004,-12.244991334681318,-41.72262778978697,185.58119161875845
40.46139126981094,3.714437782084892,1.0000000000000004,-12.252458239489135,-41.72657100491711,185.5802665334903
40.47105982416568,3.7132332966336947,1.0000000000000004,-12.259926071397377,-41.730513115270526,185.57933934469827
40.48072846769408,3.712029742303244,1.0000000000000004,-12.267394829717627,-41.73445412178522,185.57841006262979
40.49039720061677,3.710827120736712,1.0000000000000004,-12.274864513761493,-41.7383940253993,185.57747869753186
40.50006602315446,3.7096254335772647,1.0000000000000004,-12.282335122840623,-41.74233282705083,185.57654525965194
40.50973493552791,3.70842468246806,1.0000000000000004,-12.289806656266759,-41.746270527678035,185.57560975923718
40.51940393795791,3.707224869052258,1.0000000000000004,-12.297279113351633,-41.75020712821909,185.57467220653484
40.52907303066533,3.706025994973009,1.0000000000000004,-12.304752493407102,-41.754142629612296,185.57373261179214
40.53874221387109,3.704828061873465,1.0000000000000004,-12.312226795745032,-41.75807703279599,185.57279098525623
40.54841148779617,3.70363107139677,1.0000000000000004,-12.319702019677376,-41.762010338708535,185.57184733717446
40.55808085266159,3.7024350251860674,1.0000000000000004,-12.327178164516086,-41.76594254828839,185.57090167779407
40.567750308688446,3.7012399248844923,1.0000000000000004,-12.334655229573237,-41.76987366247404,185.56995401736228
40.57741985609787,3.700045772135179,1.0000000000000007,-12.34213321416091,-41.773803682204004,185.56900436612625
40.587089495111066,3.6988525685812594,1.0000000000000007,-12.34961211759127,-41.777732608416876,185.56805273433335
40.59675922594928,3.697660315865856,1.0000000000000004,-12.35709193917651,-41.78166044205135,185.56709913223074
40.606429048833796,3.696469015632095,1.0000000000000004,-12.36457267822888,-41.78558718404606,185.56614357006563
40.616098963986005,3.69527866952309,1.0000000000000007,-12.372054334060707,-41.789512835339764,185.56518605808532
40.62576897162731,3.6940892791819584,1.0000000000000004,-12.379536905984349,-41.7934373968713,185.56422660653703
40.63543907197916,3.692900846251809,1.0000000000000007,-12.387020393312234,-41.797360869579485,185.563265225668
40.6451092652631,3.6917133723757485,1.0000000000000007,-12.394504795356836,-41.801283254403266,185.56230192572545
40.6547795517007,3.690526859196879,1.0000000000000004,-12.401990111430674,-41.80520455228155,185.56133671695662
40.6644499315136,3.6893413083583013,1.0000000000000004,-12.409476340846343,-41.80912476415341,185.56036960960876
