galstreams/tracks/track.st.Svol.ibata2021.ecsv
# %ECSV 1.0
# ---
# datatype:
# - {name: ra, unit: deg, datatype: float64}
# - {name: dec, unit: deg, datatype: float64}
# - {name: distance, unit: kpc, datatype: float64}
# - {name: pm_ra_cosdec, unit: mas / yr, datatype: float64}
# - {name: pm_dec, unit: mas / yr, datatype: float64}
# - {name: radial_velocity, unit: km / s, datatype: float64}
# delimiter: ','
# meta: !!omap
# - __serialized_columns__:
#     dec:
#       __class__: astropy.coordinates.angles.Latitude
#       unit: &id001 !astropy.units.Unit {unit: deg}
#       value: !astropy.table.SerializedColumn {name: dec}
#     distance:
#       __class__: astropy.coordinates.distances.Distance
#       unit: !astropy.units.Unit {unit: kpc}
#       value: !astropy.table.SerializedColumn {name: distance}
#     pm_dec:
#       __class__: astropy.units.quantity.Quantity
#       unit: !astropy.units.Unit {unit: mas / yr}
#       value: !astropy.table.SerializedColumn {name: pm_dec}
#     pm_ra_cosdec:
#       __class__: astropy.units.quantity.Quantity
#       unit: !astropy.units.Unit {unit: mas / yr}
#       value: !astropy.table.SerializedColumn {name: pm_ra_cosdec}
#     ra:
#       __class__: astropy.coordinates.angles.Longitude
#       unit: *id001
#       value: !astropy.table.SerializedColumn {name: ra}
#       wrap_angle: !astropy.coordinates.Angle
#         unit: *id001
#         value: 360.0
#     radial_velocity:
#       __class__: astropy.units.quantity.Quantity
#       unit: !astropy.units.Unit {unit: km / s}
#       value: !astropy.table.SerializedColumn {name: radial_velocity}
# schema: astropy-2.0
ra,dec,distance,pm_ra_cosdec,pm_dec,radial_velocity
[from data line 3003]
253.216306382403,22.611824854658423,6.385625096197898,4.374118442840556,-7.511295571496655,62.28608814056289
253.22662092936457,22.608940339522388,6.38528198284235,4.375145185457433,-7.512491223743985,62.273272120231795
253.23693590519548,22.606057078205705,6.384939176265355,4.376171352393787,-7.513685964980845,62.26013520253102
253.24725131110824,22.603175072591124,6.3845966764418,4.377196943286278,-7.514879794107225,62.246677065443635
253.25756714831581,22.600294324561187,6.384254483346572,4.378221957771779,-7.516072710023044,62.23289738695311
253.26788341803157,22.59741483599823,6.383912596954555,4.379246395487394,-7.51726471162815,62.21879584504255
253.27820012146924,22.594536608784388,6.383571017240636,4.380270256070431,-7.518455797822305,62.20437211769518
253.28851725984296,22.5916596448016,6.383229744179702,4.3812935391584125,-7.519645967505206,62.189625882894404
253.29883483436723,22.588783945931578,6.382888777746638,4.382316244389089,-7.5208352195764725,62.17455681862334
253.30915284625692,22.585909514055846,6.382548117916332,4.383338371400424,-7.5220235529356465,62.15916460286511
253.31947129672733,22.583036351055707,6.3822077646636695,4.384359919830601,-7.5232109664821945,62.14344891360319
253.32979018699402,22.580164458812277,6.381867717963538,4.38538088931802,-7.524397459115507,62.1274094288206
253.34010951827324,22.577293839206455,6.381527977790818,4.386401279501281,-7.525583029734915,62.11104582650081
253.35042929178124,22.574424494118936,6.381188544120402,4.387421090019227,-7.526767677239652,62.09435778462688
253.36074950873487,22.571556425430202,6.380849416927174,4.388440320510907,-7.527951400528885,62.07734498118202
253.3710701703514,22.56868963502055,6.380510596186022,4.389458970615576,-7.529134198501712,62.060007094149675
253.3813912778483,22.565824124770046,6.380172081871827,4.390477039972731,-7.530316070057157,62.04234380151288
253.3917128324436,22.56295989655858,6.3798338739594795,4.391494528222063,-7.531497014094163,62.024354781254914
253.40203483535566,22.56009695226581,6.379495972423865,4.392511435003486,-7.532677029511599,62.00603971135914
253.41235728780313,22.557235293771203,6.379158377239869,4.393527759957136,-7.533856115208257,61.98739826980865
253.42268019100527,22.554374922954015,6.378821088382381,4.394543502723356,-7.535034270082866,61.96843013458688
253.43300354618145,22.55151584169329,6.378484105826282,4.395558662942719,-7.5362114930340685,61.94913498367677
253.44332735455154,22.5486580518679,6.37814742954646,4.396573240256007,-7.537387782960442,61.929512495061786
253.4536516173359,22.545801555356473,6.377811059517802,4.397587234304215,-7.538563138760482,61.90956234672512
253.46397633575512,22.542946354037426,6.377474995715194,4.39860064472856,-7.5397375593326075,61.88928421665
253.4743015110302,22.540092449789025,6.377139238113523,4.399613471170481,-7.5409110435751785,61.86867778281959
253.48462714438259,22.537239844489285,6.376803786687674,4.400625713271621,-7.542083590386466,61.84774272321716
253.49495323703408,22.534388540016014,6.376468641412534,4.4016373706738445,-7.5432551986646725,61.82647871582608
253.50527979020686,22.53153853824684,6.37613380226299,4.402648443019232,-7.544425867307927,61.80488543862952
253.5156068051234,22.528689841059176,6.375799269213925,4.403658929950093,-7.545595595214282,61.78296256961064
253.52593428300673,22.525842450330224,6.375465042240227,4.40466883110893,-7.5467643812817204,61.76070978675269
253.53626222508015,22.52299636793699,6.375131121316783,4.405678146138481,-7.547932224408143,61.73812676803906
253.5465906325673,22.520151595756264,6.374797506418478,4.406686874681693,-7.549099123491387,61.71521319145272
253.55691950669234,22.51730813566464,6.374464197520199,4.407695016381725,-7.550265077429209,61.691968734977195
253.56724884867967,22.514465989538504,6.374131194596832,4.408702570881962,-7.5514300851192955,61.668393076595535
253.57757865975415,22.511625159254038,6.373798497623264,4.409709537826002,-7.552594145459253,61.644485894290995
253.58790894114105,22.508785646687212,6.373466106574382,4.410715916857648,-7.553757257346623,61.620246866047005
253.5982396940659,22.50594745371381,6.373134021425067,4.411721707620942,-7.55491941967887,61.59567566984653
253.60857091975478,22.503110582209388,6.372802242150211,4.412726909760119,-7.5560806313533835,61.57077198367307
253.61890261943392,22.50027503404932,6.372470768724697,4.413731522919647,-7.557240891267479,61.54553548550955
253.62923479433016,22.49744081110875,6.372139601123412,4.4147355467442,-7.558400198318399,61.519965853339485
253.63956744567062,22.49460791526263,6.371808739321244,4.415738980878673,-7.559558551403319,61.494062765146
253.6499005746828,22.49177634838572,6.3714781832930765,4.416741824968167,-7.560715949419329,61.467825898912366
253.66023418259454,22.488946112352554,6.371147933013797,4.417744078658019,-7.561872391263456,61.44125493262186
253.6705682706341,22.486117209037467,6.370817988458291,4.418745741593765,-7.56302787583265,61.41434954425755
253.6809028400302,22.48328964031459,6.370488349601445,4.419746813421167,-7.564182402023791,61.38710941180285
253.69123789201177,22.48046340805786,6.370159016418146,4.420747293786191,-7.565335968733676,61.359534213240885
253.7015734278083,22.47763851414101,6.369829988883279,4.421747182335025,-7.566488574859043,61.33162362655497
253.71190944864955,22.47481496043754,6.3695012669717315,4.422746478714079,-7.567640219296544,61.30337732972841
253.72224595576557,22.471992748820764,6.369172850658389,4.423745182569975,-7.568790900942765,61.27479500074424
253.73258295038707,22.46917188116381,6.368844739918137,4.424743293549545,-7.569940618694224,61.24587631758599
253.74292043374479,22.46635235933957,6.368516934725863,4.425740811299844,-7.571089371447351,61.216620958236554
253.75325840707018,22.463534185220745,6.368189435056453,4.426737735468136,-7.572237158098521,61.187028600679376
253.76359687159479,22.460717360679833,6.367862240884791,4.4277340657019115,-7.573383977544021,61.157098922897674
253.77393582855072,22.457901887589134,6.367535352185768,4.428729801648862,-7.574529828680072,61.12683160287467
253.78427527917043,22.455087767820718,6.3672087689342645,4.429724942956904,-7.575674710402827,61.09622631859367
253.79461522468668,22.45227500324648,6.36688249110517,4.430719489274173,-7.576818621608359,61.065282748037774
253.80495566633263,22.449463595738102,6.366556518673372,4.431713440249011,-7.577961561192666,61.034000569190304
253.8152966053419,22.446653547167045,6.366230851613752,4.4327067955299775,-7.579103528051686,61.00237946003455
253.82563804294836,22.443844859404592,6.3659054899012,4.433699554765855,-7.580244521081271,60.97041909855356
253.83597998038644,22.441037534321797,6.365580433510601,4.43469171760563,-7.581384539177213,60.938119162730814
253.84632241889065,22.43823157378954,6.365255682416843,4.435683283698513,-7.582523581235219,60.90547933054929
253.85666535969622,22.435426979678454,6.36493123659481,4.436674252693928,-7.583661646150933,60.87249927999243
253.86700880403853,22.432623753858994,6.3646070960193875,4.437664624241506,-7.584798732819921,60.83917868904358
253.87735275315342,22.429821898201418,6.364283260665465,4.43865439799111,-7.585934840137682,60.80551723568581
253.88769720827702,22.427021414575776,6.363959730507924,4.439643573592811,-7.587069966999639,60.7715145979022
253.898042170646,22.424222304851895,6.363636505521655,4.440632150696881,-7.588204112301143,60.737170453676235
253.9083876414972,22.42142457089941,6.363313585681542,4.441620128953831,-7.589337274937476,60.702484480991046
253.91873362206803,22.418628214587763,6.362990970962474,4.442607508014373,-7.5904694538038395,60.66745635782985
253.9290801135962,22.415833237786174,6.362668661339332,4.4435942875294305,-7.59160064779538,60.63208576217605
253.9394271173197,22.41303964236367,6.362346656787007,4.444580467150157,-7.592730855807154,60.59637237201264
253.9497746344771,22.410247430189063,6.362024957280382,4.4455660465279045,-7.593860076734157,60.56031586532317
253.9601226663071,22.407456603130978,6.361703562794347,4.446551025314259,-7.594988309471307,60.52391592009053
253.97047121404898,22.404667163057812,6.361382473303784,4.447535403160996,-7.596115552913452,60.487172214298226
253.9808202789423,22.401879111837786,6.361061688783581,4.448519179720135,-7.597241805955372,60.45008442592928
253.991169862227,22.399092451338895,6.360741209208625,4.449502354643887,-7.598367067491769,60.41265223296716
254.0015199651434,22.396307183428938,6.360421034553801,4.450484927584692,-7.599491336417279,60.374875313394966
254.01187058893225,22.393523309975524,6.360101164793994,4.451466898195193,-7.600614611626468,60.33675334519594
254.02222173483457,22.390740832846017,6.359781599904093,4.452448266128264,-7.601736892013815,60.29828600635338
254.03257340409186,22.38795975390763,6.359462339858984,4.453429031036976,-7.602858176473751,60.259472974850546
254.04292559794587,22.38518007502734,6.359143384633552,4.454409192574629,-7.603978463900614,60.22031392867048
254.05327831763884,22.38240179807191,6.358824734202684,4.455388750394734,-7.605097753188684,60.180808545796545
254.06363156441336,22.37962492490794,6.3585063885412625,4.456367704151011,-7.606216043232168,60.140956504212085
254.07398533951235,22.376849457401786,6.358188347624181,4.457346053497394,-7.6073333329251955,60.10075748190018
254.08433964417918,22.374075397419624,6.35787061142632,4.458323798088042,-7.608449621161837,60.06021115684429
254.09469447965742,22.371302746827418,6.357553179922565,4.459300937577327,-7.6095649068360744,60.01931720702731
254.10504984719128,22.36853150749093,6.357236053087806,4.460277471619821,-7.610679188841832,59.97807531043283
254.11540574802507,22.365761681275703,6.356919230896929,4.4612533998703325,-7.6117924660729575,59.93648514504377
254.1257621834037,22.36299327004711,6.356602713324816,4.462228721983861,-7.612904737423233,59.89454638884363
254.13611915457233,22.360226275670282,6.356286500346359,4.4632034376156415,-7.614016001786357,59.85225871981561
254.14647666277648,22.357460700010197,6.355970591936439,4.464177546421112,-7.615126258055979,59.8096218159427
254.15683470926209,22.354696544931556,6.3556549880699444,4.465151048055926,-7.616235505125651,59.76663535520837
254.1671932952755,22.35193381229893,6.355339688721762,4.4661239421759555,-7.617343741888876,59.72329901559601
254.17755242206331,22.349172503976643,6.355024693866779,4.467096228437286,-7.618450967239072,59.67961247508841
254.1879120908727,22.346412621828822,6.3547100034798785,4.468067906496208,-7.6195571800696,59.6355754116692
254.19827230295093,22.343654167719407,6.354395617535949,4.469038976009237,-7.620662379273733,59.59118750332146
254.20863305954586,22.340897143512116,6.354081536009875,4.4700094366331085,-7.621766563744686,59.54644842802842
254.21899436190571,22.338141551070475,6.353767758876544,4.470979288024749,-7.622869732375602,59.501357863773386
254.22935621127885,22.335387392257797,6.353454286110842,4.4719485298413275,-7.623971884059552,59.45591548853946
254.23971860891442,22.332634668937207,6.353141117687654,4.4729171617402,-7.625073017689538,59.41012098031007
254.25008155606147,22.329883382971605,6.352828253581867,4.473885183378963,-7.626173132158483,59.36397401706834
254.26044505396976,22.327133536223705,6.35251569376837,4.474852594415404,-7.627272226359249,59.31747427679748
254.27080910388932,22.324385130556017,6.352203438222044,4.475819394507541,-7.628370299184632,59.27062143748085
254.28117370707048,22.321638167830834,6.351891486917781,4.476785583313591,-7.6294673495273395,59.223415177101586
254.291538864764,22.318892649910254,6.35157983983046,4.477751160492007,-7.63056337628003,59.17585517364293
254.30190457822107,22.316148578656183,6.351268496934973,4.478716125701433,-7.631658378335281,59.127941105088205
254.31227084869317,22.313405955930307,6.350957458206206,4.479680478600736,-7.632752354585593,59.07967264942062
254.32263767743217,22.310664783594113,6.350646723619041,4.480644218849002,-7.633845303923412,59.031049484623345
254.33300506569026,22.30792506350889,6.350336293148369,4.481607346105527,-7.6349372252411,58.9820712886796
254.3433730147201,22.305186797535722,6.350026166769074,4.482569860029819,-7.636028117430962,58.932737739572715
254.35374152577467,22.302449987535486,6.349716344456039,4.4835317602816005,-7.637117979385224,58.88304851528594
254.3641106001073,22.29971463536886,6.349406826184157,4.484493046520807,-7.638206809996042,58.833003293802406
254.37448023897173,22.29698074289632,6.3490976119283085,4.4854537184075935,-7.639294608155509,58.782601753105496
254.38485044362204,22.29424831197813,6.348788701663383,4.486413775602319,-7.640381372755639,58.731843571178345
254.39522121531266,22.29151734447437,6.348480095364265,4.487373217765564,-7.64146710268839,58.6807284260042
254.40559255529845,22.28878784224489,6.348171793005843,4.488332044558124,-7.642551796845628,58.629255995566304
254.41596446483462,22.286059807149368,6.3478637945630005,4.489290255640995,-7.643635454119175,58.57742595784784
254.42633694517676,22.28333324104725,6.347556100010622,4.4902478506754075,-7.644718073400772,58.52523799083226
254.43670999758075,22.280608145797796,6.347248709323598,4.491204829322783,-7.645799653582079,58.472691772502664
254.44708362330292,22.277884523260056,6.346941622476813,4.492161191244774,-7.646880193554708,58.419786980842275
254.45745782359984,22.27516237529289,6.346634839445155,4.493116936103243,-7.647959692210183,58.366523293834256
254.46783259972872,22.27244170375494,6.346328360203506,4.494072063560255,-7.649038148439973,58.31290038946188
254.47820795294692,22.269722510504646,6.346022184726758,4.495026573278096,-7.650115561135468,58.25891794570867
254.4885838845121,22.26700479740026,6.34571631298979,4.495980464919277,-7.651191929187995,58.20457564055745
254.4989603956826,22.264288566299822,6.345410744967493,4.496933738146498,-7.652267251488811,58.14987315199172
254.50933748771672,22.261573819061166,6.345105480634753,4.497886392622696,-7.653341526929093,58.09481015799453
254.5197151618735,22.258860557541915,6.344800519966456,4.498838428011005,-7.654414754399966,58.03938633654935
254.53009341941208,22.256148783599517,6.344495862937486,4.499789843974783,-7.655486932792471,57.983601365639146
254.5404722615922,22.253438499091185,6.344191509522733,4.500740640177586,-7.656558060997592,57.927454923247474
254.55085168967375,22.25072970587397,6.34388745969708,4.501690816283203,-7.657628137906238,57.870946687357325
254.56123170491708,22.248022405804676,6.343583713435413,4.502640371955625,-7.658697162409249,57.814076335951945
254.57161230858296,22.245316600739923,6.34328027071262,4.503589306859051,-7.659765133397398,57.75684354701483
254.5819935019324,22.24261229253614,6.342977131503587,4.504537620657912,-7.6608320497613835,57.699247998528875
254.59237528622697,22.23990948304954,6.342674295783202,4.505485313016825,-7.661897910391843,57.64128936847767
254.60275766272835,22.237208174136143,6.342371763526344,4.506432383600652,-7.662962714179349,57.582967334844106
254.6131406326988,22.234508367651756,6.3420695347079095,4.507378832074436,-7.664026460014385,57.52428157561163
254.62352419740083,22.231810065451977,6.341767609302776,4.50832465810346,-7.665089146787391,57.46523176876339
254.63390835809736,22.22911326939223,6.341465987285836,4.509269861353199,-7.666150773388717,57.40581759228258
254.64429311605176,22.226417981327707,6.341164668631971,4.510214441489348,-7.667211338708663,57.34603872415269
254.65467847252754,22.223724203113424,6.3408636533160685,4.51115839817783,-7.668270841637447,57.28589484235669
254.66506442878887,22.221031936604177,6.340562941313017,4.512101731084752,-7.669329281065227,57.22538562487795
254.6754509861,22.21834118365455,6.340262532597701,4.513044439876458,-7.670386655882084,57.164510749699744
254.68583814572577,22.215651946118957,6.339962427145005,4.513986524219492,-7.671442964978043,57.10326989480525
254.69622590893118,22.212964225851582,6.339662624929816,4.514927983780622,-7.672498207243048,57.041662738177564
