galstreams/tracks/track.st.Phlegethon.ibata2021.ecsv
# %ECSV 1.0
# ---
# datatype:
# - {name: ra, unit: deg, datatype: float64}
# - {name: dec, unit: deg, datatype: float64}
# - {name: distance, unit: kpc, datatype: float64}
# - {name: pm_ra_cosdec, unit: mas / yr, datatype: float64}
# - {name: pm_dec, unit: mas / yr, datatype: float64}
# - {name: radial_velocity, unit: km / s, datatype: float64}
# delimiter: ','
# meta: !!omap
# - __serialized_columns__:
#     dec:
#       __class__: astropy.coordinates.angles.Latitude
#       unit: &id001 !astropy.units.Unit {unit: deg}
#       value: !astropy.table.SerializedColumn {name: dec}
#     distance:
#       __class__: astropy.coordinates.distances.Distance
#       unit: !astropy.units.Unit {unit: kpc}
#       value: !astropy.table.SerializedColumn {name: distance}
#     pm_dec:
#       __class__: astropy.units.quantity.Quantity
#       unit: !astropy.units.Unit {unit: mas / yr}
#       value: !astropy.table.SerializedColumn {name: pm_dec}
#     pm_ra_cosdec:
#       __class__: astropy.units.quantity.Quantity
#       unit: !astropy.units.Unit {unit: mas / yr}
#       value: !astropy.table.SerializedColumn {name: pm_ra_cosdec}
#     ra:
#       __class__: astropy.coordinates.angles.Longitude
#       unit: *id001
#       value: !astropy.table.SerializedColumn {name: ra}
#       wrap_angle: !astropy.coordinates.Angle
#         unit: *id001
#         value: 360.0
#     radial_velocity:
#       __class__: astropy.units.quantity.Quantity
#       unit: !astropy.units.Unit {unit: km / s}
#       value: !astropy.table.SerializedColumn {name: radial_velocity}
# schema: astropy-2.0
ra,dec,distance,pm_ra_cosdec,pm_dec,radial_velocity
[from data line 3103]
323.02604263449507,-17.928127947217288,3.2365532388545053,-1.9214636265882978,-36.56429724365768,-87.75508268797864
323.02728989928573,-17.918077927139343,3.2365666174540233,-1.9200860498139178,-36.561925780275686,-87.8387388729496
323.02853661158395,-17.908027853374943,3.2365801079888326,-1.9187086060518252,-36.55955223715442,-87.922406922472
323.0297827717179,-17.89797772595511,3.236593710509335,-1.917331295305262,-36.557176614765424,-88.00608685181771
323.03102838001587,-17.887927544911005,3.2366074250659373,-1.9159541175775736,-36.55479891358024,-88.08977867625887
323.0322734368058,-17.87787731027378,3.2366212517090407,-1.914577072872195,-36.552419134070455,-88.17348241106765
323.0335179424155,-17.86782702207444,3.2366351904890482,-1.9132001611926803,-36.55003727670753,-88.25719807151583
323.03476189717253,-17.857776680344056,3.2366492414563686,-1.9118233825426687,-36.54765334196289,-88.34092567287563
323.03600530140454,-17.84772628511367,3.2366634046614005,-1.9104467369258993,-36.54526733030799,-88.42466523041907
323.03724815543876,-17.837675836414306,3.23667768015455,-1.9090702243462463,-36.54287924221425,-88.50841675941813
323.03849045960243,-17.827625334276952,3.2366920679862194,-1.90769384480764,-36.54048907815299,-88.59218027514501
323.0397322142225,-17.817574778732595,3.2367065682068143,-1.9063175983141072,-36.538096838595514,-88.67595579287158
323.04097341962586,-17.807524169812197,3.2367211808667378,-1.9049414848698563,-36.53570252401314,-88.75974332787007
323.04221407613915,-17.797473507546698,3.236735906016393,-1.903565504479106,-36.533306134877115,-88.84354289541227
323.04345418408883,-17.787422791967018,3.2367507437061853,-1.902189657146229,-36.53090767165865,-88.92735451077061
323.04469374380136,-17.77737202310406,3.236765693986517,-1.9008139428756747,-36.52850713482894,-89.01117818921678
323.04593275560285,-17.767321200988718,3.236780756907792,-1.8994383616720274,-36.52610452485914,-89.09501394602302
323.04717121981935,-17.75727032565185,3.2367959325204154,-1.8980629135399347,-36.52369984222036,-89.1788617964614
323.0484091367767,-17.74721939712431,3.2368112208747895,-1.8966875984841556,-36.521293087383704,-89.26272175580371
323.0496465068006,-17.737168415436916,3.2368266220213204,-1.8953124165095652,-36.51888426082018,-89.3465938393224
323.05088333021655,-17.72711738062049,3.236842136010407,-1.8939373676211657,-36.51647336300087,-89.43047806228914
323.05211960735005,-17.717066292705812,3.2368577628924586,-1.8925624518239736,-36.51406039439671,-89.5143744399763
323.05335533852616,-17.707015151723656,3.2368735027178763,-1.8911876691232115,-36.511645355478656,-89.59828298765567
323.05459052406997,-17.69696395770478,3.2368893555370644,-1.889813019524139,-36.50922824671765,-89.68220372059932
323.0558251643063,-17.68691271067992,3.2369053214004255,-1.888438503032149,-36.506809068584545,-89.7661366540795
323.0570592595601,-17.676861410679784,3.2369214003583653,-1.8870641196527052,-36.5043878215502,-89.85008180336808
323.0582928101557,-17.66681005773507,3.2369375924612873,-1.8856898693914,-36.50196450608544,-89.93403918373727
323.05952581641765,-17.656758651876466,3.2369538977595935,-1.8843157522539045,-36.49953912266104,-90.0180088104589
323.06075827867005,-17.646707193134617,3.2369703163036903,-1.882941768246046,-36.497111671747746,-90.10199069880514
323.061990197237,-17.63665568154018,3.236986848143979,-1.8815679173737072,-36.494682153816285,-90.18598486404805
323.0632215724425,-17.62660411712376,3.237003493330865,-1.8801941996428546,-36.49225056933733,-90.26999132145967
323.0644524046102,-17.61655249991598,3.237020251914751,-1.8788206150596158,-36.489816918781536,-90.354010086312
323.06568269406375,-17.60650082994741,3.237037123946043,-1.8774471636301833,-36.487381202619495,-90.43804117387715
323.0669124411266,-17.596449107248624,3.2370541094751415,-1.8760738453608585,-36.48494342132183,-90.52208459942716
323.068141646122,-17.58639733185017,3.237071208552453,-1.874700660258032,-36.48250357535905,-90.60614037823397
323.069370309373,-17.576345503782573,3.2370884212283806,-1.87332760832824,-36.48006166520168,-90.69020852556973
323.07059843120265,-17.566293623076348,3.237105747553328,-1.871954689578077,-36.47761769132021,-90.77428905670659
323.07182601193364,-17.556241689761986,3.2371231875776982,-1.8705819040142568,-36.47517165418509,-90.85838198691648
323.0730530518887,-17.546189703869963,3.2371407413518947,-1.8692092516435892,-36.47272355426674,-90.94248733147138
323.0742795513902,-17.53613766543074,3.2371584089263243,-1.867836732473009,-36.47027339203551,-91.02660510564341
323.0755055107604,-17.526085574474752,3.2371761903513865,-1.8664643465095416,-36.46782116796179,-91.11073532470465
323.07673093032156,-17.51603343103241,3.237194085677489,-1.865092093760306,-36.46536688251586,-91.19487800392704
323.0779558103956,-17.50598123513412,3.2372120949550336,-1.8637199742325183,-36.462910536168025,-91.27903315858288
323.07918015130446,-17.495928986810277,3.237230218234424,-1.8623479879335259,-36.46045212938853,-91.3632008039438
323.0804039533697,-17.485876686091224,3.237248455566064,-1.8609761348707456,-36.457991662647565,-91.44738095528234
323.0816272169128,-17.475824333007317,3.237266807000358,-1.8596044150517281,-36.45552913641535,-91.53157362787015
323.08284994225517,-17.46577192758889,3.2372852725877106,-1.8582328284841196,-36.453064551161994,-91.6157788369795
323.084072129718,-17.455719469866246,3.237303852378524,-1.8568613751756464,-36.450597907357654,-91.69999659788236
323.08529377962225,-17.44566695986968,3.2373225464232016,-1.8554900551341573,-36.4481292054724,-91.78422692585073
323.08651489228885,-17.43561439762946,3.237341354772149,-1.8541188683676095,-36.445658445976264,-91.86846983615668
323.0877354680385,-17.425561783175848,3.237360277475769,-1.8527478148840544,-36.44318562933928,-91.95272534407239
323.08895550719177,-17.415509116539074,3.237379314584466,-1.8513768946916347,-36.44071075603142,-92.03699346486985
323.090175010069,-17.40545639774937,3.2373984661486426,-1.850006107798639,-36.43823382652265,-92.12127421382097
323.09139397699045,-17.39540362683692,3.237417732218704,-1.8486354542134,-36.435754841282865,-92.20556760619792
323.0926124082762,-17.385350803831916,3.237437112845053,-1.8472649339444,-36.433273800781976,-92.28987365727275
323.0938303042462,-17.375297928764525,3.2374566080780944,-1.8458945470001913,-36.43079070548981,-92.37419238231755
323.09504766522014,-17.36524500166489,3.23747621796823,-1.8445242933894734,-36.428305555876214,-92.4585237966042
323.0962644915177,-17.35519202256314,3.237495942565866,-1.8431541731209853,-36.42581835241094,-92.54286791540486
323.0974807834582,-17.345138991489385,3.237515781921405,-1.8417841862036353,-36.42332909556377,-92.62722475399165
323.09869654136105,-17.33508590847373,3.23753573608525,-1.8404143326464002,-36.420837785804416,-92.71159432763638
323.0999117655453,-17.325032773546237,3.237555805107807,-1.83904461245836,-36.41834442360256,-92.79597665161131
323.10112645633,-17.31497958673696,3.2375759890394784,-1.837675025648693,-36.41584900942784,-92.88037174118854
323.10234061403384,-17.30492634807595,3.2375962879306677,-1.8363055722267143,-36.41335154374991,-92.96477961163991
323.1035542389756,-17.294873057593218,3.237616701831779,-1.8349362522018167,-36.41085202703836,-93.04920027823763
323.1047673314737,-17.28481971531878,3.237637230793216,-1.8335670655834884,-36.408350459762715,-93.13363375625362
323.10597989184646,-17.274766321282623,3.2376578748653824,-1.8321980123813448,-36.40584684239252,-93.21808006095999
323.10719192041216,-17.264712875514693,3.237678634098684,-1.8308290926050717,-36.403341175397244,-93.30253920762894
323.1084034174888,-17.254659378044956,3.2376995085435216,-1.8294603062645,-36.400833459246385,-93.38701121153234
323.1096143833942,-17.24460582890335,3.2377204982503,-1.828091653369536,-36.39832369440933,-93.47149608794223
323.1108248184461,-17.23455222811978,3.237741603269424,-1.8267231339301997,-36.395811881355485,-93.55599385213068
323.112034722962,-17.224498575724162,3.237762823651296,-1.8253547479566201,-36.39329802055423,-93.64050451936968
323.1132440972594,-17.21444487174635,3.237784159446321,-1.8239864954590201,-36.39078211247485,-93.72502810493147
323.1144529416555,-17.204391116216215,3.237805610704902,-1.8226183764477177,-36.388264157586676,-93.80956462408801
323.1156612564673,-17.1943373091636,3.2378271774774436,-1.8212503909331588,-36.38574415635895,-93.89411409211134
323.1168690420119,-17.18428345061835,3.2378488598143482,-1.8198825389258833,-36.38322210926093,-93.97867652427327
323.11807629860596,-17.174229540610252,3.237870657766021,-1.8185148204365085,-36.38069801676177,-94.06325193584622
323.1192830265661,-17.164175579169104,3.2378925713828655,-1.8171472354758125,-36.37817187933065,-94.14784034210219
323.12048922620886,-17.15412156632468,3.2379146007152846,-1.8157797840546195,-36.37564369743673,-94.23244175831296
323.12169489785055,-17.144067502106736,3.237936745813683,-1.8144124661838834,-36.37311347154908,-94.31705619975087
323.12290004180716,-17.134013386545025,3.2379590067284645,-1.8130452818746843,-36.370581202136776,-94.40168368168774
323.12410465839486,-17.123959219669253,3.2379813835100317,-1.8116782311381554,-36.368046889668854,-94.48632421939574
323.12530874792947,-17.11390500150912,3.23800387620879,-1.8103113139855767,-36.365510534614316,-94.57097782814698
323.1265123107266,-17.103850732094333,3.2380264848751428,-1.8089445304283087,-36.362972137442135,-94.65564452321338
323.1277153471018,-17.09379641145454,3.2380492095594935,-1.8075778804778402,-36.360431698621234,-94.74032431986701
323.12891785737054,-17.083742039619413,3.2380720503122453,-1.8062113641457325,-36.357889218620535,-94.82501723338002
323.13011984184794,-17.07368761661857,3.2380950071838033,-1.8048449814436802,-36.35534469790892,-94.9097232790243
323.13132130084915,-17.06363314248164,3.2381180802245706,-1.8034787323834474,-36.352798136955194,-94.994442472072
323.13252223468896,-17.053578617238216,3.2381412694849514,-1.802112616976956,-36.35024953622819,-95.07917482779517
323.1337226436823,-17.043524040917887,3.238164575015349,-1.8007466352361599,-36.347698896196675,-95.16392036146587
323.1349225281436,-17.03346941355022,3.2381879968661664,-1.7993807871732104,-36.345146217329415,-95.248679088356
323.13612188838744,-17.023414735164746,3.2382115350878102,-1.7980150728002542,-36.34259150009508,-95.33345102373785
323.1373207247281,-17.013360005791014,3.238235189730682,-1.7966494921296317,-36.34003474496238,-95.41823618288333
323.1385190374797,-17.003305225458536,3.238258960845184,-1.795284045173747,-36.337475952399984,-95.50303458106451
323.13971682695615,-16.993250394196806,3.238282848481724,-1.7939187319451184,-36.33491512287645,-95.58784623355326
323.1409140934714,-16.9831955120353,3.238306852690703,-1.7925535524563738,-36.3323522568604,-95.67267115562201
323.14211083733915,-16.973140579003484,3.2383309735225256,-1.791188506720217,-36.329787354820375,-95.7575093625425
323.14330705887284,-16.963085595130806,3.2383552110275957,-1.7898235947494765,-36.32722041722491,-95.84236086958687
323.1445027583859,-16.95303056044669,3.2383795652563174,-1.7884588165571076,-36.324651444542454,-95.92722569202725
323.1456979361915,-16.942975474980553,3.238404036259093,-1.7870941721561477,-36.32208043724149,-96.0121038451355
323.1468925926028,-16.93292033876178,3.2384286240863283,-1.785729661559711,-36.319507395790446,-96.0969953441839
323.14808672793265,-16.922865151819757,3.238453328788425,-1.78436528478107,-36.3169323206577,-96.18190020444428
323.1492803424938,-16.912809914183836,3.2384781504157893,-1.7830010418335807,-36.31435521231159,-96.2668184411889
323.1504734365989,-16.902754625883375,3.238503089018823,-1.7816369327306854,-36.31177607122049,-96.35175006968953
323.1516660105604,-16.892699286947686,3.2385281446479315,-1.780272957485943,-36.30919489785265,-96.43669510521842
323.1528580646906,-16.88264389740608,3.2385533173535164,-1.7789091161130246,-36.30661169267638,-96.52165356304765
323.1540495993017,-16.87258845728785,3.2385786071859832,-1.7775454086256977,-36.30402645615986,-96.60662545844922
323.15524061470563,-16.862532966622275,3.238604014195736,-1.7761818350378524,-36.30143918877131,-96.69161080669512
323.15643111121426,-16.85247742543863,3.2386295384331776,-1.774818395363444,-36.298849890978914,-96.77660962305738
323.15762108913935,-16.842421833766117,3.238655179948712,-1.773455089616581,-36.296258563250774,-96.86162192280821
323.1588105487923,-16.832366191633994,3.238680938792743,-1.772091917811446,-36.293665206055024,-96.94664772121943
323.1599994904847,-16.822310499071456,3.2387068150156746,-1.7707288799623155,-36.29106981985973,-97.03168703356332
323.16118791452766,-16.812254756107702,3.238732808667911,-1.7693659760836136,-36.288472405132914,-97.11673987511173
323.1623758212323,-16.8021989627719,3.2387589197998548,-1.7680032061898379,-36.2858729623426,-97.20180626113681
323.16356321090956,-16.792143119093208,3.2387851484619103,-1.7666405702955883,-36.28327149195677,-97.28688620691062
323.16475008387033,-16.78208722510077,3.2388114947044824,-1.765278068415567,-36.280667994443334,-97.37197972770524
323.165936440425,-16.772031280823708,3.2388379585779727,-1.7639157005646444,-36.27806247027026,-97.45708683879268
323.1671222808843,-16.761975286291136,3.238864540132787,-1.7625534667576828,-36.27545491990539,-97.54220755544483
323.1683076055585,-16.75191924153214,3.238891239419329,-1.7611913670097517,-36.27284534381658,-97.62734189293396
323.1694924147577,-16.7418631465758,3.238918056488,-1.7598294013359705,-36.27023374247166,-97.71248986653201
323.17067670879203,-16.731807001451163,3.2389449913892068,-1.75846756975157,-36.267620116338406,-97.79765149151108
323.17186048797134,-16.721750806187284,3.2389720441733534,-1.757105872271902,-36.26500446588455,-97.88282678314317
323.1730437526054,-16.71169456081318,3.23899921489084,-1.7557443089124236,-36.26238679157787,-97.96801575670037
323.1742265030037,-16.701638265357854,3.2390265035920742,-1.7543828796886825,-36.25976709388602,-98.05321842745475
323.1754087394757,-16.691581919850307,3.239053910327457,-1.7530215846163557,-36.25714537327666,-98.1384348106783
323.1765904623308,-16.681525524319515,3.239081435147394,-1.7516604237111588,-36.25452163021743,-98.22366492164304
323.177771671878,-16.671469078794438,3.239109078102288,-1.750299396989015,-36.25189586517594,-98.30890877562112
323.1789523684264,-16.661412583304003,3.239136839242544,-1.748938504465877,-36.24926807861971,-98.39416638788454
323.1801325522847,-16.65135603787715,3.2391647186185644,-1.7475777461578117,-36.24663827101633,-98.4794377737053
323.1813122237616,-16.641299442542792,3.2391927162807543,-1.7462171220810374,-36.24400644283325,-98.5647229483554
323.1824913831658,-16.631242797329804,3.2392208322795164,-1.7448566322518122,-36.24137259453798,-98.65002192710718
323.1836700308055,-16.62118610226709,3.2392490666652547,-1.743496276686563,-36.23873672659796,-98.7353347252323
323.184848166989,-16.611129357383483,3.2392774194883738,-1.7421360554017582,-36.23609883948056,-98.82066135800312
323.1860257920244,-16.60107256270784,3.2393058907992764,-1.740775968414038,-36.23345893365322,-98.90600184069153
323.1872029062196,-16.591015718268988,3.2393344806483664,-1.7394160157400904,-36.230817009583234,-98.99135618856963
323.1883795098825,-16.580958824095745,3.239363189086048,-1.7380561973967321,-36.22817306773792,-99.07672441690939
323.1895556033206,-16.570901880216894,3.2393920161627268,-1.7366965134009087,-36.225527108584565,-99.16210654098298
323.19073118684145,-16.56084488666122,3.2394209619288032,-1.735336963769643,-36.22287913259045,-99.24750257606225
323.19190626075243,-16.55078784345748,3.2394500264346826,-1.7339775485200466,-36.22022914022279,-99.33291253741965
323.1930808253607,-16.54073075063443,3.239479209730769,-1.732618267669375,-36.217577131948744,-99.41833644032668
