galstreams/tracks/track.st.M5.ibata2021.ecsv
# %ECSV 0.9
# ---
# datatype:
# - {name: ra, unit: deg, datatype: float64}
# - {name: dec, unit: deg, datatype: float64}
# - {name: distance, unit: kpc, datatype: float64}
# - {name: pm_ra_cosdec, unit: mas / yr, datatype: float64}
# - {name: pm_dec, unit: mas / yr, datatype: float64}
# - {name: radial_velocity, unit: km / s, datatype: float64}
# delimiter: ','
# meta: !!omap
# - __serialized_columns__:
#     dec:
#       __class__: astropy.coordinates.angles.Latitude
#       unit: &id001 !astropy.units.Unit {unit: deg}
#       value: !astropy.table.SerializedColumn {name: dec}
#     distance:
#       __class__: astropy.coordinates.distances.Distance
#       unit: !astropy.units.Unit {unit: kpc}
#       value: !astropy.table.SerializedColumn {name: distance}
#     pm_dec:
#       __class__: astropy.units.quantity.Quantity
#       unit: !astropy.units.Unit {unit: mas / yr}
#       value: !astropy.table.SerializedColumn {name: pm_dec}
#     pm_ra_cosdec:
#       __class__: astropy.units.quantity.Quantity
#       unit: !astropy.units.Unit {unit: mas / yr}
#       value: !astropy.table.SerializedColumn {name: pm_ra_cosdec}
#     ra:
#       __class__: astropy.coordinates.angles.Longitude
#       unit: *id001
#       value: !astropy.table.SerializedColumn {name: ra}
#       wrap_angle: !astropy.coordinates.Angle
#         unit: *id001
#         value: 360.0
#     radial_velocity:
#       __class__: astropy.units.quantity.Quantity
#       unit: !astropy.units.Unit {unit: km / s}
#       value: !astropy.table.SerializedColumn {name: radial_velocity}
# schema: astropy-2.0
ra,dec,distance,pm_ra_cosdec,pm_dec,radial_velocity
[from data line 553]
201.38089567656746,15.831243640617654,7.413731691276135,3.037380992063882,-8.665628094829843,-1.6841534259744676e-14
201.39069295369626,15.827677044431884,7.415213872582239,3.036575389280512,-8.665313591615753,-5.0524602779234026e-14
201.4004904245399,15.824111390627056,7.416692437439486,3.035756657930833,-8.664998986896485,-5.0524602779234026e-14
201.41028809696883,15.820546698833743,7.418167335578254,3.0349247299998554,-8.664684320208847,-1.6841534259744676e-14
201.42008597885672,15.816982988681163,7.419638516728927,3.0340795374652396,-8.664369631077555,-3.368306851948935e-14
201.4298840780803,15.813420279797166,7.42110593062189,3.03322101229732,-8.664054959015271,-8.420767129872338e-14
201.4396824025197,15.809858591808252,7.422569526987517,3.0323490864591043,-8.663740343522587,-6.73661370389787e-14
201.4494809600581,15.806297944339557,7.4240292555561895,3.0314636919062647,-8.663425824088012,-8.420767129872338e-14
201.45927975858194,15.80273835701487,7.425485066058291,3.0305647605871666,-8.66311144018799,-3.368306851948935e-14
201.46907880598079,15.799179849456614,7.426936908224202,3.029652224442858,-8.662797231286902,-5.0524602779234026e-14
201.47887811014743,15.79562244128585,7.428384731784304,3.0287260154070728,-8.66248323683705,-1.6841534259744676e-14
201.48867767897795,15.792066152122306,7.429828486468975,3.0277860654062456,-8.662169496278674,-3.368306851948935e-14
201.49847752037138,15.78851100158433,7.431268122008602,3.0268323063595153,-8.661856049039939,-5.0524602779234026e-14
201.50827764223018,15.784957009288918,7.432703588133559,3.0258646701787173,-8.661542934536959,-5.0524602779234026e-14
201.51807805245986,15.781404194851714,7.43413483457423,3.024883088768407,-8.661230192173761,-6.73661370389787e-14
201.52787875896914,15.777852577887005,7.435561811060999,3.0238874940258476,-8.660917861342318,-6.73661370389787e-14
201.53767976966992,15.774302178007732,7.4369844673242405,3.022877817841027,-8.660605981422535,-6.73661370389787e-14
201.5474810924773,15.770753014825472,7.438402753094341,3.0218539920966556,-8.660294591782245,-6.73661370389787e-14
201.55728273530957,15.76720510795043,7.439816618101678,3.0208159486681767,-8.659983731777219,-5.0524602779234026e-14
201.5670847060881,15.763658476991491,7.441226012076634,3.0197636194237614,-8.659673440751162,-3.368306851948935e-14
201.57688701273756,15.760113141556172,7.442630884749591,3.018696936224327,-8.659363758035719,-3.368306851948935e-14
201.5866896631857,15.756569121250621,7.444031185850927,3.0176158309235266,-8.65905472295046,-3.368306851948935e-14
201.59649266536346,15.753026435679647,7.445426865111026,3.0165202353677723,-8.658746374802888,-6.73661370389787e-14
201.60629602720505,15.749485104446705,7.446817872260266,3.0154100813962117,-8.65843875288846,-3.368306851948935e-14
201.61609975664769,15.745945147153886,7.448204157029031,3.0142853008407657,-8.658131896490541,-1.6841534259744676e-14
201.62590386163188,15.742406583401944,7.449585669147702,3.013145825526105,-8.657825844880453,-1.6841534259744676e-14
201.63570835010125,15.73886943279028,7.450962358346654,3.011991587269676,-8.65752063731744,-8.420767129872338e-14
201.64551323000262,15.735333714916914,7.452334174356275,3.010822517881686,-8.657216313048679,-8.420767129872338e-14
201.65531850928593,15.731799449378535,7.453701066906945,3.0096385491651185,-8.656912911309291,-3.368306851948935e-14
201.6651241959043,15.72826665577049,7.455062985729041,3.0084396129157427,-8.656610471322326,-3.368306851948935e-14
201.674930297814,15.724735353686757,7.456419880552946,3.0072256409221048,-8.656309032298765,-6.73661370389787e-14
201.68473682297451,15.721205562719963,7.457771701109043,3.005996564965539,-8.65600863343752,-3.368306851948935e-14
201.69454377934838,15.71767730246139,7.459118397127712,3.0047523168201695,-8.655709313925449,-5.0524602779234026e-14
201.70435117490146,15.714150592500967,7.460459918339328,3.003492828252921,-8.655411112937333,-3.368306851948935e-14
201.71415901760258,15.710625452427271,7.461796214474283,3.0022180310235127,-8.655114069635884,-1.6841534259744676e-14
201.7239673154239,15.70710190182753,7.46312723526295,3.0009278568844717,-8.654818223171745,-3.368306851948935e-14
201.73377607634055,15.703579960287614,7.464452930435711,2.999622237581133,-8.654523612683496,-5.0524602779234026e-14
201.74358530833095,15.70005964739205,7.4657732497229485,2.998301104851641,-8.654230277297648,-8.420767129872338e-14
201.75339501937665,15.696540982724002,7.467088142855042,2.9969643904269554,-8.653938256128635,-5.0524602779234026e-14
201.76320521746234,15.69302398586532,7.468397559562374,2.9956120260308623,-8.653647588278828,-1.0104920555846805e-13
201.77301591057582,15.689508676396448,7.469701449575325,2.994243943379963,-8.65335831283852,-1.6841534259744676e-14
201.78282710670805,15.685995073896532,7.470999762624275,2.992860074183699,-8.653070468885941,-3.368306851948935e-14
201.79263881385316,15.682483197943329,7.4722924484396085,2.991460350144328,-8.652784095487233,-5.0524602779234026e-14
201.80245104000844,15.67897306811328,7.473579456751699,2.990044702956954,-8.652499231696488,-6.73661370389787e-14
201.81226379317428,15.675464703981453,7.4748607372909355,2.988613064309524,-8.6522159165557,-5.0524602779234026e-14
201.8220770813543,15.671958125121574,7.476136239787694,2.98716536588281,-8.6519341890948,-1.6841534259744676e-14
201.8318909125551,15.668453351106029,7.477405913972358,2.9857015393504565,-8.651654088331643,-3.368306851948935e-14
201.8417052947866,15.664950401505836,7.478669709575305,2.9842215163789385,-8.651375653272005,-3.368306851948935e-14
201.85152023606173,15.661449295890689,7.479927576326921,2.9827252286275945,-8.651098922909583,-3.368306851948935e-14
201.8613357443966,15.65795005382891,7.481179463957584,2.9812126077486205,-8.650823936225997,-5.0524602779234026e-14
201.87115182781054,15.654452694887492,7.482425322197675,2.9796835853870736,-8.650550732190782,-3.368306851948935e-14
201.88096849432588,15.650957238632067,7.483665100777576,2.978138093180875,-8.650279349761398,1.6841534259744676e-14
201.89078575196814,15.647463704626935,7.484898749427666,2.976576062760814,-8.650009827883224,-3.368306851948935e-14
201.90060360876606,15.643972112435028,7.4861262178783265,2.9749974257505576,-8.64974220548955,0.0
201.91042207275135,15.640482481617939,7.4873474558599415,2.9734021137666438,-8.64947652150158,-5.0524602779234026e-14
201.92024115195898,15.636994831735924,7.488562413102888,2.971790058418493,-8.649212814828438,-3.368306851948935e-14
201.930060854427,15.633509182347877,7.4897710393375485,2.9701611913084047,-8.648951124367155,-8.420767129872338e-14
201.93988118819667,15.630025553011357,7.490973284294304,2.9685154440315715,-8.64869148900268,-5.0524602779234026e-14
201.94970216131227,15.626543963282566,7.492169097703535,2.9668527481760676,-8.648433947607867,-3.368306851948935e-14
201.95952378182122,15.623064432716372,7.493358429295624,2.9651730353228665,-8.648178539043473,-3.368306851948935e-14
201.96934605777412,15.619586980866286,7.49454122880095,2.963476237045834,-8.647925302158177,-5.0524602779234026e-14
201.9791689972247,15.616111627284466,7.495717445949895,2.9617622849117384,-8.647674275788544,-5.0524602779234026e-14
201.98899260822984,15.61263839152175,7.4968870304728386,2.96003111048025,-8.647425498759068,0.0
201.99881689884938,15.609167293127607,7.498049932100163,2.958282645303944,-8.647179009882121,-6.73661370389787e-14
202.00864187714652,15.605698351650167,7.499206100562252,2.956516820928307,-8.646934847957986,-5.0524602779234026e-14
202.01846755118746,15.602231586636224,7.500355485589481,2.9547335688917316,-8.646693051774847,-3.368306851948935e-14
202.02829392904147,15.598767017631205,7.501498036912235,2.9529328207255396,-8.646453660108786,-8.420767129872338e-14
202.03812101878108,15.59530466417921,7.50263370426089,2.951114507953956,-8.646216711723772,-3.368306851948935e-14
202.04794882848182,15.591844545822992,7.503762437365835,2.949278562094136,-8.645982245371673,-6.73661370389787e-14
202.05777736622247,15.588386682103954,7.504884185957444,2.947424914656158,-8.645750299792256,-1.6841534259744676e-14
202.06760664008473,15.584931092562154,7.5059988997661,2.945553497143029,-8.645520913713167,-6.73661370389787e-14
202.07743665815366,15.581477796736309,7.507106528522185,2.943664241050685,-8.64529412584994,-6.73661370389787e-14
202.08726742851726,15.578026814163788,7.5082070219560775,2.9417570778679942,-8.645069974906011,-5.0524602779234026e-14
202.0970989592667,15.57457816438062,7.5093003297981635,2.939831939076766,-8.644848499572676,-1.6841534259744676e-14
202.10693125849633,15.57113186692148,7.510386401778819,2.937888756151744,-8.644629738529133,0.0
202.1167643343035,15.567687941319722,7.511465187628425,2.935927460560621,-8.644413730442453,-5.0524602779234026e-14
202.12659819478878,15.56424640710732,7.512536637077367,2.9339479837640234,-8.644200513967583,-1.6841534259744676e-14
202.13643284805582,15.560807283814942,7.5136006998560205,2.931950257215535,-8.643990127747351,-3.368306851948935e-14
202.14626830221133,15.557370590971882,7.51465732569477,2.929934212361689,-8.643782610412451,-8.420767129872338e-14
202.15610456536524,15.553936348106106,7.515706464323996,2.9278997806419653,-8.643578000581453,-3.368306851948935e-14
202.1659416456305,15.55050457474424,7.516748065474077,2.925846893488811,-8.643376336860802,-1.6841534259744676e-14
202.17577955112324,15.547075290411556,7.517782078875397,2.9237754823276187,-8.643177657844802,-1.6841534259744676e-14
202.18561828996266,15.543648514631986,7.518808454258335,2.921685478576752,-8.642982002115618,-5.0524602779234026e-14
202.1954578702711,15.540224266928117,7.519827141353274,2.9195768136475326,-8.642789408243283,-3.368306851948935e-14
202.20529830017395,15.536802566821201,7.520838089890594,2.9174494189442544,-8.642599914785697,-3.368306851948935e-14
202.21513958779983,15.533383433831144,7.521841249600674,2.915303225864171,-8.642413560288603,-5.0524602779234026e-14
202.2249817412803,15.5299668874765,7.522836570213896,2.91313816579752,-8.642230383285602,-6.73661370389787e-14
202.23482476875023,15.526552947274492,7.523824001460641,2.9109541701274955,-8.642050422298157,-1.6841534259744676e-14
202.2446686783474,15.523141632741003,7.5248034930712935,2.9087511702302877,-8.641873715835565,-8.420767129872338e-14
202.25451347821289,15.51973296339055,7.5257749947762305,2.9065290974750493,-8.641700302394987,-3.368306851948935e-14
202.2643591764907,15.516326958736336,7.526738456305833,2.9042878832239207,-8.641530220461416,-1.6841534259744676e-14
202.27420578132808,15.512923638290216,7.527693827390481,2.902027458832027,-8.641363508507691,-6.73661370389787e-14
202.28405330087537,15.50952302156268,7.52864105776056,2.899747755647476,-8.641200204994483,-3.368306851948935e-14
202.29390174328591,15.50612512806291,7.5295800971464475,2.8974487050113638,-8.641040348370314,-6.73661370389787e-14
202.30375111671626,15.502729977298717,7.530510895278525,2.895130238257779,-8.640883977071523,-5.0524602779234026e-14
202.31360142932604,15.499337588776587,7.531433401887174,2.892792286713798,-8.640731129522287,-3.368306851948935e-14
202.32345268927799,15.49594798200166,7.532347566702775,2.8904347816994966,-8.640581844134609,-5.0524602779234026e-14
202.33330490473793,15.492561176477736,7.533253339455708,2.888057654527944,-8.640436159308322,-3.368306851948935e-14
202.3431580838748,15.489177191707272,7.534150669876356,2.8856608365052088,-8.640294113431072,-6.73661370389787e-14
202.35301223486073,15.485796047191377,7.535039507695099,2.883244258930362,-8.640155744878324,-1.6841534259744676e-14
202.36286736587073,15.482417762429828,7.535919802642317,2.8808078530954764,-8.640021092013365,-3.368306851948935e-14
202.37272348508316,15.479042356921058,7.5367915044483915,2.878351550285629,-8.63989019318729,-1.6841534259744676e-14
202.3825806006793,15.475669850162161,7.537654562843705,2.8758752817789084,-8.639763086738999,-8.420767129872338e-14
202.39243872084367,15.472300261648877,7.538508927558638,2.873378978846403,-8.639639810995202,0.0
202.4022978537638,15.468933610875627,7.539354548323569,2.870862572752221,-8.639520404270419,-1.6841534259744676e-14
202.41215800763038,15.46556991733547,7.540191374868881,2.8683259947534827,-8.639404904866957,-3.368306851948935e-14
202.42201919063714,15.46220920052014,7.541019356924955,2.865769176100315,-8.639293351074924,-6.73661370389787e-14
202.43188141098102,15.458851479920012,7.54183844422217,2.863192048035869,-8.639185781172221,-5.0524602779234026e-14
202.4417446768619,15.455496775024141,7.542648586490912,2.860594541796312,-8.63908223342454,-3.368306851948935e-14
202.45160899648295,15.452145105320241,7.543449733461554,2.8579765886108337,-8.638982746085361,-5.0524602779234026e-14
202.46147437805024,15.448796490294654,7.544241834864483,2.85533811970164,-8.63888735739593,-5.0524602779234026e-14
202.47134082977314,15.445450949432416,7.54502484043008,2.8526790662839656,-8.638796105585294,-3.368306851948935e-14
202.48120835986396,15.44210850221721,7.5457986998887225,2.8499993595660658,-8.638709028870267,-5.0524602779234026e-14
202.4910769765382,15.438769168131374,7.546563362970793,2.8472989307492305,-8.63862616545543,-6.73661370389787e-14
202.50094668801447,15.435432966655915,7.547318779406674,2.844577711027772,-8.638547553533135,-3.368306851948935e-14
202.51081750251436,15.432099917270493,7.5480648989267465,2.841835631589036,-8.638473231283498,-6.73661370389787e-14
202.52068942826273,15.428770039453433,7.548801671261386,2.8390726236133945,-8.638403236874407,-5.0524602779234026e-14
202.53056247348744,15.425443352681706,7.5495290461409805,2.836288618274258,-8.638337608461484,-1.6841534259744676e-14
202.54043664641944,15.422119876430965,7.550246973295907,2.8334835467380737,-8.638276384188128,1.6841534259744676e-14
202.5503119552928,15.418799630175501,7.550955402456548,2.8306573401643202,-8.638219602185469,1.6841534259744676e-14
202.56018840834474,15.415482633388292,7.551654283353282,2.8278099297055164,-8.638167300572398,-3.368306851948935e-14
202.5700660138155,15.41216890554094,7.552343565716494,2.8249412465072195,-8.63811951745553,-5.0524602779234026e-14
202.5799447799485,15.40885846610373,7.553023199276563,2.822051221708027,-8.63807629092924,-6.73661370389787e-14
202.5898247149902,15.405551334545603,7.553693133763868,2.8191397864395804,-8.638037659075616,-5.0524602779234026e-14
202.59970582719012,15.40224753033417,7.554353318908792,2.8162068718265636,-8.638003659964488,-5.0524602779234026e-14
202.60958812480098,15.398947072935684,7.555003704441716,2.8132524089867075,-8.637974331653409,-5.0524602779234026e-14
202.61947161607856,15.395649981815064,7.555644240093021,2.8102763290307804,-8.637949712187648,-1.6841534259744676e-14
202.62935630928172,15.3923562764359,7.556274875593087,2.807278563062608,-8.637929839600197,-8.420767129872338e-14
202.63924221267246,15.389065976260419,7.556895560672296,2.8042590421790594,-8.637914751911762,-3.368306851948935e-14
202.6491293345158,15.385779100749541,7.5575062450610275,2.801217697470054,-8.637904487130758,-8.420767129872338e-14
202.65901768307995,15.382495669362815,7.558106878489665,2.7981544600185613,-8.637899083253297,-6.73661370389787e-14
202.66890726663618,15.379215701558465,7.558697410688588,2.795069260900604,-8.637898578263203,-3.368306851948935e-14
202.67879809345885,15.37593921679338,7.559277791388175,2.7919620311852578,-8.637903010131986,-6.73661370389787e-14
202.68869017182544,15.372666234523097,7.559847970318813,2.78883270193465,-8.637912416818853,-3.368306851948935e-14
202.6985835100165,15.369396774201824,7.560407897210875,2.785681204203969,-8.637926836270703,-8.420767129872338e-14
202.70847811631575,15.366130855282423,7.56095752179475,2.7825074690414495,-8.637946306422103,-6.73661370389787e-14
202.7183739990099,15.362868497216418,7.561496793800811,2.7793114274883925,-8.637970865195312,-3.368306851948935e-14
