galstreams/tracks/track.st.Fjorm.ibata2020.ecsv
# %ECSV 0.9
# ---
# datatype:
# - {name: ra, unit: deg, datatype: float64}
# - {name: dec, unit: deg, datatype: float64}
# - {name: distance, unit: kpc, datatype: float64}
# - {name: pm_ra_cosdec, unit: mas / yr, datatype: float64}
# - {name: pm_dec, unit: mas / yr, datatype: float64}
# - {name: radial_velocity, unit: km / s, datatype: float64}
# delimiter: ','
# meta: !!omap
# - __serialized_columns__:
#     dec:
#       __class__: astropy.coordinates.angles.Latitude
#       unit: &id001 !astropy.units.Unit {unit: deg}
#       value: !astropy.table.SerializedColumn {name: dec}
#     distance:
#       __class__: astropy.coordinates.distances.Distance
#       unit: !astropy.units.Unit {unit: kpc}
#       value: !astropy.table.SerializedColumn {name: distance}
#     pm_dec:
#       __class__: astropy.units.quantity.Quantity
#       unit: !astropy.units.Unit {unit: mas / yr}
#       value: !astropy.table.SerializedColumn {name: pm_dec}
#     pm_ra_cosdec:
#       __class__: astropy.units.quantity.Quantity
#       unit: !astropy.units.Unit {unit: mas / yr}
#       value: !astropy.table.SerializedColumn {name: pm_ra_cosdec}
#     ra:
#       __class__: astropy.coordinates.angles.Longitude
#       unit: *id001
#       value: !astropy.table.SerializedColumn {name: ra}
#       wrap_angle: !astropy.coordinates.Angle
#         unit: *id001
#         value: 360.0
#     radial_velocity:
#       __class__: astropy.units.quantity.Quantity
#       unit: !astropy.units.Unit {unit: km / s}
#       value: !astropy.table.SerializedColumn {name: radial_velocity}
# schema: astropy-2.0
ra,dec,distance,pm_ra_cosdec,pm_dec,radial_velocity
[from data line 139]
214.33220578045712,48.06435670912251,5.548152996274194,0.5873650724271764,5.855610325205503,-3.368306851948935e-14
214.89124975345965,48.667216104102955,5.5457871032958606,0.6661586734710594,5.845816567293253,-1.6841534259744676e-14
215.46645589990155,49.26638458723043,5.543956631541277,0.7460149181350969,5.833273332737533,-2.5262301389617013e-14
216.0584585909357,49.86168540849195,5.5426858238279895,0.8269238914583653,5.817888133510111,-4.210383564936169e-14
216.66791720779963,50.45293183737324,5.541998922973546,0.9088719415087797,5.799565395424517,-2.5262301389617013e-14
217.29551655410256,51.039926594331945,5.5419201717954945,0.9918412153312796,5.77820640033561,-1.6841534259744676e-14
217.9419671523357,51.62246125613844,5.54247381311138,1.0758091483861543,5.753709247557068,-1.6841534259744676e-14
218.60800539830313,52.200315635585056,5.543684089738752,1.1607479038656796,5.725968839420874,-5.0524602779234026e-14
219.2943935432373,52.7732571365119,5.545575244495154,1.2466237582671749,5.694876896740178,-2.5262301389617013e-14
220.00191946901393,53.34104008564404,5.548171520198138,1.3333964296773997,5.660322010879469,-4.210383564936169e-14
220.73139621711343,53.90340504339019,5.55149715966525,1.4210183454133527,5.622189740189418,-1.6841534259744676e-14
221.48366122679565,54.460078096538695,5.555576405714035,1.5094338459996985,5.580362759729533,-2.5262301389617013e-14
222.2595752324,55.01077013671651,5.5604335011620405,1.5985783229816408,5.534721074478268,-2.5262301389617013e-14
223.0600207638003,55.55517612956891,5.566092688826815,1.6883772888177981,5.485142307609686,-1.6841534259744676e-14
223.88590018793172,56.09297438089283,5.572578211525904,1.7787453781217901,5.431502076882377,-4.210383564936169e-14
224.73813322309562,56.62382580742877,5.57991431207686,1.869585280881595,5.373674473714921,-2.5262301389617013e-14
225.61765385162357,57.14737322170477,5.588125233297223,1.9607866100456397,5.311532661073139,1.6841534259744676e-14
226.5254065507017,57.663240642241114,5.597235218004542,2.052224708093455,5.244949607812483,0.0
227.46234175604965,58.17103264257671,5.607268509016367,2.1437593999776494,5.173798978528057,-8.420767129872338e-15
228.42941046914035,58.6703337549663,5.618249349150243,2.235233703203863,5.097956199163832,0.0
229.42755791626678,59.160707947213936,5.630201981223718,2.326472509871733,5.017299719492634,-1.6841534259744676e-14
230.45771616765242,59.64169819392861,5.643150648054339,2.4172812602843914,4.931712493937075,8.420767129872338e-15
231.52079562773204,60.11282616647102,5.657119592459654,2.5074446332772973,4.841083701861267,-3.368306851948935e-14
232.6176753145784,60.573592068943896,5.672133057257208,2.596725284714016,4.745310727189979,-8.420767129872338e-15
233.74919185822037,61.02347465066934,5.688215285264549,2.6848626725935087,4.64430141473688,-4.210383564936169e-14
234.91612716536974,61.461931428571866,5.705390519299226,2.7715720147896783,4.537976616647686,8.420767129872338e-15
236.11919472295432,61.88839915558337,5.7236830021787855,2.8565434333909234,4.426273036572709,0.0
237.35902454595296,62.302294573404104,5.7431169767207715,2.9394413476119166,4.309146371259495,-1.6841534259744676e-14
238.63614681728066,62.70301548944327,5.763716685742735,3.0199041848686967,4.186574738915124,-8.420767129872338e-15
239.9509743195941,63.089942218239976,5.785506372062221,3.097544486259752,4.058562370708593,8.420767129872338e-15
241.30378382114662,63.46243942680235,5.808510278496779,3.1719494876479852,3.9251435260623553,-8.420767129872338e-15
242.6946966498733,63.819858420750435,5.832752647863955,3.2426822599180327,3.786386573989221,8.420767129872338e-15
244.1236587705634,64.16153990355217,5.858257722981295,3.30928349080242,3.642398161975105,-8.420767129872338e-15
245.59042076706305,64.48681723416105,5.885049746666347,3.3712739848761273,3.4933273714065516,-1.6841534259744676e-14
247.09451822150132,64.79502019871806,5.913152961736659,3.428157946879014,3.339369735275887,2.1051917824680846e-14
248.6352530707691,65.08547929948199,5.942591611009776,3.47942709554067,3.1807709712521897,-3.368306851948935e-14
250.21167660074508,65.3575305487641,5.9733899373032475,3.524565629932905,3.0178302629769416,-1.6841534259744676e-14
251.8225748037095,65.61052073751999,6.00557218343462,3.563056037891994,2.850902906782837,-2.1051917824680846e-14
253.46645686579834,65.84381312780246,6.039162592221441,3.5943856966876053,2.6804021323408755,-4.210383564936169e-15
255.1415475607352,66.05679349618143,6.074185406481256,3.618054171098226,2.5067999064673914,-2.5262301389617013e-14
256.84578429549475,66.2488764324765,6.110664869031613,3.6335810654911582,2.330626541708868,-8.420767129872338e-15
258.5768194765878,66.41951177598048,6.14862522269006,3.6405142373977646,2.1524689570707993,0.0
260.3320287385782,66.56819105127006,6.188090710274144,3.6384381342008236,1.9729674781770716,0.0
262.10852539920984,66.69445374932432,6.229085574601411,3.626981976216195,1.7928111178292891,-4.210383564936169e-15
263.90318128268535,66.79789328863093,6.271634058489411,3.6058274830874177,1.6127313435070136,1.6841534259744676e-14
265.7126537937389,66.87816248671228,6.315760404755688,3.5747158300613298,1.4334944123855788,0.0
267.5334188445713,66.9349783761783,6.3614888562177905,3.5334535294520966,1.2558924320899334,-1.0525958912340423e-14
269.3618089528404,66.9681262116207,6.408843655693266,3.4819169619980626,1.080733380714944,1.2631150694808506e-14
271.19405556259045,66.9774625343887,6.4578490459996605,3.420055332512656,0.9088303861841691,2.1051917824680845e-15
273.02633441248526,66.96291719079751,6.508529269954522,3.3478918917533798,0.7409906165821447,1.0525958912340423e-15
274.85481260621333,66.92449423419609,6.5609085703754,3.265523347291129,0.578004164492614,-1.2631150694808506e-14
276.67569594339216,66.86227168053519,6.615011190079836,3.173117474251526,0.4206333161563229,1.0525958912340423e-15
278.4852750544006,66.7764001281849,6.67086137188538,3.0709090250730906,0.26960257922755804,-4.210383564936169e-15
280.2799689506777,66.66710029312472,6.728483358609583,2.9591941187240223,0.1255898023176775,-1.4473193504468083e-14
282.0563647469739,66.53465954770921,6.787901393069987,2.8383233577304896,-0.010781341054247265,-1.5295534044494677e-15
283.81125252092477,66.3794275827756,6.849139718084141,2.7086939709843425,-0.13894730659325874,1.0525958912340423e-15
285.5416545302107,66.2018113372044,6.912222576469592,2.5707413087180715,-0.25840895700412625,8.420767129872338e-15
287.24484828763326,66.0022693551433,6.97717421104389,2.4249300225811226,-0.36873413310632785,-2.5788599335234036e-14
288.918383278472,65.78130573863126,7.044018864624578,2.2717452498548045,-0.4695585667717382,6.315575347404253e-15
290.56009137297826,65.53946386266755,7.112780780029202,2.111684089664903,-0.5605852523470367,-1.2631150694808506e-14
292.1680912238947,65.27732001177611,7.183484200075315,1.9452476149269382,-0.6415824471135906,-2.315710960714893e-14
