galstreams/tracks/track.st.M2.grillmair2022.ecsv
# %ECSV 1.0
# ---
# datatype:
# - {name: ra, unit: deg, datatype: float64}
# - {name: dec, unit: deg, datatype: float64}
# - {name: distance, unit: kpc, datatype: float64}
# - {name: pm_ra_cosdec, unit: mas / yr, datatype: float64}
# - {name: pm_dec, unit: mas / yr, datatype: float64}
# - {name: radial_velocity, unit: km / s, datatype: float64}
# delimiter: ','
# meta: !!omap
# - __serialized_columns__:
#     dec:
#       __class__: astropy.coordinates.angles.Latitude
#       unit: &id001 !astropy.units.Unit {unit: deg}
#       value: !astropy.table.SerializedColumn {name: dec}
#     distance:
#       __class__: astropy.coordinates.distances.Distance
#       unit: !astropy.units.Unit {unit: kpc}
#       value: !astropy.table.SerializedColumn {name: distance}
#     pm_dec:
#       __class__: astropy.units.quantity.Quantity
#       unit: !astropy.units.Unit {unit: mas / yr}
#       value: !astropy.table.SerializedColumn {name: pm_dec}
#     pm_ra_cosdec:
#       __class__: astropy.units.quantity.Quantity
#       unit: !astropy.units.Unit {unit: mas / yr}
#       value: !astropy.table.SerializedColumn {name: pm_ra_cosdec}
#     ra:
#       __class__: astropy.coordinates.angles.Longitude
#       unit: *id001
#       value: !astropy.table.SerializedColumn {name: ra}
#       wrap_angle: !astropy.coordinates.Angle
#         unit: *id001
#         value: 360.0
#     radial_velocity:
#       __class__: astropy.units.quantity.Quantity
#       unit: !astropy.units.Unit {unit: km / s}
#       value: !astropy.table.SerializedColumn {name: radial_velocity}
# schema: astropy-2.0
ra,dec,distance,pm_ra_cosdec,pm_dec,radial_velocity
[from data line 422]
285.40485124557233,-15.322847762781118,11.692999999999998,7.808142564104737,-1.4786366758711131,5.0524602779234026e-14
285.41460052242985,-15.319447351388765,11.692999999999998,7.806923601949304,-1.4789534217427118,-2.7788531528578715e-13
285.42434832531654,-15.316042207595542,11.692999999999998,7.80570497116687,-1.4792693998066553,-1.0946997268834039e-13
285.4340946567323,-15.312632342309257,11.692999999999998,7.804486670979464,-1.4795846117439366,6.315575347404254e-14
285.44383951917615,-15.30921776642586,11.692999999999998,7.803268700610289,-1.4798990592338044,-9.262843842859572e-14
285.4535829151457,-15.305798490829492,11.692999999999998,7.802051059283744,-1.480212743953767,-8.841805486365955e-14
285.4633248471374,-15.302374526392528,11.692999999999998,7.800833746225395,-1.4805256675795957,-1.7262572616238293e-13
285.4730653176465,-15.298945883975511,11.692999999999998,7.799616760662006,-1.4808378317853248,-3.578826030195744e-13
285.4828043291672,-15.295512574427175,11.692999999999998,7.798400101821513,-1.4811492382432445,-9.262843842859572e-14
285.4925418841921,-15.29207460858452,11.692999999999998,7.797183768933028,-1.4814598886239214,6.73661370389787e-14
285.50227798521286,-15.288631997272711,11.693,7.795967761226851,-1.481769784596177,-1.2631150694808508e-13
285.51201263471995,-15.285184751305152,11.692999999999998,7.794752077934451,-1.4820789278270996,-8.420767129872338e-15
285.52174583520235,-15.281732881483517,11.692999999999998,7.79353671828847,-1.4823873199820492,8.420767129872338e-14
285.53147758914804,-15.278276398597649,11.692999999999998,7.7923216815227345,-1.4826949627246468,-1.0525958912340423e-13
285.54120789904374,-15.274815313425666,11.692999999999996,7.791106966872236,-1.4830018577167845,-2.73674931720851e-13
285.5509367673749,-15.271349636733948,11.693,7.789892573573139,-1.4833080066186204,-5.4734986344170195e-14
285.5606641966255,-15.267879379277105,11.692999999999996,7.78867850086278,-1.4836134110885904,-9.683882199353189e-14
285.57039018927884,-15.26440455179798,11.692999999999998,7.787464747979665,-1.48391807278339,-7.578690416885104e-14
285.5801147478163,-15.26092516502776,11.692999999999998,7.7862513141634695,-1.484221993357996,-2.48412630331234e-13
285.5898378747186,-15.257441229685803,11.692999999999998,7.785038198655033,-1.484525174465649,-3.705137537143829e-13
285.5995595724649,-15.25395275647983,11.692999999999998,7.783825400696364,-1.484827617757869,6.315575347404254e-14
285.60927984353293,-15.25045975610579,11.692999999999996,7.7826129195306315,-1.485129324884451,-1.7262572616238293e-13
285.6189986903997,-15.246962239247916,11.692999999999998,7.781400754402174,-1.4854302974934548,-1.894672604221276e-13
285.62871611554044,-15.24346021657878,11.693,7.780188904556485,-1.4857305372312297,-8.420767129872338e-14
285.6384321214294,-15.239953698759214,11.692999999999998,7.778977369240229,-1.4860300457423898,-6.73661370389787e-14
285.6481467105395,-15.236442696438345,11.692999999999998,7.777766147701216,-1.486328824669834,-2.3578147963642546e-13
285.6578598853424,-15.232927220253659,11.692999999999998,7.776555239188433,-1.4866268756547354,-8.420767129872338e-15
285.66757164830835,-15.22940728083091,11.693,7.775344642952008,-1.4869242003365502,-3.705137537143829e-13
285.67728200190675,-15.225882888784179,11.692999999999996,7.774134358243238,-1.487220800353004,3.789345208442552e-14
285.68699094860506,-15.222354054715911,11.692999999999998,7.77292438431456,-1.4875166773401203,-3.368306851948935e-14
285.69669849086995,-15.218820789216855,11.692999999999998,7.771714720419582,-1.4878118329321914,-2.98937233110468e-13
285.7064046311669,-15.215283102866072,11.692999999999996,7.770505365813057,-1.4881062687617899,-9.683882199353189e-14
285.7161093719596,-15.21174100623104,11.692999999999996,7.769296319750887,-1.4883999864597834,-8.420767129872338e-15
285.72581271571084,-15.208194509867525,11.692999999999998,7.768087581490123,-1.4886929876553159,-2.6525416459097863e-13
285.73551466488215,-15.204643624319646,11.692999999999998,7.766879150288977,-1.4889852739758114,9.262843842859572e-14
285.7452152219334,-15.201088360119956,11.692999999999998,7.7656710254068,-1.4892768470469948,-1.4315304120782974e-13
285.7549143893236,-15.197528727789281,11.692999999999996,7.7644632061040895,-1.4895677084928598,-1.768361097273191e-13
285.76461216951014,-15.193964737836897,11.692999999999998,7.76325569164249,-1.4898578599357006,-2.610437810260425e-13
285.7743085649493,-15.19039640076041,11.692999999999998,7.762048481284793,-1.4901473029960914,-7.578690416885104e-14
285.784003578096,-15.186823727045827,11.692999999999998,7.7608415742949335,-1.490436039292901,-2.3578147963642546e-13
285.7936972114039,-15.183246727167534,11.692999999999998,7.759634969937981,-1.4907240704432825,-3.368306851948935e-14
285.8033894673252,-15.179665411588358,11.692999999999998,7.758428667480158,-1.4910113980626845,4.631421921429786e-14
285.8130803483109,-15.176079790759456,11.692999999999994,7.757222666188817,-1.4912980237648463,-1.347322740779574e-13
285.8227698568107,-15.172489875120462,11.692999999999996,7.756016965332449,-1.4915839491617962,-1.221011233831489e-13
285.8324579952729,-15.168895675099376,11.692999999999996,7.754811564180694,-1.491869175863859,-1.6841534259744677e-13
285.84214476614466,-15.165297201112622,11.692999999999998,7.75360646200432,-1.4921537054796463,2.947268495455318e-14
285.85183017187154,-15.16169446356509,11.692999999999998,7.752401658075227,-1.4924375396160805,-1.894672604221276e-13
285.861514214898,-15.158087472850047,11.692999999999998,7.751197151666457,-1.49272067987836,4.631421921429786e-14
285.87119689766723,-15.154476239349215,11.692999999999994,7.749992942052179,-1.4930031278699918,-1.1368035625327657e-13
285.88087822262077,-15.15086077343278,11.692999999999996,7.748789028507697,-1.4932848851927765,2.947268495455318e-14
285.890558192199,-15.14724108545935,11.692999999999998,7.74758541030944,-1.493565953446814,-2.48412630331234e-13
285.90023680884127,-15.143617185775971,11.692999999999998,7.7463820867349735,-1.4938463342304984,-2.9051646598059566e-13
285.90991407498507,-15.139989084718213,11.692999999999998,7.745179057062994,-1.4941260291405287,5.894536990910637e-14
285.9195899930668,-15.136356792610043,11.692999999999996,7.743976320573312,-1.4944050397719042,2.1051917824680846e-14
285.9292645655216,-15.132720319763909,11.692999999999998,7.742773876546874,-1.4946833677179197,-1.0946997268834039e-13
285.93893779478304,-15.12907967648078,11.692999999999996,7.74157172426575,-1.4949610145701797,-3.115683838052765e-13
285.9486096832836,-15.125434873050065,11.692999999999998,7.740369863013132,-1.4952379819185828,-2.063087946818723e-13
285.9582802334543,-15.121785919749659,11.693,7.739168292073335,-1.4955142713513387,-3.410410687598297e-13
285.96794944772466,-15.118132826845992,11.692999999999998,7.737967010731795,-1.495789884454958,-6.315575347404254e-14
285.97761732852314,-15.114475604593935,11.692999999999998,7.736766018275073,-1.4960648228142563,-2.1051917824680846e-14
285.98728387827646,-15.110814263236923,11.692999999999998,7.7355653139908345,-1.4963390880123617,-3.073580002403403e-13
285.9969490994104,-15.107148813006857,11.692999999999998,7.734364897167885,-1.496612681630694,2.5262301389617013e-14
286.0066129943491,-15.10347926412417,11.692999999999998,7.733164767096126,-1.4968856052489992,-2.7788531528578715e-13
286.01627556551546,-15.099805626797803,11.692999999999998,7.731964923066588,-1.4971578604453133,-1.2631150694808506e-14
286.02593681533085,-15.096127911225265,11.692999999999996,7.730765364371413,-1.4974294487960005,-1.1368035625327657e-13
286.0355967462155,-15.092446127592536,11.692999999999998,7.729566090303851,-1.4977003718757183,-1.9367764398706378e-13
286.04525536058804,-15.088760286074216,11.692999999999998,7.72836710015827,-1.4979706312574448,-1.4315304120782974e-13
286.0549126608659,-15.085070396833377,11.692999999999998,7.72716839323015,-1.498240228512467,-2.8630608241565947e-13
286.0645686494651,-15.081376470021658,11.692999999999996,7.725969968816072,-1.4985091652103821,-1.8525687685719145e-13
286.0742233288002,-15.077678515779295,11.692999999999998,7.724771826213737,-1.4987774429191036,-2.5262301389617013e-14
286.0838767012844,-15.073976544235048,11.692999999999998,7.723573964721951,-1.4990450632048593,8.420767129872338e-15
286.09352876932957,-15.070270565506226,11.692999999999998,7.722376383640622,-1.499312027632189,-2.1472956181174462e-13
286.10317953534616,-15.06656058969877,11.692999999999998,7.721179082270762,-1.4995783377639498,-1.9788802755199994e-13
286.1128290017433,-15.062846626907163,11.692999999999998,7.7199820599144955,-1.499843995161314,5.4734986344170195e-14
286.1224771709285,-15.059128687214452,11.692999999999998,7.718785315875042,-1.5001090013837746,-2.98937233110468e-13
286.1321240453082,-15.05540678069234,11.692999999999998,7.7175888494567335,-1.5003733579891356,-2.1051917824680846e-14
286.14176962728715,-15.051680917401066,11.692999999999998,7.716392659964992,-1.5006370665335285,-9.683882199353189e-14
286.151413919269,-15.04795110738948,11.692999999999998,7.715196746706343,-1.5009001285713948,-1.347322740779574e-13
286.16105692365556,-15.044217360695079,11.692999999999996,7.7140011089884135,-1.5011625456555067,-2.7788531528578715e-13
286.17069864284775,-15.040479687343932,11.692999999999998,7.7128057461199235,-1.5014243193369463,1.6841534259744676e-14
286.1803390792448,-15.036738097350725,11.693000000000001,7.711610657410693,-1.5016854511651276,-2.73674931720851e-13
286.18997823524444,-15.032992600718822,11.692999999999998,7.710415842171642,-1.5019459426877804,-2.1051917824680846e-14
286.1996161132432,-15.029243207440137,11.692999999999998,7.7092212997147715,-1.502205795450962,-2.5262301389617013e-14
286.2092527156361,-15.0254899274953,11.692999999999998,7.708027029353184,-1.5024650109990545,-1.9367764398706378e-13
286.21888804481677,-15.021732770853538,11.692999999999998,7.706833030401076,-1.5027235908747598,-1.8104649329225526e-13
286.22852210317745,-15.017971747472709,11.692999999999998,7.705639302173729,-1.5029815366191062,8.420767129872338e-14
286.2381548931088,-15.014206867299382,11.692999999999998,7.7044458439875205,-1.503238849771458,4.631421921429786e-14
286.2477864170002,-15.010438140268734,11.692999999999998,7.703252655159911,-1.5034955318694956,-2.1051917824680846e-14
286.2574166772398,-15.006665576304618,11.692999999999998,7.702059735009451,-1.5037515844492306,1.3894265764289357e-13
286.26704567621374,-15.002889185319589,11.692999999999998,7.7008670828557815,-1.5040070090450086,-2.020984111169361e-13
286.2766734163074,-14.999108977214844,11.692999999999996,7.699674698019618,-1.5042618071894993,-9.262843842859572e-14
286.2862998999043,-14.99532496188024,11.692999999999998,7.698482579822772,-1.5045159804137027,-1.2631150694808506e-14
286.2959251293866,-14.991537149194402,11.692999999999996,7.69729072758813,-1.5047695302469553,-1.515738083377021e-13
286.3055491071351,-14.987745549024574,11.692999999999998,7.696099140639661,-1.505022458216922,-1.768361097273191e-13
286.3151718355292,-14.98395017122671,11.692999999999998,7.694907818302428,-1.5052747658495962,-2.610437810260425e-13
286.3247933169468,-14.980151025645512,11.692999999999996,7.693716759902554,-1.5055264546693126,1.2631150694808508e-13
286.33441355376414,-14.976348122114347,11.692999999999998,7.692525964767256,-1.5057775261987412,-2.610437810260425e-13
286.34403254835655,-14.972541470455296,11.692999999999998,7.691335432224816,-1.5060279819588747,-9.262843842859572e-14
286.35365030309725,-14.968731080479218,11.692999999999998,7.690145161604605,-1.5062778234690564,-2.2315032894161697e-13
286.36326682035855,-14.964916961985635,11.693,7.688955152237062,-1.5065270522469556,-1.9367764398706378e-13
286.37288210251114,-14.961099124762823,11.692999999999998,7.6877654034536995,-1.5067756698085832,1.1789073981821273e-13
286.382496151924,-14.95727757858783,11.692999999999994,7.686575914587113,-1.507023677668295,-1.9788802755199994e-13
286.392108970965,-14.953452333226393,11.692999999999998,7.685386684970953,-1.5072710773387712,-1.9788802755199994e-13
286.40172056200055,-14.949623398433017,11.692999999999998,7.684197713939959,-1.5075178703310401,2.947268495455318e-14
286.41133092739517,-14.945790783951008,11.692999999999998,7.683009000829929,-1.5077640581544758,-2.7788531528578715e-13
286.4209400695125,-14.941954499512367,11.692999999999998,7.681820544977737,-1.5080096423167793,-2.442022467662978e-13
286.4305479907142,-14.938114554837908,11.692999999999996,7.680632345721316,-1.5082546243240091,-1.1789073981821273e-13
286.44015469336085,-14.934270959637205,11.692999999999998,7.679444402399672,-1.5084990056805567,-1.221011233831489e-13
286.44976017981145,-14.93042372360858,11.692999999999998,7.6782567143528775,-1.5087427878891586,-8.420767129872338e-15
286.45936445242324,-14.926572856439204,11.693,7.677069280922066,-1.508985972450899,-8.841805486365955e-14
286.4689675135524,-14.92271836780499,11.692999999999996,7.675882101449442,-1.5092285608652043,-8.841805486365955e-14
286.47856936555354,-14.91886026737063,11.692999999999996,7.674695175278263,-1.509470554629846,4.210383564936169e-14
286.48817001077947,-14.914998564789679,11.692999999999998,7.673508501752842,-1.5097119552409461,-1.1789073981821273e-13
286.4977694515819,-14.911133269704463,11.692999999999994,7.672322080218576,-1.5099527641929693,-1.5578419190263825e-13
286.507367690311,-14.90726439174609,11.692999999999998,7.671135910021897,-1.510192982978729,-4.210383564936169e-15
286.51696472931525,-14.903391940534563,11.692999999999996,7.66994999051031,-1.5104326130893937,-2.5262301389617017e-13
286.5265605709418,-14.899515925678639,11.692999999999998,7.6687643210323735,-1.5106716560144724,3.789345208442552e-14
286.5361552175363,-14.89563635677592,11.693,7.667578900937692,-1.510910113241831,-2.568333974611063e-13
286.5457486714428,-14.891753243412895,11.692999999999998,7.66639372957694,-1.5111479862576842,-2.8630608241565947e-13
286.5553409350041,-14.887866595164825,11.692999999999998,7.665208806301839,-1.5113852765465956,3.368306851948935e-14
286.5649320105612,-14.883976421595836,11.692999999999996,7.664024130465165,-1.5116219855914883,7.999728773378721e-14
286.57452190045376,-14.880082732258941,11.692999999999998,7.66283970142073,-1.5118581148736365,-1.0946997268834039e-13
286.58411060702,-14.876185536695983,11.692999999999998,7.661655518523429,-1.5120936658726631,-2.568333974611063e-13
286.5936981325966,-14.872284844437642,11.692999999999998,7.660471581129178,-1.5123286400665492,-2.48412630331234e-13
286.6032844795186,-14.868380665003544,11.692999999999998,7.659287888594953,-1.5125630389316354,-1.4315304120782974e-13
286.6128696501197,-14.864473007902124,11.692999999999998,7.658104440278777,-1.5127968639426126,-9.262843842859572e-14
286.6224536467321,-14.860561882630698,11.692999999999996,7.656921235539718,-1.5130301165725344,0.0
286.6320364716862,-14.856647298675522,11.693,7.655738273737885,-1.513262798292808,-2.1472956181174462e-13
286.64161812731135,-14.852729265511682,11.692999999999998,7.654555554234445,-1.513494910573201,-2.8209569885072334e-13
286.651198615935,-14.848807792603216,11.692999999999998,7.653373076391593,-1.5137264548818403,-2.568333974611063e-13
286.6607779398833,-14.844882889403037,11.692999999999998,7.652190839572571,-1.5139574326852119,-7.578690416885104e-14
286.6703561014808,-14.840954565352941,11.692999999999998,7.651008843141663,-1.5141878454481636,2.1051917824680846e-14
286.6799331030505,-14.837022829883706,11.692999999999998,7.649827086464198,-1.5144176946339085,-2.9051646598059566e-13
286.6895089469139,-14.833087692414978,11.692999999999998,7.6486455689065345,-1.5146469817040127,-9.683882199353189e-14
286.6990836353912,-14.829149162355327,11.692999999999998,7.647464289836074,-1.5148757081184119,7.578690416885104e-14
286.7086571708006,-14.8252072491023,11.692999999999998,7.646283248621255,-1.5151038753354094,8.420767129872338e-15
