galstreams/tracks/track.st.Gaia-7.ibata2021.ecsv
# %ECSV 0.9
# ---
# datatype:
# - {name: ra, unit: deg, datatype: float64}
# - {name: dec, unit: deg, datatype: float64}
# - {name: distance, unit: kpc, datatype: float64}
# - {name: pm_ra_cosdec, unit: mas / yr, datatype: float64}
# - {name: pm_dec, unit: mas / yr, datatype: float64}
# - {name: radial_velocity, unit: km / s, datatype: float64}
# delimiter: ','
# meta: !!omap
# - __serialized_columns__:
#     dec:
#       __class__: astropy.coordinates.angles.Latitude
#       unit: &id001 !astropy.units.Unit {unit: deg}
#       value: !astropy.table.SerializedColumn {name: dec}
#     distance:
#       __class__: astropy.coordinates.distances.Distance
#       unit: !astropy.units.Unit {unit: kpc}
#       value: !astropy.table.SerializedColumn {name: distance}
#     pm_dec:
#       __class__: astropy.units.quantity.Quantity
#       unit: !astropy.units.Unit {unit: mas / yr}
#       value: !astropy.table.SerializedColumn {name: pm_dec}
#     pm_ra_cosdec:
#       __class__: astropy.units.quantity.Quantity
#       unit: !astropy.units.Unit {unit: mas / yr}
#       value: !astropy.table.SerializedColumn {name: pm_ra_cosdec}
#     ra:
#       __class__: astropy.coordinates.angles.Longitude
#       unit: *id001
#       value: !astropy.table.SerializedColumn {name: ra}
#       wrap_angle: !astropy.coordinates.Angle
#         unit: *id001
#         value: 360.0
#     radial_velocity:
#       __class__: astropy.units.quantity.Quantity
#       unit: !astropy.units.Unit {unit: km / s}
#       value: !astropy.table.SerializedColumn {name: radial_velocity}
# schema: astropy-2.0
ra,dec,distance,pm_ra_cosdec,pm_dec,radial_velocity
[from data line 273]
176.6822974975061,-10.560385057976358,4.58260172787634,-9.897713958706655,-0.9721068231663733,-1.0525958912340423e-15
176.68842315106394,-10.568378916661846,4.582856672152292,-9.897424270865772,-0.9711085803161181,2.315710960714893e-14
176.69454875437782,-10.576372927394189,4.58311265408856,-9.897137462125935,-0.9701077999984005,-9.999660966723401e-15
176.700674308864,-10.584367089240812,4.5833696718578425,-9.89685352844035,-0.9691044908320622,7.894469184255318e-15
176.70679981593887,-10.59236140126907,4.583627723632826,-9.896572465761803,-0.9680986614360061,-5.789277401787233e-15
176.7129252770189,-10.600355862546218,4.583886807586204,-9.896294270042635,-0.9670903204291792,3.4735664410723393e-14
176.7190506935207,-10.608350472139472,4.5841469218906665,-9.896018937234732,-0.9660794764305787,6.315575347404253e-15
176.72517606686077,-10.616345229115945,4.584408064718907,-9.895746463289553,-0.9650661380592492,7.315541444076594e-14
176.73130139845586,-10.624340132542672,4.584670234243617,-9.895476844158097,-0.964050313934282,7.683950006008508e-14
176.7374266897227,-10.632335181486638,4.584933428637486,-9.895210075790928,-0.9630320126748195,4.263013359497871e-14
176.74355194207814,-10.640330375014724,4.585197646073206,-9.894946154138166,-0.9620112429000446,-1.1052256857957444e-14
176.74967715693901,-10.648325712193747,4.585462884723469,-9.894685075149466,-0.9609880132291951,1.4210044531659571e-14
176.75580233572236,-10.656321192090443,4.585729142760969,-9.894426834774043,-0.9599623322815419,9.999660966723401e-15
176.7619274798452,-10.664316813771467,4.585996418358392,-9.894171428960673,-0.9589342086764087,3.9998643866893604e-14
176.76805259072466,-10.672312576303408,4.586264709688433,-9.893918853657667,-0.9579036510331661,7.105022265829786e-14
176.7741776697779,-10.680308478752767,4.586534014923783,-9.893669104812876,-0.9568706679712233,6.683983909336168e-14
176.78030271842226,-10.68830452018597,4.586804332237135,-9.893422178373717,-0.9558352681100319,5.157719867046807e-14
176.786427738075,-10.696300699669363,4.587075659801177,-9.89317807028714,-0.9547974600690899,6.21031575828085e-14
176.79255273015357,-10.704297016269223,4.587347995788604,-9.892936776499642,-0.9537572524679364,1.473634247727659e-14
176.79867769607546,-10.712293469051739,4.587621338372104,-9.892698292957267,-0.9527146539261518,2.315710960714893e-14
176.80480263725823,-10.720290057083025,4.587895685724372,-9.892462615605588,-0.9516696730633556,-1.2631150694808506e-14
176.8109275551195,-10.728286779429109,4.588171036018097,-9.892229740389732,-0.9506223184992099,-5.262979456170211e-16
176.81705245107693,-10.736283635155955,4.588447387425972,-9.891999663254364,-0.9495725988534167,2.8420089063319142e-14
176.82317732654843,-10.744280623329436,4.588724738120688,-9.891772380143674,-0.9485205227457147,-1.3157448640425528e-14
176.82930218295175,-10.752277743015348,4.5890030862749365,-9.891547887001412,-0.9474660987958866,1.1052256857957444e-14
176.83542702170487,-10.76027499327941,4.589282430061408,-9.891326179770846,-0.9464093356237492,-1.2631150694808506e-14
176.84155184422576,-10.76827237318726,4.589562767652793,-9.89110725439479,-0.9453502418491574,6.526094525651062e-14
176.84767665193257,-10.776269881804454,4.589844097221787,-9.890891106815578,-0.944288826092004,3.1577876737021266e-15
176.8538014462434,-10.784267518196472,4.59012641694108,-9.890677732975092,-0.9432250969722201,4.684051715991488e-14
176.8599262285765,-10.79226528142871,4.5904097249833615,-9.890467128814741,-0.9421590631097656,4.73668151055319e-14
176.8660510003502,-10.800263170566488,4.590694019521325,-9.890259290275463,-0.9410907331246446,4.47353253774468e-14
176.8721757629829,-10.808261184675041,4.59097929872766,-9.890054213297727,-0.9400201156368967,-1.7367832205361697e-14
176.87830051789302,-10.81625932281957,4.591265560775061,-9.889851893821525,-0.9389472192665876,2.5788599335234036e-14
176.88442526649905,-10.824257584065059,4.591552803836217,-9.889652327786385,-0.937872052633817,3.684085619319148e-14
176.8905500102197,-10.832255967476549,4.591841026083821,-9.889455511131358,-0.9367946243587288,-6.315575347404253e-15
176.8966747504736,-10.840254472118955,4.592130225690561,-9.889261439795018,-0.9357149430614897,2.8420089063319142e-14
176.9027994886795,-10.848253097057098,4.592420400829133,-9.889070109715465,-0.934633017362302,6.578724320212765e-14
176.90892422625632,-10.856251841355737,4.592711549672228,-9.888881516830322,-0.9335488558813989,4.684051715991488e-14
176.9150489646229,-10.864250704079536,4.593003670392534,-9.888695657076738,-0.9324624672390461,1.1052256857957444e-14
176.9211737051983,-10.872249684293083,4.593296761162746,-9.88851252639137,-0.9313738600555369,-1.473634247727659e-14
176.92729844940152,-10.880248781060882,4.593590820155553,-9.888332120710404,-0.9302830429511956,1.2631150694808506e-14
176.93342319865175,-10.888247993447347,4.593885845543648,-9.888154435969552,-0.9291900245463822,2.8946387008936165e-14
176.9395479543682,-10.896247320516817,4.594181835499723,-9.88797946810402,-0.9280948134614712,6.947132882144679e-14
176.9456727179702,-10.904246761333555,4.594478788196468,-9.887807213048557,-0.9269974183168818,1.6841534259744676e-14
176.95179749087714,-10.912246314961727,4.594776701806575,-9.887637666737412,-0.9258978477330473,-9.999660966723401e-15
176.9579222745084,-10.920245980465427,4.595075574502736,-9.88747082510435,-0.9247961103304402,4.789311305114892e-14
176.96404707028358,-10.928245756908655,4.595375404457643,-9.887306684082644,-0.92369221472955,6.578724320212765e-14
176.97017187962228,-10.936245643355342,4.595676189843984,-9.887145239605099,-0.9225861695508976,7.368171238638296e-15
176.9762967039442,-10.94424563886932,4.595977928834454,-9.886986487604005,-0.9214779834150224,3.4735664410723393e-14
176.98242154466908,-10.952245742514348,4.596280619601745,-9.886830424011176,-0.9203676649425019,3.526196235634042e-14
176.98854640321682,-10.96024595335409,4.5965842603185445,-9.886677044757935,-0.9192552227539266,1.7367832205361697e-14
176.99467128100727,-10.968246270452143,4.596888849157549,-9.886526345775103,-0.9181406654699147,4.263013359497871e-14
177.0007961794605,-10.976246692872001,4.597194384291446,-9.886378322993016,-0.9170240017111074,4.052494181251063e-14
177.0069210999966,-10.984247219677082,4.59750086389293,-9.886232972341512,-0.9159052400981693,1.5788938368510635e-14
177.01304604403566,-10.992247849930724,4.59780828613469,-9.886090289749935,-0.9147843892517867,-5.2629794561702115e-15
177.01917101299796,-11.00024858269617,4.598116649189417,-9.885950271147127,-0.9136614577926662,8.420767129872338e-15
177.02529600830385,-11.008249417036584,4.598425951229806,-9.885812912461438,-0.9125364543415401,-4.73668151055319e-15
177.03142103137367,-11.01625035201505,4.598736190428546,-9.88567820962071,-0.9114093875191575,3.73671541388085e-14
177.03754608362794,-11.024251386694546,4.599047364958329,-9.8855461585523,-0.9102802659462874,6.262945552842552e-14
177.04367116648726,-11.032252520137993,4.599359472991845,-9.885416755183046,-0.9091490982437181,-1.3683746586042549e-14
177.04979628137215,-11.0402537514082,4.599672512701789,-9.885289995439296,-0.9080158930322623,-1.1052256857957444e-14
177.0559214297034,-11.048255079567909,4.59998648226085,-9.88516587524688,-0.9068806589327393,6.841873293021275e-14
177.0620466129018,-11.056256503679762,4.600301379841718,-9.885044390531144,-0.9057434045660007,4.9472006887999985e-14
177.06817183238826,-11.064258022806321,4.600617203617088,-9.88492553721691,-0.9046041385529056,7.368171238638296e-14
177.0742970895837,-11.072259636010068,4.60093395175965,-9.884809311228498,-0.9034628695143334,-4.210383564936169e-15
177.08042238590915,-11.080261342353388,4.601251622442095,-9.884695708489728,-0.902319606071178,5.789277401787233e-14
177.08654772278572,-11.088263140898572,4.601570213837116,-9.884584724923892,-0.9011743568443502,5.315609250731914e-14
177.09267310163466,-11.096265030707853,4.6018897241174,-9.884476356453794,-0.9000271304547756,1.5788938368510633e-15
177.0987985238772,-11.10426701084334,4.602210151455646,-9.884370599001711,-0.8988779355233951,-1.1578554803574466e-14
177.1049239909347,-11.112269080367085,4.602531494024539,-9.884267448489409,-0.8977267806711602,5.315609250731914e-14
177.11104950422865,-11.12027123834103,4.602853749996772,-9.884166900838151,-0.8965736745190392,5.736647607225531e-14
177.11717506518053,-11.12827348382704,4.6031769175450385,-9.884068951968668,-0.895418625688016,5.6840178126638284e-14
177.12330067521196,-11.136275815886899,4.603500994842029,-9.883973597801194,-0.8942616427990804,6.420834936527658e-14
177.12942633574463,-11.144278233582284,4.603825980060435,-9.883880834255422,-0.8931027344732353,6.157685963719147e-14
177.13555204820028,-11.1522807359748,4.604151871372947,-9.883790657250552,-0.8919419093315011,6.315575347404253e-15
177.1416778140008,-11.160283322125956,4.604478666952256,-9.883703062705253,-0.8907791759949008,3.5788260301957434e-14
177.14780363456805,-11.168285991097171,4.604806364971058,-9.883618046537666,-0.8896145430844725,2.5788599335234036e-14
177.1539295113241,-11.176288741949774,4.6051349636020396,-9.883535604665424,-0.8884480192212614,5.0524602779234026e-14
177.16005544569103,-11.184291573745025,4.605464461017893,-9.883455733005627,-0.8872796130263262,6.578724320212765e-14
177.16618143909105,-11.192294485544059,4.60579485539131,-9.883378427474863,-0.8861093331207257,-1.5262640422893612e-14
177.17230749294635,-11.200297476407943,4.606126144894985,-9.883303683989181,-0.8849371881255336,6.841873293021275e-14
177.1784336086793,-11.20830054539766,4.606458327701605,-9.883231498464111,-0.8837631866618306,3.0525280845787224e-14
177.18455978771237,-11.21630369157409,4.606791401983865,-9.883161866814651,-0.8825873373507006,5.999796580034041e-14
177.190686031468,-11.224306913998028,4.607125365914456,-9.883094784955283,-0.8814096488132401,1.842042809659574e-14
177.19681234136883,-11.232310211730178,4.607460217666067,-9.883030248799948,-0.8802301296705405,4.631421921429786e-14
177.2029387188375,-11.240313583831155,4.607795955411391,-9.882968254262058,-0.879048788543711,4.210383564936169e-14
177.20906516529675,-11.24831702936148,4.60813257732312,-9.882908797254498,-0.877865634053856,2.5788599335234036e-14
177.2151916821695,-11.256320547381632,4.608470081573945,-9.882851873689614,-0.8766806748220921,-7.894469184255318e-15
177.22131827087858,-11.264324136951863,4.6088084663365585,-9.882797479479219,-0.8754939194695276,1.473634247727659e-14
177.22744493284702,-11.272327797132464,4.6091477297836505,-9.882745610534597,-0.874305376617288,4.210383564936169e-14
177.23357166949793,-11.280331526983604,4.6094878700879125,-9.882696262766496,-0.8731150548864914,2.947268495455318e-14
177.23969848225448,-11.288335325565338,4.609828885422037,-9.882649432085113,-0.8719229628982595,3.1577876737021266e-15
177.24582537253988,-11.296339191937646,4.610170773958716,-9.88260511440012,-0.8707291092737199,6.157685963719147e-14
177.25195234177758,-11.304343125160413,4.61051353387064,-9.882563305620645,-0.8695335026339948,3.947234592127659e-14
177.2580793913909,-11.312347124293433,4.610857163330499,-9.882524001655282,-0.8683361516002144,-1.5788938368510635e-14
177.2642065228034,-11.320351188396398,4.611201660510987,-9.882487198412068,-0.8671370647934992,6.315575347404254e-14
177.27033373743868,-11.328355316528928,4.6115470235847935,-9.882452891798515,-0.8659362508349752,2.0525619879063826e-14
177.2764610367204,-11.336359507750517,4.611893250724611,-9.882421077721576,-0.8647337183457664,-1.1052256857957444e-14
177.28258842207234,-11.3443637611206,4.612240340103131,-9.882391752087665,-0.8635294759469927,4.789311305114892e-14
177.2887158949183,-11.352368075698505,4.612588289893049,-9.882364910802647,-0.8623235322597692,2.1578215770297867e-14
177.2948434566823,-11.360372450543466,4.612937098267046,-9.882340549771856,-0.8611158959052193,5.841907196348934e-14
177.3009711087883,-11.36837688471462,4.613286763397824,-9.882318664900048,-0.8599065755044507,4.631421921429786e-14
177.3070988526604,-11.376381377271017,4.613637283458069,-9.882299252091451,-0.8586955796785706,5.2629794561702115e-15
177.31322668972285,-11.384385927271618,4.6139886566204735,-9.882282307249742,-0.857482917048684,-5.789277401787233e-15
177.31935462139987,-11.392390533775272,4.614340881057731,-9.882267826278028,-0.8562685962358854,-1.0525958912340423e-15
177.3254826491158,-11.400395195840753,4.61469395494253,-9.882255805078884,-0.8550526258612707,4.999830483361701e-14
177.33161077429517,-11.408399912526727,4.615047876447564,-9.88224623955432,-0.8538350145459249,3.157787673702127e-14
177.33773899836245,-11.416404682891782,4.615402643745524,-9.882239125605796,-0.8526157709109263,4.3682729486212757e-14
177.34386732274228,-11.424409505994387,4.615758255009102,-9.882234459134207,-0.8513949035773478,2.789379111770212e-14
177.34999574885939,-11.432414380892943,4.616114708410987,-9.8822322360399,-0.8501724211662525,7.4734308277617e-14
177.35612427813854,-11.440419306645738,4.6164720021238725,-9.882232452222663,-0.8489483322986938,5.262979456170211e-16
177.3622529120046,-11.448424282310961,4.616830134320452,-9.882235103581706,-0.8477226455957197,6.73661370389787e-14
177.3683816518826,-11.456429306946728,4.617189103173413,-9.882240186015709,-0.8464953696783661,3.1577876737021266e-15
177.3745104991975,-11.464434379611033,4.617548906855449,-9.882247695422764,-0.8452665131676602,2.2104513715914887e-14
177.3806394553745,-11.472439499361798,4.617909543539252,-9.882257627700408,-0.8440360846846136,4.210383564936169e-14
177.38676852183883,-11.480444665256828,4.618271011397511,-9.882269978745626,-0.8428040928502348,6.789243498459573e-14
177.3928977000158,-11.488449876353846,4.618633308602923,-9.882284744454813,-0.8415705462855139,3.1577876737021266e-15
177.39902699133077,-11.49645513171048,4.618996433328171,-9.882301920723826,-0.8403354536114338,3.947234592127659e-14
177.40515639720928,-11.504460430384247,4.6193603837459545,-9.882321503447924,-0.8390988234489569,5.894536990910637e-14
177.4112859190769,-11.51246577143258,4.61972515802896,-9.88234348852182,-0.837860664419042,5.210349661608509e-14
177.41741555835927,-11.520471153912812,4.620090754349882,-9.882367871839653,-0.8366209851426254,7.315541444076594e-14
177.42354531648218,-11.528476576882174,4.6204571708814095,-9.882394649294982,-0.8353797942406336,2.8946387008936165e-14
177.4296751948714,-11.536482039397809,4.620824405796236,-9.882423816780797,-0.8341371003339755,5.315609250731914e-14
177.43580519495293,-11.544487540516755,4.6211924572670515,-9.882455370189527,-0.8328929120435473,3.684085619319148e-14
177.4419353181528,-11.552493079295955,4.621561323466549,-9.882489305413003,-0.8316472379902248,1.6841534259744676e-14
177.44806556589702,-11.560498654792248,4.621931002567418,-9.882525618342507,-0.8304000867948717,7.4734308277617e-14
177.45419593961188,-11.568504266062396,4.622301492742352,-9.882564304868723,-0.8291514670783285,4.73668151055319e-14
177.46032644072363,-11.576509912163033,4.6226727921640425,-9.882605360881767,-0.8279013874614242,2.315710960714893e-14
177.46645707065863,-11.58451559215072,4.623044899005178,-9.882648782271177,-0.826649856564967,1.7894130150978717e-14
177.47258783084337,-11.5925213050819,4.623417811438453,-9.882694564925902,-0.8253968830097426,2.2630811661531907e-14
177.47871872270434,-11.600527050012925,4.62379152763656,-9.88274270473432,-0.824142475416521,5.4734986344170195e-14
177.48484974766825,-11.608532826000067,4.624166045772187,-9.88279319758422,-0.8228866424060548,1.842042809659574e-14
177.4909809071618,-11.61653863209946,4.624541364018025,-9.882846039362818,-0.821629392599069,2.2630811661531907e-14
177.49711220261176,-11.624544467367171,4.62491748054677,-9.882901225956724,-0.8203707346162713,6.894503087582976e-14
177.50324363544516,-11.632550330859152,4.625294393531112,-9.88295875325198,-0.8191106770783482,-2.1051917824680845e-15
