galstreams/tracks/track.st.NGC1261.ibata2024.ecsv
# %ECSV 1.0
# ---
# datatype:
# - {name: ra, unit: deg, datatype: float64}
# - {name: dec, unit: deg, datatype: float64}
# - {name: distance, unit: kpc, datatype: float64}
# - {name: pm_ra_cosdec, unit: mas / yr, datatype: float64}
# - {name: pm_dec, unit: mas / yr, datatype: float64}
# - {name: radial_velocity, unit: km / s, datatype: float64}
# delimiter: ','
# meta: !!omap
# - __serialized_columns__:
#     dec:
#       __class__: astropy.coordinates.angles.Latitude
#       unit: &id001 !astropy.units.Unit {unit: deg}
#       value: !astropy.table.SerializedColumn {name: dec}
#     distance:
#       __class__: astropy.coordinates.distances.Distance
#       unit: !astropy.units.Unit {unit: kpc}
#       value: !astropy.table.SerializedColumn {name: distance}
#     pm_dec:
#       __class__: astropy.units.quantity.Quantity
#       unit: !astropy.units.Unit {unit: mas / yr}
#       value: !astropy.table.SerializedColumn {name: pm_dec}
#     pm_ra_cosdec:
#       __class__: astropy.units.quantity.Quantity
#       unit: !astropy.units.Unit {unit: mas / yr}
#       value: !astropy.table.SerializedColumn {name: pm_ra_cosdec}
#     ra:
#       __class__: astropy.coordinates.angles.Longitude
#       unit: *id001
#       value: !astropy.table.SerializedColumn {name: ra}
#       wrap_angle: !astropy.coordinates.Angle
#         unit: *id001
#         value: 360.0
#     radial_velocity:
#       __class__: astropy.units.quantity.Quantity
#       unit: !astropy.units.Unit {unit: km / s}
#       value: !astropy.table.SerializedColumn {name: radial_velocity}
# schema: astropy-2.0
ra,dec,distance,pm_ra_cosdec,pm_dec,radial_velocity
[from data line 976]
27.894495945220733,-58.94135613087618,0.9999999999999996,1.0789743970117343,-3.783725213499281,-756.9370737113142
27.912396431074487,-58.936834123759894,0.9999999999999997,1.080217124101182,-3.7817396462943123,-754.2935485715907
27.93029441846141,-58.93231392193494,0.9999999999999996,1.0814580608344286,-3.779754609293903,-751.6551380019852
27.948189912777597,-58.92779552595569,0.9999999999999996,1.08269720920201,-3.777770103265624,-749.0218373666331
27.96608291941647,-58.92327893637499,0.9999999999999996,1.0839345711937227,-3.775786128975099,-746.3936420296695
27.98397344376848,-58.918764153744156,0.9999999999999997,1.0851701487986176,-3.7738026871859205,-743.7705473552314
28.001861491220794,-58.91425117861304,0.9999999999999996,1.0864039440049922,-3.77181977865979,-741.1525487074537
28.01974706715791,-58.909740011529905,0.9999999999999994,1.0876359588003837,-3.7698374041561493,-738.5396414504721
28.037630176961272,-58.90523065304153,0.9999999999999996,1.0888661951716259,-3.767855564432651,-735.9318209484225
28.055510826009446,-58.90072310369317,0.9999999999999996,1.0900946551047852,-3.7658742602448285,-733.3290825654411
28.073389019677727,-58.89621736402857,0.9999999999999996,1.0913213405851323,-3.7638934923462557,-730.7314216656627
28.09126476333877,-58.89171343458995,0.9999999999999996,1.0925462535972628,-3.7619132614884307,-728.1388336132238
28.10913806236226,-58.88721131591804,0.9999999999999996,1.0937693961249906,-3.7599335684210473,-725.5513137722594
28.127008922114623,-58.882711008552015,0.9999999999999997,1.0949907701513624,-3.7579544138914684,-722.9688575069064
28.144877347959646,-58.87821251302958,0.9999999999999996,1.0962103776587355,-3.755975798645437,-720.3914601812997
28.162743345258065,-58.873715829886905,0.9999999999999996,1.0974282206286574,-3.753997723426423,-717.8191171595746
28.180606919367772,-58.869220959658605,0.9999999999999994,1.0986443010419862,-3.7520201889759903,-715.2518238058681
28.1984680756434,-58.8647279028779,0.9999999999999996,1.099858620878777,-3.750043196033772,-712.6895754843149
28.216326819436965,-58.860236660076396,0.9999999999999994,1.1010711821183747,-3.74806674533734,-710.1323675590505
28.23418315609754,-58.855747231784214,0.9999999999999997,1.1022819867393707,-3.746090837622333,-707.5801953942118
28.252037090970955,-58.85125961853001,0.9999999999999997,1.1034910367196105,-3.7441154736223723,-705.0330543539338
28.26988862940041,-58.84677382084088,0.9999999999999996,1.104698334036165,-3.7421406540690754,-702.4909398023522
28.287737776726182,-58.842289839242426,0.9999999999999996,1.1059038806654016,-3.740166379692184,-699.9538471036028
28.30558453828534,-58.837807674258784,0.9999999999999997,1.107107678582949,-3.7381926512193218,-697.4217716218219
28.32342891941229,-58.83332732641252,0.9999999999999994,1.1083097297635973,-3.736219469376202,-694.8947087211437
28.341270925438458,-58.82884879622477,0.9999999999999996,1.1095100361815184,-3.73424683488669,-692.3726537657056
28.35911056169243,-58.82437208421507,0.9999999999999996,1.1107085998100281,-3.7322747484724346,-689.855602119643
28.376947833499578,-58.81989719090158,0.9999999999999994,1.1119054226217635,-3.730303210853336,-687.3435491470902
28.39478274618267,-58.81542411680085,0.9999999999999994,1.1131005065885802,-3.728332222747234,-684.8364902121853
28.412615305061586,-58.81095286242797,0.9999999999999996,1.1142938536816054,-3.7263617848699937,-682.3344206790625
28.43044551545296,-58.806483428296524,0.9999999999999996,1.1154854658712345,-3.724391897935483,-679.8373359118568
28.44827338267085,-58.80201581491864,0.9999999999999996,1.1166753451270743,-3.722422562655794,-677.345231274706
28.4660989120263,-58.79755002280487,0.9999999999999996,1.1178634934180138,-3.7204537797408292,-674.8581021317445
28.483922108827592,-58.79308605246431,0.9999999999999994,1.119049912712203,-3.7184855498987375,-672.3759438471077
28.50174297837976,-58.78862390440459,0.9999999999999996,1.1202346049770178,-3.716517873835521,-669.8987517849322
28.519561525985292,-58.7841635791318,0.9999999999999996,1.1214175721790909,-3.714550752255434,-667.4265213093543
28.537377756943766,-58.779705077150524,0.9999999999999994,1.1225988162843699,-3.712584185860628,-664.9592477845079
28.555191676551576,-58.7752483989639,0.9999999999999996,1.1237783392579566,-3.710618175351371,-662.49692657453
28.573003290102534,-58.77079354507354,0.9999999999999996,1.1249561430642565,-3.708652721425949,-660.0395530435558
28.59081260288749,-58.76634051597958,0.9999999999999996,1.126132229666986,-3.706687824780829,-657.5871225557216
28.608619620194496,-58.761889312180635,0.9999999999999996,1.127306601029023,-3.704723486110396,-655.1396304751628
28.62642434730843,-58.75743993417388,0.9999999999999994,1.1284792591125274,-3.7027597061071162,-652.6970721660146
28.64422678951161,-58.75299238245493,0.9999999999999994,1.1296502058789422,-3.7007964854615665,-650.2594429924139
28.662026952083497,-58.74854665751798,0.9999999999999996,1.1308194432889707,-3.6988338248624615,-647.8267383184956
28.67982484030034,-58.74410275985571,0.9999999999999996,1.1319869733024959,-3.6968717249964413,-645.3989535083952
28.697620459435882,-58.73966068995928,0.9999999999999997,1.1331527978787435,-3.6949101865482348,-642.9760839262493
28.71541381476087,-58.73522044831842,0.9999999999999997,1.134316918976122,-3.6929492102008012,-640.5581249361933
28.73320491154331,-58.73078203542133,0.9999999999999996,1.1354793385523827,-3.690988796635004,-638.1450719023622
28.75099375504804,-58.72634545175474,0.9999999999999997,1.1366400585644278,-3.6890289465298167,-635.7369201888929
28.768780350537376,-58.72191069780391,0.9999999999999998,1.1377990809685024,-3.6870696605623863,-633.3336651599208
28.786564703270727,-58.717477774052554,0.9999999999999997,1.1389564077200056,-3.6851109394078208,-630.9353021795804
28.804346818504424,-58.71304668098301,0.9999999999999997,1.1401120407737366,-3.6831527837393594,-628.5418266120091
28.822126701492223,-58.708617419076056,0.9999999999999997,1.1412659820836275,-3.6811951942284296,-626.153233821342
28.83990435748503,-58.704189988810974,0.9999999999999997,1.1424182336028927,-3.6792381715443767,-623.7695191717146
28.857679791730636,-58.69976439066564,0.9999999999999997,1.143568797284047,-3.6772817163547415,-621.3906780272627
28.87545300947427,-58.6953406251164,0.9999999999999996,1.1447176750787982,-3.6753258293251463,-619.0167057521223
28.89322401595827,-58.6909186926381,0.9999999999999997,1.145864868938169,-3.6733705111192165,-616.6475977104287
28.910992816422205,-58.68649859370414,0.9999999999999997,1.147010380812386,-3.671415762398844,-614.2833492663183
28.928759416102533,-58.68208032878646,0.9999999999999997,1.1481542126509616,-3.6694615838238605,-611.9239557839263
28.9465238202332,-58.677663898355505,0.9999999999999998,1.1492963664026448,-3.6675079760523417,-609.5694126273886
28.964286034045326,-58.67324930288019,0.9999999999999996,1.1504368440154913,-3.6655549397402822,-607.2197151608409
28.9820460627669,-58.66883654282806,0.9999999999999996,1.1515756474367294,-3.6636024755419854,-604.8748587484184
28.999803911623395,-58.664425618665106,0.9999999999999998,1.1527127786129014,-3.661650584109694,-602.5348387542582
29.017559585837382,-58.66001653085588,0.9999999999999997,1.1538482394897684,-3.659699266093874,-600.1996505424949
29.035313090628758,-58.65560927986341,0.9999999999999997,1.1549820320124269,-3.6577485221430592,-597.8692894772639
29.05306443121424,-58.65120386614935,0.9999999999999997,1.1561141581251277,-3.655798352903922,-595.5437509227021
29.07081361280807,-58.646800290173765,0.9999999999999996,1.157244619771415,-3.653848759021109,-593.2230302429448
29.088560640621743,-58.64239855239535,0.9999999999999997,1.1583734188941364,-3.651899741137619,-590.9071228021272
29.106305519863575,-58.637998653271275,0.9999999999999997,1.1595005574353223,-3.649951299894397,-588.5960239643857
29.124048255739435,-58.63360059325726,0.9999999999999998,1.1606260373363106,-3.648003435930626,-586.2897290938562
29.141788853452383,-58.62920437280752,0.9999999999999997,1.1617498605376682,-3.6460561498834707,-583.9882335546731
29.159527318202397,-58.624809992374864,0.9999999999999996,1.162872028979237,-3.644109442388327,-581.6915327109735
29.17726365518695,-58.6204174524106,0.9999999999999997,1.1639925446001023,-3.642163314078708,-579.3996219268929
29.194997869600652,-58.616026753364544,0.9999999999999997,1.1651114093386106,-3.640217765586236,-577.112496566566
29.21272996663543,-58.61163789568509,0.9999999999999996,1.1662286251323835,-3.6382727975406794,-574.8301519941302
29.230459951480118,-58.60725087981917,0.9999999999999997,1.1673441939182503,-3.6363284105699165,-572.5525835737199
29.24818782932108,-58.60286570621221,0.9999999999999997,1.1684581176323476,-3.634384605299992,-570.2797866694712
29.265913605341908,-58.59848237530817,0.9999999999999997,1.1695703982100731,-3.632441382355019,-568.01175664552
29.28363728472313,-58.59410088754962,0.9999999999999997,1.1706810375860144,-3.6304987423573465,-565.7484888660023
29.301358872642787,-58.58972124337762,0.9999999999999997,1.171790037694091,-3.6285566859274496,-563.4899786950526
29.319078374276067,-58.585343443231736,0.9999999999999996,1.1728974004674377,-3.6266152136838627,-561.2362214968083
29.33679579479552,-58.580967487550105,0.9999999999999997,1.1740031278384677,-3.624674326243337,-558.9872126354041
29.354511139370576,-58.57659337676946,0.9999999999999996,1.175107221738834,-3.6227340242208044,-556.7429474749756
29.372224413168258,-58.57222111132496,0.9999999999999998,1.1762096840994474,-3.6207943082291933,-554.5034213796594
29.38993562135284,-58.5678506916504,0.9999999999999998,1.177310516850529,-3.618855178879798,-552.2686297135905
29.4076447690855,-58.56348211817807,0.9999999999999997,1.178409721921458,-3.6169166367818946,-550.0385678409048
29.425351861525005,-58.55911539133885,0.9999999999999997,1.179507301240971,-3.6149786825430255,-547.8132311257381
29.44305690382736,-58.5547505115621,0.9999999999999997,1.1806032567370082,-3.6130413167687934,-545.5926149322258
29.460759901145526,-58.55038747927576,0.9999999999999996,1.1816975903367641,-3.611104540062996,-543.3767146245042
29.478460858630026,-58.54602629490633,0.9999999999999996,1.1827903039667014,-3.6091683530276697,-541.165525566709
29.49615978142856,-58.54166695887882,0.9999999999999996,1.183881399552586,-3.6072327562629027,-538.9590431229751
29.513856674686174,-58.5373094716168,0.9999999999999997,1.184970879019371,-3.6052977503669936,-536.7572626574397
29.531551543544882,-58.53295383354243,0.9999999999999997,1.186058744291305,-3.603363335936457,-534.5601795342371
29.54924439314428,-58.52860004507636,0.9999999999999997,1.1871449972918917,-3.60142951356589,-532.3677891175034
29.566935228621226,-58.52424810663778,0.9999999999999996,1.1882296399438914,-3.5994962838481044,-530.1800867713748
29.584624055109565,-58.519898018644504,0.9999999999999998,1.1893126741693294,-3.5975636473740735,-527.9970678599869
29.602310877740706,-58.51554978151285,0.9999999999999997,1.1903941018894635,-3.5956316047329793,-525.8187277474748
29.61999570164326,-58.51120339565767,0.9999999999999996,1.1914739250248552,-3.5937001565121207,-523.645061797975
29.637678531943195,-58.506858861492375,0.9999999999999996,1.1925521454953056,-3.591769303297035,-521.4760653756232
29.65535937376348,-58.502516179428994,0.9999999999999997,1.193628765219831,-3.5898390456714466,-519.3117338445545
29.67303823222469,-58.49817534987801,0.9999999999999997,1.1947037861167864,-3.5879093842171486,-517.1520625689051
29.690715112444657,-58.49383637324851,0.9999999999999996,1.1957772101037278,-3.585980319514256,-514.9970469128106
29.708390019538236,-58.48949924994817,0.9999999999999997,1.196849039097497,-3.584051852141016,-512.8466822404064
29.726062958617867,-58.48516398038316,0.9999999999999998,1.1979192750141756,-3.5821239826738562,-510.70096391582933
29.743733934793184,-58.48083056495824,0.9999999999999997,1.198987919769138,-3.580196711687414,-508.55988730321394
29.76140295317125,-58.47649900407668,0.9999999999999997,1.2000549752769807,-3.5782700397544716,-506.4234477666963
29.779070018856096,-58.47216929814039,0.9999999999999998,1.2011204434515719,-3.57634396744605,-504.29164067041245
29.796735136949394,-58.467841447549795,0.9999999999999998,1.2021843262060692,-3.5744184953313862,-502.16446137849806
29.814398312550107,-58.463515452703824,0.9999999999999997,1.2032466254528416,-3.5724936239778557,-500.0419052550883
29.832059550754227,-58.459191314000094,0.9999999999999996,1.2043073431035651,-3.5705693539511003,-497.92396766431943
29.849718856655343,-58.45486903183466,0.9999999999999996,1.2053664810691238,-3.568645685814893,-495.81064397032713
29.86737623534427,-58.450548606602204,0.9999999999999996,1.2064240412597123,-3.5667226201312516,-493.70192953724694
29.885031691909273,-58.44623003869592,0.9999999999999997,1.2074800255847826,-3.5648001574603896,-491.59781972921496
29.902685231435576,-58.44191332850763,0.9999999999999996,1.208534435953002,-3.5628782983607366,-489.49830991036623
29.920336859006106,-58.43759847642769,0.9999999999999997,1.2095872742723337,-3.5609570433889033,-487.40339544483726
29.937986579701064,-58.43328548284499,0.9999999999999996,1.2106385424500026,-3.5590363930998308,-485.3130716967635
29.9556343985977,-58.42897434814703,0.9999999999999996,1.21168824239248,-3.5571163480464563,-483.22733403028
29.973280320770915,-58.42466507271985,0.9999999999999997,1.212736376005509,-3.555196908780097,-481.1461778095239
29.990924351292925,-58.42035765694805,0.9999999999999997,1.2137829451940974,-3.553278075850251,-479.0695983986299
30.008566495233,-58.416052101214824,0.9999999999999997,1.2148279518625067,-3.551359849804605,-476.9975911617336
30.02620675765804,-58.41174840590191,0.9999999999999997,1.2158713979142455,-3.549442231189097,-474.93015146297154
30.043845143632204,-58.407446571389634,0.9999999999999997,1.216913285252108,-3.5475252205478895,-472.867274666479
30.061481658217104,-58.403146598056836,0.9999999999999997,1.217953615778164,-3.545608818423325,-470.80895613639115
30.079116306471363,-58.398848486281025,0.9999999999999997,1.2189923913936767,-3.5436930253560277,-468.75519123684467
30.09674909345131,-58.3945522364382,0.9999999999999998,1.2200296139992517,-3.54177784188483,-466.7059753319751
30.11438002421061,-58.39025784890293,0.9999999999999997,1.2210652854947242,-3.539863268546746,-464.6613037859175
30.132009103799973,-58.38596532404841,0.9999999999999998,1.2220994077791794,-3.5379493058771487,-462.6211719628086
30.14963633726778,-58.38167466224638,0.9999999999999997,1.2231319827509743,-3.5360359544094777,-460.5855752267833
30.16726172965967,-58.37738586386712,0.9999999999999996,1.22416301230772,-3.5341232146755104,-458.5545089419776
30.18488528601878,-58.37309892927952,0.9999999999999996,1.2251924983463205,-3.532211087205269,-456.52796847252745
30.202507011385265,-58.368813858851055,0.9999999999999997,1.226220442762905,-3.5302995725269426,-454.5059491825683
30.22012691079701,-58.36453065294776,0.9999999999999997,1.2272468474529035,-3.5283886711670434,-452.48844643623585
30.2377449892892,-58.36024931193418,0.9999999999999996,1.2282717143109423,-3.5264783836502573,-450.47545559766615
30.255361251894172,-58.355969836173585,0.9999999999999996,1.2292950452309945,-3.5245687104995653,-448.4669720309948
30.272975703641904,-58.35169222602769,0.9999999999999997,1.2303168421062516,-3.522659652236136,-446.4629911003571
30.29058834955977,-58.347416481856825,0.9999999999999997,1.2313371068291694,-3.5207512093794904,-444.46350816988945
30.3081991946722,-58.34314260401993,0.9999999999999996,1.232355841291465,-3.5188433824472725,-442.4685186037271
30.32580824400135,-58.33887059287451,0.9999999999999996,1.2333730473841342,-3.5169361719554573,-440.478017766006
30.343415502566646,-58.334600448776605,0.9999999999999998,1.2343887269974196,-3.5150295784182433,-438.4920010208621
