galstreams/tracks/track.st.New-23.ibata2024.ecsv
# %ECSV 1.0
# ---
# datatype:
# - {name: ra, unit: deg, datatype: float64}
# - {name: dec, unit: deg, datatype: float64}
# - {name: distance, unit: kpc, datatype: float64}
# - {name: pm_ra_cosdec, unit: mas / yr, datatype: float64}
# - {name: pm_dec, unit: mas / yr, datatype: float64}
# - {name: radial_velocity, unit: km / s, datatype: float64}
# delimiter: ','
# meta: !!omap
# - __serialized_columns__:
#     dec:
#       __class__: astropy.coordinates.angles.Latitude
#       unit: &id001 !astropy.units.Unit {unit: deg}
#       value: !astropy.table.SerializedColumn {name: dec}
#     distance:
#       __class__: astropy.coordinates.distances.Distance
#       unit: !astropy.units.Unit {unit: kpc}
#       value: !astropy.table.SerializedColumn {name: distance}
#     pm_dec:
#       __class__: astropy.units.quantity.Quantity
#       unit: !astropy.units.Unit {unit: mas / yr}
#       value: !astropy.table.SerializedColumn {name: pm_dec}
#     pm_ra_cosdec:
#       __class__: astropy.units.quantity.Quantity
#       unit: !astropy.units.Unit {unit: mas / yr}
#       value: !astropy.table.SerializedColumn {name: pm_ra_cosdec}
#     ra:
#       __class__: astropy.coordinates.angles.Longitude
#       unit: *id001
#       value: !astropy.table.SerializedColumn {name: ra}
#       wrap_angle: !astropy.coordinates.Angle
#         unit: *id001
#         value: 360.0
#     radial_velocity:
#       __class__: astropy.units.quantity.Quantity
#       unit: !astropy.units.Unit {unit: km / s}
#       value: !astropy.table.SerializedColumn {name: radial_velocity}
# schema: astropy-2.0
ra,dec,distance,pm_ra_cosdec,pm_dec,radial_velocity
[from data line 1135]
326.9065304431647,18.254812909069475,1.0,21.533010670707405,-1.4623143408954853,-391.39763554360684
326.91683476179674,18.25682797538203,1.0,21.54015503289509,-1.4641742674033758,-391.6132925321456
326.92713945041385,18.258841855961403,1.0,21.547294258742003,-1.4660328195930497,-391.82949881128786
326.937444508517,18.260854552448535,1.0,21.554428354886547,-1.467889998899775,-392.0462428260628
326.9477499356074,18.262866066484467,1.0,21.561557327966906,-1.4697458067599847,-392.2635130214991
326.95805573118673,18.26487639971034,0.9999999999999999,21.568681184620957,-1.4716002446111744,-392.48129784262534
326.96836189475687,18.266885553767402,1.0,21.575799931486163,-1.4734533138920263,-392.6995857344704
326.9786684258199,18.26889353029697,1.0,21.582913575199733,-1.4753050160422916,-392.9183651420633
326.9889753238784,18.270900330940503,0.9999999999999999,21.590022122398643,-1.477155352502887,-393.13762451043266
326.9992825884353,18.272905957339518,1.0,21.59712557971948,-1.479004324715838,-393.3573522846072
327.0095902189937,18.27491041113566,1.0,21.60422395379856,-1.480851934124317,-393.57753690961584
327.01989821505714,18.276913693970656,0.9999999999999998,21.611317251271867,-1.4826981821725944,-393.79816683048745
327.0302065761296,18.278915807486346,1.0,21.6184054787751,-1.484543070306099,-394.01923049225064
327.0405153017151,18.280916753324636,1.0,21.625488642943697,-1.4863865999713752,-394.2407163399341
327.05082439131803,18.28291653312757,0.9999999999999998,21.63256675041258,-1.4882287726160932,-394.462612818567
327.06113384444336,18.284915148537262,1.0,21.639639807816593,-1.4900695896890745,-394.68490837317796
327.0714436605962,18.286912601195947,0.9999999999999999,21.646707821790198,-1.491909052640235,-394.9075914487956
327.081753839282,18.288908892745948,1.0,21.653770798967557,-1.4937471629206875,-395.1306504904488
327.0920643800064,18.290904024829672,1.0,21.660828745982393,-1.4955839219825968,-395.3540739431666
327.10237528227566,18.29289799908964,1.0,21.667881669468354,-1.4974193312793425,-395.57785025197734
327.11268654559615,18.29489081716848,0.9999999999999999,21.674929576058528,-1.4992533922653593,-395.8019678619102
327.1229981694747,18.296882480708884,1.0,21.681972472385933,-1.5010861063963183,-396.0264152179939
327.13331015341834,18.298872991353687,1.0,21.689010365083018,-1.502917475128914,-396.2511807652571
327.14362249693454,18.300862350745806,1.0,21.69604326078216,-1.50474749992107,-396.47625294872864
327.1539351995309,18.302850560528224,1.0,21.70307116611528,-1.5065761822317896,-396.7016202134373
327.1642482607156,18.304837622344067,0.9999999999999999,21.710094087714015,-1.5084035235212383,-396.92727100441186
327.174561679997,18.306823537836532,0.9999999999999999,21.717112032209652,-1.510229525250729,-397.1531937666814
327.1848754568838,18.308808308648935,1.0,21.724125006233276,-1.5120541888826935,-397.3793769452743
327.1951895908851,18.310791936424664,0.9999999999999999,21.73113301641555,-1.513877515880722,-397.60580898521977
327.2055040815103,18.312774422807244,0.9999999999999999,21.738136069386954,-1.5156995077095416,-397.832478331546
327.2158189282689,18.31475576944024,1.0,21.74513417177739,-1.5175201658350197,-398.05937342928223
327.2261341306711,18.316735977967372,1.0,21.752127330216723,-1.519339491724157,-398.2864827234572
327.23644968822725,18.318715050032427,1.0,21.759115551334357,-1.5211574868451194,-398.51379465909974
327.246765600448,18.320692987279298,1.0,21.76609884175945,-1.5229741526672065,-398.74129768123845
327.25708186684443,18.32266979135199,1.0,21.773077208120878,-1.5247894906608757,-398.9689802349023
327.26739848692773,18.32464546389457,1.0,21.78005065704695,-1.5266035022976858,-399.1968307651199
327.27771546020966,18.326620006551238,0.9999999999999998,21.787019195165904,-1.528416189050379,-399.42483771692036
327.2880327862023,18.328593420966275,1.0,21.79398282910571,-1.5302275523928763,-399.65298953533204
327.2983504644178,18.330565708784068,0.9999999999999999,21.80094156549377,-1.532037593800176,-399.88127466538407
327.30866849436893,18.332536871649104,1.0,21.807895410957297,-1.5338463147484518,-400.1096815521053
327.3189868755688,18.334506911205967,1.0,21.814844372123325,-1.5356537167150854,-400.338198640524
327.32930560753044,18.336475829099307,0.9999999999999999,21.821788455618265,-1.5374598011784997,-400.56681437566976
327.3396246897677,18.338443626973916,1.0,21.828727668068503,-1.539264569618382,-400.7955172025707
327.3499441217945,18.340410306474677,1.0,21.83566201609995,-1.541068023515468,-401.02429556625583
327.36026390312514,18.342375869246553,1.0,21.842591506338152,-1.5428701643517222,-401.2531379117539
327.3705840332743,18.344340316934613,0.9999999999999999,21.84951614540852,-1.544670993610218,-401.4820326840939
327.380904511757,18.34630365118403,1.0,21.85643593993596,-1.546470512775251,-401.71096832830443
327.39122533808836,18.34826587364006,0.9999999999999999,21.863350896545075,-1.5482687233321428,-401.93993328941445
327.40154651178415,18.350226985948073,0.9999999999999999,21.870261021860347,-1.5500656267674913,-402.16891601245254
327.41186803236036,18.352186989753523,0.9999999999999999,21.877166322505687,-1.5518612245690164,-402.3979049424475
327.42218989933315,18.35414588670198,0.9999999999999998,21.884066805104798,-1.5536555182255505,-402.62688852442824
327.43251211221923,18.356103678439094,0.9999999999999999,21.890962476280972,-1.5554485092271406,-402.85585520342363
327.4428346705356,18.358060366610633,1.0,21.89785334265736,-1.557240199064978,-403.0847934244623
327.4531575737995,18.36001595286243,0.9999999999999998,21.90473941085666,-1.5590305892313836,-403.3136916325732
327.4634808215286,18.36197043884044,1.0,21.911620687501223,-1.5608196812198756,-403.542538272785
327.4738044132407,18.363923826190724,0.9999999999999999,21.9184971792131,-1.5626074765250841,-403.77132179012636
327.4841283484543,18.365876116559413,0.9999999999999998,21.925368892614117,-1.5643939766428723,-404.0000306296263
327.4944526266879,18.36782731159276,0.9999999999999999,21.932235834325613,-1.5661791830701972,-404.2286532363135
327.5047772474606,18.36977741293711,1.0,21.939098010968756,-1.5679630973052419,-404.457178055217
327.5151022102915,18.371726422238893,1.0,21.94595542916425,-1.5697457208472692,-404.6855935313652
327.5254275147003,18.373674341144646,1.0,21.95280809553253,-1.571527055196789,-404.9138881097871
327.5357531602069,18.375621171301013,1.0,21.959656016693703,-1.5733071018554057,-405.14205023551153
327.54607914633175,18.377566914354716,1.0,21.96649919926759,-1.5750858623259525,-405.37006835356715
327.55640547259543,18.3795115719526,0.9999999999999999,21.973337649873656,-1.5768633381123998,-405.5979309089828
327.5667321385187,18.38145514574158,1.0,21.980171375130993,-1.578639530719876,-405.8256263467873
327.57705914362316,18.38339763736868,0.9999999999999998,21.987000381658476,-1.5804144416546748,-406.0531431120095
327.58738648743014,18.385339048481036,1.0,21.993824676074407,-1.5821880724242732,-406.28046964967814
327.5977141694618,18.387279380725857,0.9999999999999999,22.000644264997096,-1.5839604245373096,-406.507594404822
327.60804218924045,18.389218635750467,0.9999999999999999,22.007459155044256,-1.5857314995036162,-406.73450582247
327.61837054628865,18.39115681520229,1.0,22.01426935283341,-1.587501298834166,-406.96119234765047
327.6286992401294,18.393093920728827,0.9999999999999999,22.021074864981728,-1.5892698240411,-407.18764242539265
327.6390282702859,18.395029953977684,1.0,22.02787569810597,-1.591037076637754,-407.41384450072536
327.649357636282,18.396964916596584,1.0,22.034671858822676,-1.5928030581385961,-407.63978701867717
327.6596873376415,18.39889881023333,1.0,22.041463353748025,-1.594567770059328,-407.86545842427694
327.6700173738888,18.40083163653582,0.9999999999999999,22.048250189497768,-1.5963312139167876,-408.09084716255353
327.68034774454867,18.40276339715207,1.0,22.055032372687485,-1.598093391228982,-408.3159416785357
327.6906784491458,18.404694093730168,0.9999999999999998,22.061809909932222,-1.599854303515091,-408.5407304172522
327.7010094872058,18.406623727918305,0.9999999999999999,22.068582807846898,-1.6016139522955122,-408.7652018237319
327.7113408582541,18.408552301364775,1.0,22.075351073045965,-1.6033723390917878,-408.9893443430035
327.72167256181694,18.410479815717977,1.0,22.082114712143653,-1.605129465426625,-409.21314642009577
327.7320045974206,18.412406272626413,1.0,22.088873731753733,-1.6068853328239285,-409.4365965000375
327.7423369645916,18.414331673738644,0.9999999999999999,22.095628138489673,-1.6086399428087645,-409.6596830278577
327.7526696628571,18.416256020703354,0.9999999999999999,22.102377938964676,-1.6103932969074215,-409.882394448585
327.76300269174436,18.418179315169343,1.0,22.109123139791524,-1.6121453966473034,-410.10471920724814
327.77333605078115,18.42010155878547,0.9999999999999999,22.115863747582758,-1.6138962435570647,-410.3266457488759
327.78366973949545,18.422022753200725,0.9999999999999999,22.12259976895038,-1.6156458391664756,-410.5481625184974
327.79400375741574,18.42394290006418,1.0,22.12933121050643,-1.6173941850065496,-410.7692579611409
327.8043381040706,18.42586200102499,0.9999999999999998,22.136058078862256,-1.619141282609423,-410.9899205218356
327.8146727789892,18.42778005773244,0.9999999999999999,22.14278038062901,-1.6208871335084467,-411.2101386456101
327.8250077817007,18.42969707183588,0.9999999999999999,22.149498122417423,-1.622631739238173,-411.42990077749323
327.8353431117351,18.431613044984775,0.9999999999999999,22.15621131083812,-1.6243751013343157,-411.6491953625138
327.8456787686223,18.433527978828693,1.0,22.162919952501095,-1.6261172213337787,-411.86801084570067
327.85601475189276,18.435441875017297,1.0,22.169624054016136,-1.6278581007746418,-412.0863356720826
327.86635106107724,18.43735473520032,1.0,22.176323621992765,-1.6295977411961822,-412.3041582866884
327.8766876957068,18.439266561027612,0.9999999999999999,22.183018663039995,-1.6313361441388743,-412.5214671345467
327.8870246553128,18.441177354149136,0.9999999999999999,22.189709183766695,-1.633073311144365,-412.7382506606864
327.8973619394272,18.443087116214926,1.0,22.196395190781224,-1.6348092437555195,-412.95449731013645
327.90769954758196,18.444995848875145,0.9999999999999998,22.203076690691702,-1.6365439435163225,-413.17019552792533
327.9180374793096,18.44690355378001,1.0,22.209753690105817,-1.6382774119720551,-413.3853337590821
327.9283757341429,18.448810232579856,1.0,22.216426195631072,-1.6400096506690929,-413.59990044863537
327.9387143116149,18.45071588692513,1.0,22.223094213874393,-1.6417406611550298,-413.81388404161413
327.9490532112592,18.45262051846635,0.9999999999999999,22.229757751442612,-1.643470444978707,-414.02727298304694
327.95939243260955,18.454524128854153,0.9999999999999999,22.236416814942086,-1.645199003690088,-414.2400557179626
327.96973197520015,18.45642671973926,0.9999999999999999,22.24307141097885,-1.6469263388403625,-414.45222069139004
327.98007183856555,18.458328292772503,1.0,22.249721546158575,-1.648652451981917,-414.6637563483583
327.9904120222405,18.46022884960478,0.9999999999999999,22.256367227086567,-1.6503773446683248,-414.87465113389544
328.00075252576016,18.462128391887116,1.0,22.26300846036786,-1.652101018454342,-415.0848934930312
328.01109334866015,18.464026921270627,1.0,22.26964525260712,-1.6538234748959475,-415.29447187079364
328.02143449047634,18.465924439406514,1.0,22.276277610408627,-1.655544715550306,-415.50337471221167
328.031775950745,18.4678209479461,1.0,22.28290554037644,-1.6572647419758084,-415.71159046231435
328.04211772900254,18.46971644854077,1.0,22.28952904911414,-1.6589835557319716,-415.9191075661302
328.0524598247859,18.471610942842027,1.0,22.296148143224883,-1.6607011583795739,-416.1259144686883
328.0628022376324,18.473504432501475,1.0,22.30276282931175,-1.6624175514805835,-416.3319996150172
328.0731449670796,18.475396919170798,0.9999999999999999,22.309373113977266,-1.6641327365981553,-416.5373514501459
328.08348801266555,18.477288404501795,0.9999999999999999,22.31597900382372,-1.6658467152966665,-416.7419584191027
328.09383137392837,18.47917889014637,0.9999999999999999,22.322580505452844,-1.6675594891416559,-416.94580896691707
328.10417505040675,18.481068377756472,1.0,22.3291776254664,-1.6692710596999198,-417.1488915386175
328.1145190416396,18.482956868984196,0.9999999999999999,22.335770370465365,-1.670981428539406,-417.3511945792325
328.1248633471663,18.48484436548172,0.9999999999999999,22.342358747050675,-1.6726905972293018,-417.55270653379154
328.13520796652654,18.48673086890132,0.9999999999999998,22.34894276182289,-1.6743985673399955,-417.7534158473226
328.14555289926034,18.488616380895362,1.0,22.355522421382087,-1.6761053404430797,-417.9533109648551
328.155898144908,18.490500903116338,0.9999999999999999,22.362097732328028,-1.6778109181113159,-418.1523803314174
328.1662437030102,18.492384437216778,1.0,22.368668701260177,-1.6795153019187126,-418.35061239203867
328.17658957310806,18.49426698484935,0.9999999999999999,22.375235334777702,-1.681218493440511,-418.54799559174745
328.18693575474276,18.49614854766683,1.0,22.381797639479146,-1.6829204942530787,-418.7445183755726
328.19728224745637,18.498029127322056,1.0,22.388355621963118,-1.684621305934062,-418.9401691885431
328.20762905079084,18.499908725467996,0.9999999999999999,22.394909288827613,-1.6863209300623012,-419.13493647568737
328.21797616428853,18.501787343757673,1.0,22.401458646670267,-1.6880193682178302,-419.3288086820346
328.2283235874922,18.503664983844242,1.0,22.408003702088337,-1.6897166219818978,-419.52177425261317
328.238671319945,18.505541647380944,1.0,22.41454446167894,-1.6914126929369857,-419.71382163245227
328.2490193611905,18.50741733602112,1.0,22.421080932038613,-1.6931075826667552,-419.90493926658047
328.2593677107725,18.5092920514182,0.9999999999999999,22.42761311976375,-1.6948012927561038,-420.0951156000265
328.26971636823515,18.511165795225722,0.9999999999999999,22.4341410314501,-1.696493824791137,-420.28433907781937
328.2800653331229,18.513038569097294,1.0,22.440664673693306,-1.6981851803591823,-420.4725981449877
328.29041460498064,18.514910374686654,0.9999999999999999,22.44718405308864,-1.699875361048754,-420.6598812465603
328.30076418335364,18.516781213647608,1.0,22.45369917623092,-1.7015643684496204,-420.84617682756596
328.3111140677874,18.518651087634083,1.0,22.460210049714583,-1.703252204152733,-421.03147333303366
328.32146425782787,18.520519998300085,1.0,22.46671668013385,-1.7049388697502827,-421.21575920799205
328.3318147530214,18.52238794729974,1.0,22.473219074082433,-1.706624366835669,-421.3990228974698
328.34216555291437,18.524254936287225,0.9999999999999999,22.47971723815376,-1.708308697003499,-421.58125284649583
328.3525166570539,18.52612096691685,1.0,22.486211178941012,-1.709991861849634,-421.762437500099
328.36286806498725,18.527986040843015,0.9999999999999999,22.49270090303679,-1.711673862971093,-421.9425653033079
328.3732197762621,18.529850159720223,0.9999999999999999,22.49918641703351,-1.713354701966182,-422.12162470115163
328.3835717904265,18.53171332520304,1.0,22.505667727523186,-1.715034380434414,-422.2996041386586
328.3939241070288,18.533575538946188,0.9999999999999999,22.512144841097438,-1.7167128999764785,-422.47649206085777
328.4042767256176,18.535436802604412,1.0,22.518617764347503,-1.7183902621943226,-422.6522769127782
328.414629645742,18.537297117832605,0.9999999999999999,22.52508650386432,-1.7200664686911011,-422.82694713944824
328.4249828669514,18.539156486285744,1.0,22.531551066238414,-1.7217415210712232,-423.0004911858971
328.43533638879563,18.541014909618898,1.0,22.5380114580601,-1.7234154209402917,-423.17289749715326
328.4456902108248,18.542872389487233,0.9999999999999999,22.544467685919173,-1.7250881699051313,-423.3441545182455
328.4560443325894,18.544728927546025,0.9999999999999998,22.55091975640508,-1.7267597695738353,-423.5142506942028
