galstreams/tracks/track.Phoenix.balbinot2016.ecsv
# %ECSV 0.9
# ---
# datatype:
# - {name: sc.ra, unit: deg, datatype: float64}
# - {name: sc.dec, unit: deg, datatype: float64}
# - {name: sc.distance, unit: kpc, datatype: float64}
# - {name: width, datatype: float64}
# meta: !!omap
# - __serialized_columns__:
#     sc:
#       __class__: astropy.coordinates.sky_coordinate.SkyCoord
#       dec: !astropy.table.SerializedColumn
#         __class__: astropy.coordinates.angles.Latitude
#         unit: &id001 !astropy.units.Unit {unit: deg}
#         value: !astropy.table.SerializedColumn {name: sc.dec}
#       distance: !astropy.table.SerializedColumn
#         __class__: astropy.coordinates.distances.Distance
#         unit: !astropy.units.Unit {unit: kpc}
#         value: !astropy.table.SerializedColumn {name: sc.distance}
#       frame: icrs
#       ra: !astropy.table.SerializedColumn
#         __class__: astropy.coordinates.angles.Longitude
#         unit: *id001
#         value: !astropy.table.SerializedColumn {name: sc.ra}
#         wrap_angle: !astropy.coordinates.Angle
#           unit: *id001
#           value: 360.0
#       representation_type: spherical
# schema: astropy-2.0
sc.ra sc.dec sc.distance width
[from data line 335]
22.2166020511818 -53.89358747792563 17.5 0.18
22.22271672418314 -53.88425938272572 17.5 0.18
22.228828668965807 -53.87493097694649 17.5 0.18
22.23493788758839 -53.86560226083261 17.5 0.18
22.24104438210759 -53.8562732346285 17.5 0.18
22.247148154578124 -53.846943898578395 17.5 0.18
22.253249207052864 -53.83761425292621 17.5 0.18
22.259347541582756 -53.82828429791566 17.5 0.18
22.265443160216762 -53.818954033790206 17.5 0.18
22.27153606500202 -53.809623460793084 17.5 0.18
22.277626257983734 -53.80029257916727 17.5 0.18
22.2837137412052 -53.79096138915551 17.5 0.18
22.289798516707805 -53.78162989100031 17.5 0.18
22.29588058653104 -53.77229808494392 17.5 0.18
22.301959952712487 -53.76296597122836 17.5 0.18
22.308036617287865 -53.75363355009543 17.5 0.18
22.31411058229094 -53.74430082178666 17.5 0.18
22.320181849753656 -53.73496778654336 17.5 0.18
22.326250421705996 -53.72563444460658 17.5 0.18
22.33231630017611 -53.71630079621714 17.5 0.18
22.338379487190238 -53.70696684161566 17.5 0.18
22.344439984772738 -53.69763258104248 17.5 0.18
22.35049779494606 -53.68829801473767 17.5 0.18
22.35655291973083 -53.67896314294116 17.5 0.18
22.362605361145746 -53.669627965892545 17.5 0.18
22.36865512120767 -53.66029248383124 17.5 0.18
22.374702201931534 -53.65095669699642 17.5 0.18
22.38074660533047 -53.641620605627004 17.5 0.18
22.386788333415662 -53.63228420996167 17.5 0.18
22.39282738819651 -53.62294751023887 17.5 0.18
22.39886377168047 -53.61361050669685 17.5 0.18
22.404897485873185 -53.604273199573576 17.5 0.18
22.41092853277843 -53.5949355891068 17.5 0.18
22.41695691439808 -53.58559767553403 17.5 0.18
22.422982632732214 -53.57625945909257 17.5 0.18
22.429005689779014 -53.56692094001944 17.5 0.18
22.435026087534816 -53.55758211855145 17.5 0.18
22.441043827994104 -53.54824299492519 17.5 0.18
22.447058913149533 -53.538903569377034 17.5 0.18
22.45307134499188 -53.529563842143034 17.5 0.18
22.459081125510092 -53.520223813459104 17.5 0.18
22.465088256691274 -53.510883483560896 17.5 0.18
22.47109274052069 -53.501542852683826 17.5 0.18
22.477094578981767 -53.49220192106305 17.5 0.18
22.48309377405607 -53.48286068893357 17.5 0.18
22.489090327723357 -53.473519156530045 17.5 0.18
22.495084241961553 -53.46417732408701 17.5 0.18
22.501075518746735 -53.454835191838704 17.5 0.18
22.507064160053176 -53.44549276001917 17.5 0.18
22.513050167853276 -53.436150028862194 17.5 0.18
22.519033544117654 -53.42680699860134 17.5 0.18
22.525014290815086 -53.417463669469946 17.5 0.18
22.53099240991254 -53.408120041701146 17.5 0.18
22.53696790337514 -53.39877611552779 17.5 0.18
22.542940773166233 -53.38943189118255 17.5 0.18
22.548911021247303 -53.38008736889784 17.5 0.18
22.55487864957806 -53.370742548905845 17.5 0.18
22.560843660116372 -53.36139743143855 17.5 0.18
22.566806054818333 -53.35205201672768 17.5 0.18
22.572765835638197 -53.34270630500476 17.5 0.18
22.578723004528435 -53.33336029650107 17.5 0.18
22.584677563439698 -53.32401399144765 17.5 0.18
22.59062951432083 -53.314667390075336 17.5 0.18
22.596578859118914 -53.305320492614754 17.5 0.18
22.602525599779213 -53.295973299296264 17.5 0.18
22.60846973824517 -53.28662581035001 17.5 0.18
22.614411276458465 -53.27727802600595 17.5 0.18
22.620350216358982 -53.267929946493766 17.5 0.18
22.626286559884825 -53.25858157204292 17.5 0.18
22.632220308972276 -53.249232902882675 17.5 0.18
22.638151465555858 -53.23988393924207 17.5 0.18
22.644080031568315 -53.2305346813499 17.5 0.18
22.650006008940583 -53.22118512943472 17.5 0.18
22.655929399601874 -53.211835283724945 17.5 0.18
22.661850205479535 -53.202485144448644 17.5 0.18
22.667768428499226 -53.19313471183374 17.5 0.18
22.67368407058477 -53.18378398610796 17.5 0.18
22.679597133658245 -53.17443296749873 17.5 0.18
22.685507619639957 -53.16508165623328 17.5 0.18
22.69141553044845 -53.155730052538644 17.5 0.18
22.69732086800049 -53.14637815664164 17.5 0.18
22.703223634211074 -53.13702596876882 17.5 0.18
22.709123830993466 -53.127673489146524 17.5 0.18
22.715021460259138 -53.11832071800094 17.5 0.18
22.720916523917808 -53.108967655557905 17.5 0.18
22.72680902387746 -53.09961430204317 17.5 0.18
22.73269896204431 -53.09026065768217 17.5 0.18
22.738586340322804 -53.08090672270019 17.5 0.18
22.744471160615664 -53.071552497322244 17.5 0.18
22.750353424823864 -53.062197981773124 17.5 0.18
22.756233134846607 -53.05284317627745 17.5 0.18
22.762110292581355 -53.043488081059586 17.5 0.18
22.76798489992385 -53.0341326963437 17.5 0.18
22.773856958768075 -53.02477702235371 17.5 0.18
22.77972647100629 -53.01542105931333 17.5 0.18
22.78559343852899 -53.0060648074461 17.5 0.18
22.791457863224966 -52.99670826697527 17.5 0.18
22.797319746981234 -52.98735143812388 17.5 0.18
22.80317909168314 -52.97799432111484 17.5 0.18
22.80903589921422 -52.96863691617075 17.5 0.18
22.814890171456376 -52.95927922351403 17.5 0.18
22.82074191028971 -52.94992124336688 17.5 0.18
22.826591117592603 -52.940562975951266 17.5 0.18
22.832437795241788 -52.931204421488985 17.5 0.18
22.838281945112183 -52.92184558020155 17.5 0.18
22.844123569077055 -52.91248645231035 17.5 0.18
22.849962669007905 -52.90312703803643 17.5 0.18
22.855799246774573 -52.893767337600764 17.5 0.18
22.861633304245135 -52.88440735122402 17.5 0.18
22.867464843285983 -52.875047079126674 17.5 0.18
22.873293865761802 -52.86568652152899 17.5 0.18
22.87912037353556 -52.856325678651004 17.5 0.18
22.884944368468513 -52.84696455071257 17.5 0.18
22.890765852420248 -52.837603137933314 17.5 0.18
22.896584827248596 -52.82824144053261 17.5 0.18
22.902401294809742 -52.8188794587297 17.5 0.18
22.908215256958137 -52.809517192743535 17.5 0.18
22.914026715546555 -52.80015464279291 17.5 0.18
22.919835672426068 -52.79079180909636 17.5 0.18
22.925642129446047 -52.78142869187226 17.5 0.18
22.93144608845419 -52.772065291338706 17.5 0.18
22.9372475512965 -52.76270160771368 17.5 0.18
22.943046519817294 -52.75333764121484 17.5 0.18
22.948842995859195 -52.743973392059715 17.5 0.18
22.954636981263146 -52.7346088604656 17.5 0.18
22.96042847786844 -52.72524404664958 17.5 0.18
22.966217487512623 -52.71587895082851 17.5 0.18
22.97200401203163 -52.706513573219056 17.5 0.18
22.977788053259683 -52.69714791403769 17.5 0.18
22.983569613029356 -52.68778197350062 17.5 0.18
22.9893486931715 -52.678415751823906 17.5 0.18
22.995125295515376 -52.669049249223384 17.5 0.18
23.000899421888498 -52.659682465914635 17.5 0.18
23.006671074116763 -52.650315402113094 17.5 0.18
23.012440254024384 -52.64094805803396 17.5 0.18
23.018206963433908 -52.631580433892225 17.5 0.18
23.023971204166244 -52.62221252990266 17.5 0.18
23.0297329780406 -52.61284434627986 17.5 0.18
23.03549228687457 -52.60347588323818 17.5 0.18
23.04124913248405 -52.59410714099179 17.5 0.18
23.04700351668334 -52.58473811975465 17.5 0.18
23.052755441285022 -52.5753688197405 17.5 0.18
23.05850490810006 -52.5659992411629 17.5 0.18
23.064251918937785 -52.55662938423518 17.5 0.18
23.06999647560585 -52.547259249170466 17.5 0.18
23.07573857991028 -52.5378888361817 17.5 0.18
23.08147823365545 -52.5285181454816 17.5 0.18
23.087215438644108 -52.519147177282676 17.5 0.18
23.09295019667734 -52.50977593179726 17.5 0.18
23.098682509554592 -52.50040440923743 17.5 0.18
23.104412379073715 -52.4910326098151 17.5 0.18
23.11013980703088 -52.48166053374199 17.5 0.18
23.115864795220645 -52.47228818122958 17.5 0.18
23.121587345435938 -52.462915552489164 17.5 0.18
23.127307459468042 -52.45354264773182 17.5 0.18
23.133025139106653 -52.44416946716846 17.5 0.18
23.138740386139794 -52.43479601100975 17.5 0.18
23.144453202353876 -52.425422279466176 17.5 0.18
23.15016358953371 -52.416048272748014 17.5 0.18
23.15587154946247 -52.406673991065354 17.5 0.18
23.161577083921724 -52.39729943462806 17.5 0.18
23.1672801946914 -52.38792460364579 17.5 0.18
23.17298088354981 -52.37854949832804 17.5 0.18
23.1786791522737 -52.36917411888408 17.5 0.18
23.184375002638156 -52.35979846552298 17.5 0.18
23.190068436416674 -52.350422538453586 17.5 0.18
23.19575945538113 -52.341046337884585 17.5 0.18
23.201448061301807 -52.331669864024455 17.5 0.18
23.207134255947384 -52.32229311708144 17.5 0.18
23.212818041084926 -52.312916097263646 17.5 0.18
23.218499418479887 -52.3035388047789 17.5 0.18
23.224178389896167 -52.29416123983491 17.5 0.18
23.229854957096038 -52.28478340263913 17.5 0.18
23.235529121840134 -52.27540529339882 17.5 0.18
23.241200885887583 -52.266026912321074 17.5 0.18
23.246870250995865 -52.256648259612774 17.5 0.18
23.252537218920857 -52.247269335480574 17.5 0.18
23.25820179141689 -52.237890140130965 17.5 0.18
23.26386397023669 -52.22851067377024 17.5 0.18
23.26952375713139 -52.21913093660445 17.5 0.18
23.275181153850554 -52.20975092883953 17.5 0.18
23.280836162142123 -52.200370650681144 17.5 0.18
23.286488783752517 -52.19099010233478 17.5 0.18
23.292139020426536 -52.18160928400575 17.5 0.18
23.297786873907416 -52.17222819589915 17.5 0.18
23.303432345936837 -52.16284683821989 17.5 0.18
23.309075438254865 -52.15346521117267 17.5 0.18
23.314716152600013 -52.144083314962025 17.5 0.18
23.320354490709253 -52.13470114979226 17.5 0.18
23.32599045431793 -52.125318715867486 17.5 0.18
23.331624045159877 -52.11593601339163 17.5 0.18
23.33725526496734 -52.10655304256847 17.5 0.18
23.34288411547098 -52.09716980360152 17.5 0.18
23.348510598399937 -52.08778629669409 17.5 0.18
23.354134715481745 -52.07840252204938 17.5 0.18
23.359756468442434 -52.06901847987034 17.5 0.18
23.365375859006438 -52.059634170359715 17.5 0.18
23.370992888896662 -52.05024959372009 17.5 0.18
23.376607559834415 -52.040864750153844 17.5 0.18
23.382219873539494 -52.03147963986316 17.5 0.18
23.387829831730144 -52.022094263050015 17.5 0.18
23.393437436123037 -52.01270861991624 17.5 0.18
23.399042688433333 -52.00332271066343 17.5 0.18
23.404645590374603 -51.99393653549299 17.5 0.18
23.410246143658924 -51.98455009460615 17.5 0.18
23.415844349996792 -51.97516338820395 17.5 0.18
23.421440211097185 -51.96577641648723 17.5 0.18
23.427033728667524 -51.95638917965663 17.5 0.18
23.43262490441372 -51.947001677912624 17.5 0.18
23.43821374004013 -51.93761391145549 17.5 0.18
23.443800237249576 -51.9282258804853 17.5 0.18
23.44938439774336 -51.91883758520191 17.5 0.18
23.454966223221238 -51.90944902580504 17.5 0.18
23.460545715381468 -51.900060202494224 17.5 0.18
23.46612287592075 -51.890671115468756 17.5 0.18
23.47169770653427 -51.88128176492777 17.5 0.18
23.477270208915698 -51.871892151070206 17.5 0.18
23.482840384757157 -51.86250227409483 17.5 0.18
23.488408235749286 -51.85311213420018 17.5 0.18
23.493973763581188 -51.84372173158466 17.5 0.18
23.499536969940433 -51.83433106644645 17.5 0.18
23.5050978565131 -51.82494013898353 17.5 0.18
23.510656424983747 -51.815548949393715 17.5 0.18
23.51621267703543 -51.806157497874665 17.5 0.18
23.521766614349673 -51.79676578462378 17.5 0.18
23.527318238606494 -51.787373809838314 17.5 0.18
23.53286755148442 -51.77798157371535 17.5 0.18
23.538414554660473 -51.768589076451754 17.5 0.18
23.543959249810154 -51.75919631824419 17.5 0.18
23.549501638607474 -51.749803299289205 17.5 0.18
23.555041722724923 -51.74041001978309 17.5 0.18
23.560579503833534 -51.731016479921976 17.5 0.18
23.56611498360281 -51.72162267990183 17.5 0.18
23.571648163700758 -51.71222861991838 17.5 0.18
23.5771790457939 -51.702834300167225 17.5 0.18
23.58270763154728 -51.69343972084376 17.5 0.18
23.58823392262441 -51.68404488214317 17.5 0.18
23.593757920687366 -51.67464978426051 17.5 0.18
23.599279627396683 -51.66525442739058 17.5 0.18
23.60479904441144 -51.65585881172805 17.5 0.18
23.610316173389247 -51.646462937467376 17.5 0.18
23.615831015986185 -51.63706680480286 17.5 0.18
23.621343573856894 -51.62767041392862 17.5 0.18
23.626853848654505 -51.618273765038516 17.5 0.18
23.632361842030697 -51.60887685832635 17.5 0.18
23.637867555635662 -51.59947969398564 17.5 0.18
23.64337099111811 -51.590082272209756 17.5 0.18
23.648872150125293 -51.5806845931919 17.5 0.18
23.65437103430296 -51.57128665712507 17.5 0.18
23.65986764529543 -51.5618884642021 17.5 0.18
23.66536198474553 -51.55249001461561 17.5 0.18
23.670854054294622 -51.54309130855807 17.5 0.18
23.67634385558261 -51.53369234622178 17.5 0.18
23.681831390247908 -51.52429312779881 17.5 0.18
23.68731665992753 -51.51489365348109 17.5 0.18
23.692799666256942 -51.50549392346036 17.5 0.18
23.698280410870204 -51.49609393792816 17.5 0.18
23.703758895399943 -51.486693697075864 17.5 0.18
23.70923512147727 -51.47729320109473 17.5 0.18
23.714709090731876 -51.46789245017568 17.5 0.18
23.720180804792005 -51.45849144450961 17.5 0.18
23.725650265284397 -51.44909018428715 17.5 0.18
23.73111747383442 -51.439688669698796 17.5 0.18
23.73658243206594 -51.43028690093485 17.5 0.18
23.74204514160139 -51.420884878185404 17.5 0.18
23.74750560406176 -51.411482601640415 17.5 0.18
23.752963821066604 -51.40208007148965 17.5 0.18
23.758419794234012 -51.392677287922695 17.5 0.18
23.763873525180653 -51.38327425112893 17.5 0.18
23.769325015521755 -51.37387096129763 17.5 0.18
23.774774266871088 -51.3644674186178 17.5 0.18
23.780221280841005 -51.35506362327833 17.5 0.18
23.78566605904244 -51.34565957546793 17.5 0.18
23.791108603084872 -51.336255275375095 17.5 0.18
23.796548914576324 -51.32685072318819 17.5 0.18
23.801986995123443 -51.317445919095356 17.5 0.18
23.807422846331413 -51.308040863284596 17.5 0.18
23.812856469804004 -51.29863555594373 17.5 0.18
23.81828786714355 -51.28922999726039 17.5 0.18
23.82371703995098 -51.27982418742204 17.5 0.18
23.829143989825763 -51.27041812661596 17.5 0.18
23.834568718366004 -51.261011815029256 17.5 0.18
23.83999122716834 -51.25160525284886 17.5 0.18
23.84541151782802 -51.24219844026156 17.5 0.18
23.850829591938833 -51.23279137745391 17.5 0.18
23.85624545109322 -51.22338406461233 17.5 0.18
23.861659096882164 -51.21397650192307 17.5 0.18
23.867070530895237 -51.20456868957217 17.5 0.18
23.872479754720615 -51.19516062774554 17.5 0.18
23.87788676994507 -51.185752316628886 17.5 0.18
23.883291578153948 -51.17634375640774 17.5 0.18
23.888694180931196 -51.16693494726748 17.5 0.18
23.894094579859363 -51.157525889393305 17.5 0.18
23.899492776519597 -51.14811658297021 17.5 0.18
23.904888772491624 -51.13870702818307 17.5 0.18
23.910282569353807 -51.12929722521656 17.5 0.18
23.915674168683072 -51.11988717425517 17.5 0.18
23.92106357205498 -51.11047687548325 17.5 0.18
23.926450781043677 -51.10106632908494 17.5 0.18
23.931835797221908 -51.09165553524422 17.5 0.18
23.93721862216106 -51.08224449414493 17.5 0.18
23.942599257431116 -51.07283320597072 17.5 0.18
23.947977704600618 -51.06342167090504 17.5 0.18
23.9533539652368 -51.05400988913121 17.5 0.18
23.958728040905473 -51.04459786083233 17.5 0.18
23.964099933171063 -51.035185586191396 17.5 0.18
23.969469643596586 -51.025773065391185 17.5 0.18
23.97483717374375 -51.016360298614316 17.5 0.18
23.980202525172796 -51.00694728604325 17.5 0.18
23.98556569944266 -50.99753402786026 17.5 0.18
23.990926698110844 -50.988120524247456 17.5 0.18
23.99628552273351 -50.978706775386755 17.5 0.18
24.00164217486542 -50.96929278145997 17.5 0.18
24.00699665605997 -50.959878542648696 17.5 0.18
24.012348967869222 -50.95046405913433 17.5 0.18
24.01769911184381 -50.941049331098185 17.5 0.18
24.023047089533033 -50.93163435872133 17.5 0.18
24.028392902484825 -50.922219142184716 17.5 0.18
24.033736552245713 -50.91280368166906 17.5 0.18
24.039078040360923 -50.903387977355 17.5 0.18
24.044417368374273 -50.89397202942294 17.5 0.18
24.049754537828232 -50.88455583805314 17.5 0.18
24.055089550263922 -50.8751394034257 17.5 0.18
24.060422407221076 -50.86572272572051 17.5 0.18
24.06575311023809 -50.85630580511737 17.5 0.18
24.071081660852016 -50.84688864179583 17.5 0.18
24.07640806059852 -50.83747123593534 17.5 0.18
24.081732311011955 -50.82805358771514 17.5 0.18
24.08705441362529 -50.81863569731433 17.5 0.18
24.092374369970145 -50.80921756491183 17.5 0.18
24.097692181576814 -50.799799190686386 17.5 0.18
24.10300784997424 -50.790380574816616 17.5 0.18
24.10832137668999 -50.78096171748091 17.5 0.18
