galstreams/tracks/track.st.M5.grillmair2019.ecsv
# %ECSV 0.9
# ---
# datatype:
# - {name: ra, unit: deg, datatype: float64}
# - {name: dec, unit: deg, datatype: float64}
# - {name: distance, unit: kpc, datatype: float64}
# - {name: pm_ra_cosdec, unit: mas / yr, datatype: float64}
# - {name: pm_dec, unit: mas / yr, datatype: float64}
# - {name: radial_velocity, unit: km / s, datatype: float64}
# delimiter: ','
# meta: !!omap
# - __serialized_columns__:
#     dec:
#       __class__: astropy.coordinates.angles.Latitude
#       unit: &id001 !astropy.units.Unit {unit: deg}
#       value: !astropy.table.SerializedColumn {name: dec}
#     distance:
#       __class__: astropy.coordinates.distances.Distance
#       unit: !astropy.units.Unit {unit: kpc}
#       value: !astropy.table.SerializedColumn {name: distance}
#     pm_dec:
#       __class__: astropy.units.quantity.Quantity
#       unit: !astropy.units.Unit {unit: mas / yr}
#       value: !astropy.table.SerializedColumn {name: pm_dec}
#     pm_ra_cosdec:
#       __class__: astropy.units.quantity.Quantity
#       unit: !astropy.units.Unit {unit: mas / yr}
#       value: !astropy.table.SerializedColumn {name: pm_ra_cosdec}
#     ra:
#       __class__: astropy.coordinates.angles.Longitude
#       unit: *id001
#       value: !astropy.table.SerializedColumn {name: ra}
#       wrap_angle: !astropy.coordinates.Angle
#         unit: *id001
#         value: 360.0
#     radial_velocity:
#       __class__: astropy.units.quantity.Quantity
#       unit: !astropy.units.Unit {unit: km / s}
#       value: !astropy.table.SerializedColumn {name: radial_velocity}
# schema: astropy-2.0
ra,dec,distance,pm_ra_cosdec,pm_dec,radial_velocity
190.0003988436434,20.261867232162874,7.500000000000008,0.0,0.0,0.0
190.18566128627495,20.189424016701125,7.500000000000009,0.0,0.0,0.0
190.3708044651847,20.116925207027542,7.500000000000009,0.0,0.0,0.0
190.55582881176747,20.044370693713617,7.500000000000009,0.0,0.0,0.0
190.7407347556435,19.971760368493115,7.500000000000008,0.0,0.0,0.0
190.92552272467498,19.899094124263552,7.500000000000007,0.0,0.0,0.0
191.11019314498185,19.82637185508769,7.500000000000006,0.0,0.0,0.0
191.29474644095802,19.75359345619478,7.500000000000006,0.0,0.0,0.0
191.4791830352877,19.68075882398171,7.500000000000005,0.0,0.0,0.0
191.66350334896114,19.607867856014128,7.500000000000004,0.0,0.0,0.0
191.84770780129108,19.534920451027237,7.500000000000005,0.0,0.0,0.0
192.03179680992827,19.46191650892675,7.500000000000004,0.0,0.0,0.0
192.21577079087785,19.3888559307895,7.500000000000004,0.0,0.0,0.0
192.39963015851518,19.31573861886404,7.500000000000004,0.0,0.0,0.0
192.5833753256017,19.242564476571072,7.5000000000000036,0.0,0.0,0.0
192.76700670330084,19.16933340850382,7.5000000000000036,0.0,0.0,0.0
192.95052470119398,19.09604532042815,7.500000000000002,0.0,0.0,0.0
193.13392972729622,19.022700119282813,7.500000000000001,0.0,0.0,0.0
193.31722218807204,18.94929771317929,7.500000000000003,0.0,0.0,0.0
193.50040248845121,18.875838011401743,7.500000000000001,0.0,0.0,0.0
193.6834710318444,18.80232092440668,7.500000000000001,0.0,0.0,0.0
193.86642822015895,18.72874636382264,7.5,0.0,0.0,0.0
194.0492744538146,18.655114242449624,7.500000000000001,0.0,0.0,0.0
194.23201013175876,18.581424474258572,7.5,0.0,0.0,0.0
194.41463565148237,18.507676974390545,7.500000000000001,0.0,0.0,0.0
194.59715140903543,18.433871659155955,7.499999999999999,0.0,0.0,0.0
194.77955779904224,18.360008446033515,7.499999999999999,0.0,0.0,0.0
194.9618552147171,18.286087253669233,7.5,0.0,0.0,0.0
195.1440440478798,18.21210800187513,7.499999999999999,0.0,0.0,0.0
195.32612468897062,18.138070611628,7.499999999999998,0.0,0.0,0.0
195.50809752706593,18.063975005067928,7.499999999999999,0.0,0.0,0.0
195.6899629498935,17.989821105496777,7.499999999999997,0.0,0.0,0.0
195.87172134384753,17.915608837376467,7.4999999999999964,0.0,0.0,0.0
196.05337309400406,17.841338126327265,7.499999999999997,0.0,0.0,0.0
196.23491858413624,17.7670088991258,7.499999999999998,0.0,0.0,0.0
196.41635819672902,17.692621083703145,7.499999999999996,0.0,0.0,0.0
196.5976923129946,17.61817460914263,7.4999999999999964,0.0,0.0,0.0
196.77892131288735,17.54366940567762,7.4999999999999964,0.0,0.0,0.0
196.9600455751187,17.469105404689195,7.499999999999996,0.0,0.0,0.0
197.1410654771724,17.394482538703556,7.499999999999997,0.0,0.0,0.0
197.32198139531894,17.319800741389635,7.499999999999996,0.0,0.0,0.0
197.5027937046308,17.245059947556253,7.499999999999995,0.0,0.0,0.0
197.68350277899708,17.17026009314938,7.499999999999996,0.0,0.0,0.0
197.8641089911383,17.09540111524919,7.499999999999996,0.0,0.0,0.0
198.044612712621,17.020482952067056,7.499999999999995,0.0,0.0,0.0
198.22501431387272,16.945505542942357,7.499999999999996,0.0,0.0,0.0
198.40531416419634,16.870468828339302,7.499999999999996,0.0,0.0,0.0
198.5855126317846,16.795372749843512,7.4999999999999964,0.0,0.0,0.0
198.76561008373497,16.72021725015858,7.499999999999994,0.0,0.0,0.0
198.94560688606367,16.645002273102453,7.499999999999995,0.0,0.0,0.0
199.1255034037205,16.569727763603787,7.499999999999994,0.0,0.0,0.0
199.30530000060315,16.494393667698077,7.499999999999996,0.0,0.0,0.0
199.4849970395712,16.418999932523846,7.499999999999996,0.0,0.0,0.0
199.66459488246082,16.34354650631855,7.499999999999996,0.0,0.0,0.0
199.84409389009878,16.2680333384145,7.499999999999995,0.0,0.0,0.0
200.0234944223167,16.192460379234614,7.499999999999995,0.0,0.0,0.0
200.20279683796508,16.116827580288106,7.499999999999995,0.0,0.0,0.0
200.38200149492766,16.041134894165964,7.499999999999994,0.0,0.0,0.0
200.56110875013516,15.965382274536513,7.499999999999995,0.0,0.0,0.0
200.74011895957938,15.88956967614073,7.499999999999992,0.0,0.0,0.0
200.91903247832713,15.813697054787452,7.499999999999995,0.0,0.0,0.0
201.09784966053408,15.737764367348555,7.499999999999995,0.0,0.0,0.0
201.27657085945873,15.661771571754,7.499999999999994,0.0,0.0,0.0
201.45519642747604,15.58571862698669,7.499999999999995,0.0,0.0,0.0
201.63372671609125,15.50960549307744,7.499999999999994,0.0,0.0,0.0
201.81216207595344,15.433432131099607,7.499999999999993,0.0,0.0,0.0
201.9905028568693,15.357198503163767,7.499999999999994,0.0,0.0,0.0
202.1687494078167,15.28090457241226,7.499999999999994,0.0,0.0,0.0
202.34690207695814,15.204550303013528,7.499999999999995,0.0,0.0,0.0
202.52496121165424,15.128135660156612,7.499999999999993,0.0,0.0,0.0
202.7029271584772,15.05166061004526,7.499999999999993,0.0,0.0,0.0
202.88080026322416,14.975125119892134,7.499999999999995,0.0,0.0,0.0
203.05858087093054,14.898529157912815,7.499999999999995,0.0,0.0,0.0
203.23626932588323,14.8218726933198,7.499999999999993,0.0,0.0,0.0
203.41386597163404,14.745155696316242,7.499999999999994,0.0,0.0,0.0
203.5913711510125,14.66837813808987,7.499999999999994,0.0,0.0,0.0
203.7687852061393,14.591539990806531,7.499999999999994,0.0,0.0,0.0
203.94610847843919,14.514641227603796,7.499999999999995,0.0,0.0,0.0
204.123341308654,14.437681822584455,7.499999999999995,0.0,0.0,0.0
204.3004840368557,14.36066175080988,7.499999999999995,0.0,0.0,0.0
204.47753700245926,14.28358098829327,7.499999999999996,0.0,0.0,0.0
204.65450054423547,14.206439511992965,7.499999999999996,0.0,0.0,0.0
204.83137500032376,14.129237299805482,7.499999999999995,0.0,0.0,0.0
205.00816070824496,14.051974330558542,7.499999999999994,0.0,0.0,0.0
205.18485800491405,13.974650584004019,7.499999999999995,0.0,0.0,0.0
205.3614672266527,13.897266040810814,7.499999999999994,0.0,0.0,0.0
205.53798870920215,13.819820682557497,7.499999999999995,0.0,0.0,0.0
205.7144227877354,13.742314491725146,7.499999999999996,0.0,0.0,0.0
205.89076979686988,13.664747451689834,7.499999999999994,0.0,0.0,0.0
206.06703007067992,13.587119546715135,7.499999999999992,0.0,0.0,0.0
206.2432039427092,13.509430761944568,7.499999999999995,0.0,0.0,0.0
206.41929174598286,13.43168108339395,7.499999999999994,0.0,0.0,0.0
206.59529381302025,13.353870497943532,7.499999999999994,0.0,0.0,0.0
206.77121047584663,13.275998993330344,7.499999999999995,0.0,0.0,0.0
206.94704206600574,13.198066558140164,7.499999999999996,0.0,0.0,0.0
207.12278891457183,13.120073181799556,7.499999999999995,0.0,0.0,0.0
207.29845135216178,13.04201885456784,7.499999999999995,0.0,0.0,0.0
207.47402970894717,12.963903567528815,7.499999999999995,0.0,0.0,0.0
207.64952431466628,12.885727312582706,7.499999999999996,0.0,0.0,0.0
207.82493549863597,12.807490082437758,7.499999999999996,0.0,0.0,0.0
208.00026358976362,12.72919187060186,7.499999999999996,0.0,0.0,0.0
208.17550891655907,12.6508326713741,7.499999999999994,0.0,0.0,0.0
208.3506718071463,12.572412479836249,7.499999999999995,0.0,0.0,0.0
208.5257525892753,12.493931291844135,7.499999999999995,0.0,0.0,0.0
208.70075159033374,12.415389104018978,7.499999999999995,0.0,0.0,0.0
208.87566913735853,12.33678591373863,7.4999999999999964,0.0,0.0,0.0
209.0505055570476,12.258121719128772,7.499999999999996,0.0,0.0,0.0
209.22526117577144,12.179396519053997,7.4999999999999964,0.0,0.0,0.0
209.3999363195845,12.100610313108875,7.499999999999996,0.0,0.0,0.0
209.5745313142368,12.021763101608906,7.499999999999996,0.0,0.0,0.0
209.7490464851853,11.942854885581422,7.499999999999996,0.0,0.0,0.0
209.9234821576053,11.863885666756438,7.499999999999996,0.0,0.0,0.0
210.09783865640173,11.784855447557407,7.4999999999999964,0.0,0.0,0.0
210.27211630622062,11.705764231091916,7.4999999999999964,0.0,0.0,0.0
210.4463154314601,11.62661202114235,7.4999999999999964,0.0,0.0,0.0
210.62043635628174,11.54739882215645,7.4999999999999964,0.0,0.0,0.0
210.79447940462174,11.468124639237827,7.499999999999996,0.0,0.0,0.0
210.96844490020197,11.388789478136417,7.499999999999998,0.0,0.0,0.0
211.1423331665411,11.309393345238865,7.4999999999999964,0.0,0.0,0.0
211.3161445269656,11.229936247558868,7.4999999999999964,0.0,0.0,0.0
211.4898793046207,11.150418192727434,7.4999999999999964,0.0,0.0,0.0
211.66353782248146,11.070839188983092,7.499999999999997,0.0,0.0,0.0
211.8371204033635,10.99119924516207,7.4999999999999964,0.0,0.0,0.0
212.010627369934,10.911498370688363,7.499999999999997,0.0,0.0,0.0
212.1840590447225,10.831736575563793,7.499999999999997,0.0,0.0,0.0
212.3574157501315,10.751913870358004,7.4999999999999964,0.0,0.0,0.0
212.5306978084476,10.672030266198373,7.499999999999996,0.0,0.0,0.0
212.70390554185173,10.59208577475993,7.4999999999999964,0.0,0.0,0.0
212.87703927243018,10.512080408255143,7.4999999999999964,0.0,0.0,0.0
213.05009932218496,10.432014179423732,7.499999999999997,0.0,0.0,0.0
213.22308601304462,10.351887101522392,7.499999999999997,0.0,0.0,0.0
213.39599966687464,10.27169918831445,7.4999999999999964,0.0,0.0,0.0
213.56884060548796,10.191450454059535,7.4999999999999964,0.0,0.0,0.0
213.74160915065545,10.111140913503124,7.499999999999997,0.0,0.0,0.0
213.91430562411642,10.030770581866104,7.4999999999999964,0.0,0.0,0.0
214.08693034758895,9.950339474834266,7.499999999999998,0.0,0.0,0.0
214.25948364278022,9.869847608547747,7.499999999999997,0.0,0.0,0.0
214.43196583139695,9.789294999590417,7.4999999999999964,0.0,0.0,0.0
214.6043772351556,9.708681664979277,7.499999999999997,0.0,0.0,0.0
214.77671817579264,9.628007622153744,7.499999999999997,0.0,0.0,0.0
214.94898897507483,9.547272888964967,7.499999999999997,0.0,0.0,0.0
215.12118995480932,9.466477483665036,7.4999999999999964,0.0,0.0,0.0
215.29332143685397,9.385621424896197,7.499999999999997,0.0,0.0,0.0
215.4653837431272,9.304704731680014,7.4999999999999964,0.0,0.0,0.0
215.63737719561846,9.223727423406494,7.499999999999998,0.0,0.0,0.0
215.80930211639796,9.14268951982318,7.499999999999998,0.0,0.0,0.0
215.98115882762684,9.061591041024213,7.499999999999997,0.0,0.0,0.0
216.1529476515672,8.980432007439326,7.499999999999998,0.0,0.0,0.0
216.3246689105921,8.899212439822866,7.499999999999998,0.0,0.0,0.0
216.49632292719534,8.817932359242745,7.499999999999997,0.0,0.0,0.0
216.66791002400154,8.736591787069328,7.499999999999998,0.0,0.0,0.0
216.83943052377603,8.655190744964393,7.499999999999997,0.0,0.0,0.0
217.0108847494346,8.573729254869923,7.499999999999999,0.0,0.0,0.0
217.1822730240534,8.492207338997002,7.499999999999999,0.0,0.0,0.0
217.35359567087875,8.410625019814601,7.499999999999999,0.0,0.0,0.0
217.52485301333692,8.328982320038357,7.499999999999999,0.0,0.0,0.0
217.69604537504392,8.247279262619339,7.499999999999998,0.0,0.0,0.0
217.86717307981516,8.165515870732785,7.499999999999997,0.0,0.0,0.0
218.03823645167526,8.083692167766795,7.499999999999999,0.0,0.0,0.0
218.20923581486758,8.001808177311055,7.499999999999998,0.0,0.0,0.0
218.38017149386417,7.91986392314545,7.499999999999998,0.0,0.0,0.0
218.551043813375,7.837859429228758,7.499999999999998,0.0,0.0,0.0
218.72185309835803,7.755794719687249,7.499999999999997,0.0,0.0,0.0
218.89259967402847,7.673669818803304,7.499999999999999,0.0,0.0,0.0
219.06328386586853,7.591484751003999,7.499999999999999,0.0,0.0,0.0
219.23390599963693,7.509239540849677,7.499999999999999,0.0,0.0,0.0
219.40446640137847,7.42693421302251,7.499999999999998,0.0,0.0,0.0
219.57496539743352,7.344568792315048,7.499999999999998,0.0,0.0,0.0
219.74540331444757,7.262143303618718,7.499999999999997,0.0,0.0,0.0
219.91578047938066,7.179657771912381,7.499999999999997,0.0,0.0,0.0
220.08609721951694,7.097112222250806,7.499999999999998,0.0,0.0,0.0
220.25635386247404,7.014506679753172,7.4999999999999964,0.0,0.0,0.0
220.4265507362126,6.93184116959156,7.499999999999997,0.0,0.0,0.0
220.59668816904556,6.849115716979415,7.499999999999998,0.0,0.0,0.0
220.76676648964778,6.766330347160006,7.4999999999999964,0.0,0.0,0.0
220.9367860270653,6.683485085394919,7.499999999999997,0.0,0.0,0.0
221.10674711072468,6.600579956952462,7.499999999999998,0.0,0.0,0.0
221.27665007044257,6.5176149870961515,7.499999999999997,0.0,0.0,0.0
221.4464952364349,6.434590201073149,7.499999999999997,0.0,0.0,0.0
221.61628293932634,6.351505624102678,7.499999999999995,0.0,0.0,0.0
221.78601351015956,6.2683612813645,7.4999999999999964,0.0,0.0,0.0
221.95568728040467,6.185157197987313,7.499999999999996,0.0,0.0,0.0
222.12530458196846,6.101893399037228,7.4999999999999964,0.0,0.0,0.0
222.2948657472038,6.018569909506174,7.499999999999997,0.0,0.0,0.0
222.46437110891893,5.935186754300355,7.499999999999996,0.0,0.0,0.0
222.6338210003866,5.851743958228688,7.499999999999996,0.0,0.0,0.0
222.80321575535373,5.768241545991255,7.4999999999999964,0.0,0.0,0.0
222.97255570805038,5.684679542167739,7.499999999999996,0.0,0.0,0.0
223.14184119319918,5.601057971205891,7.499999999999996,0.0,0.0,0.0
223.31107254602466,5.517376857409994,7.499999999999995,0.0,0.0,0.0
223.48025010226243,5.433636224929328,7.499999999999995,0.0,0.0,0.0
223.64937419816852,5.349836097746648,7.499999999999995,0.0,0.0,0.0
223.81844517052866,5.265976499666666,7.499999999999995,0.0,0.0,0.0
223.98746335666758,5.182057454304575,7.499999999999996,0.0,0.0,0.0
224.15642909445828,5.098078985074523,7.499999999999995,0.0,0.0,0.0
224.3253427223313,5.014041115178155,7.499999999999994,0.0,0.0,0.0
224.49420457928395,4.929943867593145,7.499999999999994,0.0,0.0,0.0
224.6630150048898,4.845787265061742,7.499999999999996,0.0,0.0,0.0
224.83177433930763,4.761571330079337,7.499999999999994,0.0,0.0,0.0
225.0004829232911,4.6772960848830385,7.499999999999994,0.0,0.0,0.0
