galstreams/tracks/track.st.Orphan-Chenab.ibata2021.ecsv
# %ECSV 0.9
# ---
# datatype:
# - {name: ra, unit: deg, datatype: float64}
# - {name: dec, unit: deg, datatype: float64}
# - {name: distance, unit: kpc, datatype: float64}
# - {name: pm_ra_cosdec, unit: mas / yr, datatype: float64}
# - {name: pm_dec, unit: mas / yr, datatype: float64}
# - {name: radial_velocity, unit: km / s, datatype: float64}
# delimiter: ','
# meta: !!omap
# - __serialized_columns__:
#     dec:
#       __class__: astropy.coordinates.angles.Latitude
#       unit: &id001 !astropy.units.Unit {unit: deg}
#       value: !astropy.table.SerializedColumn {name: dec}
#     distance:
#       __class__: astropy.coordinates.distances.Distance
#       unit: !astropy.units.Unit {unit: kpc}
#       value: !astropy.table.SerializedColumn {name: distance}
#     pm_dec:
#       __class__: astropy.units.quantity.Quantity
#       unit: !astropy.units.Unit {unit: mas / yr}
#       value: !astropy.table.SerializedColumn {name: pm_dec}
#     pm_ra_cosdec:
#       __class__: astropy.units.quantity.Quantity
#       unit: !astropy.units.Unit {unit: mas / yr}
#       value: !astropy.table.SerializedColumn {name: pm_ra_cosdec}
#     ra:
#       __class__: astropy.coordinates.angles.Longitude
#       unit: *id001
#       value: !astropy.table.SerializedColumn {name: ra}
#       wrap_angle: !astropy.coordinates.Angle
#         unit: *id001
#         value: 360.0
#     radial_velocity:
#       __class__: astropy.units.quantity.Quantity
#       unit: !astropy.units.Unit {unit: km / s}
#       value: !astropy.table.SerializedColumn {name: radial_velocity}
# schema: astropy-2.0
ra,dec,distance,pm_ra_cosdec,pm_dec,radial_velocity
[from data line 5432]
165.35131765483766,-11.035060695674016,15.748344273737562,-2.22991782904352,1.401838655926132,8.420767129872338e-15
165.35482344694188,-11.04444471059806,15.746704439274618,-2.230294923232446,1.4024040521607113,-1.6841534259744676e-14
165.35832927499825,-11.053828755527707,15.745065238188072,-2.230672022384259,1.4029694289638854,-2.1051917824680846e-14
165.36183513905473,-11.063212830485831,15.743426670612696,-2.2310491264942196,1.4035347862749061,1.2631150694808506e-14
165.36534103915923,-11.07259693549533,15.741788736683246,-2.2314262355575867,1.404100124033031,-1.6841534259744676e-14
165.36884697535965,-11.0819810705791,15.740151436534479,-2.2318033495696152,1.404665442177521,-1.2631150694808506e-14
165.3723529477039,-11.091365235760042,15.738514770301165,-2.232180468525552,1.4052307406476356,8.420767129872338e-15
165.37585895623988,-11.100749431061086,15.73687873811806,-2.232557592420644,1.4057960193826393,1.2631150694808506e-14
165.37936500101554,-11.110133656505141,15.735243340119927,-2.2329347212501314,1.4063612783217991,2.5262301389617013e-14
165.38287108207885,-11.119517912115146,15.733608576441526,-2.2333118550092497,1.4069265174043826,-2.947268495455318e-14
165.38637719947764,-11.128902197914035,15.731974447217619,-2.2336889936932294,1.4074917365696622,3.368306851948935e-14
165.38988335325993,-11.138286513924756,15.730340952582976,-2.234066137297298,1.408056935756911,-8.420767129872338e-15
165.39338954347363,-11.147670860170278,15.728708092672344,-2.234443285816678,1.4086221149054083,2.5262301389617013e-14
165.39689577016668,-11.157055236673562,15.727075867620494,-2.234820439246588,1.4091872739544302,-8.420767129872338e-15
165.40040203338702,-11.166439643457577,15.725444277562186,-2.23519759758224,1.4097524128432575,1.6841534259744676e-14
165.4039083331826,-11.17582408054531,15.72381332263218,-2.235574760818843,1.410317531511177,-8.420767129872338e-15
165.4074146696014,-11.185208547959752,15.72218300296524,-2.235951928951602,1.4108826298974728,2.1051917824680846e-14
165.4109210426913,-11.194593045723904,15.72055331869613,-2.2363291019757154,1.4114477079414334,4.210383564936169e-14
165.41442745250035,-11.203977573860776,15.718924269959604,-2.2367062798863793,1.412012765582352,0.0
165.41793389907647,-11.213362132393382,15.717295856890429,-2.2370834626787843,1.4125778027595213,1.6841534259744676e-14
165.4214403824676,-11.222746721344757,15.715668079623363,-2.237460650348117,1.4131428194122384,-4.210383564936169e-15
165.42494690272176,-11.232131340737926,15.714040938293174,-2.237837842889557,1.413707815479802,1.2631150694808506e-14
165.4284534598869,-11.241515990595934,15.712414433034615,-2.238215040298284,1.4142727909015118,-8.420767129872338e-15
165.43196005401097,-11.250900670941833,15.710788563982454,-2.238592242569468,1.4148377456166736,2.1051917824680846e-14
165.435466685142,-11.260285381798687,15.709163331271453,-2.2389694496982777,1.4154026795645929,0.0
165.43897335332792,-11.26967012318956,15.707538735036369,-2.2393466616798765,1.4159675926845796,-8.420767129872338e-15
165.44248005861675,-11.279054895137536,15.705914775411964,-2.2397238785094227,1.4165324849159442,-4.210383564936169e-15
165.44598680105648,-11.288439697665702,15.704291452533004,-2.24010110018207,1.417097356198,3.789345208442552e-14
165.4494935806951,-11.297824530797142,15.70266876653425,-2.2404783266929686,1.4176622064700641,2.947268495455318e-14
165.45300039758064,-11.307209394554969,15.701046717550458,-2.240855558037263,1.4182270356714546,1.6841534259744676e-14
165.45650725176102,-11.31659428896229,15.699425305716392,-2.241232794210093,1.4187918437414941,2.1051917824680846e-14
165.4600141432843,-11.325979214042231,15.69780453116682,-2.241610035206594,1.4193566306195071,5.0524602779234026e-14
165.46352107219855,-11.335364169817916,15.696184394036493,-2.2419872810218977,1.4199213962448176,-1.6841534259744676e-14
165.46702803855166,-11.344749156312496,15.69456489446018,-2.2423645316511305,1.4204861405567564,-2.947268495455318e-14
165.47053504239167,-11.354134173549099,15.692946032572644,-2.242741787089413,1.421050863494655,3.368306851948935e-14
165.47404208376668,-11.36351922155089,15.69132780850864,-2.243119047331863,1.421615564997846,2.947268495455318e-14
165.47754916272464,-11.372904300341032,15.689710222402935,-2.243496312373592,1.4221802450056669,-1.2631150694808506e-14
165.4810562793136,-11.382289409942702,15.688093274390287,-2.243873582209709,1.4227449034574569,8.420767129872338e-15
165.4845634335816,-11.391674550379072,15.68647696460546,-2.2442508568353166,1.4233095402925569,1.2631150694808506e-14
165.48807062557668,-11.401059721673342,15.684861293183214,-2.2446281362455123,1.4238741554503112,-2.1051917824680846e-14
165.4915778553468,-11.410444923848715,15.683246260258313,-2.2450054204353904,1.4244387488700678,3.368306851948935e-14
165.49508512294014,-11.419830156928386,15.681631865965512,-2.245382709400041,1.4250033204911745,-8.420767129872338e-15
165.49859242840463,-11.429215420935572,15.68001811043958,-2.245760003134546,1.425567870252983,-2.1051917824680846e-14
165.50209977178835,-11.438600715893504,15.678404993815276,-2.246137301633988,1.4261323980948473,-4.210383564936169e-15
165.50560715313935,-11.447986041825413,15.676792516227364,-2.246514604893439,1.4266969039561255,5.0524602779234026e-14
165.50911457250572,-11.457371398754546,15.675180677810602,-2.2468919129079703,1.4272613877761755,3.368306851948935e-14
165.51262202993547,-11.466756786704154,15.673569478699752,-2.2472692256726483,1.4278258494943608,3.368306851948935e-14
165.5161295254767,-11.47614220569749,15.671958919029576,-2.247646543182533,1.4283902890500437,3.789345208442552e-14
165.5196370591775,-11.485527655757826,15.67034899893484,-2.248023865432681,1.4289547063825925,-1.6841534259744676e-14
165.52314463108587,-11.49491313690844,15.668739718550295,-2.248401192418142,1.4295191014313768,8.420767129872338e-15
165.5266522412499,-11.504298649172618,15.667131078010714,-2.2487785241339657,1.4300834741357686,8.420767129872338e-15
165.53015988971774,-11.513684192573656,15.665523077450851,-2.2491558605751902,1.4306478244351408,-3.368306851948935e-14
165.53366757653737,-11.523069767134851,15.663915717005475,-2.2495332017368557,1.4312121522688732,2.1051917824680846e-14
165.53717530175695,-11.532455372879538,15.66230899680934,-2.249910547613993,1.431776457576344,3.789345208442552e-14
165.54068306542453,-11.54184100983101,15.660702916997211,-2.25028789820163,1.432340740296935,2.947268495455318e-14
165.54419086758824,-11.551226678012608,15.659097477703849,-2.2506652534947893,1.4329050003700325,2.5262301389617013e-14
165.54769870829614,-11.560612377447672,15.657492679064019,-2.2510426134884884,1.433469237735022,2.5262301389617013e-14
165.55120658759634,-11.56999810815955,15.655888521212473,-2.2514199781777435,1.4340334523312959,-8.420767129872338e-15
165.55471450553694,-11.5793838701716,15.654285004283985,-2.25179734755756,1.4345976440982453,2.5262301389617013e-14
165.5582224621661,-11.58876966350718,15.652682128413312,-2.252174721622942,1.4351618129752641,0.0
165.56173045753187,-11.59815548818968,15.651079893735208,-2.2525521003688893,1.4357259589017526,2.1051917824680846e-14
165.56523849168235,-11.607541344242465,15.649478300384445,-2.2529294837903957,1.4362900818171078,2.5262301389617013e-14
165.56874656466573,-11.616927231688932,15.64787734849578,-2.2533068718824505,1.4368541816607354,1.2631150694808506e-14
165.5722546765301,-11.62631315055248,15.646277038203975,-2.253684264640038,1.4374182583720396,-4.210383564936169e-15
165.5757628273236,-11.635699100856522,15.64467736964379,-2.2540616620581386,1.4379823118904271,0.0
165.5792710170943,-11.64508508262448,15.643078342949991,-2.254439064131726,1.4385463421553097,-2.947268495455318e-14
165.58277924589038,-11.654471095879783,15.641479958257335,-2.2548164708557707,1.439110349106102,2.947268495455318e-14
165.58628751376003,-11.66385714064585,15.639882215700586,-2.2551938822252384,1.4396743326822163,1.6841534259744676e-14
165.5897958207513,-11.673243216946137,15.638285115414504,-2.255571298235089,1.4402382928230728,-1.6841534259744676e-14
165.5933041669124,-11.682629324804097,15.636688657533853,-2.2559487188802785,1.4408022294680922,-2.5262301389617013e-14
165.59681255229142,-11.69201546424319,15.635092842193393,-2.256326144155756,1.4413661425566966,1.2631150694808506e-14
165.6003209769366,-11.70140163528689,15.633497669527886,-2.2567035740564685,1.4419300320283142,2.947268495455318e-14
165.603829440896,-11.71078783795868,15.631903139672094,-2.257081008577356,1.442493897822371,2.5262301389617013e-14
165.60733794421787,-11.720174072282047,15.630309252760778,-2.2574584477133555,1.4430577398783007,0.0
165.61084648695032,-11.729560338280484,15.6287160089287,-2.2578358914593983,1.4436215581355352,-4.210383564936169e-15
165.6143550691415,-11.738946635977499,15.627123408310622,-2.2582133398104096,1.4441853525335118,2.947268495455318e-14
165.61786369083967,-11.748332965396608,15.625531451041304,-2.2585907927613116,1.444749123011668,-2.1051917824680846e-14
165.62137235209292,-11.757719326561343,15.623940137255508,-2.25896825030702,1.445312869509447,1.2631150694808506e-14
165.6248810529495,-11.767105719495223,15.622349467087997,-2.259345712442447,1.4458765919662933,3.789345208442552e-14
165.62838979345753,-11.776492144221809,15.620759440673531,-2.259723179162499,1.4464402903216513,2.5262301389617013e-14
165.63189857366524,-11.78587860076464,15.61917005814687,-2.260100650462078,1.4470039645149724,-1.6841534259744676e-14
165.6354073936208,-11.795265089147277,15.617581319642783,-2.2604781263360803,1.447567614485707,3.789345208442552e-14
165.63891625337243,-11.804651609393293,15.615993225296021,-2.2608556067793977,1.4481312401733097,-2.1051917824680846e-14
165.64242515296831,-11.814038161526259,15.61440577524136,-2.2612330917869174,1.448694841517239,-8.420767129872338e-15
165.64593409245666,-11.823424745569772,15.612818969613546,-2.2616105813535223,1.4492584184569546,2.947268495455318e-14
165.64944307188566,-11.83281136154742,15.611232808547346,-2.2619880754740884,1.449821970931918,-1.2631150694808506e-14
165.65295209130358,-11.842198009482816,15.609647292177526,-2.262365574143488,1.450385498881593,-8.420767129872338e-15
165.65646115075856,-11.851584689399566,15.608062420638845,-2.262743077356588,1.4509490022454488,-4.210383564936169e-15
165.65997025029884,-11.860971401321292,15.606478194066064,-2.263120585108252,1.4515124809629552,3.789345208442552e-14
165.6634793899727,-11.870358145271634,15.60489461259394,-2.2634980973933354,1.452075934973585,-8.420767129872338e-15
165.66698856982833,-11.879744921274225,15.603311676357242,-2.263875614206692,1.4526393642168145,-8.420767129872338e-15
165.67049778991395,-11.889131729352718,15.601729385490737,-2.264253135543166,1.453202768632119,0.0
165.6740070502778,-11.898518569530776,15.600147740129168,-2.2646306613976037,1.4537661481589825,8.420767129872338e-15
165.67751635096812,-11.907905441832064,15.59856674040731,-2.2650081917648404,1.4543295027368857,2.5262301389617013e-14
165.6810256920332,-11.917292346280256,15.596986386459925,-2.265385726639709,1.454892832305316,0.0
165.68453507352118,-11.926679282899038,15.595406678421766,-2.2657632660170357,1.4554561368037615,3.789345208442552e-14
165.68804449548045,-11.936066251712102,15.593827616427605,-2.2661408098916436,1.456019416171713,-2.1051917824680846e-14
165.69155395795917,-11.945453252743159,15.592249200612198,-2.2665183582583506,1.4565826703486644,-1.6841534259744676e-14
165.6950634610056,-11.954840286015914,15.590671431110305,-2.266895911111967,1.4571458992741122,2.947268495455318e-14
165.69857300466805,-11.964227351554102,15.589094308056689,-2.2672734684473026,1.4577091028875573,4.631421921429786e-14
165.70208258899478,-11.973614449381442,15.587517831586116,-2.2676510302591577,1.4582722811284983,-2.947268495455318e-14
165.70559221403403,-11.983001579521671,15.585942001833343,-2.2680285965423286,1.4588354339364404,-3.368306851948935e-14
165.70910187983407,-11.992388741998548,15.58436681893313,-2.2684061672916096,1.459398561250891,8.420767129872338e-15
165.71261158644324,-12.001775936835823,15.582792283020241,-2.2687837425017876,1.4599616630113603,4.210383564936169e-15
165.71612133390977,-12.011163164057269,15.581218394229442,-2.2691613221676423,1.4605247391573601,-4.210383564936169e-15
165.71963112228195,-12.02055042368666,15.579645152695486,-2.2695389062839535,1.461087789628405,2.1051917824680846e-14
165.72314095160814,-12.029937715747783,15.578072558553144,-2.26991649484549,1.4616508143640115,-4.210383564936169e-14
165.72665082193652,-12.039325040264428,15.576500611937167,-2.2702940878470215,1.4622138133037024,2.5262301389617013e-14
165.7301607333155,-12.048712397260399,15.574929312982324,-2.270671685283308,1.4627767863869983,-8.420767129872338e-15
165.73367068579333,-12.058099786759506,15.573358661823375,-2.271049287149106,1.463339733553426,8.420767129872338e-15
165.7371806794183,-12.067487208785575,15.571788658595082,-2.2714268934391675,1.4639026547425122,0.0
165.74069071423878,-12.076874663362435,15.570219303432207,-2.27180450414824,1.464465549893789,-1.2631150694808506e-14
165.744200790303,-12.086262150513926,15.568650596469507,-2.2721821192710627,1.46502841894679,-8.420767129872338e-15
165.74771090765938,-12.095649670263901,15.56708253784175,-2.2725597388023724,1.4655912618410505,-4.210383564936169e-15
165.7512210663562,-12.105037222636208,15.565515127683696,-2.2729373627369007,1.4661540785161085,-2.5262301389617013e-14
165.75473126644175,-12.114424807654721,15.563948366130104,-2.2733149910693737,1.466716868911507,2.947268495455318e-14
165.75824150796444,-12.123812425343312,15.562382253315734,-2.273692623794512,1.4672796329667899,1.6841534259744676e-14
165.76175179097254,-12.133200075725862,15.560816789375357,-2.2740702609070302,1.4678423706215022,2.1051917824680846e-14
165.76526211551445,-12.142587758826279,15.559251974443724,-2.2744479024016404,1.4684050818151957,-1.6841534259744676e-14
165.76877248163848,-12.151975474668461,15.5576878086556,-2.2748255482730477,1.4689677664874214,-1.6841534259744676e-14
165.77228288939295,-12.161363223276311,15.55612429214575,-2.2752031985159515,1.4695304245777334,2.5262301389617013e-14
165.77579333882625,-12.17075100467376,15.554561425048929,-2.275580853125047,1.4700930560256897,4.210383564936169e-14
165.77930382998676,-12.180138818884734,15.552999207499909,-2.2759585120950248,1.4706556607708512,8.420767129872338e-15
165.78281436292278,-12.18952666593317,15.551437639633441,-2.2763361754205698,1.4712182387527797,4.210383564936169e-15
165.78632493768274,-12.198914545843026,15.549876721584294,-2.27671384309636,1.4717807899110402,-8.420767129872338e-15
165.78983555431495,-12.20830245863826,15.548316453487224,-2.2770915151170708,1.472343314185202,5.0524602779234026e-14
165.79334621286785,-12.217690404342841,15.546756835476991,-2.277469191477373,1.4729058115148366,3.368306851948935e-14
165.79685691338977,-12.227078382980734,15.545197867688366,-2.277846872171928,1.4734682818395146,-1.6841534259744676e-14
165.8003676559291,-12.236466394575928,15.543639550256101,-2.2782245571953963,1.4740307250988147,0.0
165.80387844053425,-12.245854439152424,15.542081883314966,-2.27860224654243,1.4745931412323143,-1.6841534259744676e-14
165.8073892672536,-12.255242516734219,15.540524866999718,-2.2789799402076776,1.475155530179596,2.5262301389617013e-14
165.8109001361355,-12.264630627345333,15.538968501445115,-2.2793576381857847,1.4757178918802436,1.2631150694808506e-14
165.81441104722842,-12.27401877100978,15.53741278678593,-2.279735340471386,1.476280226273844,3.789345208442552e-14
165.81792200058075,-12.283406947751612,15.53585772315691,-2.2801130470591175,1.4768425332999882,-4.210383564936169e-15
165.82143299624084,-12.292795157594842,15.534303310692827,-2.2804907579436033,1.477404812898265,-2.1051917824680846e-14
