galstreams/tracks/track.st.Cetus.yam2013.ecsv
# %ECSV 0.9
# ---
# datatype:
# - {name: ra, unit: deg, datatype: float64}
# - {name: dec, unit: deg, datatype: float64}
# - {name: distance, unit: kpc, datatype: float64}
# - {name: pm_ra_cosdec, unit: mas / yr, datatype: float64}
# - {name: pm_dec, unit: mas / yr, datatype: float64}
# - {name: radial_velocity, unit: km / s, datatype: float64}
# delimiter: ','
# meta: !!omap
# - __serialized_columns__:
#     dec:
#       __class__: astropy.coordinates.angles.Latitude
#       unit: &id001 !astropy.units.Unit {unit: deg}
#       value: !astropy.table.SerializedColumn {name: dec}
#     distance:
#       __class__: astropy.coordinates.distances.Distance
#       unit: !astropy.units.Unit {unit: kpc}
#       value: !astropy.table.SerializedColumn {name: distance}
#     pm_dec:
#       __class__: astropy.units.quantity.Quantity
#       unit: !astropy.units.Unit {unit: mas / yr}
#       value: !astropy.table.SerializedColumn {name: pm_dec}
#     pm_ra_cosdec:
#       __class__: astropy.units.quantity.Quantity
#       unit: !astropy.units.Unit {unit: mas / yr}
#       value: !astropy.table.SerializedColumn {name: pm_ra_cosdec}
#     ra:
#       __class__: astropy.coordinates.angles.Longitude
#       unit: *id001
#       value: !astropy.table.SerializedColumn {name: ra}
#       wrap_angle: !astropy.coordinates.Angle
#         unit: *id001
#         value: 360.0
#     radial_velocity:
#       __class__: astropy.units.quantity.Quantity
#       unit: !astropy.units.Unit {unit: km / s}
#       value: !astropy.table.SerializedColumn {name: radial_velocity}
# schema: astropy-2.0
ra,dec,distance,pm_ra_cosdec,pm_dec,radial_velocity
[from data line 537]
21.93602360837418,0.8983819027549315,28.904399394243256,-1.1102230246251565e-16,-7.28583859910259e-17,-102.21989493888279
21.939730475063083,0.9076751820144967,28.906971834310035,5.551115123125782e-17,-8.153200337090993e-17,-102.24794678871055
21.943437760368965,0.9169682854839821,28.90954214381657,5.551115123125783e-17,-7.632783294297951e-17,-102.27599382973311
21.947145464200904,0.9262612132466599,28.912110324246566,5.551115123125783e-17,-8.153200337090993e-17,-102.30403606141027
21.95085358646801,0.9355539653857431,28.914676377083737,0.0,-3.642919299551295e-17,-102.33207348320184
21.95456212707951,0.9448465419845531,28.917240303811784,5.551115123125783e-17,-7.632783294297951e-17,-102.36010609456757
21.95827108594462,0.9541389431262609,28.919802105914435,-5.551115123125783e-17,-4.163336342344337e-17,-102.38813389496718
21.961980462972644,0.9634311688940471,28.922361784875378,0.0,-6.245004513516506e-17,-102.41615688386054
21.965690258072915,0.972723219371076,28.924919342178324,0.0,-7.28583859910259e-17,-102.44417506070737
21.969400471154845,0.9820150946404985,28.92747477930699,0.0,-3.8163916471489756e-17,-102.47218842496746
21.973111102127888,0.9913067947854277,28.93002809774508,5.551115123125783e-17,-3.9898639947466563e-17,-102.50019697610058
21.97682215090153,1.0005983198889092,28.932579298976307,0.0,-3.469446951953614e-17,-102.52820071356653
21.980533617385376,1.0098896700341247,28.935128384484383,0.0,-3.642919299551295e-17,-102.55619963682508
21.984245501489028,1.0191808453040738,28.937675355752997,0.0,-3.122502256758253e-17,-102.58419374533595
21.987957803122157,1.0284718457817885,28.940220214265878,0.0,-3.9898639947466563e-17,-102.61218303855905
21.991670522194475,1.0377626715502737,28.942762961506734,0.0,-7.112366251504909e-17,-102.64016751595398
21.995383658615783,1.047053322692522,28.945303598959256,5.551115123125782e-17,-4.336808689942018e-17,-102.66814717698061
21.999097212295904,1.0563437992914944,28.947842128107176,0.0,-5.0306980803327406e-17,-102.69612202109876
22.002811183144726,1.0656341014301305,28.95037855043418,1.1102230246251565e-16,-4.5102810375396984e-17,-102.72409204776815
22.006525571072164,1.074924229191298,28.95291286742399,0.0,-4.336808689942018e-17,-102.75205725644852
22.010240375988268,1.0842141826579974,28.95544508056031,1.1102230246251565e-16,-2.949029909160572e-17,-102.78001764659977
22.013955597803047,1.0935039619130535,28.957975191326856,-5.551115123125783e-17,-3.8163916471489756e-17,-102.8079732176815
22.01767123642662,1.1027935670393183,28.96050320120733,-5.551115123125783e-17,-5.204170427930421e-17,-102.83592396915365
22.02138729176914,1.1120829981196216,28.96302911168544,5.551115123125783e-17,-2.42861286636753e-17,-102.86386990047589
22.025103763740805,1.1213722552367695,28.9655529242449,-1.1102230246251565e-16,-4.683753385137379e-17,-102.89181101110806
22.028820652251895,1.1306613384735502,28.96807464036941,-1.1102230246251565e-16,-5.377642775528102e-17,-102.91974730050991
22.032537957212693,1.1399502479126729,28.970594261542693,-1.1102230246251564e-16,-6.765421556309548e-17,-102.94767876814119
22.03625567853362,1.149238983636987,28.97311178924844,-5.551115123125783e-17,-4.336808689942018e-17,-102.97560541346171
22.039973816125077,1.1585275457291557,28.975627224970367,0.0,-6.591949208711867e-17,-103.00352723593127
22.043692369897546,1.1678159342718821,28.97814057019219,1.1102230246251564e-16,-1.9081958235744878e-17,-103.03144423500957
22.04741133976154,1.177104149347829,28.980651826397608,1.1102230246251565e-16,-3.9898639947466563e-17,-103.05935641015645
22.051130725627658,1.186392191039663,28.98316099507033,0.0,-4.163336342344337e-17,-103.08726376083169
22.054850527406536,1.195680059430007,28.98566807769408,5.551115123125783e-17,-5.204170427930421e-17,-103.11516628649505
22.058570745008847,1.204967754601421,28.98817307575254,-5.551115123125783e-17,-2.7755575615628914e-17,-103.14306398660625
22.062291378345375,1.2142552766365913,28.99067599072944,-5.551115123125783e-17,-6.245004513516506e-17,-103.17095686062515
22.0660124273269,1.2235426256180384,28.993176824108474,0.0,-3.469446951953614e-17,-103.1988449080115
22.06973389186426,1.2328298016282961,28.995675577373373,5.551115123125783e-17,-7.28583859910259e-17,-103.22672812822509
22.073455771868375,1.2421168047498896,28.998172252007826,0.0,-4.85722573273506e-17,-103.25460652072563
22.077178067250195,1.2514036350653142,29.000666849495545,5.551115123125783e-17,-5.551115123125783e-17,-103.28248008497295
22.080900777920736,1.2606902926570482,29.003159371320237,5.551115123125783e-17,-5.204170427930421e-17,-103.31034882042682
22.084623903791027,1.269976777607493,29.005649818965615,-1.1102230246251565e-16,-7.632783294297951e-17,-103.338212726547
22.08834744477225,1.279263089999188,29.008138193915393,0.0,-5.898059818321144e-17,-103.36607180279331
22.09207140077554,1.2885492299144867,29.010624497653268,1.1102230246251565e-16,-6.591949208711867e-17,-103.39392604862547
22.095795771712115,1.297835197435781,29.013108731662957,-1.1102230246251564e-16,-7.979727989493313e-17,-103.42177546350328
22.09952055749327,1.3071209926454388,29.015590897428165,0.0,-8.326672684688674e-17,-103.44962004688657
22.103245758030315,1.3164066156257987,29.0180709964326,-5.551115123125783e-17,-2.0816681711721685e-17,-103.477459798235
22.106971373234646,1.3256920664591898,29.020549030159977,1.1102230246251564e-16,-1.734723475976807e-17,-103.50529471700847
22.110697403017678,1.3349773452278533,29.02302500009399,5.551115123125783e-17,-7.28583859910259e-17,-103.53312480266668
22.114423847290926,1.3442624520141804,29.025498907718358,5.551115123125783e-17,-6.245004513516506e-17,-103.56095005466943
22.118150705965924,1.3535473869003734,29.0279707545168,5.551115123125782e-17,-4.163336342344337e-17,-103.58877047247648
22.121877978954263,1.3628321499686613,29.03044054197301,5.551115123125783e-17,-5.551115123125783e-17,-103.6165860555476
22.125605666167594,1.3721167413012672,29.03290827157069,0.0,-4.5102810375396984e-17,-103.64439680334262
22.12933376751761,1.3814011609803745,29.03537394479357,1.1102230246251565e-16,-3.469446951953614e-17,-103.67220271532123
22.133062282916065,1.3906854090881549,29.037837563125343,-5.551115123125782e-17,-4.5102810375396984e-17,-103.70000379094327
22.136791212274737,1.3999694857067044,29.040299128049725,-5.551115123125782e-17,-2.42861286636753e-17,-103.7278000296685
22.14052055550555,1.4092533909182534,29.04275864105042,5.551115123125782e-17,-5.204170427930421e-17,-103.75559143095673
22.144250312520363,1.418537124804857,29.045216103611143,0.0,-3.122502256758253e-17,-103.7833779942677
22.14798048323116,1.4278206874485913,29.047671517215594,1.1102230246251565e-16,-5.204170427930421e-17,-103.81115971906118
22.151711067549954,1.4371040789315226,29.050124883347483,5.551115123125783e-17,-1.0408340855860843e-17,-103.83893660479694
22.1554420653888,1.4463872993356828,29.05257620349054,5.551115123125782e-17,-2.0816681711721685e-17,-103.86670865093477
22.159173476659838,1.455670348743095,29.055025479128428,0.0,-5.551115123125783e-17,-103.89447585693446
22.162905301275217,1.4649532272357022,29.057472711744897,0.0,-2.42861286636753e-17,-103.92223822225579
22.16663753914719,1.4742359348955774,29.059917902823642,0.0,-4.163336342344337e-17,-103.94999574635852
22.170370190188034,1.4835184718046277,29.062361053848367,0.0,-5.551115123125783e-17,-103.97774842870241
22.17410325431007,1.492800838044777,29.064802166302787,5.551115123125783e-17,-6.938893903907228e-17,-104.00549626874727
22.17783673142569,1.502083033697941,29.06724124167061,5.551115123125782e-17,-4.5102810375396984e-17,-104.03323926595284
22.181570621447314,1.5113650588459975,29.069678281435543,5.551115123125783e-17,-4.5102810375396984e-17,-104.06097741977895
22.18530492428744,1.5206469135708165,29.072113287081297,-5.551115123125783e-17,-5.898059818321144e-17,-104.08871072968529
22.1890396398586,1.5299285979541941,29.07454626009157,5.551115123125783e-17,-2.42861286636753e-17,-104.1164391951317
22.192774768073413,1.5392101120780486,29.076977201950086,5.551115123125783e-17,-4.163336342344337e-17,-104.14416281557799
22.196510308844502,1.5484914560241316,29.079406114140543,0.0,-4.85722573273506e-17,-104.17188159048385
22.200246262084576,1.5577726298742225,29.081832998146652,-1.1102230246251564e-16,-5.204170427930421e-17,-104.19959551930909
22.20398262770638,1.567053633710078,29.084257855452133,5.551115123125782e-17,-7.28583859910259e-17,-104.22730460151355
22.207719405622715,1.576334467613438,29.08668068754068,5.551115123125783e-17,-6.938893903907228e-17,-104.25500883655694
22.211456595746444,1.5856151316660114,29.089101495896,1.6653345369377348e-16,-4.85722573273506e-17,-104.282708223899
22.215194197990428,1.5948956259494396,29.091520282001824,1.1102230246251565e-16,-5.204170427930421e-17,-104.31040276299963
22.218932212267692,1.6041759505454984,29.09393704734183,-5.551115123125783e-17,-6.245004513516506e-17,-104.33809245331838
22.222670638491223,1.6134561055357888,29.096351793399744,5.551115123125783e-17,-4.163336342344337e-17,-104.36577729431532
22.226409476574073,1.622736091001936,29.09876452165928,-1.1102230246251565e-16,-3.469446951953614e-17,-104.39345728545
22.230148726429366,1.6320159070255436,29.101175233604124,5.551115123125783e-17,-4.5102810375396984e-17,-104.42113242618231
22.233888387970264,1.6412955536882037,29.103583930718006,1.1102230246251564e-16,-2.7755575615628914e-17,-104.44880271597198
22.23762846110998,1.6505750310714753,29.105990614484636,5.551115123125783e-17,-2.42861286636753e-17,-104.47646815427885
22.241368945761774,1.6598543392568514,29.108395286387708,0.0,-2.42861286636753e-17,-104.5041287405626
22.24510984183901,1.6691334783259566,29.11079794791094,-5.551115123125783e-17,-2.7755575615628914e-17,-104.53178447428306
22.24885114925504,1.6784124483602323,29.11319860053803,5.551115123125783e-17,-5.204170427930421e-17,-104.55943535490002
22.25259286792328,1.6876912494411673,29.115597245752706,-5.551115123125783e-17,-4.5102810375396984e-17,-104.58708138187316
22.256334997757214,1.6969698816502152,29.117993885038665,-5.551115123125782e-17,-4.5102810375396984e-17,-104.61472255466242
22.260077538670387,1.7062483450688077,29.120388519879604,-5.551115123125783e-17,-2.0816681711721685e-17,-104.64235887272746
22.26382049057636,1.7155266397783564,29.122781151759256,5.551115123125782e-17,-3.469446951953614e-17,-104.66999033552806
22.267563853388754,1.7248047658602093,29.125171782161306,0.0,-6.245004513516506e-17,-104.69761694252401
22.2713076270213,1.7340827233958425,29.127560412569483,-1.1102230246251565e-16,-3.8163916471489756e-17,-104.72523869317513
22.275051811387698,1.7433605124665483,29.129947044467485,0.0,-1.734723475976807e-17,-104.75285558694115
22.278796406401757,1.7526381331536571,29.13233167933902,0.0,-1.0408340855860843e-17,-104.78046762328185
22.2825414119773,1.7619155855384767,29.134714318667804,0.0,-2.42861286636753e-17,-104.80807480165706
22.28628682802823,1.7711928697022965,29.13709496393753,-5.551115123125782e-17,-4.85722573273506e-17,-104.83567712152644
22.290032654468487,1.7804699857263777,29.13947361663193,-5.551115123125783e-17,-5.551115123125783e-17,-104.86327458234989
22.29377889121204,1.7897469336919134,29.141850278234692,0.0,-4.163336342344337e-17,-104.89086718358715
22.29752553817298,1.7990237136802316,29.14422495022953,0.0,-1.3877787807814457e-17,-104.91845492469793
22.301272595265388,1.8083003257724812,29.146597634100168,0.0,-2.42861286636753e-17,-104.94603780514204
22.30502006240341,1.8175767700498406,29.14896833133029,5.551115123125783e-17,-2.7755575615628914e-17,-104.97361582437934
22.30876793950124,1.8268530465934696,29.15133704340361,0.0,-3.469446951953614e-17,-105.00118898186946
22.31251622647314,1.836129155484506,29.15370377180386,0.0,-3.122502256758253e-17,-105.02875727707232
22.31626492323341,1.8454050968040676,29.156068518014727,0.0,-3.122502256758253e-17,-105.0563207094476
22.320014029696377,1.854680870633197,29.158431283519924,1.1102230246251565e-16,-3.469446951953614e-17,-105.08387927845513
22.3237635457765,1.863956477053074,29.160792069803154,0.0,-4.85722573273506e-17,-105.11143298355461
22.327513471388205,1.8732319161446984,29.16315087834814,-1.1102230246251565e-16,-2.42861286636753e-17,-105.13898182420591
22.331263806446014,1.882507187989104,29.165507710638586,0.0,-4.163336342344337e-17,-105.1665257998688
22.33501455086447,1.8917822926672987,29.167862568158185,0.0,-5.551115123125783e-17,-105.19406491000298
22.33876570455819,1.9010572302602775,29.170215452390657,-5.551115123125782e-17,-4.163336342344337e-17,-105.22159915406826
22.342517267441853,1.9103320008490037,29.172566364819723,5.551115123125782e-17,-2.0816681711721685e-17,-105.24912853152445
22.346269239430118,1.9196066045143778,29.174915306929073,5.551115123125783e-17,-5.898059818321144e-17,-105.27665304183127
22.35002162043781,1.9288810413374322,29.177262280202434,1.1102230246251565e-16,-4.163336342344337e-17,-105.3041726844486
22.35377441037973,1.9381553113990133,29.179607286123485,0.0,-4.5102810375396984e-17,-105.33168745883606
22.357527609170734,1.9474294147800135,29.18195032617597,-5.551115123125783e-17,-3.122502256758253e-17,-105.35919736445354
22.361281216725743,1.956703351561295,29.18429140184357,0.0,-1.3877787807814457e-17,-105.38670240076075
22.365035232959723,1.9659771218236948,29.186630514610005,0.0,-3.122502256758253e-17,-105.41420256721754
22.368789657787698,1.975250725648047,29.188967665958984,5.551115123125782e-17,-2.0816681711721685e-17,-105.44169786328368
22.37254449112471,1.984524163115088,29.19130285737422,0.0,-2.42861286636753e-17,-105.46918828841886
22.376299732885922,1.9937974343057108,29.193636090339414,0.0,-3.122502256758253e-17,-105.49667384208288
22.380055382986495,2.0030705393006163,29.195967366338277,-5.551115123125783e-17,-4.163336342344337e-17,-105.52415452373562
22.38381144134165,2.012343478180551,29.198296686854516,1.1102230246251565e-16,3.469446951953614e-18,-105.55163033283678
22.38756790786665,2.021616251026227,29.200624053371836,0.0,-2.0816681711721685e-17,-105.57910126884612
22.391324782476833,2.0308888579183404,29.202949467373962,0.0,-2.42861286636753e-17,-105.6065673312234
22.395082065087557,2.0401612989375666,29.20527293034458,-5.551115123125782e-17,-3.469446951953614e-18,-105.6340285194285
22.39883975561425,2.049433574164513,29.207594443767423,-1.1102230246251565e-16,-3.469446951953614e-18,-105.66148483292106
22.402597853972413,2.058705683679911,29.209914009126173,-5.551115123125783e-17,-4.163336342344337e-17,-105.68893627116097
22.40635636007756,2.0679776275643285,29.21223162790457,5.551115123125783e-17,-1.734723475976807e-17,-105.71638283360795
22.41011527384526,2.077249405898355,29.214547301586297,-5.551115123125783e-17,-5.204170427930421e-17,-105.74382451972178
22.413874595191164,2.086521018762566,29.216861031655064,1.1102230246251565e-16,-1.0408340855860843e-17,-105.77126132896227
22.417634324030924,2.0957924662375023,29.219172819594597,0.0,-1.734723475976807e-17,-105.79869326078915
22.421394460280283,2.105063748403705,29.221482666888594,0.0,-1.0408340855860843e-17,-105.82612031466219
22.425155003855,2.114334865341626,29.223790575020754,-5.551115123125783e-17,-6.938893903907228e-18,-105.85354249004122
22.428915954670956,2.1236058171318604,29.2260965454748,5.551115123125782e-17,-2.0816681711721685e-17,-105.88095978638597
22.432677312643996,2.1328766038548235,29.228400579734437,5.551115123125782e-17,-2.7755575615628914e-17,-105.90837220315626
22.43643907769006,2.1421472255909624,29.230702679283375,5.551115123125782e-17,-3.469446951953614e-18,-105.93577973981182
22.44020124972513,2.151417682420699,29.233002845605316,-5.551115123125782e-17,-6.938893903907228e-18,-105.96318239581245
22.443963828665247,2.1606879744244494,29.235301080183977,5.551115123125783e-17,-1.0408340855860843e-17,-105.99058017061792
22.447726814426474,2.1699581016825933,29.23759738450307,5.551115123125783e-17,-4.5102810375396984e-17,-106.01797306368803
