galstreams/tracks/track.st.Slidr.ibata2024.ecsv
# %ECSV 1.0
# ---
# datatype:
# - {name: ra, unit: deg, datatype: float64}
# - {name: dec, unit: deg, datatype: float64}
# - {name: distance, unit: kpc, datatype: float64}
# - {name: pm_ra_cosdec, unit: mas / yr, datatype: float64}
# - {name: pm_dec, unit: mas / yr, datatype: float64}
# - {name: radial_velocity, unit: km / s, datatype: float64}
# delimiter: ','
# meta: !!omap
# - __serialized_columns__:
#     dec:
#       __class__: astropy.coordinates.angles.Latitude
#       unit: &id001 !astropy.units.Unit {unit: deg}
#       value: !astropy.table.SerializedColumn {name: dec}
#     distance:
#       __class__: astropy.coordinates.distances.Distance
#       unit: !astropy.units.Unit {unit: kpc}
#       value: !astropy.table.SerializedColumn {name: distance}
#     pm_dec:
#       __class__: astropy.units.quantity.Quantity
#       unit: !astropy.units.Unit {unit: mas / yr}
#       value: !astropy.table.SerializedColumn {name: pm_dec}
#     pm_ra_cosdec:
#       __class__: astropy.units.quantity.Quantity
#       unit: !astropy.units.Unit {unit: mas / yr}
#       value: !astropy.table.SerializedColumn {name: pm_ra_cosdec}
#     ra:
#       __class__: astropy.coordinates.angles.Longitude
#       unit: *id001
#       value: !astropy.table.SerializedColumn {name: ra}
#       wrap_angle: !astropy.coordinates.Angle
#         unit: *id001
#         value: 360.0
#     radial_velocity:
#       __class__: astropy.units.quantity.Quantity
#       unit: !astropy.units.Unit {unit: km / s}
#       value: !astropy.table.SerializedColumn {name: radial_velocity}
# schema: astropy-2.0
ra,dec,distance,pm_ra_cosdec,pm_dec,radial_velocity
[from data line 422]
148.57139010043358,16.005925455669423,1.000000000000002,-27.999875555598283,-8.743946134205641,-35.9067133655579
148.58005886171387,15.999924699740953,1.000000000000002,-27.99865449094929,-8.742080479354346,-35.9392872456034
148.58872826887495,15.993926597183433,1.000000000000002,-27.997430965976907,-8.740215373173726,-35.971854890146766
148.59739832171218,15.98793114643732,1.000000000000002,-27.996204981605665,-8.738350815659064,-36.00441631427968
148.60606902002053,15.981938345943238,1.000000000000002,-27.99497653876013,-8.736486806805345,-36.036971533093705
148.61474036359493,15.975948194141834,1.000000000000002,-27.993745638364867,-8.734623346607217,-36.06952056168047
148.6234123522299,15.9699606894739,1.000000000000002,-27.992512281344474,-8.732760435059049,-36.10206341513151
148.63208498572004,15.963975830380248,1.000000000000002,-27.99127646862354,-8.730898072154854,-36.134600108538535
148.64075826385937,15.957993615301866,1.000000000000002,-27.99003820112671,-8.729036257888357,-36.16713065699308
148.649432186442,15.952014042679739,1.000000000000002,-27.98879747977862,-8.727174992252966,-36.19965507558677
148.65810675326165,15.946037110955032,1.000000000000002,-27.98755430550394,-8.725314275241772,-36.23217337941122
148.66678196411192,15.940062818568903,1.0000000000000018,-27.98630867922736,-8.723454106847546,-36.26468558355803
148.6754578187861,15.934091163962696,1.000000000000002,-27.985060601873567,-8.72159448706275,-36.29719170311878
148.68413431707745,15.928122145577753,1.000000000000002,-27.983810074367284,-8.719735415879537,-36.329691753185074
148.6928114587788,15.92215576185557,1.0000000000000022,-27.982557097633244,-8.717876893289725,-36.362185748848574
148.70148924368283,15.916192011237738,1.000000000000002,-27.98130167259622,-8.716018919284863,-36.394673705200766
148.71016767158213,15.910230892165858,1.0000000000000018,-27.98004380018097,-8.714161493856125,-36.42715563733337
148.71884674226888,15.904272403081716,1.000000000000002,-27.978783481312277,-8.71230461699441,-36.45963156033797
148.72752645553524,15.898316542427105,1.000000000000002,-27.977520716914952,-8.710448288690294,-36.492101489306116
148.73620681117302,15.892363308643993,1.000000000000002,-27.976255507913834,-8.70859250893403,-36.52456543932953
148.74488780897389,15.88641270017433,1.000000000000002,-27.97498785523375,-8.706737277715565,-36.55702342549966
148.7535694487292,15.88046471546027,1.000000000000002,-27.97371775979957,-8.704882595024532,-36.589475462908204
148.76225173023028,15.87451935294396,1.000000000000002,-27.972445222536166,-8.703028460850245,-36.62192156664677
148.77093465326797,15.868576611067715,1.000000000000002,-27.971170244368434,-8.701174875181698,-36.65436175180689
148.7796182176332,15.862636488273862,1.000000000000002,-27.96989282622128,-8.699321838007577,-36.68679603348026
148.78830242311642,15.856698983004897,1.000000000000002,-27.968612969019638,-8.697469349316261,-36.71922442675841
148.79698726950812,15.85076409370333,1.000000000000002,-27.96733067368845,-8.695617409095785,-36.75164694673299
148.80567275659826,15.844831818811825,1.000000000000002,-27.9660459411527,-8.693766017333914,-36.784063608495565
148.8143588841769,15.83890215677308,1.000000000000002,-27.964758772337326,-8.691915174018046,-36.8164744271378
148.82304565203373,15.832975106029929,1.000000000000002,-27.963469168167364,-8.690064879135297,-36.848879417751256
148.8317330599581,15.827050665025292,1.000000000000002,-27.962177129567795,-8.688215132672484,-36.88127859542751
148.84042110773945,15.821128832202119,1.0000000000000018,-27.96088265746367,-8.686365934616052,-36.91367197525824
148.84910979516673,15.815209606003537,1.0000000000000018,-27.95958575278002,-8.684517284952173,-36.94605957233497
148.85779912202887,15.80929298487268,1.0000000000000018,-27.958286416441915,-8.6826691836667,-36.978441401749386
148.86648908811443,15.803378967252845,1.000000000000002,-27.95698464937442,-8.680821630745164,-37.010817478593054
148.8751796932119,15.797467551587355,1.000000000000002,-27.955680452502655,-8.678974626172776,-37.04318781795757
148.88387093710932,15.79155873631969,1.000000000000002,-27.954373826751713,-8.677128169934438,-37.075552434934544
148.89256281959484,15.78565251989334,1.000000000000002,-27.953064773046712,-8.675282262014733,-37.10791134461556
148.90125534045612,15.779748900751972,1.0000000000000018,-27.951753292312816,-8.673436902397937,-37.14026456209224
148.90994849948078,15.773847877339248,1.000000000000002,-27.950439385475164,-8.671592091067986,-37.17261210245625
148.91864229645603,15.767949448099017,1.000000000000002,-27.949123053458937,-8.66974782800854,-37.20495398079909
148.92733673116913,15.762053611475134,1.000000000000002,-27.94780429718934,-8.667904113202892,-37.23729021221239
148.93603180340688,15.75616036591162,1.000000000000002,-27.946483117591548,-8.66606094663408,-37.26962081178783
148.944727512956,15.750269709852509,1.0000000000000018,-27.94515951559082,-8.664218328284763,-37.30194579461691
148.95342385960296,15.744381641741974,1.000000000000002,-27.94383349211235,-8.66237625813733,-37.33426517579133
148.9621208431339,15.738496160024296,1.000000000000002,-27.942505048081422,-8.660534736173844,-37.36657897040257
148.97081846333504,15.73261326314378,1.000000000000002,-27.94117418442329,-8.658693762376029,-37.3988871935424
148.979516719992,15.726732949544898,1.0000000000000018,-27.93984090206323,-8.65685333672533,-37.43118986030229
148.98821561289054,15.720855217672126,1.000000000000002,-27.93850520192656,-8.655013459202827,-37.4634869857739
148.9969151418159,15.714980065970126,1.000000000000002,-27.937167084938565,-8.653174129789347,-37.49577858504885
149.00561530655335,15.709107492883561,1.0000000000000018,-27.93582655202459,-8.651335348465329,-37.528064673218694
149.01431610688772,15.703237496857268,1.0000000000000018,-27.934483604109985,-8.64949711521097,-37.560345265375034
149.02301754260387,15.69737007633609,1.0000000000000018,-27.933138242120087,-8.647659430006081,-37.59262037660959
149.03171961348616,15.691505229765033,1.0000000000000018,-27.93179046698028,-8.64582229283022,-37.6248900220138
149.04042231931902,15.685642955589135,1.0000000000000018,-27.93044027961595,-8.643985703662572,-37.657154216679274
149.0491256598864,15.679783252253591,1.0000000000000018,-27.92908768095249,-8.642149662482044,-37.68941297569782
149.0578296349723,15.673926118203605,1.0000000000000018,-27.927732671915326,-8.640314169267201,-37.721666314160885
149.0665342443602,15.668071551884553,1.0000000000000018,-27.92637525342989,-8.63847922399632,-37.753914247160104
149.07523948783364,15.66221955174183,1.0000000000000018,-27.925015426421616,-8.63664482664733,-37.78615678978701
149.0839453651758,15.65637011622097,1.0000000000000018,-27.923653191815973,-8.634810977197864,-37.81839395713332
149.09265187616955,15.650523243767603,1.0000000000000018,-27.92228855053842,-8.632977675625247,-37.850625764290605
149.10135902059778,15.644678932827388,1.000000000000002,-27.92092150351445,-8.631144921906447,-37.8828522263504
149.11006679824294,15.63883718184616,1.0000000000000018,-27.919552051669577,-8.629312716018168,-37.915073358404406
149.11877520888748,15.63299798926976,1.0000000000000018,-27.918180195929295,-8.627481057936738,-37.94728917554423
149.12748425231337,15.6271613535442,1.0000000000000018,-27.916805937219138,-8.62564994763823,-37.97949969286135
149.13619392830262,15.6213272731155,1.0000000000000018,-27.915429276464657,-8.62381938509835,-38.01170492544748
149.1449042366368,15.615495746429868,1.0000000000000018,-27.914050214591406,-8.621989370292521,-38.04390488839425
149.15361517709744,15.609666771933489,1.0000000000000018,-27.912668752524958,-8.620159903195827,-38.07609959679314
149.1623267494657,15.60384034807276,1.0000000000000018,-27.911284891190874,-8.61833098378305,-38.10828906573587
149.17103895352267,15.598016473294052,1.0000000000000018,-27.90989863151478,-8.616502612028633,-38.14047331031398
149.1797517890491,15.592195146043931,1.000000000000002,-27.90850997442227,-8.614674787906733,-38.17265234561915
149.18846525582558,15.586376364768974,1.000000000000002,-27.90711892083897,-8.612847511391166,-38.20482618674282
149.1971793536324,15.58056012791591,1.000000000000002,-27.90572547169051,-8.611020782455437,-38.23699484877681
149.20589408224984,15.574746433931493,1.000000000000002,-27.90432962790256,-8.609194601072735,-38.26915834681253
149.21460944145772,15.568935281262632,1.0000000000000018,-27.902931390400767,-8.607368967215933,-38.30131669594175
149.22332543103568,15.563126668356318,1.000000000000002,-27.901530760110802,-8.60554388085759,-38.33346991125594
149.23204205076334,15.557320593659574,1.000000000000002,-27.90012773795837,-8.603719341969931,-38.365618007846784
149.24075930041982,15.5515170556196,1.000000000000002,-27.898722324869155,-8.601895350524897,-38.39776100080589
149.24947717978426,15.545716052683611,1.0000000000000018,-27.897314521768894,-8.600071906494062,-38.42989890522474
149.25819568863542,15.539917583298974,1.0000000000000018,-27.895904329583296,-8.598249009848725,-38.462031736195165
149.26691482675196,15.534121645913089,1.000000000000002,-27.89449174923809,-8.596426660559843,-38.49415950880856
149.27563459391214,15.52832823897351,1.000000000000002,-27.893076781659055,-8.594604858598078,-38.52628223815661
149.28435498989427,15.52253736092782,1.0000000000000018,-27.89165942777194,-8.592783603933748,-38.55839993933095
149.29307601447616,15.516749010223762,1.0000000000000018,-27.890239688502525,-8.59096289653688,-38.590512627423145
149.3017976674356,15.510963185309086,1.000000000000002,-27.888817564776595,-8.589142736377154,-38.62262031752478
149.31051994855005,15.505179884631735,1.000000000000002,-27.887393057519958,-8.587323123423964,-38.6547230247275
149.31924285759683,15.499399106639636,1.0000000000000018,-27.885966167658424,-8.585504057646357,-38.68682076412287
149.3279663943529,15.493620849780907,1.000000000000002,-27.88453689611781,-8.583685539013084,-38.71891355080251
149.33669055859522,15.487845112503669,1.0000000000000018,-27.883105243823984,-8.58186756749256,-38.75100139985804
149.34541535010035,15.4820718932562,1.0000000000000018,-27.88167121170276,-8.580050143052896,-38.78308432638108
149.35414076864464,15.476301190486863,1.000000000000002,-27.880234800680007,-8.578233265661876,-38.815162345463236
149.36286681400432,15.470533002644059,1.0000000000000018,-27.878796011681608,-8.576416935286975,-38.84723547219601
149.3715934859553,15.46476732817636,1.0000000000000018,-27.877354845633434,-8.574601151895347,-38.87930372167112
149.38032078427335,15.459004165532338,1.0000000000000018,-27.8759113034614,-8.572785915453817,-38.91136710898018
149.38904870873392,15.453243513160764,1.0000000000000018,-27.87446538609139,-8.570971225928908,-38.94342564921475
149.3977772591124,15.447485369510394,1.0000000000000018,-27.87301709444935,-8.569157083286804,-38.97547935746634
149.4065064351837,15.441729733030169,1.0000000000000018,-27.871566429461183,-8.567343487493412,-39.007528248826695
149.41523623672288,15.435976602169035,1.000000000000002,-27.870113392052843,-8.565530438514259,-39.039572338387416
149.42396666350433,15.430225975376118,1.0000000000000018,-27.868657983150285,-8.563717936314616,-39.07161164124
149.43269771530262,15.424477851100553,1.0000000000000018,-27.86720020367948,-8.56190598085939,-39.10364617247614
149.44142939189183,15.418732227791642,1.0000000000000018,-27.865740054566373,-8.560094572113183,-39.13567594718744
149.450161693046,15.4129891038987,1.0000000000000018,-27.864277536736985,-8.5582837100403,-39.16770098046542
149.45889461853878,15.407248477871228,1.0000000000000018,-27.862812651117295,-8.556473394604698,-39.19972128740172
149.4676281681438,15.401510348158729,1.0000000000000018,-27.861345398633304,-8.554663625770027,-39.23173688308806
149.47636234163426,15.395774713210843,1.0000000000000018,-27.85987578021105,-8.552854403499614,-39.2637477826159
149.48509713878317,15.390041571477326,1.000000000000002,-27.85840379677653,-8.551045727756486,-39.295754001076894
149.49383255936357,15.38431092140796,1.0000000000000018,-27.85692944925583,-8.54923759850333,-39.327755553562696
149.5025686031479,15.378582761452693,1.0000000000000018,-27.85545273857496,-8.547430015702528,-39.35975245516478
149.51130526990866,15.372857090061494,1.0000000000000016,-27.85397366566,-8.54562297931612,-39.391744720974884
149.52004255941802,15.367133905684485,1.0000000000000018,-27.852492231437,-8.543816489305854,-39.423732366084586
149.52878047144793,15.36141320677183,1.0000000000000016,-27.85100843683206,-8.54201054563315,-39.45571540558541
149.53751900577012,15.355694991773841,1.0000000000000016,-27.849522282771275,-8.540205148259119,-39.48769385456906
149.5462581621561,15.34997925914086,1.0000000000000016,-27.848033770180734,-8.538400297144527,-39.519667728127
149.55499794037718,15.344266007323384,1.0000000000000018,-27.846542899986538,-8.536595992249842,-39.55163704135105
149.56373834020442,15.338555234771936,1.0000000000000016,-27.845049673114836,-8.534792233535205,-39.58360180933264
149.57247936140863,15.332846939937207,1.0000000000000016,-27.843554090491736,-8.53298902096045,-39.61556204716342
149.5812210037605,15.327141121269896,1.0000000000000018,-27.842056153043384,-8.531186354485069,-39.647517769935
149.58996326703038,15.321437777220885,1.0000000000000016,-27.840555861695947,-8.529384234068264,-39.679468992739004
149.5987061509885,15.315736906241064,1.0000000000000016,-27.839053217375564,-8.527582659668893,-39.71141573066705
149.60744965540476,15.310038506781469,1.0000000000000016,-27.837548221008415,-8.5257816312455,-39.74335799881067
149.61619378004886,15.304342577293237,1.0000000000000018,-27.83604087352067,-8.523981148756334,-39.77529581226153
149.6249385246904,15.298649116227539,1.0000000000000016,-27.834531175838535,-8.522181212159284,-39.807229186111186
149.63368388909856,15.292958122035705,1.0000000000000016,-27.83301912888819,-8.520381821411961,-39.83915813545127
149.64242987304252,15.287269593169096,1.0000000000000016,-27.831504733595843,-8.51858297647162,-39.871082675373444
149.65117647629097,15.28158352807924,1.0000000000000016,-27.82998799088773,-8.516784677295226,-39.90300282096923
149.65992369861266,15.275899925217663,1.0000000000000016,-27.82846890169006,-8.514986923839398,-39.934918587330216
149.66867153977586,15.270218783036086,1.0000000000000018,-27.826947466929063,-8.513189716060467,-39.96682998954808
149.67741999954885,15.264540099986238,1.0000000000000016,-27.825423687531007,-8.511393053914407,-39.99873704271435
149.68616907769947,15.258863874520005,1.0000000000000016,-27.823897564422122,-8.509596937356925,-40.03063976192074
149.69491877399554,15.253190105089304,1.0000000000000013,-27.822369098528682,-8.50780136634334,-40.06253816225876
149.70366908820444,15.247518790146211,1.0000000000000016,-27.820838290776933,-8.506006340828716,-40.09443225882004
149.71242002009356,15.24184992814283,1.0000000000000016,-27.819305142093185,-8.50421186076775,-40.1263220666962
149.72117156942983,15.236183517531428,1.0000000000000016,-27.817769653403715,-8.502417926114852,-40.15820760097885
149.72992373598015,15.230519556764285,1.0000000000000018,-27.816231825634816,-8.500624536824091,-40.19008887675954
149.7386765195111,15.22485804429384,1.0000000000000016,-27.814691659712796,-8.498831692849237,-40.221965909129906
149.747429919789,15.219198978572628,1.0000000000000018,-27.81314915656396,-8.497039394143723,-40.25383871318161
149.7561839365801,15.213542358053195,1.0000000000000018,-27.81160431711463,-8.49524764066065,-40.28570730400615
149.76493856965018,15.20788818118829,1.0000000000000016,-27.81005714229115,-8.493456432352854,-40.317571696695175
149.7736938187651,15.202236446430653,1.0000000000000018,-27.808507633019836,-8.491665769172775,-40.349431906340335
149.78244968369017,15.19658715223321,1.0000000000000018,-27.806955790227057,-8.489875651072605,-40.38128794803318
