galstreams/tracks/track.st.M68-Fjorm.ibata2024.ecsv
# %ECSV 1.0
# ---
# datatype:
# - {name: ra, unit: deg, datatype: float64}
# - {name: dec, unit: deg, datatype: float64}
# - {name: distance, unit: kpc, datatype: float64}
# - {name: pm_ra_cosdec, unit: mas / yr, datatype: float64}
# - {name: pm_dec, unit: mas / yr, datatype: float64}
# - {name: radial_velocity, unit: km / s, datatype: float64}
# delimiter: ','
# meta: !!omap
# - __serialized_columns__:
#     dec:
#       __class__: astropy.coordinates.angles.Latitude
#       unit: &id001 !astropy.units.Unit {unit: deg}
#       value: !astropy.table.SerializedColumn {name: dec}
#     distance:
#       __class__: astropy.coordinates.distances.Distance
#       unit: !astropy.units.Unit {unit: kpc}
#       value: !astropy.table.SerializedColumn {name: distance}
#     pm_dec:
#       __class__: astropy.units.quantity.Quantity
#       unit: !astropy.units.Unit {unit: mas / yr}
#       value: !astropy.table.SerializedColumn {name: pm_dec}
#     pm_ra_cosdec:
#       __class__: astropy.units.quantity.Quantity
#       unit: !astropy.units.Unit {unit: mas / yr}
#       value: !astropy.table.SerializedColumn {name: pm_ra_cosdec}
#     ra:
#       __class__: astropy.coordinates.angles.Longitude
#       unit: *id001
#       value: !astropy.table.SerializedColumn {name: ra}
#       wrap_angle: !astropy.coordinates.Angle
#         unit: *id001
#         value: 360.0
#     radial_velocity:
#       __class__: astropy.units.quantity.Quantity
#       unit: !astropy.units.Unit {unit: km / s}
#       value: !astropy.table.SerializedColumn {name: radial_velocity}
# schema: astropy-2.0
ra,dec,distance,pm_ra_cosdec,pm_dec,radial_velocity
[from data line 843]
193.71261853471717,-6.623839621681861,0.9999999999999997,-2.5986783945627283,2.7246001051915623,-80.34539371403
193.71433389223174,-6.613846355085294,0.9999999999999997,-2.5984724559772014,2.725354560913452,-80.36749183223104
193.71604956026542,-6.60385317404363,0.9999999999999997,-2.5982663963782913,2.72610900221768,-80.38957630791171
193.7177655388702,-6.593860078573817,0.9999999999999998,-2.598060215780353,2.726863429074676,-80.41164714363336
193.71948182809808,-6.58386706869272,0.9999999999999997,-2.5978539141977133,2.7276178414548764,-80.4337043419574
193.72119842800117,-6.573874144417282,0.9999999999999997,-2.5976474916447088,2.7283722393287055,-80.45574790544521
193.7229153386316,-6.563881305764389,0.9999999999999998,-2.5974409481356595,2.7291266226665982,-80.4777778366582
193.72463256004153,-6.553888552751013,0.9999999999999997,-2.5972342836848785,2.7298809914389834,-80.49979413815771
193.72635009228327,-6.54389588539397,0.9999999999999998,-2.5970274983066672,2.730635345616293,-80.5217968125052
193.72806793540906,-6.533903303710212,0.9999999999999998,-2.596820592015327,2.7313896851689474,-80.54378586226198
193.72978608947125,-6.523910807716668,0.9999999999999998,-2.596613564825144,2.7321440100673744,-80.56576128998947
193.73150455452225,-6.513918397430241,0.9999999999999998,-2.5964064167504026,2.732898320281998,-80.5877230982491
193.73322333061452,-6.503926072867921,0.9999999999999999,-2.5961991478053714,2.7336526157832415,-80.60967128960218
193.7349424178006,-6.493933834046515,0.9999999999999999,-2.59599175800431,2.734406896541528,-80.63160586661017
193.736661816133,-6.483941680983012,0.9999999999999998,-2.5957842473614923,2.7351611625272767,-80.65352683183438
193.73838152566435,-6.473949613694304,0.9999999999999998,-2.595576615891149,2.735915413710913,-80.67543418783634
193.74010154644736,-6.463957632197363,0.9999999999999996,-2.595368863607528,2.7366696500628462,-80.69732793717725
193.7418218785347,-6.453965736509077,0.9999999999999998,-2.595160990524862,2.7374238715534984,-80.71920808241863
193.74354252197918,-6.44397392664641,0.9999999999999998,-2.594952996657375,2.7381780781532834,-80.74107462612183
193.74526347683354,-6.433982202626309,0.9999999999999998,-2.594744882019289,2.7389322698326213,-80.76292757084822
193.7469847431508,-6.423990564465642,0.9999999999999998,-2.5945366466248028,2.7396864465619206,-80.78476691915921
193.74870632098379,-6.413999012181366,0.9999999999999998,-2.594328290488121,2.7404406083115957,-80.80659267361617
193.75042821038556,-6.404007545790436,0.9999999999999998,-2.5941198136234322,2.7411947550520583,-80.82840483678054
193.75215041140913,-6.394016165309782,0.9999999999999999,-2.593911216044925,2.7419488867537183,-80.85020341121363
193.75387292410758,-6.384024870756408,0.9999999999999999,-2.5937024977667775,2.7427030033869837,-80.87198839947686
193.75559574853406,-6.374033662147138,0.9999999999999999,-2.5934936588031468,2.74345710492226,-80.89375980413166
193.7573188847418,-6.364042539498979,0.9999999999999999,-2.5932846991682044,2.7442111913299616,-80.91551762773936
193.75904233278405,-6.354051502828868,0.9999999999999999,-2.5930756188760946,2.7449652625804863,-80.93726187286137
193.7607660927141,-6.344060552153761,0.9999999999999998,-2.592866417940961,2.7457193186442406,-80.95899254205908
193.7624901645853,-6.334069687490595,0.9999999999999999,-2.5926570963769473,2.7464733594916284,-80.98070963789387
193.76421454845106,-6.32407890885634,0.9999999999999998,-2.5924476541981756,2.7472273850930495,-81.00241316292716
193.76593924436486,-6.314088216267986,0.9999999999999997,-2.5922380914187637,2.7479813954189067,-81.02410311972027
193.76766425238029,-6.3040976097423895,0.9999999999999997,-2.5920284080528218,2.7487353904395957,-81.04577951083463
193.7693895725508,-6.294107089296563,0.9999999999999999,-2.5918186041144566,2.7494893701255165,-81.0674423388317
193.7711152049301,-6.28411665494746,1.0,-2.5916086796177638,2.750243334447065,-81.08909160627275
193.7728411495719,-6.274126306712046,0.9999999999999997,-2.591398634576829,2.7509972833746383,-81.11072731571919
193.77456740652983,-6.264136044607314,0.9999999999999999,-2.591188469005729,2.751751216878632,-81.13234946973245
193.77629397585775,-6.254145868650152,0.9999999999999998,-2.5909781829185405,2.752505134929433,-81.15395807087391
193.77802085760948,-6.244155778857564,0.9999999999999998,-2.590767776329316,2.7532590374974415,-81.17555312170497
193.77974805183894,-6.234165775246524,0.9999999999999998,-2.590557249252117,2.75401292455304,-81.19713462478695
193.78147555860008,-6.2241758578339965,0.9999999999999999,-2.590346601700989,2.7547667960666233,-81.2187025826813
193.78320337794685,-6.2141860266369475,0.9999999999999998,-2.590135833689973,2.7555206520085775,-81.24025699794942
193.78493150993333,-6.204196281672359,1.0,-2.589924945233093,2.7562744923492897,-81.26179787315264
193.78665995461364,-6.194206622957253,0.9999999999999998,-2.5897139363443746,2.757028317059145,-81.28332521085241
193.78838871204195,-6.184217050508508,0.9999999999999998,-2.589502807037834,2.7577821261085287,-81.30483901361004
193.79011778227246,-6.174227564343146,0.9999999999999997,-2.589291557327473,2.758535919467825,-81.32633928398694
193.79184716535943,-6.164238164478158,1.0,-2.5890801872272866,2.7592896971074135,-81.34782602454462
193.7935768613572,-6.154248850930522,0.9999999999999999,-2.5888686967512733,2.7600434589976723,-81.3692992378443
193.79530687032016,-6.144259623717216,0.9999999999999997,-2.588657085913407,2.7607972051089904,-81.39075892644749
193.7970371923027,-6.134270482855228,0.9999999999999999,-2.588445354727666,2.76155093541174,-81.4122050929155
193.79876782735928,-6.124281428361612,0.9999999999999999,-2.5882335032080164,2.7623046498762918,-81.4336377398097
193.8004987755445,-6.114292460253241,0.9999999999999998,-2.58802153136841,2.763058348473031,-81.45505686969157
193.80223003691296,-6.1043035785471496,0.9999999999999998,-2.587809439222796,2.763812031172326,-81.47646248512247
193.80396161151924,-6.0943147832603515,0.9999999999999998,-2.5875972267851175,2.764565697944553,-81.49785458866371
193.80569349941806,-6.084326074409834,0.9999999999999998,-2.587384894069311,2.7653193487600842,-81.51923318287673
193.80742570066417,-6.074337452012636,0.9999999999999998,-2.587172441089291,2.7660729835892894,-81.54059827032299
193.80915821531238,-6.064348916085681,0.9999999999999998,-2.5869598678589845,2.7668266024025323,-81.56194985356379
193.81089104341754,-6.054360466645991,0.9999999999999998,-2.5867471743922907,2.767580205170188,-81.58328793516056
193.81262418503457,-6.044372103710582,1.0,-2.586534360703117,2.768333791862622,-81.60461251767462
193.81435764021845,-6.034383827296461,0.9999999999999998,-2.586321426805347,2.7690873624502026,-81.62592360366742
193.81609140902412,-6.024395637420641,0.9999999999999998,-2.5861083727128733,2.769840916903284,-81.64722119570034
193.81782549150674,-6.0144075341001075,0.9999999999999998,-2.5858951984395695,2.7705944551922395,-81.66850529633477
193.81955988772137,-6.004419517351957,0.9999999999999998,-2.585681903999301,2.7713479772874225,-81.68977590813212
193.82129459772324,-5.994431587193074,0.9999999999999999,-2.585468489405923,2.772101483159198,-81.71103303365369
193.82302962156754,-5.984443743640529,0.9999999999999998,-2.585254954673299,2.772854972777928,-81.73227667546092
193.8247649593096,-5.9744559867113525,0.9999999999999998,-2.5850412998152588,2.7736084461139585,-81.75350683611528
193.82650061100472,-5.96446831642254,0.9999999999999997,-2.584827524845645,2.7743619031376605,-81.77472351817804
193.82823657670826,-5.954480732791188,0.9999999999999999,-2.5846136297782785,2.775115343819378,-81.7959267242106
193.82997285647573,-5.944493235834195,0.9999999999999999,-2.584399614626989,2.7758687681294734,-81.81711645677443
193.83170945036264,-5.934505825568653,0.9999999999999998,-2.5841854794055683,2.7766221760382965,-81.83829271843084
193.83344635842448,-5.924518502011571,0.9999999999999998,-2.5839712241278345,2.7773755675161906,-81.85945551174125
193.8351835807169,-5.914531265180009,0.9999999999999999,-2.5837568488075795,2.7781289425335136,-81.88060483926704
193.8369211172955,-5.904544115090965,0.9999999999999997,-2.5835423534585806,2.778882301060616,-81.9017407035696
193.83865896821607,-5.894557051761488,1.0,-2.5833277380946233,2.7796356430678357,-81.92286310721032
193.8403971335343,-5.8845700752086545,0.9999999999999998,-2.583113002729479,2.7803889685255303,-81.94397205275057
193.8421356133061,-5.874583185449413,0.9999999999999999,-2.582898147376899,2.7811422774040375,-81.96506754275178
193.8438744075873,-5.864596382500837,0.9999999999999999,-2.5826831720506402,2.7818955696737024,-81.98614957977532
193.8456135164338,-5.85460966637998,0.9999999999999998,-2.582468076764452,2.782648845304864,-82.00721816638256
193.8473529399016,-5.844623037103874,0.9999999999999998,-2.5822528615320715,2.7834021042678683,-82.02827330513489
193.84909267804676,-5.834636494689626,0.9999999999999998,-2.582037526367216,2.7841553465330495,-82.0493149985937
193.8508327309253,-5.824650039154173,0.9999999999999999,-2.5818220712836237,2.7849085720707496,-82.07034324932039
193.85257309859347,-5.814663670514614,1.0,-2.581606496294986,2.785661780851304,-82.09135805987634
193.8543137811074,-5.804677388788,0.9999999999999999,-2.5813908014150226,2.7864149728450487,-82.11235943282294
193.85605477852332,-5.794691193991392,0.9999999999999997,-2.581174986657426,2.787168148022314,-82.1333473707216
193.85779609089758,-5.784705086141837,0.9999999999999998,-2.5809590520358774,2.7879213063534394,-82.15432187613368
193.85953771828648,-5.774719065256379,1.0,-2.5807429975640717,2.7886744478087504,-82.17528295162053
193.86127966074648,-5.76473313135217,0.9999999999999999,-2.580526823255658,2.7894275723585804,-82.19623059974364
193.863021918334,-5.754747284446119,0.9999999999999999,-2.5803105291243154,2.7901806799732567,-82.21716482306432
193.8647644911056,-5.744761524555383,0.9999999999999998,-2.580094115183694,2.7909337706231057,-82.238085624144
193.86650737911788,-5.73477585169699,0.9999999999999997,-2.579877581447436,2.7916868442784604,-82.25899300554401
193.86825058242738,-5.724790265888026,0.9999999999999999,-2.5796609279291878,2.7924399009096357,-82.2798869698258
193.86999410109084,-5.714804767145561,0.9999999999999999,-2.5794441546425717,2.7931929404869544,-82.30076751955075
193.87173793516496,-5.70481935548667,0.9999999999999998,-2.5792272616012126,2.7939459629807537,-82.3216346572802
193.87348208470652,-5.694834030928471,0.9999999999999997,-2.5790102488187254,2.794698968361338,-82.34248838557555
193.87522654977238,-5.684848793487928,0.9999999999999999,-2.578793116308716,2.79545195659903,-82.36332870699823
193.87697133041945,-5.674863643182183,0.9999999999999998,-2.5785758640847836,2.796204927664155,-82.38415562410958
193.87871642670464,-5.6648785800283115,0.9999999999999997,-2.578358492160507,2.796957881527028,-82.40496913947102
193.880461838685,-5.654893604043398,0.9999999999999998,-2.578141000549479,2.797710818157954,-82.425769255644
193.88220756641746,-5.644908715244572,0.9999999999999997,-2.577923389265272,2.798463737527256,-82.44655597518974
193.8839536099593,-5.634923913648829,0.9999999999999998,-2.5777056583214386,2.799216639605244,-82.4673293006698
193.8856999693676,-5.624939199273294,0.9999999999999997,-2.5774878077315373,2.799969524362232,-82.48808923464549
193.8874466446996,-5.61495457213507,0.9999999999999998,-2.5772698375091245,2.8007223917685238,-82.50883577967817
193.8891936360125,-5.6049700322512335,0.9999999999999997,-2.577051747667742,2.801475241794436,-82.52956893832926
193.89094094336366,-5.594985579638899,0.9999999999999998,-2.576833538220909,2.8022280744102677,-82.55028871316016
193.8926885668105,-5.5850012143151355,0.9999999999999999,-2.576615209182152,2.802980889586329,-82.57099510673227
193.8944365064104,-5.575016936297135,0.9999999999999998,-2.5763967605649927,2.8037336872929224,-82.59168812160691
193.89618476222088,-5.56503274560186,0.9999999999999998,-2.576178192382931,2.804486467500352,-82.61236776034556
193.89793333429944,-5.5550486422464695,0.9999999999999998,-2.575959504649469,2.805239230178918,-82.6330340255095
193.8996822227037,-5.545064626248093,0.9999999999999998,-2.5757406973780963,2.805991975298921,-82.65368691966023
193.9014314274913,-5.535080697623806,0.9999999999999998,-2.5755217705822915,2.806744702830661,-82.67432644535909
193.90318094871995,-5.525096856390793,0.9999999999999998,-2.5753027242755295,2.8074974127444348,-82.69495260516744
193.90493078644738,-5.515113102566052,0.9999999999999998,-2.575083558471278,2.8082501050105377,-82.71556540164669
193.9066809407314,-5.505129436166754,0.9999999999999999,-2.5748642731829974,2.8090027795992625,-82.73616483735822
193.90843141162992,-5.495145857210015,0.9999999999999999,-2.5746448684241283,2.8097554364809056,-82.75675091486349
193.9101821992008,-5.485162365712941,0.9999999999999997,-2.5744253442081133,2.8105080756257586,-82.77732363672376
193.91193330350202,-5.475178961692675,0.9999999999999998,-2.5742057005483865,2.8112606970041103,-82.79788300550054
193.9136847245916,-5.465195645166324,0.9999999999999998,-2.5739859374583722,2.8120133005862478,-82.81842902375513
193.91543646252762,-5.455212416151065,0.9999999999999998,-2.5737660549514896,2.8127658863424667,-82.83896169404898
193.91718851736823,-5.44522927466393,0.9999999999999998,-2.5735460530411425,2.8135184542430425,-82.85948101894338
193.9189408891716,-5.435246220722094,1.0,-2.5733259317407304,2.8142710042582637,-82.87998700099983
193.92069357799596,-5.425263254342698,0.9999999999999999,-2.573105691063645,2.8150235363584155,-82.9004796427797
193.9224465838996,-5.415280375542863,0.9999999999999997,-2.5728853310232664,2.815776050513782,-82.9209589468443
193.9241999069409,-5.4052975843397855,0.9999999999999999,-2.5726648516329655,2.8165285466946406,-82.94142491575512
193.92595354717824,-5.395314880750488,0.9999999999999998,-2.572444252906122,2.8172810248712725,-82.96187755207345
193.92770750467005,-5.385332264792187,0.9999999999999998,-2.5722235348560805,2.81803348501395,-82.98231685836078
193.92946177947485,-5.375349736482005,0.9999999999999998,-2.572002697496205,2.8187859270929536,-83.00274283717839
193.93121637165126,-5.3653672958370935,0.9999999999999998,-2.5717817408398136,2.819538351078558,-83.02315549108779
193.93297128125778,-5.355384942874601,0.9999999999999998,-2.5715606649002645,2.820290756941038,-83.04355482265026
193.9347265083532,-5.345402677611677,0.9999999999999997,-2.5713394696908614,2.82104314465066,-83.0639408344272
193.93648205299613,-5.335420500065521,0.9999999999999999,-2.5711181552249425,2.8217955141777002,-83.08431352898008
193.93823791524545,-5.325438410253187,0.9999999999999997,-2.570896721515799,2.822547865492428,-83.1046729088702
193.93999409515993,-5.31545640819188,0.9999999999999999,-2.5706751685767366,2.823300198565106,-83.12501897665899
193.94175059279848,-5.3054744938987675,0.9999999999999999,-2.5704534964210377,2.824052513366005,-83.14535173490788
193.94350740822003,-5.295492667391004,0.9999999999999997,-2.570231705062005,2.8248048098653875,-83.16567118617814
193.94526454148357,-5.285510928685803,0.9999999999999997,-2.5700097945128992,2.825557088033519,-83.18597733303125
193.9470219926482,-5.2755292778002385,0.9999999999999999,-2.5697877647869833,2.826309347840658,-83.20627017802862
193.94877976177293,-5.265547714751518,0.9999999999999999,-2.569565615897528,2.8270615892570676,-83.22654972373152
193.95053784891698,-5.255566239556813,0.9999999999999998,-2.569343347857776,2.827813812253006,-83.24681597270148
193.95229625413953,-5.245584852233297,0.9999999999999998,-2.569120960680976,2.828566016798732,-83.26706892749976
193.95405497749985,-5.23560355279815,0.9999999999999999,-2.5688984543803546,2.8293182028644996,-83.28730859068783
193.95581401905724,-5.2256223412685365,0.9999999999999998,-2.5686758289691345,2.8300703704205663,-83.30753496482706
