galstreams/tracks/track.st.Monoceros.ramos2021.ecsv
# %ECSV 0.9
# ---
# datatype:
# - {name: ra, unit: deg, datatype: float64}
# - {name: dec, unit: deg, datatype: float64}
# - {name: distance, unit: kpc, datatype: float64}
# - {name: pm_ra_cosdec, unit: mas / yr, datatype: float64}
# - {name: pm_dec, unit: mas / yr, datatype: float64}
# - {name: radial_velocity, unit: km / s, datatype: float64}
# delimiter: ','
# meta: !!omap
# - __serialized_columns__:
#     dec:
#       __class__: astropy.coordinates.angles.Latitude
#       unit: &id001 !astropy.units.Unit {unit: deg}
#       value: !astropy.table.SerializedColumn {name: dec}
#     distance:
#       __class__: astropy.coordinates.distances.Distance
#       unit: !astropy.units.Unit {unit: kpc}
#       value: !astropy.table.SerializedColumn {name: distance}
#     pm_dec:
#       __class__: astropy.units.quantity.Quantity
#       unit: !astropy.units.Unit {unit: mas / yr}
#       value: !astropy.table.SerializedColumn {name: pm_dec}
#     pm_ra_cosdec:
#       __class__: astropy.units.quantity.Quantity
#       unit: !astropy.units.Unit {unit: mas / yr}
#       value: !astropy.table.SerializedColumn {name: pm_ra_cosdec}
#     ra:
#       __class__: astropy.coordinates.angles.Longitude
#       unit: *id001
#       value: !astropy.table.SerializedColumn {name: ra}
#       wrap_angle: !astropy.coordinates.Angle
#         unit: *id001
#         value: 360.0
#     radial_velocity:
#       __class__: astropy.units.quantity.Quantity
#       unit: !astropy.units.Unit {unit: km / s}
#       value: !astropy.table.SerializedColumn {name: radial_velocity}
# schema: astropy-2.0
ra,dec,distance,pm_ra_cosdec,pm_dec,radial_velocity
[from data line 3628]
114.53166429860276,40.16226326840772,10.600000000000001,-0.1376656824197829,-0.8796924553033678,0.0
114.538772839925,40.15357398077372,10.6,-0.13800755465289916,-0.8798079401514725,4.210383564936169e-15
114.54587979433374,40.14488434188904,10.600000000000001,-0.1383501880105223,-0.879924587537721,8.420767129872338e-15
114.55298514339533,40.13619434681049,10.599999999999998,-0.13869358429325934,-0.8800423933128241,1.2631150694808506e-14
114.5600888685606,40.12750399056627,10.6,-0.13903774527398444,-0.8801613532707662,0.0
114.56719095116412,40.11881326815575,10.6,-0.139382672697629,-0.8802814631487774,4.210383564936169e-15
114.57429137242373,40.11012217454936,10.6,-0.13972836828097707,-0.8804027186272909,0.0
114.58139011343987,40.10143070468846,10.599999999999998,-0.14007483371246304,-0.880525115329909,1.6841534259744676e-14
114.58848715519503,40.09273885348518,10.6,-0.14042207065196582,-0.8806486488233732,1.6841534259744676e-14
114.59558247855311,40.08404661582226,10.600000000000001,-0.14077008073059993,-0.8807733146175332,4.210383564936169e-15
114.6026760642589,40.0753539865529,10.6,-0.14111886555052025,-0.880899108165311,4.210383564936169e-15
114.60976789293738,40.06666096050064,10.600000000000001,-0.14146842668470994,-0.8810260248626832,1.2631150694808506e-14
114.61685794509332,40.05796753245922,10.599999999999998,-0.14181876567678198,-0.8811540600486492,8.420767129872338e-15
114.62394620111034,40.04927369719245,10.600000000000001,-0.1421698840407748,-0.8812832090052036,-4.210383564936169e-15
114.63103264125071,40.04057944943397,10.6,-0.1425217832609486,-0.8814134669573179,-4.210383564936169e-15
114.63811724565453,40.0318847838872,10.600000000000001,-0.14287446479158533,-0.8815448290729195,8.420767129872338e-15
114.64519999433907,40.02318969522523,10.600000000000001,-0.1432279300567846,-0.8816772904628658,4.210383564936169e-15
114.65228086719848,40.01449417809052,10.6,-0.14358218045026572,-0.881810846180936,8.420767129872338e-15
114.65935984400286,40.00579822709493,10.599999999999998,-0.14393721733516235,-0.8819454912238038,4.210383564936169e-15
114.66643690439784,39.99710183681943,10.6,-0.14429304204382382,-0.8820812205310312,8.420767129872338e-15
114.67351202790401,39.988405001814094,10.599999999999998,-0.1446496558776167,-0.8822180289850501,0.0
114.6805851939162,39.97970771659781,10.6,-0.14500706010672137,-0.8823559114111517,4.210383564936169e-15
114.68765638170301,39.971009975658276,10.6,-0.14536525596993588,-0.8824948625774802,8.420767129872338e-15
114.69472557040615,39.96231177345175,10.6,-0.14572424467447648,-0.8826348771950212,1.2631150694808506e-14
114.7017927390399,39.95361310440297,10.6,-0.1460840273957777,-0.8827759499175964,1.2631150694808506e-14
114.70885786649048,39.94491396290498,10.600000000000001,-0.14644460527729658,-0.8829180753418595,4.210383564936169e-15
114.7159209315154,39.93621434331898,10.6,-0.1468059794303126,-0.8830612480072922,4.210383564936169e-15
114.72298191274304,39.92751423997422,10.599999999999998,-0.14716815093373337,-0.883205462396205,4.210383564936169e-15
114.73004078867189,39.91881364716783,10.600000000000001,-0.14753112083389608,-0.8833507129337359,4.210383564936169e-15
114.73709753767005,39.91011255916468,10.600000000000001,-0.14789489014437318,-0.8834969939878532,4.210383564936169e-15
114.7441521379747,39.901410970197254,10.6,-0.1482594598457772,-0.8836442998693614,0.0
114.75120456769129,39.89270887446544,10.6,-0.14862483088556305,-0.8837926248319051,-4.210383564936169e-15
114.75825480479318,39.88400626613652,10.6,-0.14899100417783537,-0.8839419630719786,8.420767129872338e-15
114.76530282712099,39.87530313934489,10.6,-0.14935798060315472,-0.8840923087289331,8.420767129872338e-15
114.77234861238198,39.866599488192016,10.600000000000001,-0.14972576100834567,-0.8842436558849898,0.0
114.77939213814945,39.857895306746215,10.6,-0.1500943462063002,-0.8843959985652525,8.420767129872338e-15
114.78643338186225,39.84919058904259,10.600000000000001,-0.15046373697578935,-0.8845493307377257,4.210383564936169e-15
114.79347232082412,39.84048532908283,10.6,-0.15083393406127032,-0.884703646313325,4.210383564936169e-15
114.80050893220313,39.83177952083511,10.6,-0.15120493817269426,-0.8848589391458999,4.210383564936169e-15
114.80754319303108,39.82307315823391,10.599999999999998,-0.15157674998531603,-0.8850152030322566,8.420767129872338e-15
114.81457508020296,39.81436623517993,10.600000000000001,-0.15194937013950582,-0.8851724317121733,4.210383564936169e-15
114.82160457047637,39.80565874553989,10.600000000000001,-0.15232279924055936,-0.8853306188684353,4.210383564936169e-15
114.82863164047087,39.796950683146406,10.599999999999998,-0.15269703785850774,-0.8854897581268539,8.420767129872338e-15
114.83565626666756,39.78824204179791,10.6,-0.15307208652793097,-0.8856498430562887,4.210383564936169e-15
114.84267842540831,39.77953281525842,10.6,-0.1534479457477705,-0.8858108671686928,8.420767129872338e-15
114.84969809289534,39.77082299725749,10.6,-0.1538246159811415,-0.8859728239191327,1.2631150694808506e-14
114.85671524519061,39.76211258148998,10.599999999999998,-0.1542020976551492,-0.8861357067058278,8.420767129872338e-15
114.86372985821514,39.75340156161601,10.6,-0.15458039116069697,-0.8862995088701842,8.420767129872338e-15
114.87074190774871,39.744689931260766,10.600000000000001,-0.15495949685231283,-0.8864642236968304,0.0
114.87775136942895,39.735977684014344,10.6,-0.1553394150479522,-0.8866298444136641,4.210383564936169e-15
114.88475821875103,39.7272648134317,10.6,-0.1557201460288268,-0.8867963641918863,4.210383564936169e-15
114.89176243106704,39.71855131303241,10.6,-0.1561016900392112,-0.8869637761460503,4.210383564936169e-15
114.89876398158533,39.70983717630063,10.6,-0.1564840472862697,-0.8871320733340993,0.0
114.90576284537008,39.70112239668487,10.600000000000001,-0.15686721793986835,-0.8873012487574294,8.420767129872338e-15
114.91275899734062,39.69240696759798,10.6,-0.15725120213239843,-0.8874712953609223,4.210383564936169e-15
114.91975241227102,39.68369088241684,10.599999999999998,-0.15763599995859495,-0.8876422060330089,0.0
114.92674306478938,39.674974134482376,10.6,-0.15802161147535854,-0.8878139736057142,4.210383564936169e-15
114.93373092937738,39.6662567170994,10.6,-0.15840803670157755,-0.8879865908547244,0.0
114.94071598036973,39.657538623536425,10.6,-0.15879527561794618,-0.8881600504994318,8.420767129872338e-15
114.94769819195355,39.64881984702557,10.600000000000001,-0.1591833281667938,-0.8883343452030039,0.0
114.95467753816786,39.64010038076241,10.6,-0.15957219425190444,-0.8885094675724405,1.2631150694808506e-14
114.9616539929031,39.63138021790588,10.600000000000001,-0.15996187373834647,-0.8886854101586438,4.210383564936169e-15
114.96862752990043,39.62265935157809,10.600000000000001,-0.16035236645229212,-0.8888621654564757,-4.210383564936169e-15
114.97559812275136,39.61393777486423,10.6,-0.16074367218084495,-0.889039725904833,8.420767129872338e-15
114.98256574489717,39.60521548081245,10.6,-0.16113579067187414,-0.8892180838867144,8.420767129872338e-15
114.98953036962824,39.59649246243371,10.599999999999998,-0.16152872163383328,-0.8893972317292946,8.420767129872338e-15
114.99649197008367,39.58776871270166,10.6,-0.1619224647355924,-0.889577161704,0.0
115.00345051925076,39.57904422455248,10.6,-0.1623170196062721,-0.8897578660265812,4.210383564936169e-15
115.01040598996438,39.570318990884815,10.600000000000001,-0.16271238583506856,-0.8899393368571964,8.420767129872338e-15
115.01735835490645,39.5615930045596,10.600000000000001,-0.1631085629710847,-0.8901215663004881,4.210383564936169e-15
115.02430758660547,39.55286625839995,10.6,-0.16350555052316795,-0.8903045464056729,0.0
115.03125365743605,39.544138745191034,10.600000000000001,-0.1639033479597387,-0.8904882691666183,0.0
115.03819653961824,39.535410457679944,10.599999999999998,-0.16430195470862397,-0.8906727265219389,1.2631150694808506e-14
115.04513620521715,39.526681388575604,10.600000000000001,-0.16470137015689815,-0.8908579103550764,0.0
115.05207262614236,39.51795153054857,10.599999999999998,-0.16510159365071103,-0.8910438124944067,-4.210383564936169e-15
115.0590057741475,39.509220876231,10.600000000000001,-0.1655026244951312,-0.8912304247133136,0.0
115.06593562082956,39.50048941821644,10.600000000000001,-0.16590446195397945,-0.8914177387303036,8.420767129872338e-15
115.07286213762866,39.49175714905982,10.599999999999998,-0.1663071052496689,-0.8916057462090975,4.210383564936169e-15
115.07978529582732,39.483024061277206,10.600000000000001,-0.16671055356304598,-0.8917944387587281,8.420767129872338e-15
115.08670506655,39.47429014734576,10.6,-0.16711480603322812,-0.8919838079336476,4.210383564936169e-15
115.09362142076276,39.46555539970359,10.599999999999998,-0.16751986175744937,-0.892173845233829,8.420767129872338e-15
115.10053432927253,39.45681981074965,10.6,-0.16792571979089835,-0.8923645421048858,0.0
115.10744376272686,39.448083372843605,10.6,-0.16833237914656585,-0.8925558899381651,4.210383564936169e-15
115.11434969161328,39.43934607830573,10.600000000000001,-0.1687398387950859,-0.8927478800708712,4.210383564936169e-15
115.1212520862588,39.43060791941678,10.599999999999998,-0.1691480976645841,-0.8929405037861746,4.210383564936169e-15
115.12815091682963,39.42186888841789,10.600000000000001,-0.16955715464051985,-0.8931337523133356,1.2631150694808506e-14
115.13504615333044,39.41312897751043,10.599999999999998,-0.16996700856554295,-0.8933276168278166,4.210383564936169e-15
115.1419377656041,39.404388178855946,10.600000000000001,-0.17037765823932932,-0.8935220884514072,-4.210383564936169e-15
115.14882572333109,39.39564648457596,10.600000000000001,-0.17078910241844278,-0.8937171582523484,8.420767129872338e-15
115.15570999602912,39.38690388675199,10.6,-0.1712013398161788,-0.8939128172454578,4.210383564936169e-15
115.16259055305255,39.3781603774253,10.6,-0.1716143691024148,-0.8941090563922599,4.210383564936169e-15
115.16946736359215,39.36941594859686,10.6,-0.1720281889034737,-0.8943058666011121,-4.210383564936169e-15
115.17634039667435,39.36067059222726,10.600000000000001,-0.17244279780196156,-0.8945032387273519,8.420767129872338e-15
115.18320962116108,39.35192430023653,10.599999999999998,-0.17285819433663863,-0.8947011635734115,0.0
115.19007500574912,39.34317706450408,10.6,-0.17327437700226217,-0.8948996318889767,8.420767129872338e-15
115.19693651896979,39.334428876868635,10.600000000000001,-0.1736913442494542,-0.8950986343711148,0.0
115.20379412918841,39.32567972912802,10.599999999999998,-0.17410909448455433,-0.8952981616644242,8.420767129872338e-15
115.21064780460395,39.31692961303913,10.600000000000001,-0.17452762606947858,-0.8954982043611766,0.0
115.21749751324856,39.30817852031782,10.6,-0.1749469373215834,-0.8956987530014657,8.420767129872338e-15
115.22434322298719,39.29942644263882,10.6,-0.1753670265135236,-0.8958997980733597,0.0
115.23118490151708,39.29067337163554,10.6,-0.17578789187312027,-0.8961013300130543,4.210383564936169e-15
115.23802251636742,39.28191929890013,10.6,-0.17620953158322072,-0.896303339205025,-4.210383564936169e-15
115.24485603489894,39.2731642159832,10.600000000000001,-0.17663194378156433,-0.8965058159821853,4.210383564936169e-15
115.25168542430347,39.26440811439388,10.600000000000001,-0.1770551265606528,-0.8967087506260536,8.420767129872338e-15
115.25851065160356,39.255650985599615,10.600000000000001,-0.17747907796760792,-0.8969121333669094,-4.210383564936169e-15
115.26533168365205,39.2468928210261,10.6,-0.17790379600405534,-0.8971159543839617,0.0
115.27214848713172,39.238133612057204,10.599999999999998,-0.1783292786259843,-0.8973202038055171,8.420767129872338e-15
115.27896102855489,39.22937335003489,10.599999999999998,-0.17875552374361853,-0.8975248717091484,4.210383564936169e-15
115.28576927426303,39.22061202625905,10.600000000000001,-0.17918252922129424,-0.8977299481218692,0.0
115.29257319042637,39.21184963198748,10.600000000000001,-0.17961029287733005,-0.8979354230203134,4.210383564936169e-15
115.29937274304353,39.20308615843576,10.600000000000001,-0.18003881248390574,-0.8981412863309066,0.0
115.30616789794124,39.194321596777165,10.600000000000001,-0.18046808576693632,-0.8983475279300528,4.210383564936169e-15
115.31295862077374,39.18555593814263,10.600000000000003,-0.18089811040594417,-0.8985541376443125,8.420767129872338e-15
115.31974487702274,39.17678917362054,10.600000000000001,-0.1813288840339516,-0.8987611052505953,8.420767129872338e-15
115.32652663199686,39.16802129425678,10.600000000000001,-0.18176040423734674,-0.8989684204763437,0.0
115.33330385083123,39.15925229105458,10.600000000000003,-0.18219266855577473,-0.8991760729997251,0.0
115.34007649848742,39.15048215497439,10.600000000000001,-0.18262567448201575,-0.8993840524498309,0.0
115.34684453975277,39.14171087693393,10.6,-0.18305941946186943,-0.8995923484068631,0.0
115.35360793924028,39.132938447807966,10.600000000000001,-0.18349390089404538,-0.8998009504023446,4.210383564936169e-15
115.36036666138828,39.124164858428315,10.600000000000003,-0.18392911613004298,-0.900009847919313,8.420767129872338e-15
115.36712067045997,39.11539009958374,10.600000000000001,-0.18436506247404266,-0.9002190303925302,1.6841534259744676e-14
115.37386993054321,39.106614162019895,10.600000000000001,-0.18480173718280007,-0.9004284872086878,-4.210383564936169e-15
115.38061440555019,39.09783703643919,10.600000000000003,-0.18523913746552606,-0.9006382077066166,0.0
115.38735405921713,39.08905871350078,10.600000000000001,-0.18567726048379046,-0.9008481811775002,8.420767129872338e-15
115.39408885510396,39.08027918382049,10.600000000000001,-0.18611610335140918,-0.9010583968650896,-4.210383564936169e-15
115.40081875659406,39.07149843797063,10.600000000000001,-0.18655566313434274,-0.9012688439659233,8.420767129872338e-15
115.40754372689395,39.062716466480154,10.600000000000001,-0.18699593685059035,-0.9014795116295472,-4.210383564936169e-15
115.41426372903301,39.05393325983433,10.600000000000001,-0.18743692147009,-0.9016903889587349,0.0
115.42097872586321,39.04514880847486,10.600000000000001,-0.1878786139146136,-0.9019014650097235,8.420767129872338e-15
115.42768868005889,39.03636310279973,10.600000000000001,-0.18832101105767465,-0.9021127287924285,4.210383564936169e-15
115.43439355411643,39.02757613316317,10.600000000000001,-0.1887641097244243,-0.9023241692706889,-4.210383564936169e-15
115.44109331035399,39.01878788987555,10.600000000000001,-0.18920790669156282,-0.9025357753624964,4.210383564936169e-15
115.44778791091132,39.009998363203366,10.600000000000001,-0.1896523986872326,-0.9027475359402348,8.420767129872338e-15
115.45447731774951,39.0012075433692,10.600000000000003,-0.19009758239094032,-0.9029594398309087,4.210383564936169e-15
115.4611614926507,38.99241542055157,10.600000000000003,-0.19054345443344947,-0.9031714758164133,0.0
115.46784039721793,38.98362198488496,10.600000000000001,-0.19099001139670613,-0.9033836326337488,-4.210383564936169e-15
115.47451399287478,38.974827226459716,10.600000000000001,-0.1914372498137344,-0.9035958989752912,8.420767129872338e-15
115.48118224086535,38.96603113532201,10.600000000000001,-0.19188516616856038,-0.9038082634890396,1.2631150694808506e-14
115.48784510225391,38.95723370147378,10.600000000000001,-0.19233375689612353,-0.9040207147788593,4.210383564936169e-15
115.49450253792473,38.948434914872664,10.600000000000003,-0.1927830183821908,-0.9042332414047547,0.0
115.50115450858189,38.93963476543201,10.600000000000001,-0.1932329469632772,-0.904445831883122,4.210383564936169e-15
115.50780097474909,38.93083324302075,10.600000000000001,-0.19368353892655757,-0.9046584746870097,4.210383564936169e-15
115.5144418967695,38.922030337463376,10.600000000000001,-0.19413479050980093,-0.9048711582463862,4.210383564936169e-15
115.52107723480552,38.913226038539925,10.600000000000001,-0.19458669790127653,-0.9050838709484178,8.420767129872338e-15
115.52770694883867,38.904420335985925,10.600000000000001,-0.19503925723968854,-0.9052966011377295,4.210383564936169e-15
