galstreams/tracks/track.st.M2.grillmair2022.ecsv
# %ECSV 0.9
# ---
# datatype:
# - {name: ra, unit: deg, datatype: float64}
# - {name: dec, unit: deg, datatype: float64}
# - {name: distance, unit: kpc, datatype: float64}
# - {name: pm_ra_cosdec, unit: mas / yr, datatype: float64}
# - {name: pm_dec, unit: mas / yr, datatype: float64}
# - {name: radial_velocity, unit: km / s, datatype: float64}
# delimiter: ','
# meta: !!omap
# - __serialized_columns__:
#     dec:
#       __class__: astropy.coordinates.angles.Latitude
#       unit: &id001 !astropy.units.Unit {unit: deg}
#       value: !astropy.table.SerializedColumn {name: dec}
#     distance:
#       __class__: astropy.coordinates.distances.Distance
#       unit: !astropy.units.Unit {unit: kpc}
#       value: !astropy.table.SerializedColumn {name: distance}
#     pm_dec:
#       __class__: astropy.units.quantity.Quantity
#       unit: !astropy.units.Unit {unit: mas / yr}
#       value: !astropy.table.SerializedColumn {name: pm_dec}
#     pm_ra_cosdec:
#       __class__: astropy.units.quantity.Quantity
#       unit: !astropy.units.Unit {unit: mas / yr}
#       value: !astropy.table.SerializedColumn {name: pm_ra_cosdec}
#     ra:
#       __class__: astropy.coordinates.angles.Longitude
#       unit: *id001
#       value: !astropy.table.SerializedColumn {name: ra}
#       wrap_angle: !astropy.coordinates.Angle
#         unit: *id001
#         value: 360.0
#     radial_velocity:
#       __class__: astropy.units.quantity.Quantity
#       unit: !astropy.units.Unit {unit: km / s}
#       value: !astropy.table.SerializedColumn {name: radial_velocity}
# schema: astropy-2.0
ra,dec,distance,pm_ra_cosdec,pm_dec,radial_velocity
[from data line 4794]
326.4668992522356,0.8108342292428528,11.693,3.227112690427399,-2.0395892295743874,-5.262979456170211e-16
326.4764271074095,0.8137868222717299,11.693000000000001,3.2261266072098973,-2.039580123536363,2.710434419927659e-14
326.4859562337402,0.8167358085268652,11.693000000000001,3.2251401858693294,-2.0395715615345713,-7.026077573987232e-14
326.4954866343432,0.8196811791484614,11.693000000000001,3.2241534256076383,-2.0395635452826752,-9.631252404791486e-14
326.5050183123377,0.8226229252663182,11.693000000000001,3.223166325625928,-2.039556076496319,9.47336302110638e-15
326.5145512708459,0.8255610379998116,11.693000000000003,3.222178885124454,-2.0395491568931265,-1.6052087341319144e-14
326.52408551299374,0.8284955084578967,11.693000000000001,3.2211911033026324,-2.0395427881927066,5.6840178126638284e-14
326.53362104191035,0.8314263277391042,11.693000000000001,3.220202979359028,-2.039536972116645,5.920851888191488e-14
326.54315786072823,0.8343534869315272,11.693000000000001,3.2192145124913663,-2.0395317103885118,-5.157719867046807e-14
326.5526959725836,0.8372769771128208,11.693000000000001,3.2182257018965204,-2.03952700473386,2.6314897280851057e-14
326.5622353806156,0.8401967893501991,11.693000000000001,3.217236546770522,-2.0395228568802293,5.97348168275319e-14
326.5717760879671,0.8431129147004222,11.693000000000001,3.2162470463085553,-2.0395192685571417,4.999830483361701e-14
326.5813180977843,0.8460253442098055,11.693,3.2152571997049524,-2.0395162414961066,-6.184000860999999e-14
326.59086141321666,0.8489340689141932,11.693000000000001,3.214267006153201,-2.0395137774306153,-5.841907196348934e-14
326.60040603741726,0.8518390798389738,11.693000000000003,3.21327646484594,-2.039511878096153,-1.5525789395702124e-14
326.6099519735425,0.8547403679990607,11.693000000000001,3.2122855749749606,-2.039510545230189,3.4998813383531905e-14
326.61949922475196,0.8576379243988966,11.693,3.2112943357312007,-2.0395097805721805,-8.94706507548936e-14
326.629047794209,0.8605317400324405,11.693000000000001,3.210302746304748,-2.039509585863574,-5.3945539425744666e-14
326.6385976850801,0.8634218058831653,11.693000000000001,3.2093108058848454,-2.0395099628478084,-2.6314897280851057e-16
326.6481489005352,0.8663081129240547,11.693000000000001,3.2083185136598784,-2.039510913270311,-4.73668151055319e-14
326.6577014437478,0.869190652117594,11.693000000000001,3.2073258688173847,-2.0395124388785026,-7.341856341357444e-14
326.66725531789456,0.8720694144157722,11.692999999999998,3.206332870544049,-2.0395145414217923,3.341991954668084e-14
326.6768105261557,0.8749443907600658,11.693,3.205339518025699,-2.039517222651587,2.947268495455318e-14
326.6863670717148,0.8778155720814423,11.693000000000001,3.2043458104473177,-2.0395204843212826,2.920953598174467e-14
326.69592495775885,0.8806829493003496,11.693000000000003,3.203351746993028,-2.0395243281862734,1.5788938368510635e-14
326.7054841874782,0.8835465133267163,11.693000000000003,3.2023573268461027,-2.039528756003948,-8.657601205399997e-14
326.7150447640668,0.8864062550599444,11.693000000000001,3.2013625491889544,-2.039533769533689,-7.052392471268083e-14
326.7246066907218,0.8892621653888971,11.693000000000001,3.200367413203147,-2.0395393705368754,-1.2368001721999996e-14
326.7341699706438,0.892114235191903,11.693000000000001,3.1993719180693843,-2.0395455607768858,6.394520039246807e-14
326.74373460703674,0.8949624553367487,11.693000000000001,3.198376062967515,-2.0395523420190944,2.342025857995744e-14
326.7533006031082,0.8978068166806644,11.693000000000003,3.197379847076533,-2.0395597160308774,3.947234592127659e-15
326.7628679620689,0.9006473100703395,11.693000000000001,3.196383269574575,-2.039567684581606,-2.394655652557446e-14
326.7724366871333,0.9034839263418926,11.693,3.1953863296389153,-2.039576249442655,5.526128428978722e-15
326.7820067815188,0.9063166563208821,11.693000000000001,3.194389026445975,-2.039585412387397,-7.368171238638296e-14
326.7915782484468,0.9091454908222949,11.693000000000001,3.1933913591713154,-2.039595175191211,-6.44714983380851e-14
326.80115109114155,0.9119704206505465,11.693000000000001,3.192393326989638,-2.0396055396314745,2.8946387008936164e-15
326.81072531283104,0.9147914365994677,11.693000000000001,3.1913949290747836,-2.0396165074875676,2.1315066797489355e-14
326.8203009167466,0.9176085294523085,11.693000000000001,3.1903961645997345,-2.039628080540876,5.894536990910637e-14
326.8298779061229,0.9204216899817211,11.693000000000005,3.1893970327366112,-2.0396402605747905,-6.526094525651062e-14
326.8394562841982,0.9232309089497652,11.693000000000001,3.188397532656677,-2.0396530493747056,-5.947166785472339e-14
326.849036054214,0.9260361771079038,11.693000000000001,3.1873976635303247,-2.0396664487280227,-1.3683746586042549e-14
326.85861721941535,0.9288374851969853,11.693000000000003,3.1863974245270925,-2.039680460424148,-5.1840347643276585e-14
326.86819978305056,0.9316348239472502,11.693000000000001,3.1853968148156544,-2.039695086254497,-4.394587845902126e-14
326.8777837483716,0.9344281840783222,11.693000000000001,3.1843958335638183,-2.039710328012492,1.920987501502127e-14
326.8873691186335,0.9372175562991979,11.693,3.183394479938533,-2.039726187493567,2.342025857995744e-14
326.89695589709504,0.9400029313082531,11.693000000000001,3.1823927531058755,-2.03974266649516,-1.0525958912340423e-14
326.9065440870183,0.9427842997932249,11.693000000000001,3.1813906522310673,-2.0397597668167236,-8.315507540748934e-14
326.9161336916688,0.9455616524312176,11.693000000000001,3.1803881764784583,-2.039777490259721,2.4209705498382972e-14
326.9257247143153,0.9483349798886831,11.693000000000001,3.179385325011534,-2.0397958386276263,-5.447183737136169e-14
326.93531715823036,0.9511042728214301,11.693000000000001,3.1783820969929155,-2.0398148137259247,-4.4209027431829774e-14
326.9449110266896,0.9538695218746166,11.693000000000001,3.177378491584353,-2.0398344173621163,-8.157618157063828e-15
326.9545063229723,0.9566307176827362,11.693000000000001,3.176374507946734,-2.0398546513457143,6.815558395740423e-14
326.9641030503609,0.9593878508696164,11.693000000000001,3.175370145240074,-2.039875517488247,-2.5262301389617013e-14
326.9737012121415,0.962140912048419,11.693000000000005,3.174365402623524,-2.0398970176032543,-7.526060622323402e-14
326.9833008116037,0.9648898918216252,11.693000000000001,3.1733602792553652,-2.0399191535063,-8.315507540748934e-14
326.9929018520403,0.9676347807810444,11.693000000000001,3.172354774293006,-2.0399419270149566,6.999762676706381e-14
327.00250433674745,0.9703755695077906,11.693000000000003,3.1713488868929876,-2.039965339948816,7.631320211446806e-15
327.0121082690251,0.9731122485722922,11.693000000000001,3.170342616210982,-2.0399893941294893,5.789277401787233e-14
327.0217136521762,0.9758448085342769,11.693000000000001,3.1693359614017895,-2.040014091380609,-1.394689555885106e-14
327.03132048950744,0.978573239942777,11.693000000000003,3.1683289216193344,-2.04003943352782,-5.762962504506381e-14
327.0409287843289,0.9812975333361144,11.693000000000003,3.1673214960166765,-2.040065422398795,-7.368171238638296e-15
327.05053853995395,0.9840176792418969,11.693000000000001,3.1663136837459995,-2.0400920598232224,7.841839389693615e-14
327.0601497596994,0.9867336681770158,11.693000000000001,3.1653054839586137,-2.0401193476328126,-1.2631150694808506e-14
327.06976244688565,0.9894454906476391,11.693000000000001,3.1642968958049558,-2.0401472876613016,-8.894435280927657e-14
327.07937660483634,0.9921531371492115,11.693000000000001,3.163287918434589,-2.040175881744445,-8.183933054344678e-14
327.0889922368787,0.9948565981664376,11.693000000000001,3.162278550996202,-2.0402051317200236,-7.683950006008508e-14
327.0986093463433,0.9975558641732868,11.693000000000001,3.16126879263761,-2.0402350394278423,-4.131438873093616e-14
327.10822793656416,1.0002509256329846,11.693000000000001,3.160258642505751,-2.0402656067097316,3.0525280845787224e-14
327.1178480108787,1.002941772998001,11.693000000000001,3.159248099746688,-2.0402968354095457,3.552511132914893e-14
327.1274695726277,1.0056283967100643,11.692999999999998,3.1582371635056044,-2.04032872737317,-9.420733226544678e-14
327.13709262515573,1.0083107872001316,11.693000000000003,3.157225832926809,-2.0403612844485104,-4.2366984622170204e-14
327.1467171718104,1.010988934888398,11.693000000000005,3.1562141071537333,-2.040394508485505,-6.73661370389787e-14
327.1563432159429,1.0136628301842914,11.693000000000003,3.1552019853289326,-2.0404284013361225,-1.7367832205361697e-14
327.1659707609078,1.0163324634864566,11.693000000000001,3.154189466594079,-2.040462964854355,-9.183899151017018e-14
327.1755998100633,1.0189978251827656,11.693000000000003,3.1531765500899667,-2.0404982008962294,4.210383564936169e-15
327.1852303667707,1.0216589056502983,11.693000000000003,3.1521632349565105,-2.0405341113198006,2.289396063434042e-14
327.19486243439513,1.0243156952553474,11.693000000000001,3.1511495203327495,-2.040570697985157,-5.157719867046807e-14
327.20449601630474,1.026968184353401,11.693000000000001,3.150135405356836,-2.0406079627544162,-1.1868018673663827e-13
327.21413111587157,1.0296163632891553,11.693000000000003,3.149120889166041,-2.0406459074917307,-7.552375519604253e-14
327.2237677364707,1.0322602223964918,11.693,3.1481059708967596,-2.040684534063289,-2.5262301389617013e-14
327.23340588148073,1.0348997519984802,11.693000000000003,3.1470906496844986,-2.0407238443373057,-7.578690416885104e-14
327.24304555428404,1.0375349424073737,11.693000000000005,3.146074924663887,-2.0407638401840393,-3.6051409274765946e-14
327.25268675826595,1.0401657839245984,11.693000000000001,3.1450587949686675,-2.04080452347578,4.052494181251063e-14
327.26232949681554,1.0427922668407579,11.693000000000003,3.1440422597316977,-2.0408458960868523,-2.1051917824680845e-15
327.27197377332527,1.0454143814356178,11.693000000000001,3.1430253180849532,-2.0408879598936194,-3.684085619319148e-15
327.2816195911909,1.0480321179781036,11.693000000000001,3.1420079691595273,-2.040930716774484,-4.210383564936169e-15
327.29126695381194,1.0506454667262972,11.693000000000001,3.1409902120856206,-2.0409741686098832,6.315575347404253e-15
327.300915864591,1.0532544179274275,11.693000000000001,3.1399720459925557,-2.0410183172822967,-2.8946387008936165e-14
327.3105663269343,1.0558589618178755,11.693000000000001,3.1389534700087633,-2.041063164676243,3.105157879140425e-14
327.32021834425154,1.0584590886231546,11.693000000000001,3.1379344832617915,-2.0411087126782794,1.7367832205361697e-14
327.3298719199558,1.0610547885579162,11.693000000000001,3.1369150848782956,-2.0411549631770036,6.420834936527658e-14
327.3395270574635,1.0636460518259383,11.693000000000001,3.135895273984048,-2.041201918063061,-2.1051917824680846e-14
327.34918376019476,1.0662328686201217,11.693,3.1348750497039317,-2.0412495792291327,5.578758223540424e-14
327.3588420315729,1.0688152291224877,11.693000000000001,3.1338544111619373,-2.0412979485699427,7.078707368548934e-14
327.36850187502483,1.0713931235041703,11.693000000000001,3.132833357481168,-2.0413470279822663,-7.210281854953189e-14
327.3781632939809,1.0739665419254096,11.693000000000003,3.1318118877838392,-2.0413968193649166,-2.8683238036127654e-14
327.3878262918748,1.0765354745355449,11.693000000000001,3.130790001191274,-2.0414473246187534,-5.3945539425744666e-14
327.3974908721437,1.079099911473022,11.693,3.129767696823903,-2.0414985456466828,-4.8682559969574456e-14
327.4071570382284,1.0816598428653674,11.693000000000003,3.128744973801266,-2.0415504843536585,-6.052426374595743e-15
327.41682479357274,1.084215258829202,11.693000000000003,3.1277218312420123,-2.0416031426466796,-1.0131235453127657e-13
327.4264941416246,1.0867661494702219,11.693000000000001,3.1266982682638975,-2.041656522434794,3.4209366465106372e-15
327.43616508583466,1.0893125048831995,11.693,3.1256742839837854,-2.041710625629099,2.763064214489361e-14
327.44583762965755,1.0918543151519822,11.693000000000001,3.1246498775176397,-2.0417654541427397,7.8944691842553165e-16
327.4555117765511,1.0943915703494804,11.693000000000001,3.12362504798054,-2.0418210098909104,-5.710332709944679e-14
327.4651875299767,1.0969242605376583,11.693,3.122599794486662,-2.04187729479086,7.97341387609787e-14
327.47486489339894,1.0994523757675423,11.693000000000001,3.1215741161492936,-2.041934310761883,-1.1578554803574466e-14
327.48454387028636,1.1019759060792031,11.693000000000001,3.1205480120808238,-2.041992059725333,5.420868839855318e-14
327.4942244641104,1.1044948415017575,11.693000000000001,3.119521481392742,-2.042050543604609,2.710434419927659e-14
327.5039066783463,1.1070091720533621,11.693000000000001,3.1184945231956456,-2.042109764325168,-4.631421921429786e-14
327.5135905164727,1.1095188877411999,11.693000000000001,3.1174671365992324,-2.0421697238145207,-9.762826891195742e-14
327.5232759819716,1.112023978561489,11.693000000000001,3.1164393207123045,-2.04223042400223,-1.7894130150978717e-14
327.53296307832846,1.1145244344994645,11.693000000000001,3.115411074642763,-2.0422918668199173,-2.368340755276595e-14
327.5426518090323,1.117020245529385,11.693000000000001,3.11438239749761,-2.0423540542012564,-4.684051715991488e-14
327.5523421775755,1.1195114016145102,11.693000000000001,3.1133532883829504,-2.0424169880819814,-5.631388018102126e-14
327.5620341874539,1.121997892707121,11.693000000000001,3.1123237464039883,-2.042480670399882,-2.947268495455318e-14
327.57172784216675,1.1244797087484835,11.693000000000001,3.111293770665027,-2.0425451030948074,-7.368171238638296e-14
327.58142314521695,1.1269568396688685,11.693000000000003,3.1102633602694696,-2.0426102881086634,-1.1104886652519146e-13
327.5911201001107,1.129429275387542,11.693000000000001,3.1092325143198156,-2.0426762273854164,3.026213187297872e-14
327.6008187103575,1.1318970058127438,11.693000000000001,3.108201231917664,-2.042742922871092,-9.47336302110638e-15
327.61051897947067,1.1343600208416982,11.693000000000001,3.1071695121637117,-2.04281037651378,-2.5788599335234036e-14
327.62022091096674,1.136818310360605,11.693000000000001,3.1061373541577524,-2.0428785902636273,-8.394452232591487e-14
327.6299245083657,1.1392718642446324,11.693000000000001,3.105104756998675,-2.042947566072845,1.4473193504468083e-14
327.63962977519117,1.1417206723579154,11.693000000000001,3.1040717197844634,-2.043017305895707,-5.710332709944679e-14
327.64933671497,1.1441647245535416,11.693000000000001,3.103038241612201,-2.043087811688549,2.0788768851872334e-14
327.6590453312326,1.1466040106735522,11.693000000000003,3.1020043215780615,-2.0431590854097745,-5.894536990910637e-14
327.66875562751295,1.1490385205489426,11.693000000000001,3.1009699587773167,-2.0432311290198464,1.1578554803574466e-14
327.6784676073483,1.1514682439996446,11.693000000000005,3.0999351523043277,-2.043303944481299,-2.0788768851872334e-14
327.68818127427943,1.1538931708345284,11.693000000000003,3.0988999012525538,-2.0433775337587288,-2.1315066797489355e-14
327.6978966318506,1.1563132908513987,11.693000000000003,3.0978642047145426,-2.0434518988188,-4.894570894238297e-14
327.7076136836095,1.1587285938369813,11.693000000000001,3.096828061781937,-2.0435270416302442,-5.526128428978722e-15
327.71733243310734,1.1611390695669237,11.693000000000003,3.09579147154547,-2.0436029641638616,-4.920885791519147e-14
327.72705288389875,1.1635447078057988,11.693000000000005,3.0947544330949657,-2.04367966839252,2.6051748308042545e-14
327.7367750395418,1.1659454983070758,11.693000000000001,3.09371694551934,-2.0437571562911585,6.026111477314892e-14
327.74649890359797,1.1683414308131392,11.693000000000001,3.0926790079065967,-2.0438354298367862,3.97354948940851e-14
327.75622447963235,1.1707324950552687,11.693000000000001,3.0916406193438313,-2.04391449100848,1.3420597613234039e-14
327.7659517712134,1.1731186807536351,11.693,3.0906017789172298,-2.043994341787392,-8.473396924434041e-14
327.775680781913,1.1754999776173076,11.693000000000001,3.089562485712059,-2.0440749841567434,-4.263013359497871e-14
