galstreams/tracks/track.st.NGC3201.ibata2021.ecsv
# %ECSV 1.0
# ---
# datatype:
# - {name: ra, unit: deg, datatype: float64}
# - {name: dec, unit: deg, datatype: float64}
# - {name: distance, unit: kpc, datatype: float64}
# - {name: pm_ra_cosdec, unit: mas / yr, datatype: float64}
# - {name: pm_dec, unit: mas / yr, datatype: float64}
# - {name: radial_velocity, unit: km / s, datatype: float64}
# delimiter: ','
# meta: !!omap
# - __serialized_columns__:
#     dec:
#       __class__: astropy.coordinates.angles.Latitude
#       unit: &id001 !astropy.units.Unit {unit: deg}
#       value: !astropy.table.SerializedColumn {name: dec}
#     distance:
#       __class__: astropy.coordinates.distances.Distance
#       unit: !astropy.units.Unit {unit: kpc}
#       value: !astropy.table.SerializedColumn {name: distance}
#     pm_dec:
#       __class__: astropy.units.quantity.Quantity
#       unit: !astropy.units.Unit {unit: mas / yr}
#       value: !astropy.table.SerializedColumn {name: pm_dec}
#     pm_ra_cosdec:
#       __class__: astropy.units.quantity.Quantity
#       unit: !astropy.units.Unit {unit: mas / yr}
#       value: !astropy.table.SerializedColumn {name: pm_ra_cosdec}
#     ra:
#       __class__: astropy.coordinates.angles.Longitude
#       unit: *id001
#       value: !astropy.table.SerializedColumn {name: ra}
#       wrap_angle: !astropy.coordinates.Angle
#         unit: *id001
#         value: 360.0
#     radial_velocity:
#       __class__: astropy.units.quantity.Quantity
#       unit: !astropy.units.Unit {unit: km / s}
#       value: !astropy.table.SerializedColumn {name: radial_velocity}
# schema: astropy-2.0
ra,dec,distance,pm_ra_cosdec,pm_dec,radial_velocity
[from data line 1001]
161.3121854408193,-47.209787384714026,5.09286969009782,5.972835011611508,-1.1545827767726449,291.8345812784763
161.32696242690176,-47.210419901684354,5.094392402664011,5.969994693993359,-1.151162697076419,291.37298175171867
161.34174071656534,-47.21104601766334,5.095916189909607,5.967177105354832,-1.1477288169000888,290.9145899558272
161.35652030763836,-47.2116657198354,5.097441044202366,5.964382328851853,-1.1442810845201263,290.4594238094384
161.37130119793395,-47.212278995384764,5.0989669579100365,5.96161044760429,-1.1408194481446916,290.0075012311896
161.3860833852499,-47.21288583149549,5.100493923400375,5.958861544695932,-1.1373438559136195,289.5588401397179
161.40086686736876,-47.21348621535147,5.10202193304113,5.956135703174445,-1.1338542558984317,289.1134584536601
161.4156516420577,-47.21408013413645,5.103550979200057,5.95343300605135,-1.1303505961023363,288.67137409165304
161.43043770706862,-47.214667575034014,5.105081054244908,5.950753536301977,-1.12683282446024,288.2326049723339
161.44522506013817,-47.215248525227594,5.106612150543433,5.948097376865423,-1.1233008888387275,287.79716901433943
161.46001369898758,-47.21582297190051,5.108144260463386,5.945464610644548,-1.1197547370360947,287.36508413630673
161.47480362132293,-47.21639090223591,5.109677376372522,5.942855320505897,-1.1161943167823338,286.936368256873
161.48959482483485,-47.21695230341682,5.11121149063859,5.94026958927971,-1.1126195757391528,286.51103929467496
161.50438730719873,-47.21750716262616,5.112746595629343,5.937707499759856,-1.1090304614999553,286.08911516834957
161.51918106607462,-47.218055467046696,5.114282683712536,5.935169134703818,-1.1054269215898733,285.67061379653376
161.5339760991073,-47.218597203861094,5.115819747255918,5.932654576832638,-1.101808903465746,285.2555530978648
161.5487724039262,-47.219132360251905,5.1173577786272455,5.930163908830909,-1.0981763545161503,284.8439509909794
161.5635699781454,-47.21966092340157,5.118896770194267,5.92769721334672,-1.094529222061385,284.43582539451455
161.57836881936373,-47.22018288049242,5.120436714324736,5.925254572991636,-1.090867453353483,284.0311942271073
161.5931689251647,-47.22069821870669,5.121977603386408,5.92283607034065,-1.0871909955762176,283.63007540739454
161.60797029311638,-47.22120692522655,5.123519429747032,5.9204417879321625,-1.0834997958451016,283.23248685401336
161.6227729207717,-47.22170898723404,5.125062185774362,5.918071808267943,-1.0797938012074049,282.8384464856006
161.6375768056681,-47.22220439191112,5.12660586383615,5.915726213813092,-1.0760729586421611,282.44797222079353
161.6523819453278,-47.22269312643971,5.1281504563001485,5.913405086996014,-1.072337215060137,282.0610819782287
161.66718833725764,-47.22317517800161,5.1296959555341095,5.9111085102083845,-1.0685865173038982,281.6777936765433
161.68199597894915,-47.22365053377859,5.131242353905787,5.908836565805108,-1.0648208121477625,281.2981252343743
161.69680486787857,-47.224119180952314,5.132789643782932,5.906589336104292,-1.0610400462978369,280.9220945703587
161.71161500150671,-47.22458110670443,5.134337817533299,5.904366903387209,-1.057244166392012,280.5497196031334
161.72642637727915,-47.2250362982165,5.135886867524638,5.902169349898274,-1.0534331189999708,280.18101825133533
161.74123899262608,-47.225484742670055,5.137436786124703,5.8999967578449946,-1.0496068506231966,279.8160084336017
161.75605284496237,-47.22592642724657,5.138987565701247,5.897849209397956,-1.0457653076949773,279.45470806856923
161.77086793168755,-47.22636133912748,5.14053919862202,5.895726786690768,-1.0419084365804112,279.09713507487487
161.78568425018582,-47.22678946549419,5.142091677254777,5.893629571820044,-1.0380361835764234,278.74330737115594
161.8005017978261,-47.22721079352809,5.1436449939672695,5.891557646845381,-1.0341484949117605,278.393242876049
161.81532057196182,-47.2276253104105,5.14519914112725,5.8895110937893,-1.0302453167470098,278.04695950819126
161.83014056993122,-47.228033003322786,5.146754111102471,5.887489994637229,-1.0263265951745941,277.7044751862198
161.84496178905718,-47.228433859446234,5.148309896260685,5.885494431337466,-1.0223922762187918,277.3658078287712
161.85978422664715,-47.22882786596216,5.149866488969645,5.883524485801152,-1.0184423058357384,277.0309753544828
161.87460787999336,-47.22921501005186,5.151423881597101,5.8815802399022274,-1.0144766299134345,276.6999956819913
161.88943274637256,-47.22959527889663,5.152982066510811,5.879661775477421,-1.0104951942717584,276.37288672993395
161.90425882304632,-47.22996865967777,5.15454103607852,5.877769174326192,-1.0064979446624678,276.04966641694745
161.9190861072607,-47.23033513957661,5.1561007826679885,5.87590251821071,-1.0024848267692175,275.730352661669
161.9339145962466,-47.230694705774454,5.157661298646962,5.874061888855824,-0.9984557862075549,275.41496338273544
161.94874428721945,-47.23104734545266,5.159222576383199,5.872247367949028,-0.9944107685249417,275.1035164987838
161.9635751773793,-47.231393045792586,5.160784608244447,5.870459037140435,-0.9903497192007622,274.79602992845105
161.978407263911,-47.23173179397565,5.16234738659846,5.868696978042733,-0.986272583646322,274.4925215903742
161.993240543984,-47.23206357718327,5.163910903812992,5.866961272231157,-0.9821793072048646,274.1930094031901
162.00807501475228,-47.23238838259693,5.1654751522557945,5.865252001243475,-0.9780698351515849,273.8975112855358
162.0229106733547,-47.23270619739813,5.167040124294619,5.863569246579921,-0.9739441126936308,273.6060451560482
162.03774751691455,-47.233017008768435,5.16860581229722,5.861913089703201,-0.9698020849701203,273.31862893336455
162.05258554254,-47.23332080388948,5.170172208631349,5.860283612038437,-0.9656436970521396,273.0352805361214
162.06742474732366,-47.233617569942936,5.171739305664758,5.858680894973146,-0.9614688939427678,272.7560178829561
162.08226512834293,-47.23390729411053,5.173307095765199,5.857105019857203,-0.9572776205770879,272.48085889250535
162.09710668265984,-47.234189963574096,5.174875571300426,5.85555606800281,-0.9530698218221803,272.20982148340636
162.1119494073211,-47.23446556551549,5.176444724638193,5.854034120684471,-0.9488454424771469,271.94292357429583
162.126793299358,-47.234734087116706,5.178014548146247,5.852539259138965,-0.9446044272731227,271.6801830838109
162.14163835578654,-47.23499551555977,5.179585034192346,5.851071564565293,-0.9403467208732792,271.4216179305885
162.1564845736074,-47.23524983802682,5.181156175144239,5.849631118124671,-0.9360722678728415,271.16724603326577
162.17133194980585,-47.235497041700064,5.182727963369681,5.848218000940486,-0.9317810127991022,270.9170853104795
162.18618048135187,-47.23573711376184,5.184300391236423,5.846832294098267,-0.9274729001114261,270.67115368086667
162.20103016520008,-47.23597004139461,5.185873451112218,5.845474078645658,-0.9231478742012538,270.42946906306423
162.21588099828975,-47.23619581178087,5.187447135364818,5.844143435592395,-0.9188058793921501,270.19204937570936
162.23073297754485,-47.23641441210327,5.189021436361975,5.842840445910254,-0.9144468599397717,269.9589125374388
162.24558609987392,-47.23662582954461,5.190596346471444,5.8415651905330375,-0.910070760031898,269.7300764668895
162.2604403621703,-47.23683005128776,5.192171858060975,5.840317750356537,-0.9056775237884525,269.5055590826986
162.27529576131187,-47.23702706451575,5.193747963498321,5.839098206238514,-0.9012670952615052,269.28537830350314
162.2901522941612,-47.23721685641171,5.195324655151235,5.837906638998654,-0.8968394184352926,269.06955204793985
162.30500995756555,-47.23739941415898,5.19690192538747,5.836743129418547,-0.8923944372262103,268.85809823464575
162.31986874835684,-47.23757472494095,5.198479766574778,5.835607758241649,-0.8879320954828547,268.65103478225814
162.33472866335163,-47.23774277594121,5.20005817108091,5.834500606173269,-0.883452336986025,268.4483796094135
162.34958969935116,-47.23790355434352,5.20163713127362,5.833421753880517,-0.8789551054487204,268.25015063474916
162.36445185314133,-47.23805704733174,5.20321663952066,5.832371281992295,-0.8744403445161879,268.0563657769018
162.37931512149274,-47.238203242089966,5.204796688189784,5.831349271099244,-0.8699079977659006,267.86704295450886
162.39417950116064,-47.23834212580239,5.206377269648742,5.830355801753752,-0.8653580087075987,267.6822000862067
162.4090449888849,-47.23847368565344,5.207958376265287,5.829390954469878,-0.8607903207832823,267.50185509063283
162.42391158139012,-47.238597908827664,5.2095400004071735,5.828454809723357,-0.856204877367249,267.326025886424
162.43877927538557,-47.23871478250984,5.211122134442152,5.827547447951558,-0.8516016217660916,267.1547303922171
162.45364806756515,-47.23882429388491,5.212704770737978,5.826668949553456,-0.8469804972187074,266.98798652664925
162.4685179546075,-47.238926430138,5.2142879016623995,5.825819394889608,-0.8423414468963397,266.8258122083572
162.48338893317586,-47.23902117845448,5.215871519583172,5.824998864282115,-0.8376844139025676,266.66822535597834
162.49826099991824,-47.23910852601987,5.217455616868046,5.824207438014607,-0.8330093412733328,266.5152438881493
162.51313415146726,-47.23918846001992,5.219040185884776,5.823445196332184,-0.8283161719769501,266.3668857235071
162.52800838444023,-47.2392609676406,5.220625219001113,5.822712219441438,-0.8236048489141234,266.22316878068875
162.54288369543917,-47.23932603606809,5.222210708584811,5.822008587510377,-0.8188753149179737,266.08411097833124
162.55776008105073,-47.23938365248878,5.2237966470036215,5.8213343806684215,-0.814127512754041,265.9497302350715
162.57263753784633,-47.23943380408934,5.2253830266252965,5.820689679006364,-0.8093613851202983,265.82004446954664
162.587516062382,-47.23947647805658,5.22696983981759,5.820074562576359,-0.8045768746471857,265.69507160039353
162.60239565119855,-47.239511661577644,5.228557078948253,5.819489111391867,-0.79977392389761,265.57482954624913
162.61727630082135,-47.23953934183987,5.230144736385038,5.818933405427657,-0.7949524753669639,265.45933622575035
162.63215800776058,-47.23955950603084,5.2317328044956986,5.818407524619756,-0.7901124714831598,265.3486095575342
162.64704076851106,-47.239572141338414,5.233321275647987,5.817911548865428,-0.7852538546066192,265.2426674602378
162.66192457955233,-47.23957723495069,5.234910142209656,5.817445558023158,-0.7803765670303173,265.1415278524981
162.67680943734865,-47.23957477405603,5.2364993965484565,5.8170096319126,-0.7754805509797791,265.0452086529518
162.6916953383489,-47.23956474584308,5.238089031032142,5.816603850314575,-0.7705657486131194,264.9537277802362
162.7065822789868,-47.239547137500765,5.2396790380284655,5.816228292971024,-0.7656321020210246,264.867103152988
162.72147025568057,-47.23952193621824,5.241269409905178,5.815883039584998,-0.7606795532268267,264.78535268984444
162.73635926483342,-47.239489129185,5.242860139030036,5.815568169820612,-0.7557080441864557,264.7084943094423
162.751249302833,-47.2394487035908,5.244451217770786,5.815283763303039,-0.7507175167885123,264.6365459304186
162.76614036605187,-47.2394006466257,5.246042638495184,5.8150298996184615,-0.7457079128542654,264.56952547141043
162.7810324508472,-47.239344945480035,5.2476343935709835,5.814806658314062,-0.7406791741376626,264.50745085105444
162.79592555356092,-47.23928158734446,5.2492264753659335,5.814614118897985,-0.735631242325363,264.4503399879881
162.81081967051966,-47.239210559409955,5.2508188762477905,5.814452360839325,-0.7305640590367508,264.39821080084795
162.82571479803477,-47.23913184886778,5.2524115885843035,5.814321463568077,-0.7254775658239625,264.3510812082712
162.84061093240243,-47.23904544290953,5.254004604743225,5.8142215064751275,-0.720371704171888,264.30896912889466
162.85550806990335,-47.23895132872713,5.255597917092312,5.814152568912233,-0.7152464154982088,264.2718924813554
162.87040620680318,-47.23884949351282,5.2571915179993125,5.814114730191971,-0.7101016411534182,264.23986918429046
162.88530533935216,-47.238739924459196,5.258785399831981,5.814108069587737,-0.70493732242082,264.2129171563367
162.90020546378534,-47.238622608759165,5.260379554958069,5.814132666333707,-0.6997534005165775,264.19105431613104
162.91510657632253,-47.23849753360599,5.26197397574533,5.8141885996248135,-0.694549816589717,264.17429858231066
162.9300086731682,-47.238364686193265,5.263568654561514,5.814275948616718,-0.6893265117221521,264.1626678735123
162.94491175051166,-47.23822405371499,5.265163583774377,5.814394792425793,-0.6840834269287042,264.1561801083732
162.95981580452695,-47.23807562336547,5.2667587557516695,5.8145452101290855,-0.6788205031571213,264.15485320553
162.9747208313728,-47.23791938233938,5.268354162861144,5.814727280764309,-0.6735376812881162,264.1587050836199
162.98962682719278,-47.237755317831784,5.269949797470555,5.814941083329789,-0.6682349021353629,264.16775366128
163.00453378811517,-47.237583417038124,5.271545651947653,5.815186696784471,-0.6629121064455328,264.18201685714695
163.01944171025303,-47.23740366715419,5.273141718660189,5.815464200047874,-0.6575692348983173,264.2015125898578
163.03435058970422,-47.2372160553762,5.274737989975917,5.815773672000069,-0.6522062281064462,264.22625877804967
163.04926042255133,-47.237020568900704,5.276334458262592,5.8161151914816624,-0.6468230266157118,264.25627334035954
163.0641712048618,-47.236817194924704,5.277931115887963,5.816488837293756,-0.6414195709049872,264.29157419542423
163.07908293268764,-47.23660592064555,5.279527955219786,5.8168946881979515,-0.6359958013862634,264.33217926188087
163.09399560206597,-47.23638673326105,5.281124968625808,5.817332822916286,-0.6305516584046442,264.37810645836623
163.10890920901844,-47.23615961996936,5.282722148473786,5.817803320131244,-0.6250870822384114,264.42937370351734
163.12382374955155,-47.23592456796911,5.284319487131472,5.818306258485705,-0.619602013099005,264.4859989159715
163.13873921965669,-47.2356815644593,5.285916976966617,5.818841716582938,-0.6140963911310706,264.5480000143653
163.1536556153099,-47.23543059663938,5.2875146103469755,5.8194097729865835,-0.6085701564124859,264.6153949173357
163.16857293247222,-47.23517165170924,5.289112379640297,5.820010506220592,-0.6030232489543677,264.68820154352
163.18349116708924,-47.234904716869174,5.290710277214337,5.8206439947692505,-0.597455608701118,264.76643781155485
163.19841031509156,-47.234629779319924,5.292308295436847,5.821310317077123,-0.5918671755304228,264.85012164007736
163.21333037239455,-47.23434682626271,5.293906426675578,5.822009551549044,-0.5862578892533028,264.9392709477245
163.2282513348984,-47.23405584489916,5.295504663298284,5.822741776550076,-0.5806276896141185,265.0339036531332
163.24317319848805,-47.23375682243136,5.297102997672718,5.823507070405521,-0.5749765162906106,265.1340376749406
163.2580959590334,-47.23344974606188,5.29870142216663,5.8243055114008655,-0.5693043088939103,265.2396909317835
163.27301961238905,-47.23313460299375,5.3002999291477755,5.825137177781761,-0.563611006968574,265.3508813422988
163.28794415439455,-47.23281138043044,5.301898510983906,5.826002147754021,-0.557896549992611,265.46762682512366
163.30286958087424,-47.23248006557594,5.303497160042773,5.826900499483587,-0.5521608773775064,265.589945298895
163.31779588763726,-47.232140645634686,5.305095868692129,5.827832311096499,-0.5464039284682416,265.7178546822498
163.3327230704777,-47.231793107811605,5.306694629299727,5.82879766067887,-0.5406256425433309,265.85137289382504
163.34765112517442,-47.23143743931212,5.308293434233321,5.82979662627689,-0.5348259588148379,265.99051785225754
163.3625800474912,-47.231073627342155,5.309892275860663,5.830829285896775,-0.5290048164284116,266.13530747618455
163.3775098331767,-47.23070165910812,5.311491146549503,5.831895717504757,-0.523162154463308,266.28575968424275
163.39244047796436,-47.230321521816954,5.313090038667595,5.832995999027071,-0.5172979119324141,266.4418923950693
163.40737197757258,-47.22993320267605,5.3146889445826915,5.8341302083499125,-0.5114120277822902,266.6037235273011
