galstreams/tracks/track.po.PS1-B.bernard2016.ecsv
# %ECSV 1.0
# ---
# datatype:
# - {name: ra, unit: deg, datatype: float64}
# - {name: dec, unit: deg, datatype: float64}
# - {name: distance, unit: kpc, datatype: float64}
# - {name: pm_ra_cosdec, unit: mas / yr, datatype: float64}
# - {name: pm_dec, unit: mas / yr, datatype: float64}
# - {name: radial_velocity, unit: km / s, datatype: float64}
# delimiter: ','
# meta: !!omap
# - __serialized_columns__:
#     dec:
#       __class__: astropy.coordinates.angles.Latitude
#       unit: &id001 !astropy.units.Unit {unit: deg}
#       value: !astropy.table.SerializedColumn {name: dec}
#     distance:
#       __class__: astropy.coordinates.distances.Distance
#       unit: !astropy.units.Unit {unit: kpc}
#       value: !astropy.table.SerializedColumn {name: distance}
#     pm_dec:
#       __class__: astropy.units.quantity.Quantity
#       unit: !astropy.units.Unit {unit: mas / yr}
#       value: !astropy.table.SerializedColumn {name: pm_dec}
#     pm_ra_cosdec:
#       __class__: astropy.units.quantity.Quantity
#       unit: !astropy.units.Unit {unit: mas / yr}
#       value: !astropy.table.SerializedColumn {name: pm_ra_cosdec}
#     ra:
#       __class__: astropy.coordinates.angles.Longitude
#       unit: *id001
#       value: !astropy.table.SerializedColumn {name: ra}
#       wrap_angle: !astropy.coordinates.Angle
#         unit: *id001
#         value: 360.0
#     radial_velocity:
#       __class__: astropy.units.quantity.Quantity
#       unit: !astropy.units.Unit {unit: km / s}
#       value: !astropy.table.SerializedColumn {name: radial_velocity}
# schema: astropy-2.0
ra,dec,distance,pm_ra_cosdec,pm_dec,radial_velocity
[from data line 694]
149.48361397178905,-9.475232512472566,14.49999999999999,0.0,0.0,0.0
149.48915222519884,-9.466844391724685,14.499999999999988,0.0,0.0,0.0
149.49469020821493,-9.458456184130522,14.499999999999986,0.0,0.0,0.0
149.50022792109166,-9.45006788977268,14.49999999999999,0.0,0.0,0.0
149.50576536408343,-9.441679508733742,14.499999999999988,0.0,0.0,0.0
149.5113025374445,-9.43329104109628,14.49999999999999,0.0,0.0,0.0
149.51683944142923,-9.424902486942864,14.499999999999988,0.0,0.0,0.0
149.52237607629172,-9.416513846356024,14.499999999999988,0.0,0.0,0.0
149.5279124422863,-9.408125119418292,14.49999999999999,0.0,0.0,0.0
149.53344853966703,-9.399736306212189,14.49999999999999,0.0,0.0,0.0
149.5389843686881,-9.39134740682021,14.499999999999988,0.0,0.0,0.0
149.54451992960352,-9.38295842132484,14.499999999999988,0.0,0.0,0.0
149.55005522266742,-9.374569349808553,14.499999999999988,0.0,0.0,0.0
149.55559024813377,-9.366180192353799,14.499999999999988,0.0,0.0,0.0
149.56112500625656,-9.35779094904303,14.499999999999988,0.0,0.0,0.0
149.5666594972897,-9.349401619958666,14.49999999999999,0.0,0.0,0.0
149.57219372148708,-9.341012205183125,14.499999999999988,0.0,0.0,0.0
149.5777276791026,-9.332622704798798,14.49999999999999,0.0,0.0,0.0
149.58326137039003,-9.324233118888078,14.499999999999988,0.0,0.0,0.0
149.58879479560323,-9.315843447533329,14.499999999999988,0.0,0.0,0.0
149.59432795499592,-9.307453690816907,14.499999999999986,0.0,0.0,0.0
149.59986084882178,-9.299063848821152,14.499999999999988,0.0,0.0,0.0
149.6053934773345,-9.290673921628393,14.499999999999988,0.0,0.0,0.0
149.61092584078776,-9.282283909320942,14.499999999999986,0.0,0.0,0.0
149.6164579394351,-9.273893811981093,14.49999999999999,0.0,0.0,0.0
149.62198977353012,-9.265503629691137,14.49999999999999,0.0,0.0,0.0
149.62752134332635,-9.257113362533335,14.499999999999988,0.0,0.0,0.0
149.63305264907726,-9.248723010589943,14.49999999999999,0.0,0.0,0.0
149.63858369103633,-9.240332573943206,14.49999999999999,0.0,0.0,0.0
149.64411446945698,-9.23194205267535,14.499999999999988,0.0,0.0,0.0
149.64964498459258,-9.223551446868584,14.499999999999988,0.0,0.0,0.0
149.65517523669646,-9.215160756605105,14.49999999999999,0.0,0.0,0.0
149.66070522602197,-9.206769981967096,14.49999999999999,0.0,0.0,0.0
149.66623495282232,-9.198379123036732,14.49999999999999,0.0,0.0,0.0
149.6717644173508,-9.189988179896162,14.499999999999988,0.0,0.0,0.0
149.67729361986056,-9.18159715262753,14.499999999999988,0.0,0.0,0.0
149.68282256060485,-9.173206041312959,14.49999999999999,0.0,0.0,0.0
149.6883512398367,-9.164814846034568,14.499999999999988,0.0,0.0,0.0
149.69387965780922,-9.15642356687445,14.499999999999988,0.0,0.0,0.0
149.6994078147755,-9.148032203914688,14.49999999999999,0.0,0.0,0.0
149.7049357109885,-9.139640757237359,14.49999999999999,0.0,0.0,0.0
149.71046334670126,-9.131249226924513,14.499999999999988,0.0,0.0,0.0
149.71599072216674,-9.122857613058192,14.499999999999988,0.0,0.0,0.0
149.72151783763778,-9.114465915720428,14.49999999999999,0.0,0.0,0.0
149.72704469336725,-9.106074134993232,14.499999999999988,0.0,0.0,0.0
149.73257128960805,-9.097682270958606,14.499999999999988,0.0,0.0,0.0
149.73809762661293,-9.08929032369853,14.499999999999988,0.0,0.0,0.0
149.74362370463467,-9.08089829329498,14.49999999999999,0.0,0.0,0.0
149.74914952392598,-9.072506179829912,14.49999999999999,0.0,0.0,0.0
149.75467508473957,-9.064113983385274,14.499999999999988,0.0,0.0,0.0
149.7602003873281,-9.05572170404299,14.499999999999988,0.0,0.0,0.0
149.76572543194416,-9.04732934188498,14.499999999999988,0.0,0.0,0.0
149.7712502188404,-9.03893689699314,14.499999999999991,0.0,0.0,0.0
149.7767747482693,-9.030544369449366,14.499999999999988,0.0,0.0,0.0
149.78229902048338,-9.022151759335529,14.49999999999999,0.0,0.0,0.0
149.78782303573516,-9.013759066733485,14.499999999999988,0.0,0.0,0.0
149.79334679427703,-9.005366291725078,14.499999999999988,0.0,0.0,0.0
149.7988702963614,-8.996973434392151,14.499999999999988,0.0,0.0,0.0
149.8043935422407,-8.988580494816516,14.49999999999999,0.0,0.0,0.0
149.80991653216716,-8.98018747307998,14.499999999999988,0.0,0.0,0.0
149.81543926639318,-8.971794369264323,14.49999999999999,0.0,0.0,0.0
149.82096174517096,-8.963401183451339,14.499999999999988,0.0,0.0,0.0
149.82648396875274,-8.955007915722778,14.49999999999999,0.0,0.0,0.0
149.8320059373907,-8.946614566160397,14.49999999999999,0.0,0.0,0.0
149.83752765133704,-8.938221134845927,14.49999999999999,0.0,0.0,0.0
149.84304911084385,-8.929827621861092,14.499999999999988,0.0,0.0,0.0
149.84857031616323,-8.921434027287598,14.49999999999999,0.0,0.0,0.0
149.85409126754718,-8.91304035120714,14.499999999999988,0.0,0.0,0.0
149.85961196524778,-8.9046465937014,14.49999999999999,0.0,0.0,0.0
149.86513240951695,-8.896252754852044,14.499999999999988,0.0,0.0,0.0
149.8706526006067,-8.887858834740726,14.49999999999999,0.0,0.0,0.0
149.87617253876883,-8.879464833449084,14.499999999999988,0.0,0.0,0.0
149.88169222425535,-8.871070751058745,14.49999999999999,0.0,0.0,0.0
149.88721165731798,-8.862676587651324,14.499999999999986,0.0,0.0,0.0
149.89273083820862,-8.85428234330841,14.49999999999999,0.0,0.0,0.0
149.89824976717895,-8.845888018111596,14.499999999999986,0.0,0.0,0.0
149.9037684444808,-8.837493612142453,14.49999999999999,0.0,0.0,0.0
149.90928687036578,-8.829099125482536,14.499999999999988,0.0,0.0,0.0
149.91480504508556,-8.82070455821339,14.499999999999988,0.0,0.0,0.0
149.92032296889184,-8.812309910416547,14.49999999999999,0.0,0.0,0.0
149.92584064203612,-8.803915182173524,14.49999999999999,0.0,0.0,0.0
149.93135806477005,-8.795520373565823,14.499999999999986,0.0,0.0,0.0
149.93687523734508,-8.787125484674934,14.499999999999988,0.0,0.0,0.0
149.94239216001273,-8.778730515582334,14.49999999999999,0.0,0.0,0.0
149.94790883302446,-8.770335466369486,14.499999999999988,0.0,0.0,0.0
149.95342525663168,-8.76194033711784,14.49999999999999,0.0,0.0,0.0
149.95894143108575,-8.753545127908836,14.499999999999988,0.0,0.0,0.0
149.96445735663806,-8.745149838823885,14.49999999999999,0.0,0.0,0.0
149.9699730335399,-8.736754469944412,14.499999999999988,0.0,0.0,0.0
149.97548846204256,-8.728359021351801,14.499999999999988,0.0,0.0,0.0
149.9810036423973,-8.719963493127434,14.49999999999999,0.0,0.0,0.0
149.9865185748553,-8.711567885352691,14.49999999999999,0.0,0.0,0.0
149.99203325966775,-8.703172198108916,14.49999999999999,0.0,0.0,0.0
149.99754769708582,-8.694776431477456,14.499999999999988,0.0,0.0,0.0
150.00306188736056,-8.68638058553964,14.49999999999999,0.0,0.0,0.0
150.0085758307431,-8.677984660376785,14.49999999999999,0.0,0.0,0.0
150.01408952748443,-8.669588656070188,14.499999999999988,0.0,0.0,0.0
150.01960297783563,-8.661192572701145,14.49999999999999,0.0,0.0,0.0
150.02511618204758,-8.652796410350927,14.49999999999999,0.0,0.0,0.0
150.03062914037127,-8.644400169100797,14.499999999999988,0.0,0.0,0.0
150.0361418530576,-8.636003849032008,14.499999999999988,0.0,0.0,0.0
150.0416543203574,-8.627607450225787,14.49999999999999,0.0,0.0,0.0
150.04716654252155,-8.619210972763364,14.49999999999999,0.0,0.0,0.0
150.05267851980085,-8.610814416725947,14.49999999999999,0.0,0.0,0.0
150.05819025244605,-8.602417782194733,14.49999999999999,0.0,0.0,0.0
150.06370174070787,-8.594021069250903,14.49999999999999,0.0,0.0,0.0
150.069212984837,-8.585624277975628,14.49999999999999,0.0,0.0,0.0
150.07472398508418,-8.577227408450065,14.499999999999993,0.0,0.0,0.0
150.08023474169994,-8.568830460755356,14.499999999999991,0.0,0.0,0.0
150.08574525493495,-8.560433434972632,14.499999999999991,0.0,0.0,0.0
150.0912555250397,-8.552036331183011,14.49999999999999,0.0,0.0,0.0
150.0967655522648,-8.543639149467596,14.499999999999988,0.0,0.0,0.0
150.1022753368607,-8.535241889907486,14.49999999999999,0.0,0.0,0.0
150.10778487907788,-8.526844552583745,14.49999999999999,0.0,0.0,0.0
150.11329417916673,-8.518447137577445,14.499999999999991,0.0,0.0,0.0
150.11880323737768,-8.510049644969639,14.499999999999991,0.0,0.0,0.0
150.12431205396106,-8.501652074841362,14.499999999999991,0.0,0.0,0.0
150.12982062916726,-8.493254427273646,14.499999999999993,0.0,0.0,0.0
150.1353289632465,-8.4848567023475,14.49999999999999,0.0,0.0,0.0
150.14083705644907,-8.476458900143925,14.49999999999999,0.0,0.0,0.0
150.1463449090252,-8.468061020743905,14.49999999999999,0.0,0.0,0.0
150.15185252122507,-8.459663064228419,14.49999999999999,0.0,0.0,0.0
150.15735989329883,-8.45126503067842,14.499999999999991,0.0,0.0,0.0
150.16286702549667,-8.442866920174865,14.49999999999999,0.0,0.0,0.0
150.1683739180686,-8.434468732798685,14.499999999999993,0.0,0.0,0.0
150.1738805712647,-8.426070468630801,14.499999999999991,0.0,0.0,0.0
150.17938698533504,-8.417672127752125,14.49999999999999,0.0,0.0,0.0
150.18489316052958,-8.40927371024355,14.49999999999999,0.0,0.0,0.0
150.19039909709826,-8.400875216185959,14.499999999999993,0.0,0.0,0.0
150.19590479529103,-8.392476645660228,14.499999999999993,0.0,0.0,0.0
150.2014102553578,-8.38407799874721,14.49999999999999,0.0,0.0,0.0
150.20691547754842,-8.375679275527755,14.499999999999991,0.0,0.0,0.0
150.21242046211268,-8.367280476082694,14.499999999999993,0.0,0.0,0.0
150.21792520930043,-8.358881600492841,14.499999999999993,0.0,0.0,0.0
150.22342971936138,-8.350482648839009,14.499999999999993,0.0,0.0,0.0
150.22893399254528,-8.342083621201986,14.499999999999995,0.0,0.0,0.0
150.23443802910182,-8.333684517662558,14.499999999999993,0.0,0.0,0.0
150.2399418292807,-8.325285338301494,14.499999999999993,0.0,0.0,0.0
150.2454453933315,-8.316886083199545,14.499999999999993,0.0,0.0,0.0
150.25094872150382,-8.308486752437453,14.499999999999993,0.0,0.0,0.0
150.25645181404724,-8.300087346095959,14.499999999999993,0.0,0.0,0.0
150.2619546712113,-8.291687864255767,14.499999999999993,0.0,0.0,0.0
150.26745729324549,-8.28328830699759,14.499999999999993,0.0,0.0,0.0
150.27295968039925,-8.274888674402119,14.499999999999993,0.0,0.0,0.0
150.27846183292206,-8.266488966550032,14.499999999999995,0.0,0.0,0.0
150.28396375106325,-8.258089183522,14.499999999999993,0.0,0.0,0.0
150.2894654350723,-8.249689325398666,14.499999999999996,0.0,0.0,0.0
150.29496688519845,-8.241289392260686,14.499999999999995,0.0,0.0,0.0
150.30046810169102,-8.232889384188681,14.499999999999995,0.0,0.0,0.0
150.3059690847993,-8.22448930126327,14.499999999999995,0.0,0.0,0.0
150.3114698347725,-8.21608914356506,14.499999999999995,0.0,0.0,0.0
150.31697035185988,-8.207688911174639,14.499999999999995,0.0,0.0,0.0
150.32247063631053,-8.199288604172581,14.499999999999996,0.0,0.0,0.0
150.32797068837368,-8.190888222639463,14.499999999999996,0.0,0.0,0.0
150.33347050829838,-8.18248776665583,14.499999999999995,0.0,0.0,0.0
150.33897009633372,-8.17408723630223,14.499999999999996,0.0,0.0,0.0
150.34446945272876,-8.16568663165919,14.499999999999995,0.0,0.0,0.0
150.34996857773248,-8.15728595280722,14.499999999999996,0.0,0.0,0.0
150.35546747159387,-8.148885199826836,14.499999999999996,0.0,0.0,0.0
150.3609661345619,-8.140484372798518,14.499999999999995,0.0,0.0,0.0
150.36646456688547,-8.132083471802753,14.499999999999996,0.0,0.0,0.0
150.3719627688135,-8.123682496920008,14.499999999999996,0.0,0.0,0.0
150.37746074059476,-8.11528144823073,14.499999999999996,0.0,0.0,0.0
150.3829584824781,-8.10688032581537,14.5,0.0,0.0,0.0
150.38845599471236,-8.098479129754352,14.499999999999998,0.0,0.0,0.0
150.39395327754625,-8.090077860128098,14.499999999999998,0.0,0.0,0.0
150.39945033122848,-8.081676517017007,14.499999999999998,0.0,0.0,0.0
150.40494715600778,-8.073275100501476,14.5,0.0,0.0,0.0
150.41044375213278,-8.064873610661884,14.5,0.0,0.0,0.0
150.41594011985214,-8.056472047578596,14.499999999999998,0.0,0.0,0.0
150.42143625941443,-8.048070411331974,14.499999999999998,0.0,0.0,0.0
150.42693217106822,-8.039668702002361,14.499999999999998,0.0,0.0,0.0
150.43242785506203,-8.031266919670085,14.500000000000002,0.0,0.0,0.0
150.4379233116444,-8.022865064415464,14.499999999999998,0.0,0.0,0.0
150.44341854106378,-8.01446313631881,14.5,0.0,0.0,0.0
150.44891354356858,-8.006061135460415,14.499999999999998,0.0,0.0,0.0
150.45440831940726,-7.997659061920562,14.5,0.0,0.0,0.0
150.45990286882815,-7.989256915779518,14.499999999999998,0.0,0.0,0.0
150.46539719207962,-7.980854697117542,14.499999999999998,0.0,0.0,0.0
150.47089128940996,-7.972452406014883,14.500000000000002,0.0,0.0,0.0
150.47638516106747,-7.964050042551773,14.500000000000002,0.0,0.0,0.0
150.4818788073004,-7.955647606808436,14.500000000000002,0.0,0.0,0.0
150.48737222835697,-7.947245098865081,14.499999999999998,0.0,0.0,0.0
150.49286542448536,-7.938842518801899,14.5,0.0,0.0,0.0
150.4983583959337,-7.930439866699084,14.5,0.0,0.0,0.0
150.50385114295017,-7.9220371426368095,14.500000000000004,0.0,0.0,0.0
150.5093436657828,-7.913634346695227,14.500000000000002,0.0,0.0,0.0
150.51483596467972,-7.905231478954494,14.500000000000004,0.0,0.0,0.0
150.5203280398889,-7.896828539494747,14.500000000000002,0.0,0.0,0.0
150.52581989165841,-7.888425528396109,14.500000000000002,0.0,0.0,0.0
150.53131152023616,-7.880022445738695,14.500000000000002,0.0,0.0,0.0
150.5368029258701,-7.871619291602605,14.500000000000002,0.0,0.0,0.0
150.5422941088081,-7.8632160660679284,14.500000000000004,0.0,0.0,0.0
150.54778506929816,-7.854812769214741,14.500000000000007,0.0,0.0,0.0
150.55327580758797,-7.846409401123113,14.500000000000005,0.0,0.0,0.0
150.55876632392545,-7.838005961873092,14.500000000000004,0.0,0.0,0.0
150.56425661855835,-7.829602451544724,14.500000000000004,0.0,0.0,0.0
150.56974669173442,-7.821198870218038,14.500000000000005,0.0,0.0,0.0
150.5752365437014,-7.812795217973048,14.500000000000004,0.0,0.0,0.0
150.58072617470697,-7.804391494889765,14.500000000000007,0.0,0.0,0.0
150.58621558499877,-7.795987701048175,14.500000000000007,0.0,0.0,0.0
150.59170477482448,-7.7875838365282695,14.500000000000005,0.0,0.0,0.0
150.59719374443165,-7.779179901410013,14.500000000000007,0.0,0.0,0.0
150.60268249406786,-7.770775895773371,14.500000000000005,0.0,0.0,0.0
150.60817102398065,-7.762371819698277,14.500000000000009,0.0,0.0,0.0
150.61365933441755,-7.753967673264675,14.50000000000001,0.0,0.0,0.0
150.61914742562604,-7.745563456552491,14.500000000000009,0.0,0.0,0.0
150.6246352978535,-7.737159169641631,14.50000000000001,0.0,0.0,0.0
150.63012295134743,-7.728754812611993,14.500000000000009,0.0,0.0,0.0
150.63561038635518,-7.720350385543467,14.500000000000007,0.0,0.0,0.0
150.64109760312408,-7.711945888515936,14.500000000000009,0.0,0.0,0.0
150.6465846019015,-7.703541321609253,14.500000000000012,0.0,0.0,0.0
150.6520713829347,-7.695136684903276,14.50000000000001,0.0,0.0,0.0
150.657557946471,-7.686731978477848,14.50000000000001,0.0,0.0,0.0
150.66304429275755,-7.678327202412796,14.50000000000001,0.0,0.0,0.0
150.6685304220416,-7.669922356787936,14.50000000000001,0.0,0.0,0.0
150.67401633457038,-7.661517441683077,14.50000000000001,0.0,0.0,0.0
150.67950203059092,-7.653112457178011,14.500000000000012,0.0,0.0,0.0
150.68498751035045,-7.644707403352524,14.500000000000012,0.0,0.0,0.0
150.69047277409595,-7.636302280286386,14.500000000000012,0.0,0.0,0.0
150.69595782207455,-7.627897088059353,14.500000000000012,0.0,0.0,0.0
150.70144265453322,-7.619491826751179,14.500000000000014,0.0,0.0,0.0
150.70692727171902,-7.611086496441595,14.500000000000014,0.0,0.0,0.0
150.71241167387885,-7.602681097210331,14.500000000000014,0.0,0.0,0.0
150.71789586125968,-7.5942756291370985,14.500000000000014,0.0,0.0,0.0
150.72337983410839,-7.5858700923015965,14.500000000000014,0.0,0.0,0.0
150.72886359267187,-7.57746448678352,14.500000000000016,0.0,0.0,0.0
150.734347137197,-7.569058812662547,14.500000000000016,0.0,0.0,0.0
150.73983046793052,-7.56065307001834,14.500000000000016,0.0,0.0,0.0
150.74531358511928,-7.552247258930562,14.500000000000016,0.0,0.0,0.0
150.75079648900999,-7.543841379478856,14.500000000000016,0.0,0.0,0.0
150.7562791798494,-7.535435431742851,14.500000000000018,0.0,0.0,0.0
150.76176165788422,-7.527029415802169,14.500000000000018,0.0,0.0,0.0
150.7672439233611,-7.518623331736426,14.500000000000016,0.0,0.0,0.0
150.7727259765267,-7.510217179625214,14.500000000000018,0.0,0.0,0.0
