galstreams/tracks/track.st.Jhelum-a.shipp2019.ecsv
# %ECSV 1.0
# ---
# datatype:
# - {name: ra, unit: deg, datatype: float64}
# - {name: dec, unit: deg, datatype: float64}
# - {name: distance, unit: kpc, datatype: float64}
# - {name: pm_ra_cosdec, unit: mas / yr, datatype: float64}
# - {name: pm_dec, unit: mas / yr, datatype: float64}
# - {name: radial_velocity, unit: km / s, datatype: float64}
# delimiter: ','
# meta: !!omap
# - __serialized_columns__:
#     dec:
#       __class__: astropy.coordinates.angles.Latitude
#       unit: &id001 !astropy.units.Unit {unit: deg}
#       value: !astropy.table.SerializedColumn {name: dec}
#     distance:
#       __class__: astropy.coordinates.distances.Distance
#       unit: !astropy.units.Unit {unit: kpc}
#       value: !astropy.table.SerializedColumn {name: distance}
#     pm_dec:
#       __class__: astropy.units.quantity.Quantity
#       unit: !astropy.units.Unit {unit: mas / yr}
#       value: !astropy.table.SerializedColumn {name: pm_dec}
#     pm_ra_cosdec:
#       __class__: astropy.units.quantity.Quantity
#       unit: !astropy.units.Unit {unit: mas / yr}
#       value: !astropy.table.SerializedColumn {name: pm_ra_cosdec}
#     ra:
#       __class__: astropy.coordinates.angles.Longitude
#       unit: *id001
#       value: !astropy.table.SerializedColumn {name: ra}
#       wrap_angle: !astropy.coordinates.Angle
#         unit: *id001
#         value: 360.0
#     radial_velocity:
#       __class__: astropy.units.quantity.Quantity
#       unit: !astropy.units.Unit {unit: km / s}
#       value: !astropy.table.SerializedColumn {name: radial_velocity}
# schema: astropy-2.0
ra,dec,distance,pm_ra_cosdec,pm_dec,radial_velocity
[from data line 573]
330.98193583806096,-49.01687756126807,13.2,5.4520306399979175,-5.499102925129256,-42.787222990003436
330.9964132784576,-49.02007713353109,13.200000000000001,5.45290990117724,-5.498166153031221,-42.736475972642815
331.0108925713517,-49.02327491453886,13.200000000000001,5.453789197204655,-5.497229052187318,-42.68572895528237
331.0253737161607,-49.02647090384128,13.199999999999998,5.454668527899857,-5.49629162259161,-42.634981937921715
331.0398567123011,-49.02966510098839,13.200000000000003,5.455547893082429,-5.495353864238307,-42.58423492056123
331.05434155918863,-49.03285750553025,13.200000000000001,5.456427292571889,-5.49441577712177,-42.53348790320067
331.06882825623825,-49.03604811701715,13.200000000000001,5.457306726187675,-5.4934773612364705,-42.48274088584013
331.08331680286386,-49.0392369349994,13.200000000000001,5.458186193749117,-5.492538616577038,-42.43199386847962
331.0978071984785,-49.042423959027424,13.2,5.459065695075471,-5.491599543138239,-42.38124685111888
331.11229944249425,-49.04560918865177,13.200000000000001,5.4599452299859,-5.490660140914981,-42.330499833758424
331.12679353432253,-49.04879262342309,13.200000000000001,5.460824798299476,-5.489720409902301,-42.279752816397874
331.1412894733737,-49.05197426289214,13.199999999999998,5.4617043998352,-5.488780350095382,-42.229005799037296
331.1557872590572,-49.05515410660976,13.199999999999998,5.462584034411966,-5.48783996148955,-42.17825878167681
331.1702868907819,-49.05833215412699,13.200000000000001,5.463463701848605,-5.48689924408025,-42.12751176431622
331.1847883679554,-49.061508404994846,13.200000000000001,5.464343401963842,-5.485958197863097,-42.07676474695573
331.19929168998465,-49.06468285876455,13.2,5.465223134576332,-5.485016822833818,-42.026017729595104
331.21379685627556,-49.0678555149874,13.199999999999998,5.466102899504623,-5.484075118988301,-41.97527071223462
331.2283038662333,-49.07102637321477,13.200000000000001,5.466982696567197,-5.483133086322556,-41.92452369487409
331.2428127192621,-49.074195432998195,13.199999999999998,5.467862525582432,-5.482190724832755,-41.87377667751343
331.25732341476527,-49.07736269388931,13.200000000000001,5.468742386368642,-5.481248034515177,-41.82302966015286
331.2718359521453,-49.08052815543985,13.2,5.469622278744033,-5.480305015366277,-41.772282642792405
331.28635033080377,-49.08369181720163,13.2,5.470502202526739,-5.479361667382626,-41.72153562543202
331.3008665501414,-49.08685367872664,13.199999999999996,5.471382157534807,-5.478417990560942,-41.67078860807141
331.3153846095579,-49.09001373956691,13.2,5.47226214358619,-5.477473984898083,-41.620041590710784
331.3299045084523,-49.09317199927463,13.199999999999998,5.473142160498766,-5.476529650391056,-41.56929457335025
331.3444262462224,-49.09632845740206,13.199999999999998,5.474022208090309,-5.475584987037001,-41.518547555989606
331.35894982226563,-49.09948311350163,13.199999999999998,5.474902286178543,-5.4746399948331925,-41.467800538629135
331.37347523597816,-49.10263596712581,13.199999999999998,5.47578239458107,-5.473694673777057,-41.4170535212687
331.38800248675534,-49.105787017827254,13.2,5.476662533115427,-5.472749023866154,-41.366306503908156
331.4025315739917,-49.10893626515867,13.200000000000001,5.477542701599061,-5.47180304509819,-41.315559486547514
331.4170624970808,-49.112083708672905,13.199999999999998,5.478422899849333,-5.470856737471014,-41.26481246918686
331.43159525541523,-49.11522934792286,13.200000000000001,5.479303127683508,-5.469910100982615,-41.2140654518264
331.4461298483871,-49.11837318246169,13.199999999999998,5.4801833849187975,-5.468963135631114,-41.16331843446588
331.4606662753872,-49.1215152118425,13.199999999999998,5.481063671372301,-5.468015841414781,-41.11257141710532
331.47520453580563,-49.124655435618614,13.199999999999998,5.48194398686104,-5.467068218332031,-41.061824399744836
331.4897446290315,-49.12779385334342,13.199999999999996,5.482824331201955,-5.466120266381414,-41.01107738238421
331.5042865544532,-49.13093046457044,13.2,5.483704704211888,-5.4651719855616285,-40.9603303650236
331.51883031145786,-49.13406526885328,13.2,5.484585105707617,-5.46422337587152,-40.90958334766308
331.5333758994323,-49.13719826574571,13.200000000000001,5.4854655355058295,-5.46327443731005,-40.85883633030249
331.54792331776207,-49.14032945480159,13.199999999999998,5.486345993423127,-5.462325169876352,-40.808089312941966
331.56247256583185,-49.143458835574855,13.200000000000001,5.487226479276019,-5.461375573569683,-40.757342295581395
331.5770236430255,-49.14658640761964,13.199999999999998,5.48810699288094,-5.46042564838946,-40.70659527822092
331.59157654872587,-49.14971217049008,13.2,5.48898753405424,-5.459475394335222,-40.65584826086048
331.60613128231523,-49.15283612374055,13.199999999999998,5.489868102612181,-5.458524811406663,-40.605101243499824
331.62068784317455,-49.155958266925424,13.200000000000003,5.490748698370942,-5.457573899603624,-40.55435422613935
331.63524623068434,-49.15907859959929,13.200000000000001,5.49162932114663,-5.45662265892607,-40.503607208778725
331.6498064442238,-49.1621971213168,13.199999999999998,5.4925099707552505,-5.45567108937413,-40.452860191418225
331.66436848317164,-49.16531383163271,13.2,5.493390647012738,-5.454719190948063,-40.40211317405763
331.67893234690536,-49.16842873010193,13.2,5.494271349734936,-5.453766963648277,-40.35136615669706
331.6934980348017,-49.171541816279465,13.200000000000001,5.495152078737605,-5.452814407475323,-40.30061913933648
331.7080655462364,-49.1746530897204,13.200000000000001,5.496032833836423,-5.451861522429901,-40.249872121975976
331.72263488058474,-49.177762549980045,13.2,5.496913614847002,-5.450908308512833,-40.199125104615355
331.73720603722046,-49.180870196613725,13.199999999999998,5.497794421584841,-5.449954765725112,-40.14837808725488
331.75177901551695,-49.1839760291769,13.2,5.498675253865382,-5.449000894067849,-40.097631069894256
331.76635381484635,-49.18708004722518,13.199999999999998,5.499556111503963,-5.448046693542328,-40.04688405253387
331.7809304345801,-49.19018225031428,13.200000000000001,5.500436994315852,-5.447092164149947,-39.9961370351732
331.7955088740887,-49.193282638,13.200000000000001,5.501317902116227,-5.446137305892279,-39.945390017812656
331.81008913274184,-49.19638120983833,13.200000000000001,5.502198834720203,-5.445182118771008,-39.89464300045216
331.8246712099082,-49.1994779653853,13.200000000000001,5.503079791942788,-5.444226602787984,-39.843895983091556
331.83925510495567,-49.202572904197105,13.200000000000001,5.5039607735989255,-5.443270757945193,-39.793148965731
331.85384081725107,-49.205666025830055,13.200000000000001,5.5048417795034545,-5.442314584244778,-39.742401948370464
331.8684283461605,-49.20875732984056,13.2,5.505722809471154,-5.441358081689012,-39.69165493100997
331.88301769104913,-49.211846815785165,13.199999999999998,5.506603863316713,-5.440401250280315,-39.64090791364947
331.89760885128123,-49.21493448322051,13.199999999999998,5.507484940854732,-5.439444090021262,-39.59016089628883
331.91220182622027,-49.218020331703414,13.200000000000001,5.508366041899745,-5.438486600914554,-39.53941387892831
331.9267966152286,-49.221104360790775,13.200000000000001,5.5092471662661895,-5.43752878296306,-39.488666861567644
331.9413932176679,-49.224186570039585,13.200000000000001,5.510128313768427,-5.436570636169777,-39.43791984420711
331.9559916328988,-49.227266959007,13.200000000000001,5.511009484220736,-5.43561216053786,-39.38717282684675
331.9705918602812,-49.230345527250286,13.200000000000001,5.511890677437319,-5.4346533560705925,-39.336425809486094
331.9851938991739,-49.233422274326806,13.199999999999998,5.512771893232285,-5.433694222771427,-39.28567879212539
331.999797748935,-49.236497199794094,13.199999999999998,5.513653131419674,-5.432734760643937,-39.234931774765116
332.0144034089218,-49.239570303209774,13.200000000000001,5.514534391813447,-5.431774969691851,-39.184184757404374
332.0290108784902,-49.24264158413157,13.200000000000001,5.515415674227464,-5.430814849919057,-39.13343774004395
332.04362015699587,-49.24571104211737,13.2,5.516296978475524,-5.4298544013295675,-39.08269072268331
332.0582312437931,-49.248778676725166,13.200000000000001,5.517178304371337,-5.428893623927554,-39.03194370532269
332.0728441382354,-49.25184448751307,13.200000000000001,5.518059651728529,-5.427932517717335,-38.981196687962246
332.08745883967555,-49.25490847403928,13.199999999999998,5.51894102036065,-5.42697108270337,-38.93044967060169
332.1020753474653,-49.25797063586224,13.200000000000001,5.519822410081175,-5.426009318890257,-38.87970265324107
332.11669366095555,-49.26103097254038,13.2,5.520703820703485,-5.4250472262827625,-38.82895563588072
332.1313137794963,-49.26408948363232,13.2,5.521585252040893,-5.424084804885775,-38.77820861852014
332.1459357024366,-49.26714616869679,13.199999999999998,5.52246670390662,-5.423122054704347,-38.72746160115953
332.16055942912465,-49.27020102729264,13.2,5.523348176113813,-5.4221589757436695,-38.67671458379901
332.1751849589078,-49.273254058978836,13.200000000000003,5.524229668475537,-5.421195568009091,-38.62596756643837
332.1898122911324,-49.27630526331452,13.199999999999998,5.525111180804792,-5.42023183150609,-38.575220549077834
332.2044414251441,-49.279354639858894,13.199999999999998,5.525992712914468,-5.419267766240302,-38.52447353171728
332.21907236028744,-49.28240218817131,13.200000000000001,5.5268742646173985,-5.41830337221751,-38.473726514356855
332.23370509590615,-49.28544790781127,13.199999999999998,5.527755835726332,-5.4173386494436455,-38.42297949699616
332.24833963134313,-49.288491798338356,13.200000000000001,5.5286374260539315,-5.416373597924778,-38.37223247963552
332.26297596594014,-49.291533859312274,13.200000000000001,5.529519035412779,-5.415408217667146,-38.32148546227505
332.27761409903843,-49.294574090292954,13.2,5.530400663615392,-5.414442508677109,-38.27073844491451
332.29225402997815,-49.2976124908403,13.199999999999998,5.531282310474202,-5.413476470961185,-38.219991427554
332.30689575809845,-49.30064906051447,13.200000000000001,5.532163975801547,-5.412510104526044,-38.16924441019343
332.3215392827377,-49.30368379887569,13.200000000000001,5.533045659409701,-5.411543409378506,-38.11849739283296
332.3361846032335,-49.306716705484305,13.199999999999998,5.533927361110856,-5.41057638552553,-38.06775037547235
332.3508317189223,-49.309747779900825,13.200000000000001,5.534809080717126,-5.409609032974227,-38.01700335811172
332.3654806291397,-49.31277702168583,13.2,5.53569081804053,-5.408641351731866,-37.96625634075127
332.3801313332207,-49.31580443040011,13.200000000000001,5.536572572893039,-5.4076733418058405,-37.915509323390765
332.3947838304991,-49.31883000560451,13.2,5.537454345086526,-5.406705003203709,-37.86476230603002
332.4094381203078,-49.321853746860036,13.2,5.538336134432779,-5.405736335933188,-37.81401528866969
332.4240942019791,-49.32487565372782,13.200000000000001,5.5392179407435265,-5.404767340002121,-37.76326827130908
332.43875207484393,-49.32789572576912,13.199999999999998,5.540099763830396,-5.403798015418515,-37.71252125394852
332.4534117382328,-49.33091396254529,13.200000000000001,5.540981603504953,-5.402828362190521,-37.661774236587796
332.46807319147496,-49.33393036361789,13.2,5.541863459578687,-5.401858380326442,-37.61102721922749
332.4827364338991,-49.33694492854855,13.200000000000001,5.542745331863,-5.400888069834717,-37.56028020186678
332.4974014648327,-49.33995765689904,13.199999999999998,5.543627220169218,-5.39991743072396,-37.509533184506324
332.5120682836026,-49.34296854823126,13.200000000000001,5.544509124308589,-5.398946463002905,-37.45878616714575
332.5267368895345,-49.34597760210724,13.200000000000001,5.545391044092282,-5.397975166680461,-37.40803914978528
332.54140728195335,-49.348984818089164,13.199999999999998,5.5462729793314,-5.397003541765671,-37.35729213242474
332.5560794601831,-49.3519901957393,13.200000000000003,5.5471549298369425,-5.396031588267733,-37.306545115064104
332.5707534235471,-49.354993734620095,13.200000000000001,5.548036895419869,-5.395059306195989,-37.2557980977035
332.5854291713675,-49.35799543429409,13.200000000000001,5.548918875891028,-5.3940866955599365,-37.205051080342955
332.6001067029655,-49.36099529432399,13.200000000000001,5.549800871061201,-5.393113756369226,-37.1543040629825
332.6147860176617,-49.3639933142726,13.200000000000001,5.550682880741101,-5.392140488633649,-37.10355704562189
332.6294671147755,-49.36698949370287,13.200000000000001,5.551564904741358,-5.391166892363156,-37.05281002826137
332.6441499936256,-49.36998383217788,13.200000000000001,5.552446942872515,-5.390192967567847,-37.00206301090069
332.65883465352977,-49.37297632926086,13.200000000000001,5.553328994945053,-5.389218714257962,-36.951315993540355
332.67352109380494,-49.375966984515145,13.200000000000001,5.554211060769381,-5.388244132443896,-36.900568976179684
332.68820931376695,-49.37895579750424,13.200000000000001,5.555093140155805,-5.387269222136204,-36.849821958819156
332.7028993127309,-49.38194276779171,13.199999999999998,5.555975232914584,-5.3862939833455865,-36.799074941458635
332.7175910900109,-49.38492789494136,13.200000000000003,5.556857338855878,-5.38531841608288,-36.74832792409798
332.7322846449201,-49.387911178517015,13.199999999999998,5.557739457789777,-5.384342520359109,-36.69758090673742
332.7469799767711,-49.390892618082724,13.199999999999998,5.5586215895263065,-5.383366296185406,-36.646833889377
332.7616770848753,-49.39387221320262,13.2,5.559503733875405,-5.382389743573072,-36.596086872016514
332.7763759685432,-49.39684996344101,13.200000000000001,5.560385890646933,-5.381412862533568,-36.54533985465587
332.79107662708446,-49.39982586836227,13.199999999999998,5.561268059650684,-5.380435653078503,-36.49459283729543
332.8057790598079,-49.40279992753098,13.199999999999998,5.562150240696365,-5.37945811521962,-36.44384581993479
332.8204832660213,-49.40577214051183,13.200000000000001,5.56303243359361,-5.378480248968842,-36.393098802574215
332.8351892450316,-49.4087425068696,13.199999999999998,5.563914638151984,-5.377502054338226,-36.34235178521371
332.84989699614505,-49.41171102616929,13.200000000000003,5.564796854180974,-5.376523531339972,-36.29160476785319
332.86460651866673,-49.41467769797599,13.200000000000001,5.565679081489996,-5.375544679986449,-36.24085775049253
332.8793178119009,-49.4176425218549,13.199999999999998,5.566561319888376,-5.374565500290176,-36.19011073313211
332.8940308751509,-49.42060549737142,13.200000000000001,5.567443569185371,-5.3735859922638145,-36.13936371577145
332.9087457077193,-49.42356662409102,13.200000000000003,5.568325829190172,-5.372606155920184,-36.08861669841088
332.92346230890746,-49.42652590157934,13.200000000000001,5.569208099711881,-5.371625991272269,-36.0378696810504
332.9381806780163,-49.429483329402174,13.199999999999998,5.570090380559545,-5.370645498333174,-35.98712266368988
332.95290081434547,-49.432438907125444,13.200000000000001,5.57097267154211,-5.369664677116182,-35.936375646329296
332.96762271719393,-49.43539263431516,13.200000000000001,5.571854972468474,-5.368683527634721,-35.8856286289688
332.98234638585956,-49.43834451053754,13.200000000000001,5.572737283147435,-5.367702049902377,-35.834881611608296
332.99707181963953,-49.44129453535889,13.199999999999998,5.57361960338774,-5.3667202439328765,-35.78413459424764
333.01179901782984,-49.444242708345676,13.200000000000003,5.574501932998034,-5.365738109740114,-35.7333875768871
333.026527979726,-49.44718902906451,13.2,5.575384271786924,-5.364755647338125,-35.682640559526625
333.04125870462224,-49.45013349708213,13.199999999999998,5.576266619562916,-5.3637728567411,-35.631893542166054
333.05599119181215,-49.45307611196541,13.199999999999998,5.577148976134453,-5.362789737963382,-35.58114652480535
333.0707254405882,-49.45601687328138,13.200000000000001,5.57803134130989,-5.361806291019478,-35.53039950744477
333.0854614502421,-49.458955780597165,13.200000000000001,5.57891371489752,-5.3608225159240375,-35.47965249008437
