galstreams/tracks/track.st.NGC3201-Gjoll.palau2021.ecsv
# %ECSV 0.9
# ---
# datatype:
# - {name: ra, unit: deg, datatype: float64}
# - {name: dec, unit: deg, datatype: float64}
# - {name: distance, unit: kpc, datatype: float64}
# - {name: pm_ra_cosdec, unit: mas / yr, datatype: float64}
# - {name: pm_dec, unit: mas / yr, datatype: float64}
# - {name: radial_velocity, unit: km / s, datatype: float64}
# delimiter: ','
# meta: !!omap
# - __serialized_columns__:
#     dec:
#       __class__: astropy.coordinates.angles.Latitude
#       unit: &id001 !astropy.units.Unit {unit: deg}
#       value: !astropy.table.SerializedColumn {name: dec}
#     distance:
#       __class__: astropy.coordinates.distances.Distance
#       unit: !astropy.units.Unit {unit: kpc}
#       value: !astropy.table.SerializedColumn {name: distance}
#     pm_dec:
#       __class__: astropy.units.quantity.Quantity
#       unit: !astropy.units.Unit {unit: mas / yr}
#       value: !astropy.table.SerializedColumn {name: pm_dec}
#     pm_ra_cosdec:
#       __class__: astropy.units.quantity.Quantity
#       unit: !astropy.units.Unit {unit: mas / yr}
#       value: !astropy.table.SerializedColumn {name: pm_ra_cosdec}
#     ra:
#       __class__: astropy.coordinates.angles.Longitude
#       unit: *id001
#       value: !astropy.table.SerializedColumn {name: ra}
#       wrap_angle: !astropy.coordinates.Angle
#         unit: *id001
#         value: 360.0
#     radial_velocity:
#       __class__: astropy.units.quantity.Quantity
#       unit: !astropy.units.Unit {unit: km / s}
#       value: !astropy.table.SerializedColumn {name: radial_velocity}
# schema: astropy-2.0
ra,dec,distance,pm_ra_cosdec,pm_dec,radial_velocity
[from data line 3715]
71.22808889541216,-3.290041896140643,3.1397608087086835,19.885608684272977,-20.982921398392346,-6.73661370389787e-14
71.23528227837974,-3.2970310483876344,3.139529770199938,19.88863499241512,-20.986011131692667,-9.052324664612763e-14
71.24247569731085,-3.3040202223977033,3.1392996245650036,19.891660513288606,-20.98909940278248,-1.0946997268834039e-13
71.24966915254068,-3.3110094179307725,3.1390703716178145,19.89468524619662,-20.992186210572036,-6.526094525651062e-14
71.25686264440417,-3.3179986347467665,3.138842011171762,19.897709190442882,-20.995271553972348,-1.2841669873055315e-13
71.26405617323654,-3.324987872605616,3.1386145430398797,19.90073234533115,-20.998355431894762,-1.1999593160068083e-13
71.27124973937299,-3.3319771312672604,3.1383879670345336,19.903754710165625,-21.001437843251264,-9.47336302110638e-14
71.27844334314864,-3.338966410491537,3.1381622829678135,19.906776284250697,-21.004518786954492,-1.4104784942536167e-13
71.28563698489869,-3.345955710038253,3.1379374906509887,19.909797066890953,-21.00759826191745,-7.368171238638296e-14
71.29283066495839,-3.352945029667212,3.13771358989514,19.912817057391678,-21.010676267054027,-2.947268495455318e-14
71.30002438366303,-3.3599343691382706,3.1374905805107844,19.915836255057986,-21.013752801278436,-3.789345208442552e-14
71.30721814134786,-3.3669237282111038,3.137268462307871,19.918854659195485,-21.01682786350546,-9.683882199353189e-14
71.31441193834817,-3.3739131066454875,3.137047235095845,19.92187226911014,-21.019901452650654,-1.1999593160068083e-13
71.32160577499936,-3.380902504201157,3.1368268986838377,19.924889084108003,-21.022973567629865,-9.683882199353189e-14
71.32879965163679,-3.3878919206377165,3.136607452880289,19.9279051034956,-21.02604420735971,-1.3894265764289357e-13
71.33599356859575,-3.394881355714804,3.1363888974933136,19.9309203265796,-21.02911337075725,-1.0525958912340423e-13
71.34318752621171,-3.4018708091920646,3.136171232330364,19.93393475266718,-21.03218105674036,-9.894401377599997e-14
71.35038152482015,-3.408860280829114,3.1359544571985714,19.93694838106551,-21.03524726422704,-9.262843842859572e-14
71.35757556475643,-3.4158497703854867,3.135738571904499,19.939961211082366,-21.038311992136364,-1.0946997268834039e-13
71.36476964635611,-3.422839277620733,3.1355235762542386,19.94297324202561,-21.04137523938768,-1.221011233831489e-13
71.3719637699547,-3.429828802294388,3.135309470053338,19.94598447320338,-21.04443700490098,-1.221011233831489e-13
71.37915793588775,-3.4368183441658897,3.135096253106921,19.948994903924305,-21.04749728759684,-1.1368035625327657e-13
71.3863521444907,-3.4438079029947013,3.134883925219694,19.952004533496975,-21.050556086396295,-7.368171238638296e-14
71.39354639609925,-3.450797478540212,3.134672486195725,19.955013361230726,-21.053613400221227,-1.221011233831489e-13
71.400740691049,-3.457787070561958,3.134461935838677,19.958021386434787,-21.056669227993844,-6.315575347404254e-14
71.4079350296755,-3.4647766788191867,3.134252273951781,19.961028608418733,-21.059723568636947,-8.841805486365955e-14
71.41512941231449,-3.471766303071285,3.1340435003376816,19.9640350264928,-21.062776421074187,-8.841805486365955e-14
71.42232383930167,-3.4787559430776165,3.133835614798544,19.96704063996705,-21.065827784229423,-8.420767129872338e-14
71.42951831097264,-3.485745598597425,3.1336286171361873,19.970045448152085,-21.06887765702733,-8.841805486365955e-14
71.43671282766329,-3.492735269389977,3.133422507151742,19.97304945035868,-21.07192603839296,-1.0525958912340423e-13
71.4439073897092,-3.4997249552145173,3.1332172846460726,19.976052645898108,-21.07497292725221,-1.221011233831489e-13
71.45110199744626,-3.5067146558303173,3.133012949419422,19.979055034081693,-21.078018322531392,-1.0946997268834039e-13
71.45829665121022,-3.513704370996477,3.132809501271504,19.98205661422122,-21.081062223157424,-1.0525958912340423e-13
71.46549135133694,-3.5206941004721966,3.13260694000167,19.985057385628675,-21.084104628057784,-8.420767129872338e-14
71.47268609816233,-3.527683844016624,3.1324052654087846,19.988057347616493,-21.08714553616063,-1.0525958912340423e-13
71.47988089202211,-3.5346736013888655,3.132204477291192,19.99105649949713,-21.090184946394526,-1.1368035625327657e-13
71.48707573325231,-3.5416633723479642,3.1320045754467425,19.99405484058364,-21.09322285768884,-4.210383564936169e-14
71.49427062218884,-3.548653156653061,3.1318055596728467,19.99705237018902,-21.096259268973178,-1.1368035625327657e-13
71.50146555916761,-3.5556429540631034,3.1316074297663694,20.000049087627076,-21.099294179178276,-1.221011233831489e-13
71.50866054452459,-3.5626327643371014,3.131410185523805,20.003044992211418,-21.102327587234942,-1.1789073981821273e-13
71.51585557859579,-3.569622587234035,3.1312138267410288,20.00604008325614,-21.10535949207472,-1.1789073981821273e-13
71.52305066171726,-3.5766124225129197,3.1310183532135745,20.009034360075702,-21.108389892629884,-6.73661370389787e-14
71.53024579422498,-3.583602269932587,3.130823764736455,20.012027821984738,-21.111418787833134,-8.420767129872338e-14
71.53744097645506,-3.5905921292519483,3.1306300611041435,20.015020468298335,-21.114446176617918,-1.0946997268834039e-13
71.54463620874365,-3.597582000229932,3.130437242110705,20.018012298331648,-21.11747205791796,-9.683882199353189e-14
71.5518314914268,-3.604571882625345,3.130245307549662,20.02100331140027,-21.120496430667917,-6.73661370389787e-14
71.55902682484057,-3.6115617761969796,3.1300542572141565,20.023993506820254,-21.123519293802893,-1.5578419190263825e-13
71.56622220932123,-3.6185516807036584,3.1298640908967643,20.026982883907607,-21.126540646258565,-1.1789073981821273e-13
71.57341764520497,-3.6255415959041697,3.129674808389665,20.029971441978866,-21.129560486971133,-1.1789073981821273e-13
71.58061313282792,-3.632531521557189,3.129486409484488,20.03295918035089,-21.13257881487765,-1.3894265764289357e-13
71.58780867252638,-3.639521457421473,3.1292988939724444,20.035946098340645,-21.13559562891543,-1.0104920555846805e-13
71.59500426463663,-3.6465114032556984,3.1291122616442357,20.038932195265573,-21.138610928022594,-1.0946997268834039e-13
71.60219990949487,-3.6535013588185867,3.1289265122901293,20.041917470443302,-21.141624711137705,-1.3052189051302125e-13
71.60939560743742,-3.6604913238686563,3.1287416456998205,20.044901923191812,-21.144636977200015,-6.315575347404254e-14
71.61659135880059,-3.667481298164587,3.128557661662665,20.04788555282939,-21.14764772514942,-1.347322740779574e-13
71.62378716392085,-3.6744712814649754,3.1283745599674777,20.0508683586746,-21.150656953926237,-6.73661370389787e-14
71.6309830231344,-3.681461273528331,3.1281923404026255,20.053850340046406,-21.153664662471595,-1.1368035625327657e-13
71.63817893677773,-3.6884512741132056,3.128011002755915,20.056831496263882,-21.15667084972702,-1.1789073981821273e-13
71.64537490518727,-3.695441282978156,3.127830546814832,20.059811826646627,-21.159675514634767,-1.221011233831489e-13
71.65257092869946,-3.702431299881619,3.127650972366273,20.06279133051431,-21.162678656137576,-1.4315304120782974e-13
71.6597670076507,-3.7094213245819954,3.127472279196671,20.065770007187087,-21.165680273178875,-6.315575347404254e-14
71.6669631423775,-3.716411356837766,3.1272944670921055,20.068747855985215,-21.16868036470263,-1.4736342477276593e-13
71.67415933321644,-3.7234013964073913,3.1271175358380114,20.071724876229517,-21.171678929653385,-1.0946997268834039e-13
71.68135558050393,-3.7303914430491534,3.1269414852195134,20.07470106724092,-21.174675966976388,-1.4315304120782974e-13
71.68855188457664,-3.7373814965214214,3.1267663150211464,20.077676428340695,-21.17767147561735,-1.1368035625327657e-13
71.6957482457711,-3.7443715565825846,3.126592025027083,20.08065095885052,-21.18066545452273,-1.1368035625327657e-13
71.70294466442394,-3.7513616229909164,3.1264186150209228,20.083624658092276,-21.183657902639435,-8.841805486365955e-14
71.71014114087168,-3.758351695504641,3.126246084785876,20.086597525388065,-21.186648818915035,-1.5999457546757442e-13
71.71733767545105,-3.7653417738820623,3.1260744341046314,20.089569560060426,-21.18963820229771,-9.262843842859572e-14
71.72453426849874,-3.7723318578814267,3.125903662759485,20.092540761432165,-21.192626051736205,-9.262843842859572e-14
71.7317309203514,-3.7793219472608333,3.125733770532141,20.095511128826402,-21.195612366179926,-9.262843842859572e-14
71.73892763134572,-3.7863120417785425,3.1255647572039686,20.098480661566626,-21.198597144578848,-1.0946997268834039e-13
71.74612440181848,-3.7933021411927337,3.1253966225557916,20.10144935897644,-21.201580385883545,-1.3894265764289357e-13
71.75332123210647,-3.800292245261437,3.1252293663680333,20.10441722037994,-21.20456208904518,-1.3052189051302125e-13
71.76051812254636,-3.8072823537427984,3.125062988420557,20.10738424510138,-21.207542253015475,-7.999728773378721e-14
71.76771507347502,-3.8142724663948497,3.1248974884928695,20.11035043246546,-21.210520876746887,-1.515738083377021e-13
71.77491208522929,-3.8212625829757516,3.1247328663638694,20.113315781797088,-21.213497959192402,-1.2631150694808508e-13
71.78210915814596,-3.8282527032433813,3.124569121812189,20.116280292421415,-21.216473499305504,-1.221011233831489e-13
71.78930629256195,-3.8352428269558057,3.124406254615876,20.119243963664132,-21.219447496040466,-1.0525958912340423e-13
71.79650348881414,-3.8422329538710547,3.124244264552442,20.122206794851056,-21.222419948352137,-2.947268495455318e-14
71.80370074723945,-3.849223083747024,3.1240831513990512,20.12516878530831,-21.22539085519583,-4.210383564936169e-14
71.81089806817475,-3.856213216341577,3.1239229149324585,20.128129934362388,-21.228360215527577,-1.3052189051302125e-13
71.81809545195706,-3.8632033514126585,3.123763554928829,20.131090241340026,-21.23132802830401,-6.315575347404254e-14
71.82529289892335,-3.8701934887181992,3.123605071163859,20.13404970556823,-21.234294292482243,-1.3052189051302125e-13
71.8324904094106,-3.877183628015967,3.123447463412901,20.137008326374552,-21.23725900702029,-1.347322740779574e-13
71.83968798375584,-3.884173769063811,3.123290731450782,20.139966103086515,-21.240222170876418,-7.578690416885104e-14
71.8468856222961,-3.891163911619594,3.123134875051829,20.14292303503226,-21.243183783009762,-1.347322740779574e-13
71.85408332536852,-3.898154055441005,3.1229798939900086,20.14587912154005,-21.246143842379986,-8.420767129872338e-14
71.86128109331005,-3.9051442002858026,3.12282578803874,20.148834361938487,-21.249102347947375,-6.73661370389787e-14
71.8684789264579,-3.912134345911705,3.1226725569709752,20.151788755556385,-21.252059298672652,-1.3052189051302125e-13
71.87567682514917,-3.9191244920764947,3.122520200559289,20.154742301723196,-21.255014693517488,-7.157652060391487e-14
71.88287478972099,-3.9261146385377383,3.122368718575742,20.157694999768257,-21.257968531443833,-8.841805486365955e-14
71.89007282051057,-3.9331047850531426,3.1222181107919362,20.160646849021546,-21.260920811414483,-5.0524602779234026e-14
71.89727091785508,-3.940094931380363,3.122068376979078,20.163597848813048,-21.263871532392685,-1.5578419190263825e-13
71.90446908209174,-3.9470850772769284,3.1219195169077696,20.166547998473373,-21.266820693342417,-7.578690416885104e-14
71.9116673135578,-3.954075222500496,3.121771530348362,20.16949729733335,-21.269768293228267,-1.642049590325106e-13
71.91886561259047,-3.9610653668085436,3.1216244170706218,20.1724457447239,-21.27271433101532,-1.0946997268834039e-13
71.92606397952709,-3.9680555099586585,3.1214781768438113,20.175393339976473,-21.275658805669345,-8.841805486365955e-14
71.9332624147049,-3.9750456517082706,3.1213328094368804,20.178340082422796,-21.27860171615675,-1.4315304120782974e-13
71.94046091846123,-3.982035791814927,3.1211883146182267,20.18128597139483,-21.281543061444527,-8.841805486365955e-14
71.94765949113349,-3.9890259300360995,3.1210446921557327,20.184231006224984,-21.284482840500296,-1.3894265764289357e-13
71.95485813305896,-3.9960160661291297,3.1209019418170505,20.187175186245767,-21.28742105229231,-6.315575347404254e-14
71.96205684457509,-4.0030061998515265,3.1207600633691532,20.190118510790235,-21.290357695789393,-1.1368035625327657e-13
71.96925562601922,-4.009996330960566,3.12061905657872,20.19306097919162,-21.29329276996101,-1.0104920555846805e-13
71.97645447772882,-4.016986459213717,3.1204789212117556,20.196002590783415,-21.29622627377726,-7.578690416885104e-14
71.98365340004129,-4.023976584368204,3.120339657034113,20.198943344899504,-21.29915820620878,-1.2631150694808508e-13
71.99085239329408,-4.030966706181443,3.1202012638108947,20.20188324087421,-21.30208856622701,-1.0525958912340423e-13
71.9980514578248,-4.037956824410688,3.1200637413070633,20.204822278041906,-21.3050173528038,-1.221011233831489e-13
72.00525059397083,-4.044946938813138,3.1199270892867865,20.20776045573737,-21.307944564911654,-1.2631150694808508e-13
72.01244980206975,-4.051937049146069,3.119791307514088,20.210697773295898,-21.310870201523915,-6.315575347404254e-14
72.01964908245911,-4.058927155166773,3.11965639575235,20.213634230052786,-21.313794261614255,-1.5578419190263825e-13
72.02684843547651,-4.065917256632337,3.119522353764541,20.2165698253438,-21.31671674415712,-9.683882199353189e-14
72.03404786145946,-4.072907353299927,3.1193891813132333,20.21950455850509,-21.319637648127564,-1.0104920555846805e-13
72.04124736074556,-4.079897444926768,3.1192568781605035,20.222438428872795,-21.322556972501143,-5.894536990910637e-14
72.04844693367258,-4.086887531269915,3.1191254440680143,20.22537143578388,-21.325474716254295,-8.841805486365955e-14
72.05564658057797,-4.093877612086493,3.1189948787969644,20.228303578575236,-21.328390878363894,-1.515738083377021e-13
72.06284630179958,-4.100867687133522,3.1188651821080415,20.23123485658414,-21.331305457807424,-1.0525958912340423e-13
72.07004609767503,-4.107857756168154,3.118736353761579,20.234165269148274,-21.334218453563018,-7.999728773378721e-14
72.07724596854206,-4.114847818947308,3.11860839351744,20.23709481560561,-21.337129864609544,-1.0946997268834039e-13
72.0844459147383,-4.121837875228024,3.118481301134987,20.24002349529428,-21.340039689926247,-7.578690416885104e-14
72.09164593660157,-4.1288279247672826,3.1183550763731267,20.242951307552996,-21.342947928493334,-1.2631150694808508e-13
72.09884603446969,-4.135817967322058,3.118229718990542,20.24587825172055,-21.345854579291327,-1.221011233831489e-13
72.10604620868035,-4.142808002649224,3.11810522874508,20.248804327136156,-21.348759641301537,-1.2631150694808508e-13
72.11324645957141,-4.149798030505715,3.1179816053945553,20.251729533139372,-21.351663113505893,-9.262843842859572e-14
72.12044678748076,-4.156788050648456,3.117858848695956,20.254653869070008,-21.354564994886964,-6.315575347404254e-14
72.12764719274617,-4.163778062834282,3.117736958406127,20.25757733426821,-21.35746528442782,-1.2631150694808508e-13
72.13484767570552,-4.170768066819948,3.117615934281315,20.26049992807449,-21.360363981112318,-8.420767129872338e-14
72.14204823669665,-4.177758062362379,3.1174957760773117,20.263421649829574,-21.363261083924854,-1.8104649329225526e-13
72.14924887605761,-4.184748049218345,3.1173764835495943,20.266342498874586,-21.36615659185048,-1.1789073981821273e-13
72.1564495941262,-4.191738027144546,3.1172580564530286,20.269262474550885,-21.36905050387485,-1.1789073981821273e-13
72.16365039124041,-4.198727995897764,3.1171404945421757,20.27218157620021,-21.371942818984206,-1.0946997268834039e-13
72.17085126773824,-4.205717955234752,3.1170237975711066,20.27509980316473,-21.374833536165664,-1.3052189051302125e-13
72.17805222395768,-4.212707904912185,3.1169079652934166,20.278017154786667,-21.37772265440664,-1.1368035625327657e-13
72.18525326023664,-4.21969784468671,3.1167929974622695,20.280933630408775,-21.380610172695395,-1.4736342477276593e-13
72.19245437691318,-4.226687774315004,3.116678893830447,20.283849229373963,-21.383496090020685,-1.0104920555846805e-13
72.19965557432546,-4.233677693553698,3.1165656541502136,20.286763951025577,-21.386380405371977,-1.0946997268834039e-13
