galstreams/tracks/track.st.Pegasus.perottoni2019.ecsv
# %ECSV 0.9
# ---
# datatype:
# - {name: ra, unit: deg, datatype: float64}
# - {name: dec, unit: deg, datatype: float64}
# - {name: distance, unit: kpc, datatype: float64}
# - {name: pm_ra_cosdec, unit: mas / yr, datatype: float64}
# - {name: pm_dec, unit: mas / yr, datatype: float64}
# - {name: radial_velocity, unit: km / s, datatype: float64}
# delimiter: ','
# meta: !!omap
# - __serialized_columns__:
#     dec:
#       __class__: astropy.coordinates.angles.Latitude
#       unit: &id001 !astropy.units.Unit {unit: deg}
#       value: !astropy.table.SerializedColumn {name: dec}
#     distance:
#       __class__: astropy.coordinates.distances.Distance
#       unit: !astropy.units.Unit {unit: kpc}
#       value: !astropy.table.SerializedColumn {name: distance}
#     pm_dec:
#       __class__: astropy.units.quantity.Quantity
#       unit: !astropy.units.Unit {unit: mas / yr}
#       value: !astropy.table.SerializedColumn {name: pm_dec}
#     pm_ra_cosdec:
#       __class__: astropy.units.quantity.Quantity
#       unit: !astropy.units.Unit {unit: mas / yr}
#       value: !astropy.table.SerializedColumn {name: pm_ra_cosdec}
#     ra:
#       __class__: astropy.coordinates.angles.Longitude
#       unit: *id001
#       value: !astropy.table.SerializedColumn {name: ra}
#       wrap_angle: !astropy.coordinates.Angle
#         unit: *id001
#         value: 360.0
#     radial_velocity:
#       __class__: astropy.units.quantity.Quantity
#       unit: !astropy.units.Unit {unit: km / s}
#       value: !astropy.table.SerializedColumn {name: radial_velocity}
# schema: astropy-2.0
ra,dec,distance,pm_ra_cosdec,pm_dec,radial_velocity
[from data line 237]
329.6197890516957,22.932538661572497,17.99999999999996,0.0,0.0,0.0
329.6253404886321,22.941142556172846,17.999999999999957,0.0,0.0,0.0
329.6308933945855,22.949745824450098,17.99999999999996,0.0,0.0,0.0
329.63644777022705,22.958348466099718,17.99999999999996,0.0,0.0,0.0
329.6420036162285,22.966950480817154,17.99999999999996,0.0,0.0,0.0
329.6475609332614,22.975551868297625,17.99999999999996,0.0,0.0,0.0
329.65311972199754,22.984152628236238,17.99999999999996,0.0,0.0,0.0
329.65867998310887,22.992752760327917,17.999999999999964,0.0,0.0,0.0
329.6642417172676,23.00135226426763,17.99999999999996,0.0,0.0,0.0
329.669804925146,23.00995113975007,17.99999999999996,0.0,0.0,0.0
329.6753696074167,23.01854938646981,17.99999999999996,0.0,0.0,0.0
329.6809357647522,23.027147004121332,17.999999999999968,0.0,0.0,0.0
329.6865033978252,23.035743992398924,17.999999999999964,0.0,0.0,0.0
329.692072507309,23.044340350996897,17.999999999999968,0.0,0.0,0.0
329.6976430938765,23.05293607960928,17.999999999999968,0.0,0.0,0.0
329.70321515820103,23.06153117793002,17.999999999999964,0.0,0.0,0.0
329.7087887009562,23.07012564565295,17.999999999999968,0.0,0.0,0.0
329.7143637228155,23.0787194824717,17.99999999999996,0.0,0.0,0.0
329.71994022445296,23.08731268807992,17.99999999999996,0.0,0.0,0.0
329.7255182065424,23.095905262171,17.999999999999964,0.0,0.0,0.0
329.731097669758,23.104497204438236,17.999999999999964,0.0,0.0,0.0
329.7366786147741,23.113088514574745,17.999999999999964,0.0,0.0,0.0
329.7422610422652,23.121679192273646,17.999999999999964,0.0,0.0,0.0
329.74784495290606,23.130269237227814,17.999999999999964,0.0,0.0,0.0
329.75343034737136,23.138858649130015,17.99999999999996,0.0,0.0,0.0
329.7590172263361,23.14744742767288,17.99999999999996,0.0,0.0,0.0
329.76460559047547,23.15603557254888,17.999999999999964,0.0,0.0,0.0
329.7701954404649,23.164623083450483,17.999999999999964,0.0,0.0,0.0
329.77578677697966,23.173209960069887,17.999999999999968,0.0,0.0,0.0
329.7813796006957,23.181796202099207,17.999999999999964,0.0,0.0,0.0
329.7869739122886,23.19038180923042,17.999999999999964,0.0,0.0,0.0
329.7925697124345,23.198966781155324,17.999999999999964,0.0,0.0,0.0
329.79816700180953,23.207551117565735,17.999999999999964,0.0,0.0,0.0
329.80376578109014,23.216134818153176,17.999999999999968,0.0,0.0,0.0
329.80936605095275,23.224717882609113,17.999999999999968,0.0,0.0,0.0
329.814967812074,23.2333003106248,17.999999999999968,0.0,0.0,0.0
329.8205710651308,23.241882101891523,17.999999999999968,0.0,0.0,0.0
329.8261758108002,23.25046325610028,17.99999999999996,0.0,0.0,0.0
329.8317820497593,23.259043772941983,17.999999999999964,0.0,0.0,0.0
329.8373897826856,23.267623652107417,17.999999999999968,0.0,0.0,0.0
329.8429990102564,23.276202893287184,17.999999999999968,0.0,0.0,0.0
329.8486097331496,23.284781496171888,17.999999999999964,0.0,0.0,0.0
329.854221952043,23.293359460451867,17.999999999999964,0.0,0.0,0.0
329.8598356676147,23.301936785817354,17.999999999999968,0.0,0.0,0.0
329.86545088054277,23.310513471958476,17.999999999999968,0.0,0.0,0.0
329.87106759150566,23.319089518565143,17.99999999999997,0.0,0.0,0.0
329.87668580118196,23.3276649253273,17.999999999999968,0.0,0.0,0.0
329.8823055102504,23.336239691934612,17.99999999999997,0.0,0.0,0.0
329.88792671938967,23.344813818076634,17.99999999999997,0.0,0.0,0.0
329.89354942927906,23.353387303442766,17.99999999999997,0.0,0.0,0.0
329.8991736405977,23.3619601477224,17.99999999999997,0.0,0.0,0.0
329.904799354025,23.37053235060465,17.99999999999997,0.0,0.0,0.0
329.9104265702406,23.37910391177854,17.99999999999997,0.0,0.0,0.0
329.9160552899241,23.387674830932966,17.999999999999968,0.0,0.0,0.0
329.92168551375545,23.396245107756645,17.99999999999997,0.0,0.0,0.0
329.92731724241486,23.404814741938278,17.999999999999968,0.0,0.0,0.0
329.9329504765824,23.413383733166313,17.999999999999968,0.0,0.0,0.0
329.9385852169387,23.421952081129085,17.99999999999997,0.0,0.0,0.0
329.9442214641641,23.43051978551482,17.99999999999997,0.0,0.0,0.0
329.9498592189396,23.43908684601153,17.99999999999997,0.0,0.0,0.0
329.955498481946,23.44765326230724,17.99999999999997,0.0,0.0,0.0
329.9611392538644,23.456219034089724,17.999999999999968,0.0,0.0,0.0
329.9667815353762,23.464784161046623,17.999999999999968,0.0,0.0,0.0
329.9724253271628,23.47334864286543,17.99999999999997,0.0,0.0,0.0
329.9780706299058,23.481912479233618,17.999999999999968,0.0,0.0,0.0
329.9837174442869,23.490475669838386,17.999999999999964,0.0,0.0,0.0
329.98936577098834,23.499038214366838,17.999999999999968,0.0,0.0,0.0
329.995015610692,23.507600112505965,17.99999999999997,0.0,0.0,0.0
330.0006669640802,23.516161363942544,17.999999999999968,0.0,0.0,0.0
330.00631983183564,23.524721968363362,17.999999999999968,0.0,0.0,0.0
330.0119742146408,23.53328192545494,17.99999999999997,0.0,0.0,0.0
330.01763011317854,23.541841234903682,17.99999999999997,0.0,0.0,0.0
330.0232875281319,23.550399896395824,17.99999999999997,0.0,0.0,0.0
330.028946460184,23.55895790961761,17.999999999999968,0.0,0.0,0.0
330.03460691001817,23.567515274254994,17.999999999999968,0.0,0.0,0.0
330.04026887831805,23.576071989993824,17.99999999999997,0.0,0.0,0.0
330.0459323657672,23.58462805651984,17.999999999999968,0.0,0.0,0.0
330.0515973730495,23.593183473518554,17.99999999999997,0.0,0.0,0.0
330.0572639008491,23.60173824067552,17.99999999999997,0.0,0.0,0.0
330.06293194985005,23.61029235767599,17.99999999999997,0.0,0.0,0.0
330.0686015207368,23.618845824205135,17.999999999999968,0.0,0.0,0.0
330.074272614194,23.62739863994796,17.99999999999997,0.0,0.0,0.0
330.0799452309062,23.63595080458931,17.99999999999997,0.0,0.0,0.0
330.0856193715585,23.644502317814023,17.99999999999997,0.0,0.0,0.0
330.0912950368358,23.653053179306646,17.99999999999997,0.0,0.0,0.0
330.0969722274234,23.66160338875164,17.999999999999968,0.0,0.0,0.0
330.10265094400677,23.670152945833273,17.999999999999968,0.0,0.0,0.0
330.10833118727146,23.67870185023582,17.999999999999968,0.0,0.0,0.0
330.1140129579033,23.687250101643272,17.999999999999968,0.0,0.0,0.0
330.11969625658816,23.69579769973952,17.99999999999997,0.0,0.0,0.0
330.1253810840122,23.704344644208305,17.99999999999997,0.0,0.0,0.0
330.13106744086167,23.71289093473321,17.999999999999968,0.0,0.0,0.0
330.1367553278231,23.721436570997785,17.99999999999997,0.0,0.0,0.0
330.1424447455831,23.729981552685317,17.99999999999997,0.0,0.0,0.0
330.14813569482845,23.73852587947898,17.999999999999968,0.0,0.0,0.0
330.15382817624624,23.747069551061823,17.99999999999997,0.0,0.0,0.0
330.15952219052343,23.755612567116692,17.99999999999997,0.0,0.0,0.0
330.16521773834756,23.764154927326437,17.999999999999975,0.0,0.0,0.0
330.1709148204061,23.772696631373627,17.999999999999968,0.0,0.0,0.0
330.17661343738666,23.781237678940727,17.999999999999975,0.0,0.0,0.0
330.1823135899771,23.78977806971002,17.999999999999975,0.0,0.0,0.0
330.18801527886563,23.798317803363776,17.999999999999975,0.0,0.0,0.0
330.1937185047403,23.806856879584004,17.99999999999997,0.0,0.0,0.0
330.1994232682895,23.815395298052575,17.99999999999997,0.0,0.0,0.0
330.2051295702018,23.823933058451257,17.99999999999997,0.0,0.0,0.0
330.2108374111659,23.832470160461604,17.99999999999997,0.0,0.0,0.0
330.2165467918708,23.841006603765177,17.99999999999997,0.0,0.0,0.0
330.2222577130056,23.849542388043243,17.99999999999997,0.0,0.0,0.0
330.2279701752595,23.858077512976976,17.99999999999997,0.0,0.0,0.0
330.2336841793219,23.8666119782474,17.99999999999997,0.0,0.0,0.0
330.23939972588255,23.875145783535363,17.999999999999975,0.0,0.0,0.0
330.2451168156311,23.883678928521697,17.99999999999997,0.0,0.0,0.0
330.2508354492576,23.892211412886933,17.999999999999975,0.0,0.0,0.0
330.25655562745203,23.900743236311545,17.99999999999997,0.0,0.0,0.0
330.2622773509049,23.909274398475763,17.99999999999997,0.0,0.0,0.0
330.2680006203067,23.917804899059853,17.999999999999975,0.0,0.0,0.0
330.27372543634795,23.92633473774378,17.99999999999997,0.0,0.0,0.0
330.2794517997196,23.934863914207398,17.999999999999975,0.0,0.0,0.0
330.2851797111127,23.94339242813044,17.99999999999997,0.0,0.0,0.0
330.29090917121823,23.95192027919242,17.99999999999997,0.0,0.0,0.0
330.2966401807278,23.960447467072868,17.99999999999997,0.0,0.0,0.0
330.3023727403329,23.968973991451005,17.999999999999975,0.0,0.0,0.0
330.30810685072527,23.97749985200598,17.99999999999997,0.0,0.0,0.0
330.3138425125967,23.98602504841676,17.999999999999975,0.0,0.0,0.0
330.3195797266394,23.994549580362147,17.99999999999997,0.0,0.0,0.0
330.3253184935455,24.003073447520926,17.999999999999975,0.0,0.0,0.0
330.3310588140076,24.011596649571597,17.99999999999997,0.0,0.0,0.0
330.3368006887181,24.020119186192545,17.99999999999997,0.0,0.0,0.0
330.3425441183699,24.02864105706198,17.99999999999997,0.0,0.0,0.0
330.348289103656,24.03716226185809,17.99999999999997,0.0,0.0,0.0
330.3540356452695,24.045682800258792,17.99999999999997,0.0,0.0,0.0
330.35978374390373,24.05420267194188,17.99999999999997,0.0,0.0,0.0
330.36553340025216,24.062721876585016,17.99999999999997,0.0,0.0,0.0
330.37128461500845,24.071240413865652,17.99999999999997,0.0,0.0,0.0
330.3770373888664,24.079758283461242,17.999999999999975,0.0,0.0,0.0
330.3827917225202,24.088275485048957,17.99999999999997,0.0,0.0,0.0
330.38854761666397,24.096792018305848,17.999999999999975,0.0,0.0,0.0
330.39430507199205,24.105307882908786,17.99999999999997,0.0,0.0,0.0
330.400064089199,24.11382307853462,17.99999999999997,0.0,0.0,0.0
330.4058246689797,24.12233760485992,17.99999999999997,0.0,0.0,0.0
330.4115868120289,24.130851461561143,17.999999999999975,0.0,0.0,0.0
330.41735051904163,24.13936464831461,17.999999999999975,0.0,0.0,0.0
330.4231157907134,24.14787716479643,17.999999999999975,0.0,0.0,0.0
330.42888262773954,24.15638901068271,17.99999999999997,0.0,0.0,0.0
330.4346510308156,24.164900185649262,17.999999999999975,0.0,0.0,0.0
330.44042100063757,24.173410689371806,17.999999999999975,0.0,0.0,0.0
330.4461925379012,24.1819205215259,17.999999999999975,0.0,0.0,0.0
330.45196564330286,24.190429681786913,17.999999999999975,0.0,0.0,0.0
330.4577403175388,24.198938169830168,17.999999999999975,0.0,0.0,0.0
330.46351656130554,24.207445985330764,17.99999999999998,0.0,0.0,0.0
330.4692943752998,24.21595312796364,17.999999999999975,0.0,0.0,0.0
330.4750737602184,24.224459597403552,17.999999999999975,0.0,0.0,0.0
330.4808547167585,24.232965393325248,17.99999999999998,0.0,0.0,0.0
330.48663724561726,24.24147051540319,17.99999999999998,0.0,0.0,0.0
330.4924213474921,24.249974963311722,17.99999999999998,0.0,0.0,0.0
330.4982070230807,24.25847873672504,17.999999999999975,0.0,0.0,0.0
330.5039942730806,24.266981835317146,17.99999999999997,0.0,0.0,0.0
330.50978309819004,24.27548425876202,17.99999999999998,0.0,0.0,0.0
330.5155734991069,24.283986006733365,17.999999999999975,0.0,0.0,0.0
330.5213654765297,24.292487078904763,17.999999999999975,0.0,0.0,0.0
330.5271590311568,24.300987474949636,17.99999999999998,0.0,0.0,0.0
330.5329541636869,24.309487194541244,17.999999999999975,0.0,0.0,0.0
330.53875087481885,24.317986237352788,17.99999999999998,0.0,0.0,0.0
330.5445491652517,24.326484603057203,17.999999999999975,0.0,0.0,0.0
330.5503490356846,24.334982291327307,17.999999999999975,0.0,0.0,0.0
330.556150486817,24.34347930183573,17.999999999999975,0.0,0.0,0.0
330.56195351934844,24.35197563425506,17.999999999999975,0.0,0.0,0.0
330.5677581339786,24.36047128825763,17.999999999999975,0.0,0.0,0.0
330.5735643314075,24.368966263515627,17.99999999999998,0.0,0.0,0.0
330.5793721123353,24.37746055970111,17.99999999999998,0.0,0.0,0.0
330.58518147746213,24.385954176485935,17.999999999999975,0.0,0.0,0.0
330.5909924274886,24.394447113541926,17.999999999999975,0.0,0.0,0.0
330.59680496311523,24.402939370540622,17.999999999999975,0.0,0.0,0.0
330.60261908504293,24.41143094715346,17.999999999999975,0.0,0.0,0.0
330.6084347939727,24.419921843051714,17.99999999999998,0.0,0.0,0.0
330.61425209060565,24.42841205790645,17.99999999999998,0.0,0.0,0.0
330.62007097564333,24.436901591388743,17.999999999999982,0.0,0.0,0.0
330.6258914497871,24.445390443169345,17.99999999999998,0.0,0.0,0.0
330.63171351373876,24.453878612918906,17.999999999999982,0.0,0.0,0.0
330.63753716820025,24.46236610030788,17.99999999999998,0.0,0.0,0.0
330.6433624138736,24.47085290500671,17.999999999999982,0.0,0.0,0.0
330.64918925146117,24.479339026685512,17.99999999999998,0.0,0.0,0.0
330.6550176816654,24.487824465014345,17.99999999999998,0.0,0.0,0.0
330.6608477051888,24.496309219663054,17.999999999999986,0.0,0.0,0.0
330.6666793227343,24.504793290301322,17.99999999999998,0.0,0.0,0.0
330.6725125350049,24.513276676598792,17.999999999999982,0.0,0.0,0.0
330.6783473427037,24.52175937822482,17.999999999999982,0.0,0.0,0.0
330.6841837465342,24.530241394848648,17.99999999999998,0.0,0.0,0.0
330.6900217471998,24.538722726139365,17.99999999999998,0.0,0.0,0.0
330.6958613454043,24.54720337176585,17.99999999999998,0.0,0.0,0.0
330.70170254185155,24.55568333139697,17.999999999999982,0.0,0.0,0.0
330.70754533724573,24.564162604701277,17.99999999999998,0.0,0.0,0.0
330.713389732291,24.572641191347227,17.99999999999998,0.0,0.0,0.0
330.7192357276918,24.581119091003124,17.999999999999982,0.0,0.0,0.0
330.7250833241529,24.5895963033371,17.999999999999982,0.0,0.0,0.0
330.73093252237896,24.59807282801714,17.99999999999998,0.0,0.0,0.0
330.7367833230751,24.606548664711063,17.99999999999998,0.0,0.0,0.0
330.7426357269464,24.61502381308652,17.999999999999982,0.0,0.0,0.0
330.7484897346983,24.623498272811023,17.99999999999998,0.0,0.0,0.0
330.7543453470363,24.631972043551915,17.99999999999998,0.0,0.0,0.0
330.7602025646661,24.640445124976356,17.999999999999982,0.0,0.0,0.0
330.7660613882936,24.648917516751396,17.99999999999998,0.0,0.0,0.0
330.77192181862495,24.65738921854389,17.999999999999982,0.0,0.0,0.0
330.7777838563664,24.665860230020535,17.99999999999998,0.0,0.0,0.0
330.78364750222437,24.674330550847873,17.99999999999998,0.0,0.0,0.0
330.7895127569055,24.682800180692297,17.999999999999982,0.0,0.0,0.0
330.79537962111664,24.691269119220017,17.999999999999982,0.0,0.0,0.0
330.80124809556474,24.6997373660971,17.99999999999998,0.0,0.0,0.0
330.8071181809571,24.708204920989445,17.99999999999998,0.0,0.0,0.0
330.81298987800096,24.716671783562788,17.999999999999982,0.0,0.0,0.0
330.8188631874039,24.72513795348271,17.999999999999982,0.0,0.0,0.0
330.8247381098737,24.733603430414643,17.999999999999982,0.0,0.0,0.0
330.8306146461182,24.742068214023814,17.999999999999982,0.0,0.0,0.0
330.83649279684556,24.750532303975334,17.999999999999986,0.0,0.0,0.0
330.842372562764,24.758995699934136,17.999999999999986,0.0,0.0,0.0
330.8482539445821,24.767458401564983,17.999999999999986,0.0,0.0,0.0
330.8541369430084,24.77592040853249,17.999999999999986,0.0,0.0,0.0
330.8600215587518,24.78438172050109,17.999999999999986,0.0,0.0,0.0
330.8659077925212,24.79284233713508,17.999999999999982,0.0,0.0,0.0
330.871795645026,24.801302258098573,17.99999999999998,0.0,0.0,0.0
330.8776851169754,24.809761483055528,17.999999999999986,0.0,0.0,0.0
330.88357620907897,24.818220011669737,17.999999999999986,0.0,0.0,0.0
330.88946892204655,24.826677843604834,17.999999999999982,0.0,0.0,0.0
330.895363256588,24.835134978524295,17.999999999999982,0.0,0.0,0.0
330.90125921341354,24.843591416091407,17.999999999999986,0.0,0.0,0.0
330.90715679323336,24.852047155969323,17.999999999999986,0.0,0.0,0.0
330.91305599675803,24.860502197821017,17.999999999999986,0.0,0.0,0.0
330.9189568246981,24.868956541309302,17.999999999999986,0.0,0.0,0.0
330.9248592777646,24.877410186096828,17.999999999999982,0.0,0.0,0.0
330.93076335666836,24.885863131846083,17.999999999999982,0.0,0.0,0.0
330.93666906212076,24.89431537821938,17.999999999999982,0.0,0.0,0.0
330.9425763948331,24.902766924878875,17.999999999999986,0.0,0.0,0.0
330.9484853555171,24.911217771486562,17.999999999999986,0.0,0.0,0.0
330.9543959448844,24.91966791770427,17.999999999999982,0.0,0.0,0.0
330.960308163647,24.928117363193657,17.99999999999998,0.0,0.0,0.0
330.9662220125171,24.936566107616216,17.999999999999982,0.0,0.0,0.0
