galstreams/tracks/track.st.Murrumbidgee.grillmair2017b.ecsv
# %ECSV 1.0
# ---
# datatype:
# - {name: ra, unit: deg, datatype: float64}
# - {name: dec, unit: deg, datatype: float64}
# - {name: distance, unit: kpc, datatype: float64}
# - {name: pm_ra_cosdec, unit: mas / yr, datatype: float64}
# - {name: pm_dec, unit: mas / yr, datatype: float64}
# - {name: radial_velocity, unit: km / s, datatype: float64}
# delimiter: ','
# meta: !!omap
# - __serialized_columns__:
#     dec:
#       __class__: astropy.coordinates.angles.Latitude
#       unit: &id001 !astropy.units.Unit {unit: deg}
#       value: !astropy.table.SerializedColumn {name: dec}
#     distance:
#       __class__: astropy.coordinates.distances.Distance
#       unit: !astropy.units.Unit {unit: kpc}
#       value: !astropy.table.SerializedColumn {name: distance}
#     pm_dec:
#       __class__: astropy.units.quantity.Quantity
#       unit: !astropy.units.Unit {unit: mas / yr}
#       value: !astropy.table.SerializedColumn {name: pm_dec}
#     pm_ra_cosdec:
#       __class__: astropy.units.quantity.Quantity
#       unit: !astropy.units.Unit {unit: mas / yr}
#       value: !astropy.table.SerializedColumn {name: pm_ra_cosdec}
#     ra:
#       __class__: astropy.coordinates.angles.Longitude
#       unit: *id001
#       value: !astropy.table.SerializedColumn {name: ra}
#       wrap_angle: !astropy.coordinates.Angle
#         unit: *id001
#         value: 360.0
#     radial_velocity:
#       __class__: astropy.units.quantity.Quantity
#       unit: !astropy.units.Unit {unit: km / s}
#       value: !astropy.table.SerializedColumn {name: radial_velocity}
# schema: astropy-2.0
ra,dec,distance,pm_ra_cosdec,pm_dec,radial_velocity
[from data line 5422]
24.625306593186135,-44.05354363203914,19.99999999999996,0.0,0.0,0.0
24.615129245328248,-44.0466269011204,19.999999999999964,0.0,0.0,0.0
24.6049571650798,-44.03970762817177,19.999999999999964,0.0,0.0,0.0
24.594790353598096,-44.032785813204775,19.999999999999964,0.0,0.0,0.0
24.58462881203639,-44.0258614562321,19.999999999999964,0.0,0.0,0.0
24.574472541544143,-44.01893455726785,19.999999999999968,0.0,0.0,0.0
24.564321543266878,-44.01200511632739,19.999999999999964,0.0,0.0,0.0
24.554175818346238,-44.00507313342738,19.999999999999964,0.0,0.0,0.0
24.54403536791979,-43.99813860858568,19.999999999999964,0.0,0.0,0.0
24.533900193121355,-43.99120154182152,19.999999999999964,0.0,0.0,0.0
24.523770295080766,-43.98426193315541,19.999999999999964,0.0,0.0,0.0
24.513645674923946,-43.977319782609115,19.999999999999964,0.0,0.0,0.0
24.503526333772882,-43.97037509020568,19.999999999999964,0.0,0.0,0.0
24.493412272745708,-43.9634278559695,19.999999999999964,0.0,0.0,0.0
24.483303492956473,-43.956478079926086,19.999999999999964,0.0,0.0,0.0
24.473199995515444,-43.949525762102375,19.999999999999964,0.0,0.0,0.0
24.463101781528934,-43.94257090252654,19.999999999999964,0.0,0.0,0.0
24.45300885209936,-43.93561350122808,19.999999999999964,0.0,0.0,0.0
24.442921208325068,-43.928653558237585,19.999999999999968,0.0,0.0,0.0
24.43283885130064,-43.92169107358714,19.999999999999964,0.0,0.0,0.0
24.42276178211665,-43.91472604730999,19.999999999999964,0.0,0.0,0.0
24.412690001859776,-43.907758479440666,19.999999999999964,0.0,0.0,0.0
24.402623511612784,-43.90078837001504,19.999999999999964,0.0,0.0,0.0
24.39256231245438,-43.8938157190701,19.999999999999964,0.0,0.0,0.0
24.38250640545949,-43.88684052664422,19.999999999999964,0.0,0.0,0.0
24.372455791699032,-43.87986279277705,19.999999999999964,0.0,0.0,0.0
24.362410472240008,-43.872882517509424,19.999999999999964,0.0,0.0,0.0
24.352370448145546,-43.865899700883595,19.999999999999964,0.0,0.0,0.0
24.34233572047467,-43.858914342942846,19.999999999999964,0.0,0.0,0.0
24.332306290282624,-43.85192644373192,19.999999999999964,0.0,0.0,0.0
24.322282158620656,-43.844936003296766,19.999999999999968,0.0,0.0,0.0
24.312263326536094,-43.837943021684566,19.999999999999964,0.0,0.0,0.0
24.302249795072363,-43.83094749894386,19.999999999999964,0.0,0.0,0.0
24.292241565268803,-43.82394943512425,19.999999999999964,0.0,0.0,0.0
24.282238638160976,-43.81694883027681,19.999999999999964,0.0,0.0,0.0
24.27224101478042,-43.80994568445374,19.999999999999964,0.0,0.0,0.0
24.26224869615482,-43.802939997708606,19.999999999999964,0.0,0.0,0.0
24.252261683307736,-43.79593177009609,19.999999999999964,0.0,0.0,0.0
24.242279977258967,-43.78892100167222,19.999999999999964,0.0,0.0,0.0
24.232303579024276,-43.78190769249428,19.999999999999968,0.0,0.0,0.0
24.222332489615535,-43.77489184262078,19.999999999999964,0.0,0.0,0.0
24.21236671004062,-43.767873452111516,19.999999999999964,0.0,0.0,0.0
24.202406241303535,-43.76085252102753,19.999999999999964,0.0,0.0,0.0
24.192451084404194,-43.75382904943102,19.999999999999964,0.0,0.0,0.0
24.182501240338702,-43.74680303738554,19.999999999999964,0.0,0.0,0.0
24.172556710099155,-43.739774484955866,19.999999999999964,0.0,0.0,0.0
24.16261749467378,-43.73274339220808,19.999999999999964,0.0,0.0,0.0
24.152683595046675,-43.725709759209344,19.999999999999964,0.0,0.0,0.0
24.142755012198155,-43.71867358602821,19.999999999999964,0.0,0.0,0.0
24.132831747104532,-43.711634872734436,19.999999999999964,0.0,0.0,0.0
24.12291380073815,-43.70459361939902,19.999999999999964,0.0,0.0,0.0
24.113001174067488,-43.69754982609425,19.999999999999968,0.0,0.0,0.0
24.103093868056874,-43.69050349289352,19.999999999999968,0.0,0.0,0.0
24.09319188366688,-43.6834546198716,19.999999999999964,0.0,0.0,0.0
24.083295221854037,-43.676403207104435,19.999999999999968,0.0,0.0,0.0
24.073403883570993,-43.669349254669285,19.999999999999968,0.0,0.0,0.0
24.063517869766287,-43.66229276264449,19.999999999999968,0.0,0.0,0.0
24.053637181384634,-43.65523373110979,19.999999999999968,0.0,0.0,0.0
24.043761819366775,-43.648172160146075,19.999999999999968,0.0,0.0,0.0
24.03389178464947,-43.6411080498355,19.999999999999968,0.0,0.0,0.0
24.02402707816552,-43.63404140026143,19.999999999999968,0.0,0.0,0.0
24.014167700843846,-43.626972211508544,19.999999999999968,0.0,0.0,0.0
24.004313653609227,-43.619900483662576,19.999999999999968,0.0,0.0,0.0
23.994464937382645,-43.612826216810646,19.999999999999968,0.0,0.0,0.0
23.984621553081084,-43.605749411041074,19.999999999999968,0.0,0.0,0.0
23.974783501617594,-43.598670066443425,19.99999999999997,0.0,0.0,0.0
23.96495078390114,-43.59158818310835,19.99999999999997,0.0,0.0,0.0
23.955123400836868,-43.58450376112792,19.999999999999964,0.0,0.0,0.0
23.945301353325902,-43.577416800595316,19.999999999999968,0.0,0.0,0.0
23.935484642265404,-43.570327301605,19.999999999999968,0.0,0.0,0.0
23.925673268548636,-43.563235264252654,19.999999999999964,0.0,0.0,0.0
23.915867233064738,-43.55614068863508,19.999999999999968,0.0,0.0,0.0
23.906066536699036,-43.54904357485044,19.999999999999964,0.0,0.0,0.0
23.89627118033285,-43.54194392299805,19.999999999999964,0.0,0.0,0.0
23.886481164843573,-43.534841733178496,19.999999999999968,0.0,0.0,0.0
23.876696491104493,-43.52773700549348,19.999999999999968,0.0,0.0,0.0
23.866917159985086,-43.520629740046,19.999999999999968,0.0,0.0,0.0
23.857143172350792,-43.51351993694026,19.99999999999997,0.0,0.0,0.0
23.84737452906311,-43.50640759628172,19.999999999999964,0.0,0.0,0.0
23.83761123097955,-43.49929271817695,19.999999999999968,0.0,0.0,0.0
23.827853278953718,-43.49217530273389,19.999999999999964,0.0,0.0,0.0
23.818100673835108,-43.485055350061494,19.999999999999968,0.0,0.0,0.0
23.808353416469373,-43.47793286027006,19.999999999999964,0.0,0.0,0.0
23.798611507698176,-43.4708078334711,19.99999999999997,0.0,0.0,0.0
23.788874948359226,-43.46368026977734,19.999999999999964,0.0,0.0,0.0
23.779143739286155,-43.456550169302595,19.999999999999968,0.0,0.0,0.0
23.769417881308748,-43.44941753216202,19.99999999999997,0.0,0.0,0.0
23.759697375252774,-43.442282358471935,19.999999999999964,0.0,0.0,0.0
23.749982221940037,-43.43514464834987,19.999999999999968,0.0,0.0,0.0
23.74027242218841,-43.428004401914585,19.999999999999968,0.0,0.0,0.0
23.730567976811667,-43.420861619285944,19.999999999999964,0.0,0.0,0.0
23.720868886619726,-43.41371630058512,19.999999999999968,0.0,0.0,0.0
23.711175152418523,-43.40656844593447,19.999999999999964,0.0,0.0,0.0
23.701486775009993,-43.3994180554575,19.999999999999968,0.0,0.0,0.0
23.69180375519216,-43.39226512927905,19.999999999999968,0.0,0.0,0.0
23.682126093758924,-43.385109667524944,19.99999999999997,0.0,0.0,0.0
23.67245379150037,-43.377951670322375,19.999999999999968,0.0,0.0,0.0
23.66278684920254,-43.370791137799685,19.999999999999968,0.0,0.0,0.0
23.653125267647525,-43.36362807008641,19.999999999999964,0.0,0.0,0.0
23.643469047613465,-43.356462467313335,19.999999999999968,0.0,0.0,0.0
23.633818189874408,-43.34929432961228,19.999999999999968,0.0,0.0,0.0
23.624172695200564,-43.34212365711643,19.999999999999964,0.0,0.0,0.0
23.61453256435812,-43.334950449960104,19.999999999999964,0.0,0.0,0.0
23.60489779810932,-43.32777470827885,19.99999999999997,0.0,0.0,0.0
23.59526839721231,-43.32059643220927,19.999999999999968,0.0,0.0,0.0
23.585644362421395,-43.313415621889305,19.99999999999997,0.0,0.0,0.0
23.576025694486873,-43.30623227745804,19.99999999999997,0.0,0.0,0.0
23.566412394155034,-43.299046399055726,19.99999999999997,0.0,0.0,0.0
23.55680446216822,-43.29185798682383,19.999999999999968,0.0,0.0,0.0
23.547201899264834,-43.28466704090504,19.999999999999968,0.0,0.0,0.0
23.537604706179174,-43.27747356144308,19.999999999999968,0.0,0.0,0.0
23.52801288364167,-43.27027754858303,19.99999999999997,0.0,0.0,0.0
23.518426432378757,-43.263079002471066,19.999999999999964,0.0,0.0,0.0
23.508845353112946,-43.255877923254616,19.999999999999968,0.0,0.0,0.0
23.499269646562603,-43.24867431108214,19.999999999999968,0.0,0.0,0.0
23.489699313442276,-43.241468166103445,19.999999999999964,0.0,0.0,0.0
23.480134354462486,-43.23425948846943,19.999999999999968,0.0,0.0,0.0
23.470574770329776,-43.227048278332205,19.999999999999968,0.0,0.0,0.0
23.461020561746768,-43.219834535845095,19.999999999999964,0.0,0.0,0.0
23.451471729411928,-43.212618261162454,19.999999999999968,0.0,0.0,0.0
23.441928274019936,-43.20539945443997,19.99999999999997,0.0,0.0,0.0
23.432390196261426,-43.19817811583444,19.99999999999997,0.0,0.0,0.0
23.42285749682309,-43.190954245503896,19.99999999999997,0.0,0.0,0.0
23.413330176387507,-43.1837278436074,19.999999999999964,0.0,0.0,0.0
23.40380823563343,-43.176498910305305,19.999999999999968,0.0,0.0,0.0
23.394291675235575,-43.16926744575915,19.99999999999997,0.0,0.0,0.0
23.38478049586469,-43.162033450131574,19.999999999999968,0.0,0.0,0.0
23.375274698187518,-43.1547969235864,19.999999999999968,0.0,0.0,0.0
23.365774282866916,-43.147557866288714,19.999999999999968,0.0,0.0,0.0
23.356279250561585,-43.14031627840457,19.999999999999968,0.0,0.0,0.0
23.3467896019264,-43.133072160101385,19.999999999999964,0.0,0.0,0.0
23.337305337612207,-43.125825511547646,19.99999999999997,0.0,0.0,0.0
23.327826458265932,-43.11857633291307,19.999999999999964,0.0,0.0,0.0
23.318352964530362,-43.11132462436841,19.999999999999968,0.0,0.0,0.0
23.308884857044465,-43.1040703860857,19.999999999999968,0.0,0.0,0.0
23.299422136443177,-43.096813618238116,19.999999999999968,0.0,0.0,0.0
23.28996480335745,-43.08955432099998,19.999999999999964,0.0,0.0,0.0
23.2805128584143,-43.082292494546806,19.999999999999964,0.0,0.0,0.0
23.27106630223665,-43.07502813905515,19.999999999999968,0.0,0.0,0.0
23.261625135443552,-43.067761254702866,19.999999999999968,0.0,0.0,0.0
23.252189358650057,-43.06049184166892,19.999999999999968,0.0,0.0,0.0
23.242758972467218,-43.05321990013341,19.99999999999997,0.0,0.0,0.0
23.23333397750218,-43.045945430277655,19.999999999999964,0.0,0.0,0.0
23.22391437435794,-43.03866843228401,19.999999999999968,0.0,0.0,0.0
23.21450016363368,-43.03138890633607,19.999999999999964,0.0,0.0,0.0
23.205091345924547,-43.024106852618594,19.999999999999968,0.0,0.0,0.0
23.195687921821715,-43.016822271317466,19.999999999999968,0.0,0.0,0.0
23.18628989191242,-43.009535162619756,19.99999999999997,0.0,0.0,0.0
23.17689725677979,-43.002245526713565,19.999999999999964,0.0,0.0,0.0
23.167510017003092,-42.99495336378826,19.999999999999968,0.0,0.0,0.0
23.158128173157593,-42.987658674034364,19.999999999999964,0.0,0.0,0.0
23.14875172581462,-42.98036145764353,19.999999999999968,0.0,0.0,0.0
23.139380675541382,-42.973061714808445,19.999999999999964,0.0,0.0,0.0
23.130015022901244,-42.96575944572308,19.99999999999997,0.0,0.0,0.0
23.120654768453562,-42.95845465058251,19.99999999999997,0.0,0.0,0.0
23.111299912753704,-42.95114732958295,19.999999999999968,0.0,0.0,0.0
23.101950456353116,-42.9438374829218,19.999999999999968,0.0,0.0,0.0
23.0926063997991,-42.93652511079747,19.999999999999968,0.0,0.0,0.0
23.08326774363515,-42.92921021340963,19.999999999999968,0.0,0.0,0.0
23.073934488400734,-42.92189279095909,19.999999999999964,0.0,0.0,0.0
23.06460663463133,-42.91457284364776,19.999999999999964,0.0,0.0,0.0
23.0552841828585,-42.907250371678735,19.999999999999964,0.0,0.0,0.0
23.045967133609665,-42.899925375256124,19.999999999999968,0.0,0.0,0.0
23.036655487408442,-42.89259785458531,19.999999999999968,0.0,0.0,0.0
23.02734924477442,-42.88526780987275,19.999999999999968,0.0,0.0,0.0
23.01804840622318,-42.87793524132608,19.999999999999964,0.0,0.0,0.0
23.008752972266404,-42.87060014915404,19.99999999999997,0.0,0.0,0.0
22.999462943411654,-42.86326253356645,19.999999999999968,0.0,0.0,0.0
22.99017832016266,-42.85592239477434,19.999999999999964,0.0,0.0,0.0
22.98089910301912,-42.84857973298984,19.99999999999997,0.0,0.0,0.0
22.971625292476805,-42.84123454842628,19.999999999999964,0.0,0.0,0.0
22.962356889027376,-42.83388684129795,19.999999999999968,0.0,0.0,0.0
22.953093893158666,-42.82653661182042,19.999999999999968,0.0,0.0,0.0
22.94383630535448,-42.81918386021035,19.999999999999964,0.0,0.0,0.0
22.934584126094634,-42.81182858668552,19.999999999999968,0.0,0.0,0.0
22.925337355855007,-42.80447079146483,19.999999999999968,0.0,0.0,0.0
22.916095995107515,-42.79711047476835,19.999999999999964,0.0,0.0,0.0
22.906860044319988,-42.78974763681716,19.99999999999997,0.0,0.0,0.0
22.89762950395641,-42.782382277833584,19.999999999999968,0.0,0.0,0.0
22.88840437447674,-42.775014398040994,19.999999999999968,0.0,0.0,0.0
22.87918465633703,-42.767643997663995,19.999999999999964,0.0,0.0,0.0
22.869970349989202,-42.76027107692811,19.99999999999997,0.0,0.0,0.0
22.86076145588136,-42.752895636060174,19.999999999999968,0.0,0.0,0.0
22.851557974457588,-42.745517675288056,19.999999999999968,0.0,0.0,0.0
22.842359906157988,-42.738137194840746,19.999999999999968,0.0,0.0,0.0
22.833167251418757,-42.73075419494844,19.99999999999997,0.0,0.0,0.0
22.82398001067196,-42.72336867584224,19.999999999999968,0.0,0.0,0.0
22.81479818434585,-42.71598063775458,19.99999999999997,0.0,0.0,0.0
22.80562177286466,-42.7085900809189,19.999999999999968,0.0,0.0,0.0
22.7964507766487,-42.70119700556984,19.999999999999964,0.0,0.0,0.0
22.78728519611415,-42.693801411942985,19.99999999999997,0.0,0.0,0.0
22.778125031673408,-42.6864033002752,19.999999999999968,0.0,0.0,0.0
22.76897028373482,-42.679002670804394,19.999999999999968,0.0,0.0,0.0
22.759820952702768,-42.671599523769586,19.999999999999968,0.0,0.0,0.0
22.75067703897769,-42.66419385941093,19.999999999999968,0.0,0.0,0.0
22.74153854295607,-42.656785677969694,19.999999999999968,0.0,0.0,0.0
22.73240546503032,-42.64937497968815,19.999999999999968,0.0,0.0,0.0
22.723277805589003,-42.6419617648098,19.999999999999968,0.0,0.0,0.0
22.71415556501667,-42.634546033579205,19.999999999999968,0.0,0.0,0.0
22.705038743693972,-42.62712778624209,19.999999999999968,0.0,0.0,0.0
22.69592734199744,-42.61970702304513,19.999999999999964,0.0,0.0,0.0
22.68682136029978,-42.61228374423625,19.999999999999968,0.0,0.0,0.0
22.6777207989697,-42.604857950064435,19.999999999999968,0.0,0.0,0.0
22.668625658371923,-42.59742964077976,19.99999999999997,0.0,0.0,0.0
22.65953593886729,-42.589998816633454,19.999999999999968,0.0,0.0,0.0
22.650451640812502,-42.582565477877715,19.99999999999997,0.0,0.0,0.0
22.64137276456047,-42.57512962476598,19.999999999999964,0.0,0.0,0.0
22.632299310460066,-42.56769125755271,19.999999999999968,0.0,0.0,0.0
22.623231278856235,-42.5602503764935,19.999999999999968,0.0,0.0,0.0
22.614168670089963,-42.55280698184505,19.999999999999968,0.0,0.0,0.0
22.6051114844982,-42.545361073865074,19.999999999999968,0.0,0.0,0.0
22.59605972241401,-42.537912652812466,19.999999999999968,0.0,0.0,0.0
22.587013384166497,-42.53046171894716,19.999999999999968,0.0,0.0,0.0
22.577972470080788,-42.52300827253025,19.999999999999968,0.0,0.0,0.0
22.568936980478103,-42.51555231382392,19.999999999999964,0.0,0.0,0.0
22.55990691567556,-42.508093843091295,19.999999999999968,0.0,0.0,0.0
22.550882275986467,-42.50063286059678,19.999999999999968,0.0,0.0,0.0
22.54186306172012,-42.49316936660577,19.99999999999997,0.0,0.0,0.0
22.53284927318192,-42.48570336138483,19.999999999999964,0.0,0.0,0.0
22.523840910673158,-42.478234845201456,19.999999999999964,0.0,0.0,0.0
22.514837974491318,-42.47076381832439,19.999999999999968,0.0,0.0,0.0
22.50584046492989,-42.463290281023404,19.999999999999968,0.0,0.0,0.0
22.49684838227839,-42.45581423356933,19.999999999999968,0.0,0.0,0.0
22.487861726822402,-42.44833567623414,19.999999999999968,0.0,0.0,0.0
22.47888049884359,-42.44085460929088,19.99999999999997,0.0,0.0,0.0
22.46990469861954,-42.43337103301359,19.999999999999968,0.0,0.0,0.0
22.46093432642402,-42.42588494767749,19.999999999999968,0.0,0.0,0.0
22.451969382526787,-42.41839635355887,19.999999999999964,0.0,0.0,0.0
22.443009867193723,-42.410905250935116,19.999999999999968,0.0,0.0,0.0
22.4340557806866,-42.40341164008456,19.999999999999968,0.0,0.0,0.0
22.425107123263377,-42.395915521286796,19.999999999999964,0.0,0.0,0.0
