galstreams/tracks/track.po.Scamander.grillmair2017.ecsv
# %ECSV 1.0
# ---
# datatype:
# - {name: ra, unit: deg, datatype: float64}
# - {name: dec, unit: deg, datatype: float64}
# - {name: distance, unit: kpc, datatype: float64}
# - {name: pm_ra_cosdec, unit: mas / yr, datatype: float64}
# - {name: pm_dec, unit: mas / yr, datatype: float64}
# - {name: radial_velocity, unit: km / s, datatype: float64}
# delimiter: ','
# meta: !!omap
# - __serialized_columns__:
#     dec:
#       __class__: astropy.coordinates.angles.Latitude
#       unit: &id001 !astropy.units.Unit {unit: deg}
#       value: !astropy.table.SerializedColumn {name: dec}
#     distance:
#       __class__: astropy.coordinates.distances.Distance
#       unit: !astropy.units.Unit {unit: kpc}
#       value: !astropy.table.SerializedColumn {name: distance}
#     pm_dec:
#       __class__: astropy.units.quantity.Quantity
#       unit: !astropy.units.Unit {unit: mas / yr}
#       value: !astropy.table.SerializedColumn {name: pm_dec}
#     pm_ra_cosdec:
#       __class__: astropy.units.quantity.Quantity
#       unit: !astropy.units.Unit {unit: mas / yr}
#       value: !astropy.table.SerializedColumn {name: pm_ra_cosdec}
#     ra:
#       __class__: astropy.coordinates.angles.Longitude
#       unit: *id001
#       value: !astropy.table.SerializedColumn {name: ra}
#       wrap_angle: !astropy.coordinates.Angle
#         unit: *id001
#         value: 360.0
#     radial_velocity:
#       __class__: astropy.units.quantity.Quantity
#       unit: !astropy.units.Unit {unit: km / s}
#       value: !astropy.table.SerializedColumn {name: radial_velocity}
# schema: astropy-2.0
ra,dec,distance,pm_ra_cosdec,pm_dec,radial_velocity
[from data line 3514]
147.86088401318776,14.493996519948713,20.999999999999975,0.0,0.0,0.0
147.85977926042338,14.503940699380625,20.999999999999975,0.0,0.0,0.0
147.85867440845212,14.513884873647227,20.999999999999975,0.0,0.0,0.0
147.85756945719402,14.523829042744362,20.999999999999975,0.0,0.0,0.0
147.85646440656916,14.533773206667886,20.99999999999998,0.0,0.0,0.0
147.85535925649768,14.543717365413611,20.99999999999998,0.0,0.0,0.0
147.85425400689954,14.553661518977387,20.99999999999998,0.0,0.0,0.0
147.85314865769476,14.563605667355032,20.999999999999975,0.0,0.0,0.0
147.85204320880337,14.573549810542392,20.99999999999998,0.0,0.0,0.0
147.8509376601453,14.583493948535287,20.999999999999975,0.0,0.0,0.0
147.84983201164047,14.593438081329555,20.999999999999975,0.0,0.0,0.0
147.84872626320882,14.603382208921008,20.999999999999975,0.0,0.0,0.0
147.84762041477023,14.613326331305485,20.999999999999975,0.0,0.0,0.0
147.84651446624454,14.623270448478806,20.999999999999975,0.0,0.0,0.0
147.84540841755157,14.633214560436786,20.99999999999998,0.0,0.0,0.0
147.84430226861113,14.643158667175264,20.99999999999998,0.0,0.0,0.0
147.84319601934297,14.653102768690049,20.99999999999997,0.0,0.0,0.0
147.84208966966688,14.663046864976963,20.99999999999998,0.0,0.0,0.0
147.8409832195026,14.672990956031812,20.99999999999998,0.0,0.0,0.0
147.83987666876973,14.682935041850437,20.999999999999975,0.0,0.0,0.0
147.83877001738801,14.69287912242862,20.99999999999998,0.0,0.0,0.0
147.8376632652771,14.702823197762209,20.999999999999975,0.0,0.0,0.0
147.83655641235657,14.71276726784699,20.999999999999975,0.0,0.0,0.0
147.83544945854604,14.722711332678788,20.99999999999998,0.0,0.0,0.0
147.83434240376505,14.732655392253402,20.99999999999997,0.0,0.0,0.0
147.8332352479331,14.742599446566642,20.99999999999997,0.0,0.0,0.0
147.83212799096978,14.752543495614322,20.99999999999997,0.0,0.0,0.0
147.83102063279455,14.762487539392234,20.999999999999975,0.0,0.0,0.0
147.8299131733268,14.772431577896201,20.999999999999975,0.0,0.0,0.0
147.82880561248604,14.782375611122003,20.999999999999968,0.0,0.0,0.0
147.82769795019163,14.792319639065461,20.99999999999997,0.0,0.0,0.0
147.82659018636295,14.802263661722353,20.99999999999997,0.0,0.0,0.0
147.82548232091935,14.812207679088496,20.99999999999997,0.0,0.0,0.0
147.82437435378014,14.822151691159672,20.99999999999997,0.0,0.0,0.0
147.82326628486464,14.832095697931685,20.999999999999968,0.0,0.0,0.0
147.82215811409213,14.842039699400328,20.999999999999975,0.0,0.0,0.0
147.8210498413818,14.851983695561387,20.99999999999997,0.0,0.0,0.0
147.8199414666529,14.861927686410665,20.999999999999975,0.0,0.0,0.0
147.81883298982459,14.871871671943937,20.999999999999975,0.0,0.0,0.0
147.81772441081606,14.881815652157004,20.99999999999997,0.0,0.0,0.0
147.8166157295464,14.891759627045644,20.99999999999997,0.0,0.0,0.0
147.81550694593477,14.901703596605651,20.999999999999975,0.0,0.0,0.0
147.8143980599002,14.911647560832789,20.999999999999975,0.0,0.0,0.0
147.8132890713618,14.921591519722867,20.999999999999975,0.0,0.0,0.0
147.8121799802385,14.931535473271643,20.999999999999975,0.0,0.0,0.0
147.8110707864494,14.941479421474908,20.99999999999998,0.0,0.0,0.0
147.80996148991338,14.951423364328447,20.99999999999997,0.0,0.0,0.0
147.80885209054944,14.961367301828018,20.99999999999997,0.0,0.0,0.0
147.80774258827648,14.971311233969415,20.99999999999997,0.0,0.0,0.0
147.80663298301337,14.981255160748393,20.999999999999975,0.0,0.0,0.0
147.80552327467902,14.991199082160746,20.99999999999997,0.0,0.0,0.0
147.8044134631922,15.001142998202228,20.99999999999997,0.0,0.0,0.0
147.80330354847175,15.011086908868613,20.99999999999997,0.0,0.0,0.0
147.80219353043645,15.021030814155667,20.99999999999997,0.0,0.0,0.0
147.80108340900503,15.030974714059168,20.999999999999975,0.0,0.0,0.0
147.79997318409625,15.040918608574868,20.99999999999997,0.0,0.0,0.0
147.79886285562878,15.050862497698535,20.99999999999997,0.0,0.0,0.0
147.7977524235213,15.06080638142594,20.99999999999997,0.0,0.0,0.0
147.79664188769243,15.070750259752824,20.99999999999998,0.0,0.0,0.0
147.79553124806077,15.08069413267497,20.99999999999997,0.0,0.0,0.0
147.79442050454497,15.09063800018812,20.999999999999975,0.0,0.0,0.0
147.79330965706353,15.100581862288035,20.99999999999997,0.0,0.0,0.0
147.79219870553501,15.11052571897047,20.99999999999997,0.0,0.0,0.0
147.7910876498779,15.120469570231187,20.99999999999997,0.0,0.0,0.0
147.7899764900107,15.13041341606592,20.99999999999997,0.0,0.0,0.0
147.78886522585185,15.140357256470432,20.99999999999997,0.0,0.0,0.0
147.78775385731973,15.15030109144047,20.99999999999997,0.0,0.0,0.0
147.7866423843328,15.160244920971781,20.999999999999975,0.0,0.0,0.0
147.78553080680933,15.170188745060125,20.99999999999997,0.0,0.0,0.0
147.78441912466772,15.180132563701223,20.99999999999997,0.0,0.0,0.0
147.78330733782633,15.190076376890836,20.99999999999997,0.0,0.0,0.0
147.78219544620333,15.2000201846247,20.99999999999997,0.0,0.0,0.0
147.78108344971704,15.209963986898554,20.99999999999997,0.0,0.0,0.0
147.77997134828567,15.219907783708141,20.999999999999975,0.0,0.0,0.0
147.77885914182744,15.229851575049203,20.999999999999968,0.0,0.0,0.0
147.77774683026047,15.23979536091746,20.99999999999997,0.0,0.0,0.0
147.77663441350293,15.249739141308655,20.999999999999975,0.0,0.0,0.0
147.77552189147295,15.259682916218535,20.99999999999997,0.0,0.0,0.0
147.7744092640886,15.269626685642812,20.99999999999997,0.0,0.0,0.0
147.77329653126793,15.27957044957723,20.999999999999975,0.0,0.0,0.0
147.772183692929,15.28951420801751,20.99999999999997,0.0,0.0,0.0
147.77107074898976,15.299457960959385,20.999999999999975,0.0,0.0,0.0
147.76995769936823,15.309401708398573,20.99999999999997,0.0,0.0,0.0
147.76884454398234,15.319345450330806,20.999999999999975,0.0,0.0,0.0
147.76773128274996,15.3292891867518,20.999999999999975,0.0,0.0,0.0
147.76661791558908,15.339232917657291,20.99999999999997,0.0,0.0,0.0
147.76550444241747,15.349176643042982,20.999999999999975,0.0,0.0,0.0
147.764390863153,15.359120362904596,20.999999999999975,0.0,0.0,0.0
147.7632771777135,15.369064077237864,20.99999999999997,0.0,0.0,0.0
147.76216338601668,15.379007786038482,20.99999999999997,0.0,0.0,0.0
147.76104948798033,15.388951489302178,20.999999999999975,0.0,0.0,0.0
147.75993548352216,15.398895187024657,20.999999999999975,0.0,0.0,0.0
147.75882137255988,15.408838879201637,20.99999999999997,0.0,0.0,0.0
147.75770715501113,15.418782565828812,20.99999999999997,0.0,0.0,0.0
147.75659283079355,15.428726246901906,20.99999999999998,0.0,0.0,0.0
147.75547839982474,15.438669922416628,20.999999999999975,0.0,0.0,0.0
147.7543638620223,15.448613592368668,20.99999999999997,0.0,0.0,0.0
147.75324921730373,15.45855725675375,20.99999999999997,0.0,0.0,0.0
147.75213446558658,15.468500915567555,20.99999999999997,0.0,0.0,0.0
147.75101960678836,15.478444568805797,20.999999999999968,0.0,0.0,0.0
147.7499046408265,15.488388216464166,20.999999999999975,0.0,0.0,0.0
147.74878956761847,15.498331858538375,20.99999999999997,0.0,0.0,0.0
147.74767438708162,15.508275495024101,20.999999999999975,0.0,0.0,0.0
147.7465590991334,15.518219125917055,20.999999999999975,0.0,0.0,0.0
147.7454437036911,15.528162751212921,20.99999999999997,0.0,0.0,0.0
147.74432820067207,15.538106370907398,20.999999999999975,0.0,0.0,0.0
147.7432125899936,15.548049984996165,20.99999999999997,0.0,0.0,0.0
147.7420968715729,15.557993593474919,20.99999999999997,0.0,0.0,0.0
147.7409810453273,15.567937196339349,20.99999999999997,0.0,0.0,0.0
147.73986511117388,15.577880793585134,20.99999999999997,0.0,0.0,0.0
147.73874906902995,15.587824385207966,20.999999999999975,0.0,0.0,0.0
147.73763291881258,15.597767971203519,20.999999999999975,0.0,0.0,0.0
147.7365166604389,15.60771155156749,20.999999999999968,0.0,0.0,0.0
147.73540029382596,15.617655126295533,20.99999999999997,0.0,0.0,0.0
147.73428381889087,15.62759869538335,20.99999999999997,0.0,0.0,0.0
147.7331672355507,15.637542258826597,20.999999999999975,0.0,0.0,0.0
147.73205054372235,15.647485816620975,20.999999999999975,0.0,0.0,0.0
147.73093374332285,15.657429368762138,20.99999999999997,0.0,0.0,0.0
147.72981683426914,15.667372915245751,20.999999999999975,0.0,0.0,0.0
147.72869981647818,15.677316456067514,20.999999999999975,0.0,0.0,0.0
147.72758268986678,15.68725999122307,20.999999999999975,0.0,0.0,0.0
147.7264654543518,15.697203520708102,20.99999999999997,0.0,0.0,0.0
147.7253481098501,15.707147044518262,20.99999999999997,0.0,0.0,0.0
147.72423065627848,15.717090562649233,20.99999999999997,0.0,0.0,0.0
147.7231130935537,15.727034075096656,20.99999999999997,0.0,0.0,0.0
147.7219954215925,15.736977581856207,20.999999999999975,0.0,0.0,0.0
147.7208776403116,15.74692108292354,20.99999999999997,0.0,0.0,0.0
147.71975974962766,15.756864578294318,20.99999999999997,0.0,0.0,0.0
147.71864174945736,15.766808067964199,20.99999999999997,0.0,0.0,0.0
147.71752363971734,15.776751551928827,20.99999999999998,0.0,0.0,0.0
147.7164054203241,15.786695030183873,20.99999999999997,0.0,0.0,0.0
147.71528709119428,15.796638502724976,20.99999999999997,0.0,0.0,0.0
147.7141686522444,15.806581969547791,20.99999999999997,0.0,0.0,0.0
147.71305010339097,15.81652543064796,20.99999999999997,0.0,0.0,0.0
147.71193144455046,15.826468886021148,20.999999999999975,0.0,0.0,0.0
147.71081267563932,15.83641233566298,20.99999999999997,0.0,0.0,0.0
147.70969379657396,15.846355779569127,20.99999999999997,0.0,0.0,0.0
147.70857480727074,15.856299217735193,20.999999999999975,0.0,0.0,0.0
147.70745570764606,15.866242650156856,20.99999999999997,0.0,0.0,0.0
147.70633649761626,15.876186076829747,20.99999999999997,0.0,0.0,0.0
147.7052171770976,15.886129497749492,20.99999999999997,0.0,0.0,0.0
147.70409774600634,15.896072912911741,20.999999999999975,0.0,0.0,0.0
147.70297820425876,15.906016322312116,20.99999999999997,0.0,0.0,0.0
147.70185855177107,15.91595972594626,20.99999999999998,0.0,0.0,0.0
147.7007387884594,15.925903123809812,20.99999999999997,0.0,0.0,0.0
147.69961891423992,15.935846515898387,20.99999999999997,0.0,0.0,0.0
147.69849892902877,15.945789902207617,20.99999999999997,0.0,0.0,0.0
147.69737883274203,15.955733282733142,20.99999999999997,0.0,0.0,0.0
147.69625862529574,15.965676657470576,20.99999999999997,0.0,0.0,0.0
147.69513830660597,15.975620026415541,20.99999999999997,0.0,0.0,0.0
147.69401787658867,15.985563389563676,20.999999999999968,0.0,0.0,0.0
147.6928973351599,15.995506746910582,20.99999999999997,0.0,0.0,0.0
147.69177668223546,16.00545009845189,20.999999999999975,0.0,0.0,0.0
147.6906559177314,16.015393444183214,20.999999999999975,0.0,0.0,0.0
147.68953504156352,16.025336784100187,20.99999999999997,0.0,0.0,0.0
147.68841405364768,16.035280118198393,20.999999999999975,0.0,0.0,0.0
147.68729295389969,16.045223446473475,20.99999999999997,0.0,0.0,0.0
147.68617174223542,16.055166768921023,20.99999999999997,0.0,0.0,0.0
147.68505041857054,16.065110085536652,20.99999999999997,0.0,0.0,0.0
147.68392898282082,16.075053396315987,20.99999999999997,0.0,0.0,0.0
147.68280743490195,16.08499670125461,20.999999999999975,0.0,0.0,0.0
147.68168577472957,16.09494000034815,20.99999999999997,0.0,0.0,0.0
147.6805640022194,16.10488329359219,20.99999999999997,0.0,0.0,0.0
147.67944211728698,16.114826580982353,20.999999999999975,0.0,0.0,0.0
147.6783201198479,16.124769862514217,20.999999999999975,0.0,0.0,0.0
147.67719800981774,16.134713138183397,20.99999999999997,0.0,0.0,0.0
147.67607578711198,16.14465640798549,20.999999999999975,0.0,0.0,0.0
147.67495345164613,16.15459967191609,20.99999999999997,0.0,0.0,0.0
147.67383100333564,16.16454292997079,20.999999999999968,0.0,0.0,0.0
147.67270844209594,16.17448618214517,20.99999999999997,0.0,0.0,0.0
147.67158576784243,16.184429428434846,20.99999999999997,0.0,0.0,0.0
147.67046298049044,16.19437266883539,20.99999999999997,0.0,0.0,0.0
147.6693400799554,16.204315903342398,20.999999999999975,0.0,0.0,0.0
147.6682170661525,16.214259131951447,20.99999999999997,0.0,0.0,0.0
147.6670939389971,16.22420235465814,20.99999999999998,0.0,0.0,0.0
147.66597069840438,16.23414557145804,20.99999999999997,0.0,0.0,0.0
147.66484734428963,16.244088782346743,20.99999999999997,0.0,0.0,0.0
147.66372387656796,16.254031987319816,20.99999999999997,0.0,0.0,0.0
147.66260029515456,16.263975186372853,20.99999999999997,0.0,0.0,0.0
147.66147659996452,16.273918379501417,20.99999999999997,0.0,0.0,0.0
147.66035279091298,16.283861566701084,20.99999999999997,0.0,0.0,0.0
147.65922886791498,16.293804747967435,20.999999999999975,0.0,0.0,0.0
147.65810483088552,16.303747923296037,20.99999999999998,0.0,0.0,0.0
147.65698067973963,16.313691092682472,20.999999999999975,0.0,0.0,0.0
147.65585641439228,16.32363425612229,20.999999999999975,0.0,0.0,0.0
147.65473203475838,16.33357741361107,20.99999999999997,0.0,0.0,0.0
147.65360754075286,16.343520565144377,20.99999999999997,0.0,0.0,0.0
147.65248293229058,16.353463710717772,20.99999999999997,0.0,0.0,0.0
147.6513582092864,16.36340685032681,20.999999999999975,0.0,0.0,0.0
147.65023337165516,16.373349983967064,20.999999999999975,0.0,0.0,0.0
147.64910841931155,16.383293111634096,20.99999999999997,0.0,0.0,0.0
147.64798335217043,16.393236233323442,20.99999999999998,0.0,0.0,0.0
147.6468581701464,16.403179349030683,20.99999999999997,0.0,0.0,0.0
147.64573287315426,16.413122458751353,20.99999999999997,0.0,0.0,0.0
147.64460746110865,16.423065562481025,20.99999999999997,0.0,0.0,0.0
147.64348193392414,16.43300866021523,20.99999999999997,0.0,0.0,0.0
147.64235629151537,16.442951751949526,20.99999999999997,0.0,0.0,0.0
147.6412305337969,16.45289483767946,20.99999999999997,0.0,0.0,0.0
147.64010466068325,16.462837917400577,20.99999999999997,0.0,0.0,0.0
147.6389786720889,16.472780991108415,20.99999999999997,0.0,0.0,0.0
147.6378525679284,16.48272405879853,20.99999999999997,0.0,0.0,0.0
147.63672634811613,16.49266712046646,20.99999999999997,0.0,0.0,0.0
147.63560001256647,16.50261017610774,20.99999999999997,0.0,0.0,0.0
147.6344735611939,16.51255322571791,20.99999999999997,0.0,0.0,0.0
147.63334699391265,16.522496269292503,20.99999999999997,0.0,0.0,0.0
147.63222031063708,16.53243930682706,20.999999999999964,0.0,0.0,0.0
147.6310935112815,16.542382338317104,20.99999999999997,0.0,0.0,0.0
147.62996659576015,16.55232536375818,20.99999999999997,0.0,0.0,0.0
147.6288395639872,16.562268383145806,20.99999999999997,0.0,0.0,0.0
147.6277124158769,16.572211396475517,20.99999999999997,0.0,0.0,0.0
147.62658515134342,16.582154403742827,20.999999999999968,0.0,0.0,0.0
147.62545777030084,16.592097404943267,20.99999999999997,0.0,0.0,0.0
147.62433027266323,16.602040400072376,20.99999999999997,0.0,0.0,0.0
147.6232026583447,16.61198338912565,20.99999999999997,0.0,0.0,0.0
147.62207492725926,16.62192637209863,20.999999999999968,0.0,0.0,0.0
147.6209470793209,16.631869348986815,20.99999999999997,0.0,0.0,0.0
147.61981911444363,16.641812319785743,20.999999999999964,0.0,0.0,0.0
147.61869103254134,16.6517552844909,20.99999999999997,0.0,0.0,0.0
147.61756283352798,16.66169824309783,20.999999999999968,0.0,0.0,0.0
147.61643451731734,16.671641195602025,20.999999999999968,0.0,0.0,0.0
147.61530608382336,16.681584141998993,20.999999999999968,0.0,0.0,0.0
147.6141775329598,16.691527082284257,20.999999999999968,0.0,0.0,0.0
147.6130488646404,16.70147001645331,20.999999999999968,0.0,0.0,0.0
147.61192007877895,16.711412944501667,20.99999999999997,0.0,0.0,0.0
147.61079117528914,16.721355866424823,20.999999999999968,0.0,0.0,0.0
147.6096621540847,16.731298782218282,20.99999999999997,0.0,0.0,0.0
147.60853301507922,16.74124169187754,20.99999999999997,0.0,0.0,0.0
147.60740375818634,16.751184595398108,20.999999999999968,0.0,0.0,0.0
147.60627438331963,16.761127492775465,20.99999999999997,0.0,0.0,0.0
147.6051448903927,16.771070384005117,20.999999999999968,0.0,0.0,0.0
147.604015279319,16.781013269082546,20.99999999999997,0.0,0.0,0.0
147.60288555001202,16.790956148003257,20.99999999999997,0.0,0.0,0.0
147.60175570238528,16.800899020762735,20.99999999999997,0.0,0.0,0.0
147.6006257363521,16.810841887356464,20.99999999999997,0.0,0.0,0.0
