galstreams/tracks/track.st.Gunnthra.ibata2021.ecsv
# %ECSV 1.0
# ---
# datatype:
# - {name: ra, unit: deg, datatype: float64}
# - {name: dec, unit: deg, datatype: float64}
# - {name: distance, unit: kpc, datatype: float64}
# - {name: pm_ra_cosdec, unit: mas / yr, datatype: float64}
# - {name: pm_dec, unit: mas / yr, datatype: float64}
# - {name: radial_velocity, unit: km / s, datatype: float64}
# delimiter: ','
# meta: !!omap
# - __serialized_columns__:
#     dec:
#       __class__: astropy.coordinates.angles.Latitude
#       unit: &id001 !astropy.units.Unit {unit: deg}
#       value: !astropy.table.SerializedColumn {name: dec}
#     distance:
#       __class__: astropy.coordinates.distances.Distance
#       unit: !astropy.units.Unit {unit: kpc}
#       value: !astropy.table.SerializedColumn {name: distance}
#     pm_dec:
#       __class__: astropy.units.quantity.Quantity
#       unit: !astropy.units.Unit {unit: mas / yr}
#       value: !astropy.table.SerializedColumn {name: pm_dec}
#     pm_ra_cosdec:
#       __class__: astropy.units.quantity.Quantity
#       unit: !astropy.units.Unit {unit: mas / yr}
#       value: !astropy.table.SerializedColumn {name: pm_ra_cosdec}
#     ra:
#       __class__: astropy.coordinates.angles.Longitude
#       unit: *id001
#       value: !astropy.table.SerializedColumn {name: ra}
#       wrap_angle: !astropy.coordinates.Angle
#         unit: *id001
#         value: 360.0
#     radial_velocity:
#       __class__: astropy.units.quantity.Quantity
#       unit: !astropy.units.Unit {unit: km / s}
#       value: !astropy.table.SerializedColumn {name: radial_velocity}
# schema: astropy-2.0
ra,dec,distance,pm_ra_cosdec,pm_dec,radial_velocity
[from data line 1412]
296.81176804279306,-65.72844110488563,3.08585130168851,-9.691518764408531,-28.99544433594321,46.9902973518052
296.81866554881674,-65.71870300076677,3.0859478911225895,-9.687777447798208,-28.99934572555594,47.009465854647175
296.82555650311804,-65.70896435635197,3.0860450004077893,-9.684038522986054,-29.00324190611428,47.02871023808473
296.83244092542327,-65.69922517430994,3.086142630357288,-9.680301983602801,-29.007132873577923,47.04803014621065
296.83931883543147,-65.68948545730626,3.086240781784266,-9.676567823289513,-29.01101862389666,47.067425223117894
296.84619025281467,-65.6797452080034,3.0863394555019035,-9.672836035697458,-29.01489915301059,47.086895112899384
296.85305519721777,-65.67000442906063,3.0864386523233796,-9.669106614488234,-29.018774456849947,47.106439459647795
296.8599136882587,-65.6602631231342,3.0865383730618756,-9.665379553333702,-29.022644531335303,47.126057907456115
296.8667657455283,-65.65052129287719,3.0866386185305696,-9.661654845916043,-29.026509372377447,47.145750100417146
296.8736113885907,-65.64077894093961,3.0867393895426423,-9.657932485927633,-29.030368975877515,47.16551568262364
296.88045063698286,-65.63103606996836,3.0868406869112732,-9.654212467071144,-29.03422333772692,47.185354298168704
296.88728351021507,-65.62129268260729,3.086942511449642,-9.650494783059555,-29.03807245380745,47.20526559114505
296.8941100277708,-65.6115487814971,3.087044863970929,-9.646779427616053,-29.041916319991223,47.225249205645504
296.90093020910666,-65.60180436927548,3.087147745288313,-9.643066394474097,-29.0457549321408,47.24530478576283
296.9077440736526,-65.59205944857706,3.087251156214976,-9.63935567737741,-29.049588286109092,47.265431975590175
296.91455164081196,-65.58231402203334,3.0873550975640947,-9.635647270079943,-29.053416377739495,47.2856304192201
296.92135292996124,-65.57256809227285,3.0874595701488508,-9.631941166345921,-29.05723920286583,47.30589976074552
296.9281479604506,-65.562821661921,3.0875645747824243,-9.62823735994981,-29.0610567573124,47.326239644259445
296.9349367516034,-65.55307473360025,3.087670112277995,-9.624535844676286,-29.064869036894017,47.346649713854646
296.94171932271666,-65.54332730992992,3.087776183448742,-9.620836614320302,-29.068676037416015,47.3671296136239
296.948495693061,-65.53357939352638,3.087882789107845,-9.617139662687004,-29.07247775467426,47.38767898765999
296.9552658818802,-65.52383098700297,3.0879899300684848,-9.613444983591828,-29.076274184455198,47.40829748005614
296.96202990839225,-65.51408209296996,3.08809760714384,-9.60975257086034,-29.08006532253586,47.42898473490477
296.9687877917885,-65.50433271403472,3.0882058211470906,-9.606062418328401,-29.083851164683885,47.44974039629899
296.9755395512338,-65.49458285280151,3.088314572891418,-9.602374519842101,-29.08763170665751,47.470564108331644
296.98228520586713,-65.48483251187167,3.08842386319,-9.598688869257687,-29.09140694420571,47.49145551509543
296.98902477480107,-65.4750816938435,3.0885336928560183,-9.595005460441673,-29.09517687306803,47.51241426068326
296.995758277122,-65.46533040131239,3.0886440627026506,-9.591324287270773,-29.098941488974816,47.533439989187976
297.00248573189015,-65.45557863687067,3.088754973543078,-9.587645343631884,-29.10270078764704,47.55453234470262
297.0092071581399,-65.44582640310776,3.0888664261904806,-9.583968623422107,-29.106454764796474,47.57569097131991
297.0159225748793,-65.4360737026101,3.088978421458037,-9.580294120548748,-29.110203416125632,47.59691551313267
297.02263200109064,-65.42632053796116,3.089090960158928,-9.576621828929325,-29.11394673732781,47.618205614233624
297.02933545572995,-65.41656691174151,3.0892040431063337,-9.57295174249155,-29.117684724087095,47.639560918716
297.0360329577277,-65.40681282652871,3.0893176711134327,-9.56928385517329,-29.121417372078437,47.660981070672214
297.0427245259882,-65.39705828489743,3.0894318449934053,-9.56561816092263,-29.1251446769676,47.682465714195516
297.04941017939007,-65.38730328941938,3.089546565559432,-9.561954653697821,-29.128866634411217,47.70401449337846
297.0560899367861,-65.37754784266339,3.0896618336246915,-9.558293327467279,-29.132583240056846,47.725627052313975
297.0627638170034,-65.36779194719531,3.0897776500023646,-9.55463417620966,-29.13629448954292,47.74730303509506
297.0694318388432,-65.35803560557815,3.0898940155056303,-9.55097719391371,-29.140000378498783,47.76904208581448
297.07609402108113,-65.34827882037193,3.0900109309476695,-9.547322374578398,-29.14370090254477,47.79084384856497
297.08275038246745,-65.33852159413385,3.0901283971416613,-9.54366971221282,-29.14739605729222,47.81270796743954
297.08940094172635,-65.32876392941816,3.090246414900784,-9.540019200836294,-29.151085838343395,47.834634086530926
297.096045717557,-65.31900582877624,3.0903649850382204,-9.536370834478225,-29.154770241291622,47.856621849932154
297.1026847286327,-65.30924729475663,3.090484108367148,-9.532724607178196,-29.158449261721227,47.87867090173604
297.1093179936015,-65.2994883299049,3.090603785700749,-9.529080512985985,-29.16212289520763,47.900780886035115
297.1159455310858,-65.28972893676384,3.090724017852201,-9.525438545961487,-29.165791137317296,47.9229514469227
297.1225673596829,-65.2799691178733,3.090844805634684,-9.52179870017472,-29.169453983607823,47.94518222849123
297.1291834979645,-65.27020887577036,3.090966149861378,-9.518160969705894,-29.173111429627898,47.967472874833845
297.13579396447733,-65.2604482129892,3.091088051345463,-9.514525348645318,-29.17676347091736,47.98982303004336
297.14239877774264,-65.25068713206115,3.0912105109001202,-9.510891831093426,-29.18041010300722,48.01223233821251
297.1489979562564,-65.24092563551467,3.0913335293385273,-9.507260411160848,-29.18405132141961,48.03470044343431
297.1555915184896,-65.23116372587543,3.091457107473865,-9.503631082968312,-29.187687121667974,48.05722698980143
297.16217948288806,-65.22140140566631,3.091581246119313,-9.50000384064661,-29.19131749925689,48.07981162140684
297.16876186787243,-65.21163867740728,3.0917059460880516,-9.496378678336766,-29.194942449682184,48.10245398234343
297.1753386918385,-65.20187554361551,3.091831208193259,-9.492755590189837,-29.198561968430973,48.125153716703764
297.1819099731567,-65.19211200680542,3.0919570332481174,-9.489134570367037,-29.202176050981627,48.14791046858112
297.18847573017285,-65.18234806948858,3.092083422065806,-9.485515613039684,-29.20578469280386,48.1707238820683
297.19503598120775,-65.17258373417374,3.0922103754595023,-9.481898712389201,-29.209387889358677,48.19359360125765
297.2015907445572,-65.1628190033669,3.0923378942423887,-9.478283862607139,-29.212985636098434,48.21651927024266
297.20814003849233,-65.15305387957126,3.0924659792276445,-9.474671057895106,-29.216577928466833,48.239500533115816
297.2146838812594,-65.1432883652872,3.0925946312284487,-9.471060292464848,-29.220164761898992,48.26253703397007
297.22122229107975,-65.13352246301238,3.092723851057981,-9.467451560538223,-29.223746131821404,48.28562841689823
297.22775528615034,-65.12375617524164,3.0928536395294226,-9.463844856347118,-29.22732203365198,48.308774325993234
297.23428288464305,-65.11398950446709,3.0929839974559514,-9.460240174133592,-29.23089246280012,48.33197440534783
297.24080510470554,-65.10422245317804,3.0931149256507497,-9.456637508149717,-29.234457414666625,48.35522829905485
297.24732196446047,-65.09445502386109,3.0932464249269946,-9.453036852657728,-29.238016884643812,48.378535651207415
297.25383348200637,-65.08468721900006,3.093378496097868,-9.449438201929812,-29.241570868115502,48.401896105898125
297.2603396754168,-65.07491904107603,3.0935111399765494,-9.445841550248405,-29.245119360457007,48.42530930721982
297.26684056274115,-65.06515049256737,3.093644357376218,-9.442246891905874,-29.248662357035215,48.44877489926559
297.27333616200434,-65.05538157594967,3.093778149110053,-9.438654221204732,-29.25219985320856,48.472292526128086
297.2798264912068,-65.0456122936958,3.0939125159912346,-9.435063532457535,-29.255731844327073,48.495861831900065
297.28631156832466,-65.03584264827595,3.094047458832944,-9.431474819986926,-29.25925832573231,48.519482460674666
297.29279141130974,-65.02607264215756,3.094182978448359,-9.427888078125562,-29.262779292757575,48.54315405654454
297.29926603808957,-65.01630227780535,3.0943190756506613,-9.4243033012162,-29.266294740727666,48.56687626360267
297.30573546656746,-65.00653155768136,3.094455751253029,-9.420720483611671,-29.269804664959167,48.59064872594176
297.3121997146225,-64.99676048424492,3.094593006068644,-9.417139619674774,-29.273309060760237,48.6144710876547
297.3186588001097,-64.98698905995265,3.0947308409106835,-9.41356070377847,-29.276807923430802,48.638342992834545
297.3251127408598,-64.97721728725848,3.09486925659233,-9.409983730305685,-29.28030124826246,48.66226408557382
297.3315615546797,-64.9674451686137,3.095008253926761,-9.406408693649398,-29.28378903053858,48.686234009965574
297.338005259352,-64.95767270646684,3.095147833727157,-9.402835588212673,-29.287271265534237,48.710252410102626
297.3444438726355,-64.94789990326385,3.0952879968066984,-9.39926440840855,-29.290747948516298,48.73431893007794
297.350877412265,-64.9381267614479,3.095428743978565,-9.395695148660165,-29.294219074743452,48.75843321398402
297.3573058959513,-64.92835328345961,3.0955700760559357,-9.392127803400626,-29.297684639466148,48.78259490591415
297.36372934138143,-64.91857947173688,3.095711993851991,-9.388562367073122,-29.301144637926704,48.80680364996097
297.3701477662186,-64.90880532871495,3.0958544981799117,-9.38499883413081,-29.30459906535925,48.83105909021742
297.37656118810213,-64.89903085682641,3.095997589852875,-9.381437199036926,-29.30804791698983,48.85536087077618
297.3829696246476,-64.88925605850125,3.0961412696840633,-9.377877456264692,-29.311491188036314,48.87970863573039
297.389373093447,-64.87948093616676,3.096285538486655,-9.37431960029733,-29.314928873708535,48.90410202917258
297.39577161206836,-64.86970549224765,3.0964303970738305,-9.370763625628133,-29.318360969208193,48.92854069519577
297.4021651980564,-64.85992972916597,3.0965758462587694,-9.367209526760343,-29.321787469728967,48.9530242778929
297.408553868932,-64.85015364934115,3.09672188685465,-9.363657298207267,-29.3252083704565,48.97755242135655
297.4149376421928,-64.84037725519,3.0968685196746555,-9.36010693449211,-29.32862366656837,49.00212476967985
297.4213165353124,-64.83060054912676,3.0970157455319636,-9.356558430148228,-29.3320333532342,49.02674096695549
297.42769056574144,-64.82082353356297,3.0971635652397533,-9.353011779718852,-29.335437425615602,49.051400657276425
297.43405975090684,-64.81104621090765,3.0973119796112063,-9.349466977757238,-29.338835878866245,49.07610348473538
297.4404241082121,-64.80126858356718,3.0974609894595013,-9.345924018826684,-29.342228708131806,49.10084909342539
297.44678365503745,-64.79149065394536,3.0976105955978186,-9.342382897500437,-29.345615908550055,49.125637127439234
297.45313840873985,-64.78171242444338,3.0977607988393374,-9.338843608361717,-29.348997475250872,49.150467230869644
297.4594883866528,-64.77193389745989,3.0979115999972375,-9.335306146003767,-29.35237340335624,49.17533904780957
297.4658336060868,-64.76215507539091,3.0980629998846996,-9.331770505029747,-29.35574368798023,49.20025222235193
297.4721740843289,-64.75237596062989,3.098214999314903,-9.328236680052859,-29.359108324229073,49.22520639858948
297.47850983864305,-64.74259655556777,3.0983675991010275,-9.324704665696258,-29.362467307201186,49.250201220615104
297.48484088627015,-64.73281686259284,3.0985208000562525,-9.321174456593067,-29.36582063198713,49.27523633252167
297.49116724442797,-64.72303688409089,3.0986746029937593,-9.317646047386358,-29.369168293669684,49.300311378402
297.4974889303112,-64.71325662244512,3.0988290087267254,-9.314119432729186,-29.37251028732384,49.32542600234896
297.5038059610915,-64.7034760800362,3.098984018068333,-9.310594607284598,-29.375846608016815,49.350579848455496
297.5101183539177,-64.69369525924226,3.0991396318317603,-9.307071565725549,-29.379177250808088,49.37577256081425
297.5164261259154,-64.68391416243884,3.099295850830187,-9.303550302734992,-29.38250221074941,49.401003783518185
297.5227292941877,-64.674132791999,3.0994526758767935,-9.300030813005785,-29.385821482884786,49.42627316066029
297.5290278758144,-64.66435115029323,3.099610107784759,-9.296513091240806,-29.389135062250553,49.451580336333166
297.5353218878529,-64.65456923968952,3.099768147367266,-9.29299713215283,-29.39244294387537,49.47692495462996
297.5416113473375,-64.64478706255332,3.0999267954374914,-9.289482930464587,-29.395745122780223,49.502306659643175
297.5478962712799,-64.63500462124755,3.1000860528086154,-9.285970480908764,-29.399041593978467,49.527725095465954
297.55417667666916,-64.62522191813261,3.1002459202938186,-9.282459778227977,-29.402332352475824,49.55317990619094
297.56045258047146,-64.61543895556646,3.1004063987062804,-9.278950817174792,-29.40561739327042,49.57867073591135
297.56672399963054,-64.60565573590446,3.1005674888591805,-9.27544359251168,-29.408896711352753,49.60419722871958
297.5729909510675,-64.59587226149952,3.1007291915656987,-9.271938099011068,-29.41217030170582,49.62975902870867
297.5792534516808,-64.58608853470206,3.100891507639015,-9.268434331455335,-29.415438159304976,49.6553557799716
297.5855115183465,-64.57630455785997,3.1010544378923104,-9.264932284636723,-29.418700279118102,49.68098712660102
297.59176516791814,-64.5665203333187,3.101217983138762,-9.261431953357455,-29.42195665610553,49.706652712689994
297.5980144172268,-64.55673586342117,3.1013821441915526,-9.25793333242964,-29.425207285220104,49.7323521823311
297.60425928308115,-64.54695115050784,3.1015469218638585,-9.254436416675338,-29.428452161407165,49.75808517961741
297.6104997822676,-64.53716619691671,3.1017123169688636,-9.250941200926489,-29.43169127960458,49.783851348641804
297.61673593155,-64.5273810049833,3.101878330319744,-9.247447680024989,-29.434924634742803,49.809650333496954
297.6229677476703,-64.51759557704065,3.1020449627296824,-9.243955848822559,-29.438152221744808,49.83548177827571
297.62919524734775,-64.50780991541936,3.1022122150118565,-9.240465702180956,-29.441374035526163,49.861345327071135
297.63541844727973,-64.49802402244757,3.1023800879794483,-9.236977234971723,-29.44459007099503,49.88724062397604
297.6416373641412,-64.48823790045093,3.102548582445635,-9.233490442076397,-29.447800323052245,49.91316731308324
297.6478520145853,-64.4784515517527,3.102717699223599,-9.230005318386336,-29.451004786591184,49.93912503848541
297.65406241524266,-64.46866497867364,3.1028874391265173,-9.226521858802835,-29.454203456497957,49.96511344427558
297.6602685827222,-64.45887818353212,3.103057802967572,-9.223040058237086,-29.457396327651274,49.991132174546536
297.66647053361055,-64.44909116864405,3.1032287915599412,-9.219559911610187,-29.460583394922576,50.01718087339115
297.6726682844726,-64.43930393632289,3.103400405716807,-9.216081413853056,-29.463764653175957,50.04325918490229
297.678861851851,-64.42951648887971,3.1035726462513487,-9.21260455990661,-29.466940097268278,50.06936675317298
297.6850512522668,-64.4197288286231,3.1037455139767425,-9.209129344721532,-29.47010972204913,50.09550322229565
297.691236502219,-64.40994095785932,3.103919009706173,-9.20565576325846,-29.4732735223608,50.12166823636357
297.6974176181847,-64.40015287889211,3.104093134252817,-9.202183810487902,-29.476431493038397,50.147861439469395
297.7035946166194,-64.3903645940229,3.1042678884298565,-9.198713481390184,-29.479583628909793,50.1740824757061
297.70976751395654,-64.38057610555063,3.104443273050469,-9.195244770955636,-29.482729924795656,50.20033098916635
297.7159363266082,-64.37078741577186,3.1046192889278363,-9.191777674184307,-29.4858703755095,50.22660662394319
297.72210107096447,-64.3609985269808,3.1047959368751368,-9.188312186086186,-29.48900497585764,50.252909024129266
297.72826176339385,-64.35120944146917,3.1049732177055507,-9.184848301681193,-29.49213372063924,50.27923783381762
