galstreams/tracks/track.st.Gaia-7.ibata2021.ecsv
# %ECSV 0.9
# ---
# datatype:
# - {name: ra, unit: deg, datatype: float64}
# - {name: dec, unit: deg, datatype: float64}
# - {name: distance, unit: kpc, datatype: float64}
# - {name: pm_ra_cosdec, unit: mas / yr, datatype: float64}
# - {name: pm_dec, unit: mas / yr, datatype: float64}
# - {name: radial_velocity, unit: km / s, datatype: float64}
# delimiter: ','
# meta: !!omap
# - __serialized_columns__:
#     dec:
#       __class__: astropy.coordinates.angles.Latitude
#       unit: &id001 !astropy.units.Unit {unit: deg}
#       value: !astropy.table.SerializedColumn {name: dec}
#     distance:
#       __class__: astropy.coordinates.distances.Distance
#       unit: !astropy.units.Unit {unit: kpc}
#       value: !astropy.table.SerializedColumn {name: distance}
#     pm_dec:
#       __class__: astropy.units.quantity.Quantity
#       unit: !astropy.units.Unit {unit: mas / yr}
#       value: !astropy.table.SerializedColumn {name: pm_dec}
#     pm_ra_cosdec:
#       __class__: astropy.units.quantity.Quantity
#       unit: !astropy.units.Unit {unit: mas / yr}
#       value: !astropy.table.SerializedColumn {name: pm_ra_cosdec}
#     ra:
#       __class__: astropy.coordinates.angles.Longitude
#       unit: *id001
#       value: !astropy.table.SerializedColumn {name: ra}
#       wrap_angle: !astropy.coordinates.Angle
#         unit: *id001
#         value: 360.0
#     radial_velocity:
#       __class__: astropy.units.quantity.Quantity
#       unit: !astropy.units.Unit {unit: km / s}
#       value: !astropy.table.SerializedColumn {name: radial_velocity}
# schema: astropy-2.0
ra,dec,distance,pm_ra_cosdec,pm_dec,radial_velocity
175.00327432397307,-8.386930090960195,4.558076264339354,-10.098264589279658,-1.1201934568657193,2.4736003443999992e-14
175.00946645251182,-8.394847777939543,4.557979584182408,-10.097038797215147,-1.1202099903223344,2.2630811661531907e-14
175.01565814636263,-8.402765869354061,4.557884440541005,-10.095816976422524,-1.1202216372020102,1.5788938368510633e-15
175.02184940692734,-8.410684364284991,4.557790831587836,-10.094599122932623,-1.1202284060881582,-5.262979456170211e-16
175.0280402356079,-8.418603261813544,4.5576987554955934,-10.09338523277616,-1.1202303055644065,6.47346473108936e-14
175.03423063380623,-8.426522561020914,4.55760821043697,-10.092175301983723,-1.1202273442145945,1.7894130150978717e-14
175.0404206029243,-8.434442260988266,4.557519194584654,-10.090969326585787,-1.1202195306227722,-9.47336302110638e-15
175.04661014436414,-8.442362360796734,4.55743170611134,-10.089767302612676,-1.1202068733732091,7.368171238638296e-14
175.05279925952777,-8.450282859527436,4.5573457431897175,-10.088569226094613,-1.1201893810503838,5.999796580034041e-14
175.05898794981726,-8.458203756261453,4.557261303992478,-10.087375093061675,-1.1201670622389797,3.157787673702127e-14
175.0651762166348,-8.466125050079846,4.557178386692314,-10.086184899543818,-1.1201399255239015,-1.7894130150978717e-14
175.0713640613824,-8.474046740063644,4.557096989461919,-10.084998641570856,-1.120107979490254,3.789345208442552e-14
175.0775514854624,-8.48196882529386,4.557017110473979,-10.083816315172486,-1.1200712327233588,-1.1578554803574466e-14
175.08373849027691,-8.489891304851467,4.5569387479011905,-10.082637916378259,-1.1200296938087397,2.2104513715914887e-14
175.08992507722823,-8.497814177817421,4.556861899916244,-10.081463441217588,-1.1199833713321297,1.1578554803574466e-14
175.09611124771865,-8.505737443272642,4.556786564691829,-10.080292885719766,-1.119932273879476,-1.3157448640425528e-14
175.1022970031505,-8.513661100298028,4.55671274040064,-10.07912624591393,-1.1198764100369165,3.841975003004254e-14
175.10848234492616,-8.521585147974447,4.556640425215363,-10.077963517829092,-1.1198157883908135,-1.894672604221276e-14
175.114667274448,-8.529509585382742,4.556569617308696,-10.076804697494117,-1.1197504175277238,4.684051715991488e-14
175.1208517931185,-8.537434411603721,4.556500314853327,-10.075649780937724,-1.1196803060344047,-1.2104852749191486e-14
175.1270359023401,-8.545359625718175,4.556432516021946,-10.074498764188508,-1.119605462497828,4.052494181251063e-14
175.13321960351533,-8.55328522680685,4.556366218987249,-10.073351643274894,-1.119525895505164,3.526196235634042e-14
175.13940289804677,-8.56121121395048,4.5563014219219236,-10.072208414225184,-1.1194416136437815,2.5262301389617013e-14
175.14558578733696,-8.56913758622976,4.556238122998665,-10.071069073067514,-1.1193526255012556,2.5262301389617013e-14
175.1517682727885,-8.577064342725356,4.55617632039016,-10.069933615829894,-1.119258939665365,4.3682729486212757e-14
175.15795035580413,-8.584991482517914,4.556116012269103,-10.068802038540174,-1.1191605647240808,3.105157879140425e-14
175.16413203778652,-8.592919004688037,4.556057196808186,-10.067674337226048,-1.1190575092655815,-1.4210044531659571e-14
175.17031332013835,-8.600846908316305,4.555999872180099,-10.066550507915066,-1.118949781878238,2.6841195226468077e-14
175.17649420426253,-8.608775192483318,4.555944036557535,-10.065430546634625,-1.1188373911506275,1.1578554803574466e-14
175.18267469156172,-8.6167038562695,4.555889688113184,-10.06431444941197,-1.1187203456715187,-2.4736003443999992e-14
175.1888547834388,-8.624632898755396,4.555836825019736,-10.06320221227419,-1.1185986540298811,5.789277401787233e-14
175.19503448129677,-8.632562319021451,4.555785445449885,-10.062093831248212,-1.1184723248148778,-8.947065075489359e-15
175.20121378653846,-8.640492116148103,4.555735547576323,-10.060989302360808,-1.1183413666158695,-2.4736003443999992e-14
175.20739270056683,-8.648422289215747,4.555687129571741,-10.0598886216386,-1.1182057880224126,3.4209366465106376e-14
175.2135712247849,-8.656352837304752,4.5556401896088285,-10.058791785108035,-1.118065597624258,6.894503087582976e-14
175.21974936059576,-8.664283759495444,4.555594725860279,-10.057698788795413,-1.1179208040113489,1.7894130150978717e-14
175.22592710940245,-8.672215054868136,4.555550736498785,-10.056609628726859,-1.1177714157738226,-2.4736003443999992e-14
175.23210447260809,-8.680146722503103,4.555508219697034,-10.055524300928349,-1.117617441502011,-4.73668151055319e-15
175.23828145161582,-8.688078761480584,4.55546717362772,-10.054442801425683,-1.1174588897864342,-1.5788938368510635e-14
175.24445804782889,-8.69601117088078,4.555427596463535,-10.053365126244493,-1.117295769217806,-2.2104513715914887e-14
175.2506342626505,-8.703943949783872,4.555389486377171,-10.052291271410255,-1.1171280883870303,1.0525958912340423e-15
175.2568100974839,-8.711877097270007,4.555352841541317,-10.051221232948263,-1.1169558558852015,1.7894130150978717e-14
175.2629855537325,-8.719810612419295,4.555317660128665,-10.050155006883656,-1.1167790803036046,4.9472006887999985e-14
175.2691606327996,-8.727744494311809,4.55528394031191,-10.049092589241381,-1.1165977702337078,-2.368340755276595e-14
175.27533533608857,-8.735678742027604,4.55525168026374,-10.04803397604624,-1.1164119342671757,3.368306851948935e-14
175.2815096650029,-8.743613354646687,4.555220878156847,-10.04697916332284,-1.1162215809958536,-5.262979456170211e-16
175.287683620946,-8.751548331249046,4.555191532163921,-10.045928147095623,-1.1160267190117743,3.4209366465106376e-14
175.29385720532147,-8.759483670914614,4.555163640457657,-10.044880923388853,-1.1158273569071622,4.631421921429786e-14
175.30003041953282,-8.767419372723314,4.555137201210743,-10.043837488226613,-1.115623503274418,-4.210383564936169e-15
175.30620326498365,-8.775355435755017,4.555112212595874,-10.042797837632818,-1.115415166706139,1.1052256857957444e-14
175.3123757430776,-8.783291859089577,4.55508867278574,-10.041761967631185,-1.1152023557950956,-2.2630811661531907e-14
175.31854785521836,-8.791228641806793,4.555066579953031,-10.040729874245272,-1.1149850791342477,4.157753770374467e-14
175.32471960280964,-8.79916578298645,4.555045932270442,-10.039701553498439,-1.1147633453167378,8.947065075489359e-15
175.33089098725517,-8.807103281708287,4.5550267279106595,-10.038677001413873,-1.1145371629358873,3.9998643866893604e-14
175.33706200995886,-8.815041137052004,4.5550089650463805,-10.037656214014572,-1.1143065405852022,-1.7367832205361697e-14
175.3432326723244,-8.822979348097288,4.554992641850291,-10.036639187323347,-1.1140714868583712,7.894469184255318e-15
175.34940297575582,-8.83091791392376,4.554977756495085,-10.035625917362825,-1.1138320103492578,-1.5788938368510635e-14
175.35557292165694,-8.838856833611027,4.5549643071534565,-10.03461640015544,-1.113588119651911,1.842042809659574e-14
175.3617425114318,-8.846796106238655,4.554952291998093,-10.033610631723445,-1.1133398233605565,6.315575347404253e-15
175.36791174648437,-8.854735730886174,4.554941709201687,-10.032608608088895,-1.1130871300695937,-1.6841534259744676e-14
175.37408062821868,-8.862675706633079,4.554932556936932,-10.031610325273657,-1.1128300483736082,5.894536990910637e-14
175.3802491580389,-8.870616032558825,4.554924833376518,-10.030615779299405,-1.1125685868673594,1.9999321933446802e-14
175.38641733734914,-8.878556707742835,4.554918536693135,-10.02962496618762,-1.1123027541457804,8.420767129872338e-15
175.39258516755353,-8.886497731264495,4.554913665059478,-10.02863788195958,-1.1120325588039839,2.789379111770212e-14
175.39875265005634,-8.894439102203147,4.554910216648237,-10.027654522636375,-1.1117580094372543,5.420868839855318e-14
175.40491978626181,-8.902380819638113,4.554908189632101,-10.026674884238895,-1.1114791146410559,3.263047262825531e-14
175.41108657757428,-8.91032288264866,4.554907582183765,-10.025698962787834,-1.1111958830110231,-8.420767129872338e-15
175.41725302539805,-8.918265290314032,4.5549083924759195,-10.024726754303678,-1.110908323142962,-1.0525958912340423e-14
175.42341913113756,-8.926208041713426,4.554910618681255,-10.02375825480672,-1.110616443632855,-1.473634247727659e-14
175.4295848961972,-8.934151135926001,4.554914258972461,-10.022793460317045,-1.1103202530768563,4.210383564936169e-15
175.43575032198152,-8.94209457203088,4.5549193115222355,-10.021832366854532,-1.110019760071287,2.368340755276595e-14
175.44191540989496,-8.95003834910716,4.554925774503264,-10.020874970438864,-1.109714973212646,2.1051917824680846e-14
175.44808016134215,-8.957982466233883,4.554933646088241,-10.019921267089513,-1.1094059010975985,1.4210044531659571e-14
175.45424457772768,-8.965926922490057,4.554942924449855,-10.018971252825743,-1.1090925523229804,1.5262640422893612e-14
175.46040866045618,-8.973871716954656,4.554953607760801,-10.018024923666605,-1.1087749354857934,-7.894469184255318e-15
175.46657241093237,-8.981816848706618,4.5549656941937675,-10.017082275630955,-1.1084530591832114,-4.210383564936169e-15
175.472735830561,-8.989762316824832,4.554979181921449,-10.016143304737415,-1.1081269320125724,7.157652060391487e-14
175.47889892074687,-8.997708120388149,4.554994069116535,-10.01520800700442,-1.1077965625713886,-2.0525619879063826e-14
175.48506168289475,-9.005654258475396,4.555010353951718,-10.014276378450177,-1.1074619594573272,2.1578215770297867e-14
175.49122411840958,-9.013600730165338,4.5550280345996885,-10.013348415092677,-1.107123131268232,2.0525619879063826e-14
175.49738622869623,-9.02154753453672,4.555047109233137,-10.012424112949702,-1.1067800866021047,1.1052256857957444e-14
175.5035480151597,-9.02949467066823,4.555067576024758,-10.011503468038821,-1.106432834057115,-1.5788938368510635e-14
175.509709479205,-9.03744213763854,4.5550894331472405,-10.010586476377368,-1.1060813822315965,9.999660966723401e-15
175.51587062223717,-9.045389934526293,4.555112678773277,-10.009673133982478,-1.1057257397240454,-9.999660966723401e-15
175.5220314456613,-9.053338060409988,4.555137311075559,-10.008763436871046,-1.1053659151331179,6.157685963719147e-14
175.52819195088256,-9.0612865143682,4.5551633282267785,-10.007857381059761,-1.1050019170576384,-1.9999321933446802e-14
175.53435213930612,-9.06923529547943,4.555190728399626,-10.006954962565086,-1.1046337540965847,2.9998982900170206e-14
175.54051201233722,-9.077184402822127,4.5552195097667925,-10.006056177403254,-1.104261434849105,7.73657980057021e-14
175.54667157138115,-9.085133835474707,4.55524967050097,-10.005161021590276,-1.1038849679145006,5.105090072485105e-14
175.55283081784324,-9.09308359251554,4.5552812087748515,-10.004269491141937,-1.1035043618922313,4.73668151055319e-15
175.55898975312886,-9.101033673022958,4.555314122761127,-10.003381582073793,-1.1031196253819209,1.473634247727659e-14
175.5651483786434,-9.108984076075245,4.555348410632487,-10.002497290401179,-1.102730766983351,-1.5262640422893612e-14
175.57130669579237,-9.11693480075065,4.555384070561627,-10.00161661213918,-1.102337795296454,6.631354114774466e-14
175.5774647059813,-9.124885846127382,4.555421100721234,-10.000739543302675,-1.1019407189213315,2.9998982900170206e-14
175.5836224106157,-9.1328372112836,4.555459499284001,-9.999866079906296,-1.1015395464582278,4.73668151055319e-15
175.5897798111012,-9.140788895297423,4.555499264422619,-9.998996217964446,-1.1011342865075526,-7.368171238638296e-15
175.59593690884344,-9.14874089724693,4.555540394309783,-9.998129953491283,-1.1007249476698697,8.420767129872338e-15
175.6020937052481,-9.156693216210153,4.55558288711818,-9.997267282500744,-1.1003115385458933,3.0525280845787224e-14
175.60825020172098,-9.16464585126509,4.555626741020501,-9.996408201006528,-1.099894067736495,4.105123975812765e-14
175.6144063996678,-9.172598801489682,4.555671954189443,-9.995552705022082,-1.0994725438426967,7.683950006008508e-14
175.62056230049453,-9.180552065961843,4.555718524797692,-9.994700790560627,-1.0990469754656786,-2.1051917824680845e-15
175.62671790560694,-9.188505643759427,4.555766451017942,-9.993852453635135,-1.098617371206766,2.6314897280851057e-14
175.63287321641099,-9.19645953396025,4.555815731022885,-9.993007690258343,-1.09818373966744,7.052392471268083e-14
175.63902823431266,-9.204413735642092,4.555866362985211,-9.99216649644274,-1.097746089449333,4.315643154059573e-14
175.64518296071805,-9.212368247882686,4.555918345077613,-9.991328868200572,-1.0973044291542287,3.5788260301957434e-14
175.65133739703316,-9.220323069759713,4.555971675472781,-9.990494801543836,-1.0968587673840515,2.7367493172085098e-14
175.65749154466417,-9.228278200350807,4.556026352343407,-9.989664292484296,-1.0964091127408873,-2.0525619879063826e-14
175.66364540501718,-9.236233638733578,4.556082373862183,-9.988837337033459,-1.0959554738269592,6.368205141965955e-14
175.6697989794985,-9.24418938398557,4.556139738201799,-9.988013931202575,-1.0954978592446503,2.789379111770212e-14
175.6759522695144,-9.252145435184296,4.556198443534948,-9.987194071002659,-1.095036277596479,1.3157448640425528e-14
175.68210527647113,-9.260101791407212,4.556258488034322,-9.986377752444469,-1.0945707374851166,3.5788260301957434e-14
175.68825800177513,-9.268058451731736,4.556319869872611,-9.985564971538501,-1.0941012475133824,4.73668151055319e-14
175.6944104468328,-9.276015415235237,4.556382587222506,-9.984755724295017,-1.0936278162842303,4.263013359497871e-14
175.70056261305058,-9.28397268099505,4.5564466382567,-9.98395000672401,-1.0931504524007747,4.157753770374467e-14
175.70671450183505,-9.291930248088434,4.556512021147884,-9.983147814835217,-1.0926691644662623,3.4209366465106376e-14
175.7128661145927,-9.299888115592639,4.556578734068751,-9.982349144638125,-1.0921839610840869,4.263013359497871e-14
175.7190174527302,-9.30784628258485,4.5566467751919895,-9.98155399214196,-1.0916948508577873,2.789379111770212e-14
175.72516851765425,-9.315804748142202,4.556716142690291,-9.980762353355695,-1.0912018423910417,6.315575347404253e-15
175.73131931077148,-9.323763511341793,4.556786834736352,-9.97997422428802,-1.090704944287665,4.157753770374467e-14
175.73746983348872,-9.331722571260665,4.5568588495028575,-9.979189600947393,-1.090204165151628,1.842042809659574e-14
175.74362008721275,-9.339681926975821,4.556932185162502,-9.978408479341988,-1.0896995135870315,1.7367832205361697e-14
175.74977007335045,-9.347641577564215,4.55700683988798,-9.97763085547972,-1.0891909981981163,9.999660966723401e-15
175.75591979330875,-9.355601522102745,4.557082811851976,-9.97685672536826,-1.0886786275892626,4.73668151055319e-14
175.76206924849458,-9.363561759668277,4.557160099227188,-9.976086085014966,-1.088162410364992,3.526196235634042e-14
175.76821844031502,-9.37152228933762,4.557238700186303,-9.975318930426976,-1.0876423551299645,8.947065075489359e-15
175.7743673701771,-9.379483110187527,4.557318612902015,-9.974555257611133,-1.0871184704889751,5.210349661608509e-14
175.78051603948794,-9.387444221294722,4.557399835547016,-9.973795062574021,-1.086590765046955,3.263047262825531e-14
175.78666444965472,-9.395405621735865,4.5574823662939945,-9.973038341321937,-1.0860592474089765,1.6841534259744676e-14
175.79281260208467,-9.403367310587576,4.557566203315645,-9.97228508986093,-1.0855239261802407,6.894503087582976e-14
175.79896049818504,-9.411329286926417,4.5576513447846585,-9.971535304196756,-1.0849848099660926,7.157652060391487e-14
175.80510813936317,-9.419291549828916,4.557737788873724,-9.970788980334913,-1.0844419073720022,-9.999660966723401e-15
175.81125552702645,-9.427254098371542,4.557825533755536,-9.970046114280606,-1.083895227003576,-1.0525958912340423e-15
175.81740266258225,-9.435216931630709,4.5579145776027845,-9.969306702038772,-1.0833447774665628,6.47346473108936e-14
175.82354954743812,-9.443180048682791,4.5580049185881615,-9.968570739614071,-1.0827905673668292,-6.8418732930212744e-15
175.82969618300154,-9.451143448604117,4.558096554884358,-9.967838223010887,-1.0822326053103861,6.47346473108936e-14
175.83584257068017,-9.459107130470953,4.558189484664066,-9.967109148233309,-1.081670899903367,6.105056169157445e-14
