galstreams/tracks/track.st.M2.grillmair2022.ecsv
# %ECSV 0.9
# ---
# datatype:
# - {name: ra, unit: deg, datatype: float64}
# - {name: dec, unit: deg, datatype: float64}
# - {name: distance, unit: kpc, datatype: float64}
# - {name: pm_ra_cosdec, unit: mas / yr, datatype: float64}
# - {name: pm_dec, unit: mas / yr, datatype: float64}
# - {name: radial_velocity, unit: km / s, datatype: float64}
# delimiter: ','
# meta: !!omap
# - __serialized_columns__:
#     dec:
#       __class__: astropy.coordinates.angles.Latitude
#       unit: &id001 !astropy.units.Unit {unit: deg}
#       value: !astropy.table.SerializedColumn {name: dec}
#     distance:
#       __class__: astropy.coordinates.distances.Distance
#       unit: !astropy.units.Unit {unit: kpc}
#       value: !astropy.table.SerializedColumn {name: distance}
#     pm_dec:
#       __class__: astropy.units.quantity.Quantity
#       unit: !astropy.units.Unit {unit: mas / yr}
#       value: !astropy.table.SerializedColumn {name: pm_dec}
#     pm_ra_cosdec:
#       __class__: astropy.units.quantity.Quantity
#       unit: !astropy.units.Unit {unit: mas / yr}
#       value: !astropy.table.SerializedColumn {name: pm_ra_cosdec}
#     ra:
#       __class__: astropy.coordinates.angles.Longitude
#       unit: *id001
#       value: !astropy.table.SerializedColumn {name: ra}
#       wrap_angle: !astropy.coordinates.Angle
#         unit: *id001
#         value: 360.0
#     radial_velocity:
#       __class__: astropy.units.quantity.Quantity
#       unit: !astropy.units.Unit {unit: km / s}
#       value: !astropy.table.SerializedColumn {name: radial_velocity}
# schema: astropy-2.0
ra,dec,distance,pm_ra_cosdec,pm_dec,radial_velocity
[from data line 2053]
300.66280007630206,-8.422713115834485,11.692999999999996,5.95729936798977,-1.7445381333959074,2.315710960714893e-14
300.6722455873361,-8.419199749634858,11.692999999999996,5.956177502390064,-1.7447865852230917,-3.5788260301957434e-14
300.6816914259659,-8.415687724407716,11.692999999999998,5.955055661652366,-1.745035197183689,-2.7367493172085098e-14
300.69113759198456,-8.412177039056559,11.692999999999998,5.953933845900384,-1.7452839690387982,-1.24206315165617e-13
300.70058408518423,-8.408667692481762,11.692999999999996,5.952812055257923,-1.7455329005489455,-1.4104784942536167e-13
300.7100309053559,-8.40515968358062,11.693,5.951690289848902,-1.7457819914740784,-2.568333974611063e-13
300.7194780522892,-8.401653011247426,11.692999999999998,5.95056854979736,-1.7460312415735806,-1.24206315165617e-13
300.7289255257728,-8.398147674373327,11.692999999999998,5.9494468352274295,-1.746280650606258,-1.768361097273191e-13
300.7383733255941,-8.394643671846486,11.692999999999998,5.948325146263365,-1.7465302183303488,-2.8209569885072334e-13
300.7478214515395,-8.391141002551963,11.692999999999998,5.947203483029532,-1.7467799445035208,-1.8315168507472335e-13
300.7572699033942,-8.387639665371776,11.692999999999998,5.9460818456503945,-1.747029828882872,-1.5788938368510635e-13
300.7667186809421,-8.384139659184944,11.692999999999998,5.944960234250532,-1.7472798712249356,-1.515738083377021e-13
300.77616778396623,-8.380640982867401,11.692999999999998,5.943838648954633,-1.7475300712856756,-2.0841398646434036e-13
300.7856172122483,-8.37714363529205,11.692999999999998,5.942717089887488,-1.7477804288204872,-2.5262301389617017e-13
300.79506696556905,-8.373647615328814,11.692999999999998,5.941595557174001,-1.7480309435842072,-1.0525958912340423e-14
300.80451704370785,-8.370152921844552,11.692999999999998,5.94047405093918,-1.7482816153311036,-6.526094525651062e-14
300.8139674464431,-8.36665955370309,11.693,5.939352571308137,-1.7485324438148775,-1.4525823299029783e-13
300.823418173552,-8.363167509765315,11.692999999999998,5.938231118406097,-1.748783428788676,-2.063087946818723e-13
300.83286922481074,-8.359676788889034,11.692999999999998,5.937109692358383,-1.749034570005077,-1.2841669873055315e-13
300.84232059999425,-8.356187389929069,11.692999999999998,5.935988293290428,-1.7492858672160987,-1.4104784942536167e-13
300.8517722988763,-8.352699311737286,11.692999999999998,5.934866921327771,-1.7495373201732016,-3.010424248929361e-13
300.8612243212297,-8.349212553162511,11.692999999999998,5.933745576596049,-1.7497889286272854,-1.4525823299029783e-13
300.8706766668261,-8.34572711305059,11.692999999999998,5.932624259221011,-1.7500406923286906,7.789209595131913e-14
300.8801293354358,-8.342242990244428,11.692999999999998,5.931502969328504,-1.750292611027204,-7.368171238638296e-14
300.88958232682825,-8.33876018358389,11.692999999999998,5.930381707044482,-1.750544684472049,-7.368171238638296e-14
300.89903564077156,-8.335278691905941,11.692999999999998,5.929260472495002,-1.7507969124119005,-1.2631150694808508e-13
300.90848927703297,-8.331798514044523,11.692999999999998,5.928139265806216,-1.751049294594874,8.631286308119147e-14
300.9179432353784,-8.328319648830622,11.693000000000001,5.927018087104386,-1.7513018307685322,-2.8209569885072334e-13
300.9273975155727,-8.324842095092313,11.692999999999998,5.925896936515879,-1.7515545206798844,-1.620997672500425e-13
300.93685211737966,-8.321365851654676,11.693,5.92477581416715,-1.7518073640753873,-2.9472684954553185e-13
300.9463070405619,-8.317890917339833,11.693,5.923654720184772,-1.7520603607009446,-1.8315168507472335e-13
300.95576228488096,-8.314417290967029,11.693,5.9225336546954015,-1.7523135103019154,-1.347322740779574e-13
300.9652178500972,-8.310944971352518,11.692999999999998,5.921412617825805,-1.7525668126231033,-8.841805486365955e-14
300.97467373596993,-8.307473957309615,11.692999999999998,5.92029160970285,-1.752820267408762,2.1051917824680846e-14
300.9841299422573,-8.30400424764877,11.692999999999998,5.919170630453494,-1.7530738744026042,-2.020984111169361e-13
300.9935864687165,-8.300535841177455,11.692999999999998,5.918049680204806,-1.753327633347788,-5.0524602779234026e-14
301.00304331510347,-8.297068736700231,11.692999999999998,5.916928759083942,-1.753581543986928,2.7367493172085098e-14
301.0125004811729,-8.293602933018796,11.692999999999998,5.915807867218165,-1.7538356060620974,-2.3578147963642546e-13
301.02195796667877,-8.290138428931888,11.692999999999998,5.914687004734828,-1.7540898193148176,-4.210383564936169e-14
301.0314157713737,-8.286675223235353,11.693,5.913566171761387,-1.7543441834860718,-1.8736206863965952e-13
301.04087389500916,-8.283213314722186,11.692999999999998,5.912445368425394,-1.7545986983162967,5.894536990910637e-14
301.05033233733565,-8.279752702182439,11.692999999999998,5.911324594854495,-1.754853363545393,-1.5788938368510635e-13
301.05979109810255,-8.276293384403285,11.692999999999996,5.910203851176437,-1.7551081789127108,-8.420767129872338e-15
301.06925017705805,-8.272835360169056,11.693,5.909083137519053,-1.755363144157069,-1.8525687685719145e-13
301.0787095739494,-8.26937862826117,11.693,5.907962454010283,-1.7556182590167433,3.9998643866893604e-14
301.08816928852264,-8.265923187458174,11.692999999999998,5.906841800778157,-1.7558735232294709,-2.3578147963642546e-13
301.09762932052274,-8.262469036535789,11.692999999999998,5.905721177950795,-1.756128936532451,2.5262301389617013e-14
301.10708966969355,-8.259016174266813,11.692999999999998,5.904600585656423,-1.7563844986623482,-1.0525958912340423e-13
301.11655033577784,-8.255564599421264,11.692999999999998,5.903480024023347,-1.75664020935529,6.73661370389787e-14
301.1260113185174,-8.252114310766252,11.692999999999998,5.902359493179972,-1.7568960683468677,-1.0104920555846805e-13
301.1354726176528,-8.248665307066034,11.693,5.901238993254801,-1.7571520753721392,-1.1368035625327657e-13
301.1449342329235,-8.245217587082102,11.692999999999998,5.900118524376422,-1.7574082301656335,-2.020984111169361e-13
301.154396164068,-8.241771149573033,11.693,5.8989980866735205,-1.7576645324613391,-2.2104513715914888e-13
301.1638584108237,-8.238325993294591,11.692999999999998,5.8978776802748705,-1.7579209819927184,-8.631286308119147e-14
301.17332097292683,-8.234882116999765,11.693,5.8967573053093405,-1.7581775784927023,-2.1051917824680845e-15
301.1827838501125,-8.231439519438666,11.693,5.895636961905884,-1.758434321693693,-5.894536990910637e-14
301.192247042115,-8.227998199358598,11.693,5.8945166501935535,-1.7586912113275601,1.0525958912340423e-14
301.20171054866717,-8.224558155504097,11.692999999999998,5.893396370301485,-1.7589482471256508,-2.7999050706825524e-13
301.21117436950107,-8.221119386616854,11.692999999999998,5.892276122358906,-1.7592054288187788,2.5262301389617013e-14
301.22063850434756,-8.217681891435745,11.692999999999998,5.891155906495136,-1.7594627561372356,-1.368374658604255e-13
301.2301029529364,-8.21424566869692,11.693000000000001,5.890035722839581,-1.7597202288107865,-9.894401377599997e-14
301.2395677149964,-8.210810717133679,11.692999999999998,5.888915571521737,-1.7599778465686735,-2.947268495455318e-14
301.2490327902551,-8.207377035476531,11.692999999999996,5.887795452671186,-1.7602356091396114,-2.1472956181174462e-13
301.2584981784392,-8.203944622453271,11.692999999999994,5.886675366417601,-1.7604935162517958,6.315575347404253e-15
301.26796387927413,-8.200513476788856,11.693,5.885555312890737,-1.7607515676328982,-4.4209027431829774e-14
301.2774298924844,-8.197083597205477,11.692999999999998,5.884435292220443,-1.7610097630100705,-8.841805486365955e-14
301.28689621779324,-8.193654982422615,11.692999999999998,5.883315304536655,-1.7612681021099432,-2.5262301389617017e-13
301.29636285492325,-8.190227631156935,11.692999999999998,5.882195349969388,-1.7615265846586288,-6.947132882144679e-14
301.30582980359543,-8.186801542122351,11.693,5.881075428648746,-1.7617852103817202,-1.0315439734093615e-13
301.31529706353007,-8.18337671403008,11.692999999999994,5.879955540704922,-1.7620439790042939,3.368306851948935e-14
301.32476463444624,-8.17995314558852,11.693,5.878835686268188,-1.7623028902509084,-1.9157245220459568e-13
301.33423251606206,-8.176530835503401,11.692999999999998,5.877715865468907,-1.762561943845607,-2.315710960714893e-14
301.3437007080945,-8.173109782477676,11.692999999999998,5.8765960784375215,-1.7628211395119189,-2.2104513715914888e-13
301.3531692102596,-8.169689985211551,11.692999999999998,5.875476325304564,-1.7630804769728572,-3.5788260301957434e-14
301.36263802227205,-8.166271442402579,11.692999999999998,5.874356606200642,-1.7633399559509249,-8.420767129872338e-14
301.3721071438458,-8.162854152745522,11.692999999999998,5.87323692125645,-1.7635995761681094,-1.3262708229548932e-13
301.38157657469384,-8.15943811493244,11.692999999999996,5.8721172706027716,-1.7638593373458884,-6.315575347404254e-14
301.39104631452756,-8.15602332765274,11.692999999999998,5.87099765437046,-1.7641192392052296,-6.73661370389787e-14
301.40051636305776,-8.152609789593061,11.693,5.8698780726904625,-1.7643792814665895,-2.042036028994042e-13
301.4099867199942,-8.149197499437351,11.692999999999998,5.868758525693801,-1.7646394638499179,-1.6841534259744677e-13
301.41945738504535,-8.145786455866912,11.693,5.867639013511583,-1.764899786074653,-1.8736206863965952e-13
301.4289283579187,-8.142376657560304,11.693000000000001,5.866519536274986,-1.7651602478597301,-1.5367900012017016e-13
301.4383996383209,-8.138968103193404,11.692999999999998,5.865400094115289,-1.7654208489235765,-1.221011233831489e-13
301.4478712259573,-8.13556079143947,11.692999999999996,5.864280687163831,-1.7656815889841129,-1.5578419190263825e-13
301.45734312053224,-8.132154720969021,11.692999999999998,5.863161315552037,-1.7659424677587579,-1.0525958912340423e-13
301.46681532174927,-8.128749890449914,11.692999999999998,5.862041979411415,-1.766203484964425,-1.7052053437991484e-13
301.47628782931054,-8.125346298547395,11.693,5.86092267887355,-1.7664646403175261,-2.715697399383829e-13
301.48576064291746,-8.121943943923995,11.692999999999998,5.859803414070102,-1.7667259335339704,-1.1789073981821273e-13
301.4952337622702,-8.118542825239597,11.693,5.858684185132813,-1.7669873643291665,-1.7473091794485103e-13
301.504707187068,-8.115142941151479,11.692999999999998,5.857564992193502,-1.767248932418023,-8.21024795162553e-14
301.514180917009,-8.111744290314231,11.693,5.856445835384063,-1.76751063751495,-4.631421921429786e-14
301.52365495179055,-8.108346871379803,11.692999999999998,5.855326714836471,-1.7677724793338583,-4.8419410996765944e-14
301.5331292911084,-8.104950682997556,11.692999999999998,5.854207630682774,-1.768034457588161,-2.042036028994042e-13
301.5426039346581,-8.101555723814162,11.692999999999998,5.853088583055098,-1.7682965719907746,-5.2629794561702114e-14
301.55207888213323,-8.098161992473733,11.692999999999998,5.851969572085643,-1.768558822254124,-1.894672604221276e-13
301.5615541332271,-8.094769487617711,11.692999999999998,5.850850597906689,-1.7688212080901318,-2.1472956181174462e-13
301.5710296876318,-8.091378207884931,11.692999999999998,5.8497316606505825,-1.7690837292102328,-1.7473091794485103e-13
301.5805055450381,-8.087988151911667,11.692999999999996,5.848612760449757,-1.7693463853253693,-4.631421921429786e-14
301.589981705136,-8.084599318331522,11.692999999999998,5.847493897436705,-1.769609176145985,-1.0104920555846805e-13
301.5994581676145,-8.081211705775535,11.692999999999998,5.846375071744005,-1.7698721013820378,-1.1578554803574466e-13
301.60893493216145,-8.077825312872173,11.692999999999998,5.845256283504305,-1.7701351607429938,3.789345208442552e-14
301.6184119984638,-8.07444013824727,11.692999999999998,5.844137532850326,-1.7703983539378312,-2.5262301389617017e-13
301.62788936620746,-8.07105618052409,11.692999999999998,5.843018819914861,-1.7706616806750337,-1.515738083377021e-13
301.63736703507715,-8.067673438323354,11.692999999999998,5.8419001448307775,-1.7709251406626063,-1.49468616555234e-13
301.6468450047568,-8.06429191026316,11.692999999999998,5.84078150773101,-1.7711887336080592,-1.9367764398706378e-13
301.6563232749294,-8.060911594959048,11.692999999999998,5.839662908748569,-1.7714524592184215,-1.894672604221276e-13
301.6658018452765,-8.057532491024036,11.692999999999998,5.838544348016537,-1.7717163172002357,-2.610437810260425e-13
301.67528071547906,-8.054154597068537,11.692999999999998,5.837425825668065,-1.7719803072595572,-1.9367764398706378e-13
301.6847598852169,-8.050777911700415,11.693,5.836307341836372,-1.7722444291019626,-2.5051782211370207e-13
301.6942393541688,-8.04740243352502,11.692999999999998,5.8351888966547545,-1.7725086824325447,-1.49468616555234e-13
301.7037191220125,-8.044028161145112,11.692999999999998,5.83407049025657,-1.7727730669559119,-2.3788667141889356e-13
301.7131991884248,-8.040655093160973,11.692999999999998,5.832952122775252,-1.7730375823761961,-1.789413015097872e-13
301.7226795530815,-8.03728322817029,11.693,5.831833794344296,-1.7733022283970465,-1.1157516447080849e-13
301.73216021565736,-8.033912564768233,11.692999999999998,5.830715505097273,-1.7735670047216354,-2.1893994537668078e-13
301.7416411758262,-8.030543101547503,11.692999999999998,5.829597255167817,-1.773831911052654,-1.894672604221276e-14
301.75112243326066,-8.02717483709822,11.692999999999998,5.828479044689636,-1.7740969470923198,-2.610437810260425e-13
301.7606039876328,-8.023807770008,11.693,5.827360873796496,-1.77436211254237,5.894536990910637e-14
301.77008583861306,-8.020441898861998,11.693,5.826242742622237,-1.7746274071040724,-3.157787673702127e-14
301.7795679858714,-8.01707722224282,11.692999999999998,5.825124651300767,-1.774892830478215,-1.1157516447080849e-13
301.7890504290766,-8.013713738730567,11.692999999999994,5.824006599966052,-1.7751583823651131,-2.8420089063319143e-13
301.79853316789655,-8.010351446902897,11.693,5.822888588752127,-1.7754240624646105,-1.894672604221276e-13
301.8080162019979,-8.006990345334941,11.693,5.8217706177930975,-1.7756898704760782,-1.2631150694808508e-13
301.81749953104656,-8.003630432599333,11.692999999999998,5.820652687223136,-1.775955806098416,-6.315575347404254e-14
301.8269831547073,-8.000271707266291,11.692999999999998,5.8195347971764635,-1.776221869030057,-2.1683475359421271e-13
301.8364670726441,-7.9969141679035,11.692999999999998,5.818416947787381,-1.7764880589689596,-4.8419410996765944e-14
301.8459512845197,-7.993557813076181,11.692999999999998,5.817299139190251,-1.7767543756126154,4.4209027431829774e-14
301.8554357899959,-7.990202641347145,11.693,5.816181371519489,-1.777020818658054,-3.789345208442552e-14
301.86492058873375,-7.986848651276691,11.692999999999998,5.815063644909591,-1.7772873878018307,-1.24206315165617e-13
301.8744056803932,-7.983495841422671,11.692999999999996,5.813945959495102,-1.777554082740036,6.73661370389787e-14
301.88389106463296,-7.980144210340529,11.692999999999998,5.812828315410632,-1.7778209031683039,-2.1051917824680846e-14
301.8933767411111,-7.976793756583225,11.693,5.811710712790854,-1.7780878487817944,-1.5578419190263825e-13
301.9028627094848,-7.973444478701278,11.693,5.810593151770508,-1.7783549192752095,1.473634247727659e-14
301.91234896940966,-7.970096375242827,11.692999999999998,5.8094756324843875,-1.7786221143427887,-9.894401377599997e-14
301.92183552054104,-7.966749444753506,11.692999999999998,5.808358155067353,-1.7788894336783083,-1.3262708229548932e-13
301.9313223625328,-7.963403685776611,11.692999999999996,5.807240719654316,-1.7791568769750872,-1.8736206863965952e-13
301.9408094950381,-7.960059096852954,11.692999999999998,5.806123326380257,-1.7794244439259816,-1.3262708229548932e-13
301.95029691770907,-7.95671567652094,11.693,5.805005975380217,-1.7796921342233911,-2.2736071250655313e-13
301.9597846301968,-7.953373423316619,11.692999999999998,5.80388866678929,-1.7799599475592587,-1.6631015081497867e-13
