galstreams/tracks/track.st.Gaia-6.ibata2021.ecsv
# %ECSV 0.9
# ---
# datatype:
# - {name: ra, unit: deg, datatype: float64}
# - {name: dec, unit: deg, datatype: float64}
# - {name: distance, unit: kpc, datatype: float64}
# - {name: pm_ra_cosdec, unit: mas / yr, datatype: float64}
# - {name: pm_dec, unit: mas / yr, datatype: float64}
# - {name: radial_velocity, unit: km / s, datatype: float64}
# delimiter: ','
# meta: !!omap
# - __serialized_columns__:
#     dec:
#       __class__: astropy.coordinates.angles.Latitude
#       unit: &id001 !astropy.units.Unit {unit: deg}
#       value: !astropy.table.SerializedColumn {name: dec}
#     distance:
#       __class__: astropy.coordinates.distances.Distance
#       unit: !astropy.units.Unit {unit: kpc}
#       value: !astropy.table.SerializedColumn {name: distance}
#     pm_dec:
#       __class__: astropy.units.quantity.Quantity
#       unit: !astropy.units.Unit {unit: mas / yr}
#       value: !astropy.table.SerializedColumn {name: pm_dec}
#     pm_ra_cosdec:
#       __class__: astropy.units.quantity.Quantity
#       unit: !astropy.units.Unit {unit: mas / yr}
#       value: !astropy.table.SerializedColumn {name: pm_ra_cosdec}
#     ra:
#       __class__: astropy.coordinates.angles.Longitude
#       unit: *id001
#       value: !astropy.table.SerializedColumn {name: ra}
#       wrap_angle: !astropy.coordinates.Angle
#         unit: *id001
#         value: 360.0
#     radial_velocity:
#       __class__: astropy.units.quantity.Quantity
#       unit: !astropy.units.Unit {unit: km / s}
#       value: !astropy.table.SerializedColumn {name: radial_velocity}
# schema: astropy-2.0
ra,dec,distance,pm_ra_cosdec,pm_dec,radial_velocity
[from data line 1390]
217.01415832875705,34.60427675559596,8.52726313835738,-8.168232127660037,-7.041917712447159,1.515738083377021e-13
217.02372416636348,34.610441396521004,8.528593770702598,-8.167401921082899,-7.039080491474526,1.6841534259744676e-14
217.03329186927692,34.616604833368115,8.529926046430022,-8.166569703552984,-7.036242844496513,8.420767129872338e-14
217.04286143900504,34.622767064514825,8.531259964954325,-8.16573547126722,-7.033404772568652,3.368306851948935e-14
217.05243287705505,34.628928088338185,8.532595525690185,-8.164899220422603,-7.030566276748336,6.73661370389787e-14
217.06200618493384,34.635087903214725,8.533932728052267,-8.164060947216198,-7.027727358094808,5.0524602779234026e-14
217.07158136414776,34.641246507520464,8.535271571455255,-8.163220647845106,-7.024888017669153,1.0104920555846805e-13
217.08115841620292,34.64740389963096,8.536612055313814,-8.162378318506514,-7.022048256534314,1.1789073981821273e-13
217.09073734260488,34.65356007792122,8.53795417904262,-8.161533955397664,-7.019208075755093,1.347322740779574e-13
217.10031814485893,34.65971504076576,8.539297942056347,-8.160687554715857,-7.016367476398144,3.368306851948935e-14
217.1099008244699,34.66586878653859,8.540643343769666,-8.15983911265846,-7.0135264595319775,0.0
217.11948538294217,34.672021313613214,8.541990383597252,-8.158988625422909,-7.010685026226969,1.0104920555846805e-13
217.1290718217798,34.67817262036264,8.543339060953775,-8.158136089206696,-7.007843177555354,8.420767129872338e-14
217.1386601424864,34.684322705159374,8.544689375253917,-8.157281500207379,-7.005000914591225,8.420767129872338e-14
217.14825034656522,34.690471566375386,8.546041325912343,-8.156424854622593,-7.002158238410547,-3.368306851948935e-14
217.157842435519,34.69661920238216,8.54739491234373,-8.15556614865002,-6.999315150091156,6.73661370389787e-14
217.16743641085017,34.70276561155069,8.548750133962749,-8.154705378487431,-6.996471650712747,6.73661370389787e-14
217.17703227406074,34.70891079225143,8.550106990184073,-8.153842540332645,-6.9936277413568915,-1.6841534259744676e-14
217.18663002665224,34.715054742854356,8.551465480422378,-8.152977630383557,-6.99078342310703,6.73661370389787e-14
217.19622967012586,34.721197461728906,8.552825604092337,-8.152110644838123,-6.987938697048483,1.515738083377021e-13
217.20583120598238,34.72733894724404,8.554187360608623,-8.15124157989438,-6.985093564268436,5.0524602779234026e-14
217.2154346357221,34.733479197768204,8.555550749385908,-8.15037043175042,-6.982248025855965,1.0104920555846805e-13
217.22503996084492,34.739618211669345,8.556915769838865,-8.149497196604418,-6.979402082902016,0.0
217.23464718285044,34.74575598731485,8.55828242138217,-8.148621870654605,-6.976555736499422,1.0104920555846805e-13
217.24425630323773,34.75189252307167,8.559650703430496,-8.147744450099294,-6.973708987742889,1.6841534259744676e-14
217.2538673235054,34.758027817306186,8.561020615398512,-8.14686493113686,-6.970861837729023,-1.6841534259744676e-14
217.26348024515175,34.76416186838433,8.562392156700895,-8.145983309965757,-6.968014287556312,1.1789073981821273e-13
217.27309506967464,34.77029467467146,8.563765326752316,-8.145099582784507,-6.965166338325119,0.0
217.28271179857146,34.7764262345325,8.565140124967453,-8.144213745791708,-6.9623179911377155,6.73661370389787e-14
217.29233043333923,34.7825565463318,8.566516550760976,-8.143325795186021,-6.959469247098247,8.420767129872338e-14
217.30195097547445,34.78868560843321,8.567894603547556,-8.142435727166191,-6.956620107312775,1.1789073981821273e-13
217.31157342647336,34.79481341920012,8.569274282741869,-8.141543537931028,-6.953770572889229,1.515738083377021e-13
217.32119778783164,34.80093997699535,8.570655587758592,-8.140649223679429,-6.950920644937459,8.420767129872338e-14
217.33082406104458,34.807065280181256,8.57203851801239,-8.139752780610362,-6.948070324569204,-1.6841534259744676e-14
217.34045224760703,34.81318932711964,8.573423072917944,-8.138854204922849,-6.9452196128981,3.368306851948935e-14
217.3500823490135,34.81931211617183,8.57480925188992,-8.137953492816024,-6.9423685110396995,5.0524602779234026e-14
217.35971436675797,34.825433645698624,8.576197054343002,-8.137050640489077,-6.939517020111442,-3.368306851948935e-14
217.36934830233398,34.83155391406032,8.577586479691849,-8.136145644141275,-6.93666514123269,1.6841534259744676e-14
217.37898415723467,34.8376729196167,8.578977527351148,-8.135238499971958,-6.933812875524694,1.1789073981821273e-13
217.38862193295287,34.84379066072704,8.580370196735563,-8.134329204180563,-6.930960224110631,1.6841534259744676e-14
217.39826163098076,34.84990713575009,8.581764487259772,-8.133417752966588,-6.928107188115587,6.73661370389787e-14
217.40790325281023,34.8560223430441,8.583160398338444,-8.13250414252962,-6.925253768666557,6.73661370389787e-14
217.41754679993267,34.862136280966816,8.584557929386259,-8.131588369069313,-6.922399966892447,1.6841534259744676e-14
217.42719227383904,34.86824894787545,8.585957079817886,-8.130670428785418,-6.919545783924093,1.6841534259744676e-14
217.43683967601993,34.87436034212672,8.587357849047995,-8.129750317877757,-6.916691220894237,1.1789073981821273e-13
217.4464890079654,34.88047046207683,8.588760236491266,-8.128828032546233,-6.913836278937548,5.0524602779234026e-14
217.4561402711651,34.88657930608145,8.590164241562368,-8.127903568990835,-6.910980959190616,0.0
217.46579346710828,34.89268687249577,8.591569863675977,-8.12697692341163,-6.908125262791959,1.8525687685719145e-13
217.47544859728373,34.89879315967446,8.592977102246767,-8.12604809200877,-6.905269190882007,-3.368306851948935e-14
217.4851056631797,34.90489816597165,8.594385956689406,-8.125117070982487,-6.902412744603137,1.0104920555846805e-13
217.4947646662841,34.91100188974097,8.595796426418572,-8.124183856533108,-6.8995559250996426,5.0524602779234026e-14
217.50442560808446,34.91710432933556,8.597208510848933,-8.123248444861032,-6.896698733517752,-3.368306851948935e-14
217.51408849006765,34.923205483108006,8.59862220939517,-8.122310832166747,-6.893841171005632,6.73661370389787e-14
217.52375331372025,34.92930534941041,8.600037521471954,-8.121371014650823,-6.890983238713374,1.1789073981821273e-13
217.5334200805284,34.93540392659436,8.601454446493955,-8.120428988513925,-6.888124937793009,1.1789073981821273e-13
217.54308879197774,34.9415012130109,8.60287298387585,-8.1194847499568,-6.885266269398512,8.420767129872338e-14
217.5527594495534,34.9475972070106,8.604293133032307,-8.118538295180283,-6.8824072346858,6.73661370389787e-14
217.56243205474019,34.95369190694347,8.605714893378002,-8.117589620385294,-6.879547834812726,1.347322740779574e-13
217.57210660902237,34.95978531115906,8.607138264327613,-8.116638721772835,-6.876688070939085,8.420767129872338e-14
217.58178311388377,34.96587741800635,8.608563245295805,-8.115685595544015,-6.873827944226625,1.347322740779574e-13
217.59146157080775,34.971968225833834,8.60998983569726,-8.114730237900018,-6.870967455839034,5.0524602779234026e-14
217.6011419812773,34.97805773298948,8.611418034946645,-8.11377264504212,-6.868106606941959,8.420767129872338e-14
217.6108243467748,34.984145937820756,8.612847842458635,-8.112812813171693,-6.865245398702995,6.73661370389787e-14
217.6205086687823,34.990232838674586,8.614279257647903,-8.111850738490194,-6.862383832291683,8.420767129872338e-14
217.6301949487813,34.996318433897414,8.615712279929124,-8.110886417199172,-6.859521908879529,6.73661370389787e-14
217.63988318825292,35.002402721835125,8.61714690871697,-8.109919845500276,-6.856659629639988,2.020984111169361e-13
217.6495733886778,35.008485700833134,8.618583143426115,-8.108951019595235,-6.8537969957484774,1.1789073981821273e-13
217.65926555153607,35.01456736923631,8.62002098347123,-8.107979935685883,-6.850934008382376,1.6841534259744676e-14
217.66895967830737,35.02064772538898,8.62146042826699,-8.107006589974137,-6.848070668721029,1.347322740779574e-13
217.67865577047104,35.02672676763502,8.622901477228071,-8.106030978662023,-6.845206977945727,0.0
217.68835382950573,35.03280449431773,8.624344129769142,-8.10505309795164,-6.842342937239754,6.73661370389787e-14
217.69805385688977,35.038880903779926,8.625788385304878,-8.104072944045205,-6.839478547788341,1.6841534259744676e-14
217.707755854101,35.044955994363875,8.627234243249953,-8.103090513145023,-6.836613810778697,1.6841534259744677e-13
217.71745982261677,35.05102976441137,8.628681703019039,-8.10210580145349,-6.8337487274000015,-5.0524602779234026e-14
217.72716576391392,35.05710221226364,8.630130764026807,-8.101118805173105,-6.830883298843407,-3.368306851948935e-14
217.73687367946886,35.06317333626143,8.631581425687937,-8.100129520506458,-6.828017526302041,8.420767129872338e-14
217.74658357075756,35.06924313474494,8.633033687417099,-8.099137943656249,-6.825151410971008,1.1789073981821273e-13
217.75629543925544,35.07531160605388,8.634487548628963,-8.09814407082527,-6.822284954047394,1.0104920555846805e-13
217.76600928643754,35.081378748527406,8.635943008738208,-8.097147898216415,-6.819418156730258,0.0
217.77572511377826,35.087444560504174,8.637400067159502,-8.096149422032669,-6.816551020220653,1.6841534259744676e-14
217.7854429227517,35.093509040322324,8.63885872330752,-8.09514863847713,-6.813683545721609,1.6841534259744676e-14
217.79516271483143,35.09957218631947,8.640318976596939,-8.09414554375299,-6.810815734438137,0.0
217.80488449149044,35.105633996832715,8.641780826442428,-8.093140134063548,-6.807947587577257,1.0104920555846805e-13
217.81460825420137,35.11169447019862,8.64324427225866,-8.092132405612205,-6.805079106347955,0.0
217.82433400443628,35.11775360475324,8.644709313460313,-8.09112235460245,-6.802210291961218,5.0524602779234026e-14
217.8340617436668,35.123811398832125,8.646175949462055,-8.090109977237898,-6.799341145630033,1.0104920555846805e-13
217.8437914733641,35.12986785077027,8.647644179678563,-8.089095269722257,-6.796471668569371,5.0524602779234026e-14
217.85352319499873,35.13592295890218,8.649114003524508,-8.088078228259345,-6.793601861996214,1.347322740779574e-13
217.86325691004095,35.14197672156182,8.650585420414563,-8.087058849053072,-6.790731727129529,5.0524602779234026e-14
217.8729926199604,35.14802913708263,8.652058429763406,-8.086037128307469,-6.7878612651902905,-1.6841534259744676e-14
217.88273032622618,35.154080203797555,8.653533030985702,-8.08501306222667,-6.784990477401486,8.420767129872338e-14
217.89247003030704,35.16012992003898,8.655009223496132,-8.08398664701491,-6.78211936498809,1.6841534259744677e-13
217.9022117336712,35.16617828413882,8.656487006709366,-8.082957878876542,-6.779247929177091,6.73661370389787e-14
217.91195543778633,35.1722252944284,8.657966380040078,-8.081926754016013,-6.7763761711974935,1.515738083377021e-13
217.92170114411962,35.178270949238595,8.65944734290294,-8.08089326863789,-6.773504092280301,8.420767129872338e-14
217.93144885413778,35.1843152468997,8.660929894712627,-8.079857418946851,-6.770631693658538,1.8525687685719145e-13
217.94119856930706,35.190358185741516,8.66241403488381,-8.078819201147677,-6.767758976567237,1.1789073981821273e-13
217.95095029109314,35.1963997640933,8.663899762831166,-8.077778611445261,-6.764885942243449,1.0104920555846805e-13
217.96070402096126,35.202439980283806,8.665387077969363,-8.076735646044616,-6.762012591926244,5.0524602779234026e-14
217.97045976037612,35.20847883264128,8.666875979713081,-8.075690301150848,-6.759138926856714,5.0524602779234026e-14
217.9802175108019,35.2145163194934,8.668366467476988,-8.074642572969204,-6.756264948277968,3.368306851948935e-14
217.98997727370238,35.220552439167356,8.66985854067576,-8.073592457705011,-6.753390657435136,3.368306851948935e-14
217.99973905054068,35.22658718998978,8.67135219872407,-8.072539951563735,-6.750516055575384,5.0524602779234026e-14
218.00950284277957,35.23262057028682,8.672847441036591,-8.071485050750955,-6.747641143947895,6.73661370389787e-14
218.01926865188122,35.23865257838406,8.674344267027992,-8.07042775147235,-6.744765923803891,1.1789073981821273e-13
218.02903647930734,35.24468321260662,8.675842676112955,-8.069368049933724,-6.741890396396611,-3.368306851948935e-14
218.03880632651905,35.25071247127901,8.677342667706148,-8.068305942340999,-6.7390145629813425,1.1789073981821273e-13
218.04857819497707,35.25674035272529,8.678844241222244,-8.067241424900208,-6.736138424815399,-1.6841534259744676e-14
218.0583520861415,35.26276685526894,8.680347396075915,-8.06617449381751,-6.733261983158132,5.0524602779234026e-14
218.06812800147205,35.26879197723296,8.681852131681838,-8.06510514529917,-6.730385239270934,1.347322740779574e-13
218.0779059424278,35.27481571693979,8.683358447454689,-8.064033375551592,-6.727508194417233,1.0104920555846805e-13
218.0876859104674,35.280838072711376,8.684866342809133,-8.062959180781268,-6.724630849862503,6.73661370389787e-14
218.09746790704892,35.2868590428691,8.686375817159847,-8.06188255719484,-6.721753206874265,1.0104920555846805e-13
218.10725193362995,35.29287862573385,8.687886869921506,-8.060803500999063,-6.71887526672208,-3.368306851948935e-14
218.11703799166756,35.29889681962596,8.689399500508783,-8.059722008400797,-6.715997030677566,1.515738083377021e-13
218.1268260826183,35.304913622865286,8.690913708336348,-8.058638075607048,-6.713118500014377,1.6841534259744676e-14
218.13661620793812,35.31092903377109,8.692429492818876,-8.057551698824929,-6.710239676008238,1.1789073981821273e-13
218.14640836908265,35.31694305066214,8.693946853371044,-8.056462874261674,-6.707360559936902,-6.73661370389787e-14
218.15620256750677,35.322955671856704,8.695465789407521,-8.055371598124655,-6.704481153080204,-1.0104920555846805e-13
218.16599880466492,35.32896689567248,8.696986300342981,-8.054277866621362,-6.701601456720027,0.0
218.1757970820111,35.33497672042665,8.698508385592099,-8.0531816759594,-6.6987214721403046,5.0524602779234026e-14
218.18559740099866,35.3409851444359,8.700032044569546,-8.052083022346517,-6.695841200627041,6.73661370389787e-14
218.19539976308047,35.34699216601634,8.701557276689998,-8.050981901990578,-6.692960643468305,1.6841534259744676e-14
218.20520416970894,35.35299778348355,8.703084081368125,-8.049878311099572,-6.690079801954219,-1.6841534259744676e-14
218.21501062233577,35.35900199515265,8.704612458018605,-8.048772245881622,-6.6871986773769905,-6.73661370389787e-14
218.2248191224123,35.36500479933817,8.706142406056108,-8.04766370254498,-6.6843172710308805,1.6841534259744676e-14
218.23462967138929,35.371006194354116,8.707673924895307,-8.046552677298022,-6.6814355842122275,-1.6841534259744676e-14
218.24444227071692,35.37700617851398,8.709207013950873,-8.045439166349258,-6.6785536182194445,-5.0524602779234026e-14
218.25425692184487,35.38300475013073,8.710741672637486,-8.044323165907322,-6.675671374353014,5.0524602779234026e-14
218.26407362622228,35.38900190751679,8.712277900369813,-8.043204672180991,-6.672788853915501,3.368306851948935e-14
218.27389238529776,35.394997648984074,8.713815696562532,-8.04208368137916,-6.669906058211542,8.420767129872338e-14
218.2837132005194,35.40099197284393,8.715355060630312,-8.040960189710866,-6.667022988547859,0.0
218.29353607333465,35.40698487740721,8.71689599198783,-8.039834193385271,-6.664139646233258,3.368306851948935e-14
218.30336100519057,35.41297636098422,8.718438490049758,-8.038705688611682,-6.661256032578621,6.73661370389787e-14
218.31318799753353,35.41896642188476,8.71998255423077,-8.037574671599529,-6.658372148896925,-1.0104920555846805e-13
218.32301705180944,35.42495505841806,8.721528183945537,-8.036441138558382,-6.655487996503238,-1.6841534259744676e-14
218.33284816946366,35.430942268892835,8.723075378608732,-8.035305085697948,-6.6526035767147045,5.0524602779234026e-14
218.342681351941,35.436928051617286,8.724624137635033,-8.03416650922807,-6.649718890850569,3.368306851948935e-14
218.3525166006857,35.44291240489907,8.72617446043911,-8.033025405358725,-6.646833940232172,-3.368306851948935e-14
