galstreams/tracks/track.st.NGC5466.ibata2021.ecsv
# %ECSV 0.9
# ---
# datatype:
# - {name: ra, unit: deg, datatype: float64}
# - {name: dec, unit: deg, datatype: float64}
# - {name: distance, unit: kpc, datatype: float64}
# - {name: pm_ra_cosdec, unit: mas / yr, datatype: float64}
# - {name: pm_dec, unit: mas / yr, datatype: float64}
# - {name: radial_velocity, unit: km / s, datatype: float64}
# delimiter: ','
# meta: !!omap
# - __serialized_columns__:
#     dec:
#       __class__: astropy.coordinates.angles.Latitude
#       unit: &id001 !astropy.units.Unit {unit: deg}
#       value: !astropy.table.SerializedColumn {name: dec}
#     distance:
#       __class__: astropy.coordinates.distances.Distance
#       unit: !astropy.units.Unit {unit: kpc}
#       value: !astropy.table.SerializedColumn {name: distance}
#     pm_dec:
#       __class__: astropy.units.quantity.Quantity
#       unit: !astropy.units.Unit {unit: mas / yr}
#       value: !astropy.table.SerializedColumn {name: pm_dec}
#     pm_ra_cosdec:
#       __class__: astropy.units.quantity.Quantity
#       unit: !astropy.units.Unit {unit: mas / yr}
#       value: !astropy.table.SerializedColumn {name: pm_ra_cosdec}
#     ra:
#       __class__: astropy.coordinates.angles.Longitude
#       unit: *id001
#       value: !astropy.table.SerializedColumn {name: ra}
#       wrap_angle: !astropy.coordinates.Angle
#         unit: *id001
#         value: 360.0
#     radial_velocity:
#       __class__: astropy.units.quantity.Quantity
#       unit: !astropy.units.Unit {unit: km / s}
#       value: !astropy.table.SerializedColumn {name: radial_velocity}
# schema: astropy-2.0
ra,dec,distance,pm_ra_cosdec,pm_dec,radial_velocity
[from data line 1225]
220.4331437371273,23.239589820450746,14.137855007168955,-6.502642193636677,-0.34367272938171084,-1.5788938368510635e-14
220.44244136169232,23.234368397661687,14.137717778163159,-6.503526777890601,-0.3431966873599218,1.6841534259744676e-14
220.45173938490723,23.229147944466494,14.137581316797286,-6.50440947082175,-0.3427219500478099,8.420767129872338e-14
220.4610378087997,23.223928463112372,14.137445620653105,-6.505290267953069,-0.34224852159404656,5.0524602779234026e-14
220.4703366353976,23.218709955846162,14.137310687312365,-6.506169164808415,-0.3417764061483634,-6.526094525651062e-14
220.47963586672898,23.213492424914357,14.137176514356824,-6.507046156912544,-0.3413056078615578,-1.7894130150978717e-14
220.4889355048223,23.208275872563075,14.137043099368233,-6.507921239791116,-0.34083613088548614,6.631354114774466e-14
220.49823555170622,23.2030603010381,14.136910439928354,-6.508794408970702,-0.34036797937306307,3.157787673702127e-14
220.50753600940953,23.19784571258485,14.13677853361894,-6.50966565997877,-0.33990115747827143,-8.420767129872338e-15
220.51683687996146,23.192632109448375,14.136647378021749,-6.510534988343692,-0.33943566935614833,1.9999321933446802e-14
220.52613816539133,23.187419493873385,14.136516970718537,-6.511402389594746,-0.33897151916279433,8.420767129872338e-14
220.53543986772885,23.182207868104232,14.136387309291056,-6.5122678592621135,-0.33850871105536556,5.3682390452936155e-14
220.5447419890039,23.176997234384896,14.136258391321064,-6.5131313928768755,-0.3380472491920811,6.947132882144679e-14
220.55404453124663,23.171787594959017,14.136130214390324,-6.513992985971018,-0.3375871377322164,-2.4209705498382972e-14
220.56334749648744,23.166578952069884,14.136002776080575,-6.514852634077436,-0.33712838083610225,8.104988362502126e-14
220.57265088675697,23.16137130796041,14.13587607397359,-6.515710332729913,-0.33667098266513207,4.210383564936169e-14
220.5819547040862,23.156164664873174,14.135750105651116,-6.51656607746315,-0.3362149473817501,3.789345208442552e-14
220.59125895050622,23.150959025050376,14.135624868694917,-6.517419863812736,-0.33576027914946094,1.3052189051302125e-13
220.60056362804846,23.14575439073388,14.135500360686734,-6.518271687315176,-0.3353069821328266,7.894469184255317e-14
220.6098687387446,23.140550764165194,14.135376579208335,-6.519121543507868,-0.3348550604974561,1.7894130150978717e-14
220.61917428462658,23.135348147585464,14.135253521841475,-6.519969427929112,-0.33440451841002106,8.94706507548936e-14
220.6284802677265,23.130146543235472,14.135131186167909,-6.52081533611811,-0.33395536003824583,1.021018014497021e-13
220.63778669007684,23.124945953355677,14.13500956976939,-6.52165926361497,-0.3335075895509086,9.052324664612763e-14
220.64709355371028,23.11974638018616,14.13488867022767,-6.522501205960699,-0.33306121111783665,1.0946997268834039e-13
220.6564008606597,23.11454782596663,14.134768485124518,-6.523341158697197,-0.33261622890991593,5.0524602779234026e-14
220.66570861295827,23.109350292936483,14.134649012041685,-6.524179117367272,-0.33217264709908007,2.315710960714893e-14
220.67501681263943,23.104153783334738,14.13453024856092,-6.525015077514639,-0.33173046985831856,2.8420089063319142e-14
220.68432546173688,23.098958299400064,14.134412192263984,-6.525849034683899,-0.3312897013616681,1.3683746586042549e-14
220.6936345622845,23.09376384337077,14.134294840732629,-6.5266809844205635,-0.3308503457842208,2.947268495455318e-14
220.7029441163165,23.088570417484824,14.134178191548617,-6.527510922271039,-0.33041240730211197,-2.1051917824680845e-15
220.71225412586728,23.083378023979826,14.1340622422937,-6.528338843782634,-0.32997589009253603,-2.8420089063319142e-14
220.72156459297153,23.078186665093046,14.133946990549639,-6.529164744503555,-0.32954079833373084,5.894536990910637e-14
220.73087551966418,23.07299634306137,14.133832433898185,-6.5299886199829125,-0.3291071362049811,6.21031575828085e-14
220.7401869079804,23.067807060121353,14.133718569921095,-6.5308104657707124,-0.3286749078866265,1.9367764398706378e-13
220.7494987599556,23.062618818509197,14.133605396200123,-6.531630277417857,-0.32824411756004884,8.841805486365955e-14
220.75881107762547,23.057431620460736,14.133492910317024,-6.532448050476159,-0.32781476940767873,-2.6314897280851057e-14
220.76812386302592,23.052245468211467,14.13338110985356,-6.533263780498311,-0.3273868676129976,1.0525958912340423e-15
220.77743711819312,23.047060363996522,14.13326999239149,-6.534077463037921,-0.32696041636052653,1.5367900012017016e-13
220.78675084516354,23.041876310050704,14.133159555512558,-6.534889093649488,-0.3265354198358398,2.4209705498382972e-14
220.7960650459738,23.036693308608438,14.133049796798524,-6.535698667888413,-0.3261118822255484,-3.1577876737021266e-15
220.8053797226608,23.03151136190381,14.132940713831143,-6.536506181310993,-0.325689807717317,1.0420699323217018e-13
220.8146948772618,23.026330472170535,14.132832304192181,-6.537311629474418,-0.32526920049984914,4.631421921429786e-14
220.82401051181407,23.02115064164202,14.132724565463386,-6.538115007936783,-0.32485006476289374,7.4734308277617e-14
220.83332662835542,23.015971872551283,14.132617495226508,-6.53891631225708,-0.3244324046972431,-5.4734986344170195e-14
220.84264322892366,23.010794167130992,14.132511091063314,-6.539715537995194,-0.3240162244947367,5.999796580034041e-14
220.85196031555702,23.005617527613484,14.132405350555551,-6.540512680711912,-0.32360152834824635,1.1894333570944678e-13
220.86127789029388,23.000441956230734,14.132300271284983,-6.541307735968912,-0.32318832045169643,5.0524602779234026e-14
220.8705959551729,22.995267455214375,14.132195850833362,-6.542100699328774,-0.32277660500004574,-3.157787673702127e-14
220.87991451223294,22.99009402679566,14.132092086782443,-6.542891566354975,-0.3223663861892995,3.684085619319148e-14
220.88923356351322,22.984921673205527,14.131988976713982,-6.543680332611885,-0.3219576682165001,1.1894333570944678e-13
220.8985531110531,22.979750396674554,14.131886518209736,-6.544466993664772,-0.3215504552797295,6.105056169157445e-14
220.90787315689226,22.97458019943296,14.131784708851463,-6.545251545079797,-0.32114475157811173,-1.0841737679710636e-13
220.91719370307052,22.969411083710614,14.131683546220916,-6.546033982424028,-0.3207405613118081,4.73668151055319e-14
220.9265147516281,22.964243051737043,14.131583027899849,-6.546814301265414,-0.3203378886820205,7.052392471268083e-14
220.93583630460535,22.959076105741435,14.131483151470022,-6.5475924971728094,-0.3199367378909852,-2.2104513715914887e-14
220.94515836404292,22.95391024795259,14.131383914513194,-6.548368565715959,-0.3195371131419804,-9.683882199353189e-14
220.95448093198164,22.948745480599,14.13128531461111,-6.549142502465511,-0.3191390186393199,7.4734308277617e-14
220.96380401046267,22.943581805908792,14.131187349345536,-6.549914302992999,-0.31874245858835104,6.526094525651062e-14
220.9731276015274,22.938419226109744,14.131090016298224,-6.550683962870855,-0.31834743719546477,1.3789006175165953e-13
220.98245170721745,22.933257743429273,14.130993313050928,-6.551451477672409,-0.31795395866807974,1.24206315165617e-13
220.99177632957466,22.928097360094476,14.130897237185408,-6.552216842971879,-0.3175620272146543,-2.5262301389617013e-14
221.00110147064112,22.922938078332066,14.130801786283415,-6.552980054344387,-0.31717164704468426,1.6315236314127656e-13
221.01042713245926,22.91777990036844,14.13070695792671,-6.55374110736594,-0.31678282236868965,6.315575347404253e-15
221.0197533170716,22.91262282842963,14.130612749697047,-6.554499997613446,-0.3163955573982356,1.9999321933446802e-14
221.02908002652103,22.907466864741323,14.130519159176183,-6.555256720664699,-0.3160098563459179,1.1578554803574466e-13
221.03840726285065,22.90231201152885,14.130426183945872,-6.5560112720984,-0.31562572342535705,6.105056169157445e-14
221.04773502810377,22.89715827101721,14.13033382158787,-6.556763647494126,-0.31524316285121584,9.052324664612763e-14
221.05706332432402,22.892005645431052,14.130242069683932,-6.557513842432364,-0.3148621788391867,2.2104513715914887e-14
221.06639215355517,22.886854136994653,14.13015092581582,-6.558261852494484,-0.31448277560599,1.7894130150978717e-14
221.07572151784132,22.881703747931976,14.130060387565283,-6.559007673262753,-0.31410495736938154,5.999796580034041e-14
221.08505141922677,22.876554480466623,14.129970452514078,-6.5597513003203325,-0.31372872834814364,1.6841534259744677e-13
221.0943818597561,22.871406336821842,14.129881118243967,-6.560492729251271,-0.3133540927620911,9.368103431982976e-14
221.10371284147413,22.86625931922055,14.1297923823367,-6.561231955640515,-0.3129810548320668,1.4420563709906378e-13
221.11304436642592,22.8611134298853,14.12970424237403,-6.5619689750739045,-0.31260961877994575,7.894469184255317e-14
221.1223764366567,22.855968671038312,14.129616695937719,-6.562703783138165,-0.3122397888286297,4.210383564936169e-14
221.1317090542121,22.850825044901438,14.12952974060952,-6.563436375420922,-0.31187156920204606,-3.157787673702127e-14
221.1410422211378,22.845682553696214,14.129443373971192,-6.564166747510688,-0.3115049641251546,-1.0525958912340423e-14
221.15037593947991,22.840541199643816,14.129357593604489,-6.5648948949968675,-0.31113997782393876,7.789209595131913e-14
221.15971021128468,22.835400984965077,14.129272397091166,-6.565620813469758,-0.3107766145254119,1.4104784942536167e-13
221.1690450385986,22.830261911880473,14.129187782012982,-6.566344498520548,-0.3104148784576081,-2.7367493172085098e-14
221.17838042346844,22.825123982610148,14.129103745951687,-6.567065945741323,-0.31005477384959584,1.1578554803574466e-14
221.18771636794122,22.81998719937389,14.129020286489043,-6.567785150725047,-0.3096963049314617,1.5788938368510635e-14
221.19705287406416,22.81485156439115,14.128937401206807,-6.568502109065587,-0.30933947593432115,1.0736478090587231e-13
221.20638994388477,22.809717079881032,14.128855087686725,-6.569216816357695,-0.308984291090311,7.683950006008508e-14
221.21572757945077,22.804583748062292,14.128773343510565,-6.569929268197014,-0.30863075463259254,-5.6840178126638284e-14
221.2250657828101,22.799451571153334,14.128692166260072,-6.5706394601800815,-0.30827887079535776,1.6104717135880846e-13
221.23440455601107,22.794320551372234,14.128611553517011,-6.57134738790432,-0.30792864381380836,-1.7894130150978717e-14
221.24374390110205,22.789190690936728,14.128531502863131,-6.572053046968046,-0.30758007792417974,-8.94706507548936e-14
221.25308382013176,22.784061992064174,14.128452011880194,-6.572756432970465,-0.3072331773637263,-8.420767129872338e-15
221.26242431514916,22.77893445697162,14.128373078149954,-6.5734575415116705,-0.30688794637072075,-1.6841534259744676e-14
221.2717653882034,22.773808087875747,14.12829469925416,-6.574156368192649,-0.3065443891844634,1.3578486996919146e-13
221.28110704134394,22.76868288699291,14.128216872774582,-6.574852908615272,-0.3062025100452686,1.2525891105685104e-13
221.2904492766205,22.763558856539113,14.128139596292963,-6.5755471583823075,-0.30586231319447404,4.210383564936169e-14
221.29979209608288,22.75843599873001,14.128062867391066,-6.576239113097406,-0.3055238028744401,4.4209027431829774e-14
221.30913550178133,22.753314315780926,14.127986683650638,-6.5769287683651125,-0.3051869833285425,1.0315439734093615e-13
221.3184794957662,22.748193809906823,14.12791104265345,-6.577616119790855,-0.3048518588011734,-3.1577876737021266e-15
221.32782408008813,22.743074483322335,14.127835941981248,-6.5783011629809565,-0.30451843353775065,-2.1051917824680846e-14
221.337169256798,22.737956338241748,14.12776137921579,-6.57898389354262,-0.30418671178470613,7.789209595131913e-14
221.34651502794696,22.73283937687901,14.127687351938828,-6.579664307083951,-0.3038566977894884,-1.3683746586042549e-14
221.35586139558632,22.727723601447718,14.127613857732126,-6.58034239921393,-0.3035283958005651,2.8420089063319142e-14
221.3652083617677,22.72260901416114,14.127540894177432,-6.58101816554243,-0.30320181006742014,-9.368103431982976e-14
221.37455592854295,22.71749561723218,14.127468458856503,-6.581691601680218,-0.30287694484055294,1.0736478090587231e-13
221.38390409796418,22.71238341287342,14.1273965493511,-6.582362703238937,-0.3025538043714758,3.684085619319148e-14
221.39325287208368,22.707272403297097,14.127325163242975,-6.583031465831128,-0.30223239291272275,1.5788938368510635e-14
221.40260225295398,22.70216259071508,14.127254298113886,-6.583697885070215,-0.30191271471783665,8.736545897242551e-14
221.411952242628,22.69705397733894,14.127183951545591,-6.5843619565705085,-0.30159477404138013,2.7367493172085098e-14
221.42130284315866,22.69194656537988,14.127114121119838,-6.585023675947214,-0.301278575138923,2.1051917824680845e-15
221.4306540565993,22.68684035704876,14.127044804418391,-6.585683038816409,-0.300964122267054,2.094665823555744e-13
221.44000588500347,22.681735354556107,14.126975999023001,-6.586340040795074,-0.3006514196833728,1.0104920555846805e-13
221.44935833042493,22.676631560112103,14.126907702515426,-6.586994677501069,-0.3003404716464898,-6.315575347404253e-15
221.45871139491763,22.67152897592659,14.126839912477422,-6.587646944553137,-0.3000312824160336,1.1683814392697868e-13
221.4680650805359,22.66642760420908,14.126772626490741,-6.588296837570915,-0.29972385625263587,-5.2629794561702115e-15
221.47741938933416,22.66132744716872,14.126705842137147,-6.58894435217492,-0.2994181974179459,-5.0524602779234026e-14
221.48677432336711,22.656228507014337,14.126639556998391,-6.589589483986559,-0.29911431017462303,1.1683814392697868e-13
221.49612988468982,22.651130785954397,14.126573768656229,-6.590232228628123,-0.29881219878633164,1.221011233831489e-13
221.50548607535745,22.64603428619706,14.126508474692418,-6.590872581722792,-0.2985118675177522,5.4734986344170195e-14
221.5148428974254,22.640939009950124,14.126443672688712,-6.591510538894626,-0.29821332063456985,9.47336302110638e-15
221.52420035294938,22.635844959421046,14.126379360226867,-6.5921460957685785,-0.29791656240348313,1.4104784942536167e-13
221.53355844398533,22.630752136816938,14.126315534888642,-6.59277924797048,-0.297621597092196,1.1473295214451061e-13
221.54291717258943,22.625660544344598,14.126252194255787,-6.593409991127053,-0.2973284289694186,-5.2629794561702114e-14
221.552276540818,22.620570184210447,14.126189335910066,-6.594038320865899,-0.2970370623048749,-1.894672604221276e-14
221.56163655072774,22.615481058620595,14.126126957433232,-6.594664232815511,-0.2967475013692892,8.420767129872338e-14
221.57099720437552,22.61039316978081,14.126065056407038,-6.5952877226052635,-0.29645975043439526,1.0420699323217018e-13
221.58035850381845,22.60530651989651,14.12600363041324,-6.5959087858654115,-0.29617381377293567,3.9998643866893604e-14
221.58972045111386,22.600221111172793,14.125942677033597,-6.596527418227105,-0.2958896956586533,-3.684085619319148e-14
221.59908304831936,22.59513694581439,14.125882193849861,-6.597143615322368,-0.2956074003663032,6.73661370389787e-14
221.60844629749283,22.59005402602572,14.125822178443794,-6.597757372784114,-0.29532693217163614,-5.789277401787233e-14
221.61781020069225,22.584972354010848,14.125762628397146,-6.598368686246138,-0.29504829535141797,1.568367877938723e-13
221.62717475997596,22.579891931973503,14.12570354129168,-6.598977551343123,-0.29477149418340737,1.768361097273191e-13
221.63653997740255,22.574812762117087,14.125644914709142,-6.59958396371063,-0.2944965329463754,-9.47336302110638e-15
221.64590585503075,22.569734846644657,14.125586746231292,-6.6001879189851085,-0.29422341592009477,2.315710960714893e-14
221.65527239491962,22.564658187758923,14.125529033439893,-6.6007894128038895,-0.2939521473853347,-5.2629794561702114e-14
221.66463959912835,22.55958278766227,14.125471773916694,-6.601388440805187,-0.29368273162387615,8.631286308119147e-14
221.67400746971649,22.554508648556745,14.125414965243449,-6.601984998628098,-0.29341517291849123,-7.578690416885104e-14
