galstreams/tracks/track.st.NGC288.ibata2021.ecsv
# %ECSV 1.0
# ---
# datatype:
# - {name: ra, unit: deg, datatype: float64}
# - {name: dec, unit: deg, datatype: float64}
# - {name: distance, unit: kpc, datatype: float64}
# - {name: pm_ra_cosdec, unit: mas / yr, datatype: float64}
# - {name: pm_dec, unit: mas / yr, datatype: float64}
# - {name: radial_velocity, unit: km / s, datatype: float64}
# delimiter: ','
# meta: !!omap
# - __serialized_columns__:
#     dec:
#       __class__: astropy.coordinates.angles.Latitude
#       unit: &id001 !astropy.units.Unit {unit: deg}
#       value: !astropy.table.SerializedColumn {name: dec}
#     distance:
#       __class__: astropy.coordinates.distances.Distance
#       unit: !astropy.units.Unit {unit: kpc}
#       value: !astropy.table.SerializedColumn {name: distance}
#     pm_dec:
#       __class__: astropy.units.quantity.Quantity
#       unit: !astropy.units.Unit {unit: mas / yr}
#       value: !astropy.table.SerializedColumn {name: pm_dec}
#     pm_ra_cosdec:
#       __class__: astropy.units.quantity.Quantity
#       unit: !astropy.units.Unit {unit: mas / yr}
#       value: !astropy.table.SerializedColumn {name: pm_ra_cosdec}
#     ra:
#       __class__: astropy.coordinates.angles.Longitude
#       unit: *id001
#       value: !astropy.table.SerializedColumn {name: ra}
#       wrap_angle: !astropy.coordinates.Angle
#         unit: *id001
#         value: 360.0
#     radial_velocity:
#       __class__: astropy.units.quantity.Quantity
#       unit: !astropy.units.Unit {unit: km / s}
#       value: !astropy.table.SerializedColumn {name: radial_velocity}
# schema: astropy-2.0
ra,dec,distance,pm_ra_cosdec,pm_dec,radial_velocity
[from data line 286]
8.603579192226652,-21.61068147841158,11.190799082434353,4.044240048816009,-5.269180275280453,-5.0524602779234026e-14
8.611734862372586,-21.61736702851841,11.18997435233708,4.044032758850706,-5.269451351801102,0.0
8.619883615655128,-21.624057777926723,11.189150949453742,4.043827798791738,-5.269725005699925,0.0
8.628025468841132,-21.630753715428558,11.18832887083627,4.043625162882689,-5.270001228812171,-3.368306851948935e-14
8.636160438696585,-21.637454829812675,11.187508113536616,4.043424845365759,-5.270280012974397,0.0
8.644288541986644,-21.644161109864555,11.186688674606732,4.04322684048176,-5.2705613500244635,-1.6841534259744676e-14
8.652409795475638,-21.650872544366408,11.185870551098557,4.043031142470141,-5.270845231801539,1.6841534259744676e-14
8.660524215927076,-21.657589122097168,11.185053740064042,4.042837745568976,-5.271131650146092,0.0
8.668631820103649,-21.66431083183252,11.184238238555128,4.042646644014975,-5.2714205968998815,1.6841534259744676e-14
8.676732624767247,-21.671037662344865,11.18342404362377,4.0424578320434925,-5.271712063905962,5.0524602779234026e-14
8.684826646678955,-21.677769602403345,11.182611152321913,4.042271303888526,-5.272006043008681,-3.368306851948935e-14
8.692913902599084,-21.68450664077387,11.181799561701498,4.042087053782731,-5.272302526053666,0.0
8.70099440928715,-21.691248766219047,11.180989268814479,4.041905075957411,-5.2726015048878185,-1.6841534259744676e-14
8.709068183501909,-21.697995967498276,11.180180270712796,4.041725364642543,-5.272902971359333,1.6841534259744676e-14
8.717135242001335,-21.70474823336766,11.179372564448402,4.041547914066765,-5.273206917317667,-1.6841534259744676e-14
8.725195601542667,-21.711505552580096,11.178566147073242,4.041372718457385,-5.273513334613548,0.0
8.733249278882385,-21.718267913885203,11.17776101563926,4.0411997720404,-5.273822215098978,1.6841534259744676e-14
8.741296290776221,-21.725035306029362,11.176957167198408,4.041029069040478,-5.27413355062721,-3.368306851948935e-14
8.749336653979192,-21.73180771775573,11.176154598802624,4.040860603680983,-5.274447333052765,3.368306851948935e-14
8.75737038524558,-21.73858513780419,11.175353307503864,4.040694370183967,-5.274763554231413,1.6841534259744676e-14
8.765397501328952,-21.745367554911418,11.174553290354071,4.040530362770185,-5.275082206020182,-1.6841534259744676e-14
8.773418018982175,-21.752154957810863,11.17375454440519,4.040368575659096,-5.275403280277345,1.6841534259744676e-14
8.781431954957407,-21.75894733523271,11.172957066709172,4.040209003068864,-5.275726768862416,-1.6841534259744676e-14
8.789439326006121,-21.76574467590392,11.172160854317962,4.040051639216366,-5.276052663636151,0.0
8.797440148879105,-21.772546968548262,11.171365904283503,4.039896478317206,-5.2763809564605495,0.0
8.80543444032647,-21.77935420188623,11.170572213657747,4.039743514585703,-5.276711639198837,-1.6841534259744676e-14
8.813422217097663,-21.786166364635143,11.169779779492638,4.039592742234911,-5.277044703715472,0.0
8.82140349594147,-21.792983445509066,11.168988598840128,4.03944415547661,-5.277380141876132,3.368306851948935e-14
8.829378293606023,-21.799805433218847,11.168198668752154,4.039297748521333,-5.277717945547731,-3.368306851948935e-14
8.83734662683882,-21.806632316472154,11.16740998628067,4.039153515578344,-5.27805810659839,-3.368306851948935e-14
8.845308512386715,-21.813464083973408,11.166622548477624,4.039011450855664,-5.278400616897453,0.0
8.85326396699594,-21.82030072442383,11.165836352394955,4.038871548560064,-5.278745468315469,0.0
8.861213007412102,-21.82714222652143,11.165051395084618,4.0387338028970765,-5.279092652724197,1.6841534259744676e-14
8.869155650380211,-21.833988578961023,11.164267673598557,4.038598208070997,-5.279442161996604,-1.6841534259744676e-14
8.87709191264466,-21.840839770434215,11.163485184988717,4.038464758284894,-5.279793988006857,-3.368306851948935e-14
8.885021810949256,-21.84769578962941,11.162703926307046,4.038333447740603,-5.280148122630317,0.0
8.892945362037215,-21.854556625231808,11.161923894605492,4.038204270638747,-5.280504557743544,1.6841534259744676e-14
8.900862582651177,-21.861422265923423,11.161145086936,4.038077221178726,-5.280863285224283,1.6841534259744676e-14
8.908773489533209,-21.86829270038307,11.160367500350516,4.0379522935587335,-5.281224296951469,0.0
8.91667809942482,-21.875167917286376,11.159591131900987,4.037829481975755,-5.281587584805217,-3.368306851948935e-14
8.924576429066954,-21.88204790530579,11.158815978639364,4.037708780625575,-5.281953140666826,0.0
8.932468495200023,-21.888932653110544,11.158042037617589,4.037590183702786,-5.282320956418772,3.368306851948935e-14
8.940354314563889,-21.8958221493667,11.157269305887617,4.037473685400781,-5.282691023944695,-1.6841534259744676e-14
8.948233903897894,-21.902716382737164,11.156497780501383,4.037359279911774,-5.283063335129415,0.0
8.956107279940843,-21.909615341881626,11.15572745851084,4.037246961426794,-5.283437881858911,-3.368306851948935e-14
8.963974459431041,-21.916519015456625,11.154958336967937,4.037136724135695,-5.283814656020325,-1.6841534259744676e-14
8.971835459106277,-21.923427392115496,11.154190412924613,4.037028562227159,-5.284193649501963,-3.368306851948935e-14
8.979690295703849,-21.930340460508432,11.153423683432823,4.036922469888702,-5.2845748541932736,-3.368306851948935e-14
8.98753898596055,-21.93725820928244,11.152658145544509,4.036818441306675,-5.2849582619848725,-3.368306851948935e-14
8.99538154661271,-21.944180627081355,11.15189379631162,4.036716470666275,-5.285343864768511,-3.368306851948935e-14
9.003217994396174,-21.951107702545862,11.151130632786101,4.036616552151543,-5.2857316544370905,-3.368306851948935e-14
9.01104834604632,-21.958039424313473,11.1503686520199,4.036518679945379,-5.286121622884662,0.0
9.018872618298062,-21.96497578101853,11.149607851064966,4.036422848229532,-5.286513762006394,0.0
9.026690827885874,-21.971916761292235,11.148848226973241,4.036329051184619,-5.286908063698609,1.6841534259744676e-14
9.034502991543782,-21.97886235376262,11.148089776796674,4.036237282990125,-5.287304519858753,1.6841534259744676e-14
9.042309126005378,-21.98581254705456,11.147332497587211,4.0361475378244,-5.287703122385394,1.6841534259744676e-14
9.050109248003823,-21.992767329789785,11.146576386396802,4.036059809864673,-5.288103863178234,-3.368306851948935e-14
9.057903374271866,-21.999726690586893,11.14582144027739,4.035974093287062,-5.2885067341380925,1.6841534259744676e-14
9.065691521541835,-22.006690618061292,11.145067656280927,4.035890382266556,-5.288911727166896,-1.6841534259744676e-14
9.073473706545666,-22.01365910082528,11.144315031459355,4.0358086709770475,-5.2893188341677035,0.0
9.081249946014893,-22.020632127488,11.143563562864623,4.035728953591318,-5.289728047044668,0.0
9.089020256680662,-22.02760968665545,11.14281324754867,4.035651224281054,-5.290139357703064,0.0
9.096784655273737,-22.034591766930486,11.142064082563458,4.035575477216838,-5.2905527580492535,-3.368306851948935e-14
9.104543158524521,-22.04157835691286,11.141316064960922,4.035501706568173,-5.290968239990713,1.6841534259744676e-14
9.11229578316304,-22.04856944519913,11.140569191793013,4.035429906503467,-5.291385795436008,-1.6841534259744676e-14
9.120042545918972,-22.055565020382787,11.139823460111675,4.035360071190052,-5.291805416294801,0.0
9.127783463521645,-22.062565071054138,11.13907886696886,4.03529219479418,-5.292227094477843,-3.368306851948935e-14
9.135518552700047,-22.069569585800398,11.138335409416511,4.035226271481036,-5.2926508218969746,-5.0524602779234026e-14
9.14324783018283,-22.076578553205643,11.137593084506575,4.035162295414732,-5.293076590465116,-1.6841534259744676e-14
9.150971312698326,-22.08359196185082,11.136851889290996,4.035100260758323,-5.293504392096272,-5.0524602779234026e-14
9.15868901697455,-22.09060980031378,11.136111820821728,4.0350401616738,-5.293934218705518,1.6841534259744676e-14
9.166400959739207,-22.09763205716921,11.135372876150711,4.034981992322107,-5.294366062209012,1.6841534259744676e-14
9.174107157719689,-22.104658720988713,11.134635052329898,4.034925746863132,-5.294799914523972,-1.6841534259744676e-14
9.18180762764312,-22.111689780340782,11.133898346411227,4.034871419455725,-5.295235767568696,1.6841534259744676e-14
9.189502386236319,-22.118725223790772,11.133162755446655,4.0348190042576935,-5.2956736132625295,-1.6841534259744676e-14
9.197191450225832,-22.125765039900948,11.13242827648812,4.034768495425812,-5.296113443525893,-1.6841534259744676e-14
9.204874836337936,-22.132809217230456,11.13169490658758,4.03471988711582,-5.296555250280254,-1.6841534259744676e-14
9.212552561298645,-22.139857744335337,11.13096264279697,4.034673173482436,-5.296999025448139,-1.6841534259744676e-14
9.22022464183372,-22.146910609768536,11.130231482168242,4.034628348679354,-5.297444760953127,0.0
9.227891094668674,-22.15396780207989,11.129501421753341,4.034585406859255,-5.297892448719841,-3.368306851948935e-14
9.235551936528786,-22.161029309816126,11.128772458604217,4.034544342173802,-5.298342080673945,-3.368306851948935e-14
9.243207184139091,-22.16809512152089,11.128044589772813,4.034505148773652,-5.298793648742151,-6.73661370389787e-14
9.250856854224422,-22.17516522573473,11.127317812311075,4.0344678208084614,-5.299247144852204,1.6841534259744676e-14
9.258500963509372,-22.182239610995076,11.126592123270958,4.034432352426881,-5.299702560932879,-5.0524602779234026e-14
9.266139528718343,-22.18931826583631,11.1258675197044,4.034398737776579,-5.300159888913996,0.0
9.273772566575534,-22.19640117878968,11.125143998663352,4.034366971004221,-5.30061912072639,1.6841534259744676e-14
9.281400093804946,-22.20348833838337,11.124421557199762,4.0343370462554935,-5.301080248301923,0.0
9.289022127130403,-22.21057973314248,11.12370019236557,4.034308957675101,-5.301543263573486,5.0524602779234026e-14
9.296638683275548,-22.217675351589023,11.12297990121273,4.034282699406771,-5.30200815847498,5.0524602779234026e-14
9.304249778963849,-22.22477518224191,11.122260680793188,4.034258265593257,-5.302474924941325,0.0
9.311855430918627,-22.23187921361701,11.121542528158885,4.034235650376348,-5.302943554908451,0.0
9.319455655863077,-22.238987434227138,11.120825440361775,4.034214847896867,-5.303414040313297,1.6841534259744676e-14
9.327050470520135,-22.246099832581894,11.120109414453799,4.034195852294677,-5.303886373093814,0.0
9.334639891612712,-22.253216397187952,11.119394447486904,4.034178657708689,-5.304360545188944,3.368306851948935e-14
9.342223935863553,-22.26033711654886,11.118680536513045,4.0341632582768625,-5.304836548538638,0.0
9.349802619995279,-22.2674619791651,11.117967678584161,4.034149648136211,-5.30531437508384,-1.6841534259744676e-14
9.357375960730396,-22.274590973534092,11.1172558707522,4.034137821422802,-5.305794016766485,-1.6841534259744676e-14
9.364943974791297,-22.281724088150177,11.116545110069112,4.034127772271773,-5.306275465529497,-3.368306851948935e-14
9.372506678900288,-22.28886131150466,11.115835393586838,4.034119494817326,-5.306758713316799,1.6841534259744676e-14
9.380064089779564,-22.29600263208575,11.115126718357331,4.034112983192729,-5.307243752073276,-3.368306851948935e-14
9.387616224151254,-22.30314803837861,11.114419081432533,4.034108231530335,-5.307730573744817,-1.6841534259744676e-14
9.395163098737397,-22.310297518865365,11.113712479864391,4.034105233961568,-5.308219170278275,1.6841534259744676e-14
9.402704730259964,-22.31745106202505,11.11300691070486,4.034103984616937,-5.3087095336214745,5.0524602779234026e-14
9.41024113544087,-22.32460865633366,11.112302371005873,4.034104477626045,-5.309201655723221,-1.6841534259744676e-14
9.417772331001967,-22.33177029026416,11.111598857819388,4.034106707117582,-5.309695528533284,1.6841534259744676e-14
9.425298333665067,-22.33893595228643,11.110896368197347,4.0341106672193385,-5.3101911440024,3.368306851948935e-14
9.432819160151944,-22.346105630867324,11.1101948991917,4.034116352058204,-5.310688494082262,0.0
9.44033482718433,-22.35327931447064,11.109494447854392,4.03412375576017,-5.311187570725528,-3.368306851948935e-14
9.447845351483949,-22.360456991557154,11.108795011237364,4.034132872450351,-5.311688365885818,1.6841534259744676e-14
9.45535074977249,-22.36763865058456,11.108096586392568,4.034143696252954,-5.312190871517687,1.6841534259744676e-14
9.46285103877165,-22.37482428000754,11.107399170371956,4.034156221291319,-5.312695079576654,-1.6841534259744676e-14
9.47034623520311,-22.382013868277735,11.106702760227467,4.034170441687904,-5.3132009820191834,0.0
9.477836355788568,-22.389207403843745,11.106007353011051,4.034186351564291,-5.313708570802681,5.0524602779234026e-14
9.485321417249725,-22.396404875151127,11.105312945774656,4.034203945041194,-5.314217837885495,0.0
9.492801436308318,-22.403606270642417,11.104619535570226,4.0342232162384635,-5.314728775226913,-3.368306851948935e-14
9.5002764296861,-22.410811578757126,11.103927119449708,4.034244159275085,-5.315241374787152,1.6841534259744676e-14
9.507746414104862,-22.418020787931706,11.10323569446505,4.0342667682691875,-5.315755628527371,3.368306851948935e-14
9.515211406286443,-22.42523388659962,11.1025452576682,4.034291037338047,-5.316271528409647,0.0
9.522671422952728,-22.432450863191285,11.101855806111104,4.034316960598089,-5.31678906639699,1.6841534259744676e-14
9.530126480825665,-22.439671706134085,11.101167336845705,4.034344532164896,-5.317308234453336,-3.368306851948935e-14
9.53757659662727,-22.446896403852403,11.100479846923951,4.03437374615321,-5.317829024543533,-1.6841534259744676e-14
9.545021787079618,-22.454124944767585,11.099793333397797,4.034404596676931,-5.318351428633351,-3.368306851948935e-14
9.552462068904884,-22.461357317297974,11.099107793319181,4.03443707784913,-5.318875438689474,5.0524602779234026e-14
9.559897458825317,-22.468593509858874,11.098423223740053,4.034471183782048,-5.319401046679498,0.0
9.567327973563275,-22.4758335108626,11.097739621712357,4.034506908587105,-5.319928244571929,3.368306851948935e-14
9.574753629841203,-22.483077308718432,11.097056984288042,4.034544246374891,-5.320457024336177,-1.6841534259744676e-14
9.58217444438167,-22.490324891832664,11.096375308519056,4.034583191255185,-5.3209873779425525,1.6841534259744676e-14
9.589590433907356,-22.497576248608553,11.095694591457345,4.034623737336953,-5.321519297362268,3.368306851948935e-14
9.59700161514107,-22.504831367446354,11.095014830154856,4.034665878728348,-5.322052774567434,0.0
9.60440800480575,-22.512090236743333,11.094336021663532,4.034709609536725,-5.322587801531059,-1.6841534259744676e-14
9.611809619624479,-22.51935284489375,11.093658163035323,4.034754923868634,-5.323124370227035,-1.6841534259744676e-14
9.61920647632048,-22.526619180288826,11.092981251322175,4.034801815829823,-5.323662472630145,0.0
9.62659859161714,-22.53388923131683,11.09230528357604,4.034850279525252,-5.324202100716062,0.0
9.633985982238,-22.541162986362995,11.091630256848859,4.0349003090590925,-5.3247432464613365,0.0
9.641368664906777,-22.54844043380959,11.090956168192578,4.034951898534726,-5.325285901843404,0.0
9.64874665634736,-22.555721562035846,11.090283014659148,4.035005042054755,-5.32583005884057,-5.0524602779234026e-14
9.656119973283824,-22.56300635941805,11.089610793300514,4.035059733721004,-5.326375709432022,-1.6841534259744676e-14
9.663488632440439,-22.570294814329447,11.088939501168618,4.035115967634528,-5.32692284559782,0.0
9.670852650541663,-22.57758691514032,11.088269135315416,4.0351737378956,-5.327471459318884,0.0
9.678212044312174,-22.58488265021796,11.08759969279285,4.035233038603736,-5.328021542577004,-3.368306851948935e-14
9.685566830476853,-22.59218200792668,11.086931170652866,4.0352938638576905,-5.32857308735484,5.0524602779234026e-14
9.69291702576081,-22.599484976627767,11.086263565947409,4.035356207755453,-5.329126085635902,1.6841534259744676e-14
9.700262646889371,-22.606791544679563,11.085596875728427,4.035420064394265,-5.329680529404568,1.6841534259744676e-14
9.707603710588106,-22.614101700437423,11.084931097047873,4.035485427870609,-5.3302364106460605,0.0
