galstreams/tracks/track.st.Gaia-9.ibata2024.ecsv
# %ECSV 1.0
# ---
# datatype:
# - {name: ra, unit: deg, datatype: float64}
# - {name: dec, unit: deg, datatype: float64}
# - {name: distance, unit: kpc, datatype: float64}
# - {name: pm_ra_cosdec, unit: mas / yr, datatype: float64}
# - {name: pm_dec, unit: mas / yr, datatype: float64}
# - {name: radial_velocity, unit: km / s, datatype: float64}
# delimiter: ','
# meta: !!omap
# - __serialized_columns__:
#     dec:
#       __class__: astropy.coordinates.angles.Latitude
#       unit: &id001 !astropy.units.Unit {unit: deg}
#       value: !astropy.table.SerializedColumn {name: dec}
#     distance:
#       __class__: astropy.coordinates.distances.Distance
#       unit: !astropy.units.Unit {unit: kpc}
#       value: !astropy.table.SerializedColumn {name: distance}
#     pm_dec:
#       __class__: astropy.units.quantity.Quantity
#       unit: !astropy.units.Unit {unit: mas / yr}
#       value: !astropy.table.SerializedColumn {name: pm_dec}
#     pm_ra_cosdec:
#       __class__: astropy.units.quantity.Quantity
#       unit: !astropy.units.Unit {unit: mas / yr}
#       value: !astropy.table.SerializedColumn {name: pm_ra_cosdec}
#     ra:
#       __class__: astropy.coordinates.angles.Longitude
#       unit: *id001
#       value: !astropy.table.SerializedColumn {name: ra}
#       wrap_angle: !astropy.coordinates.Angle
#         unit: *id001
#         value: 360.0
#     radial_velocity:
#       __class__: astropy.units.quantity.Quantity
#       unit: !astropy.units.Unit {unit: km / s}
#       value: !astropy.table.SerializedColumn {name: radial_velocity}
# schema: astropy-2.0
ra,dec,distance,pm_ra_cosdec,pm_dec,radial_velocity
[from data line 3269]
246.10728050396764,43.54817370837551,1.000000000000001,-7.323610089258732,3.1471866867454352,-403.68076538234914
246.11241165334994,43.538761619450625,1.0000000000000009,-7.321265125436092,3.145584899265536,-403.6749029514743
246.11754238665358,43.52934956741492,1.0000000000000009,-7.318920762019832,3.1439841954349745,-403.66899574406955
246.12267270503716,43.51993755241083,1.0000000000000009,-7.316576999021731,3.142384576244929,-403.6630437408984
246.12780260965852,43.51052557458073,1.0000000000000009,-7.314233836453813,3.1407860426863294,-403.657046922724
246.13293210167475,43.501113634066876,1.000000000000001,-7.3118912743281825,3.139188595749836,-403.6510052703101
246.13806118224252,43.491701731011396,1.0000000000000009,-7.309549312656824,3.1375922364260305,-403.64491876441986
246.14318985251762,43.482289865556375,1.0000000000000009,-7.307207951451954,3.135996965705097,-403.6387873858169
246.14831811365522,43.47287803784373,1.0000000000000009,-7.304867190725844,3.1344027845771194,-403.63261111526447
246.15344596680993,43.46346624801529,1.0000000000000009,-7.302527030490754,3.13280969403192,-403.6263899335261
246.15857341313546,43.45405449621282,1.0000000000000009,-7.300187470759095,3.1312176950590924,-403.6201238213651
246.16370045378508,43.44464278257793,1.000000000000001,-7.2978485115433145,3.129626788648018,-403.61381275954477
246.16882708991136,43.43523110725214,1.0000000000000009,-7.295510152855876,3.1280369757878717,-403.6074567288287
246.17395332266605,43.42581947037691,1.000000000000001,-7.293172394709437,3.1264482574675654,-403.60105570998047
246.17907915320035,43.41640787209352,1.0000000000000009,-7.290835237116646,3.1248606346758194,-403.59460968376305
246.18420458266488,43.40699631254323,1.0000000000000009,-7.2884986800901395,3.123274108401162,-403.5881186309402
246.18932961220946,43.39758479186712,1.0000000000000009,-7.286162723642747,3.121688679631852,-403.58158253227515
246.19445424298334,43.38817331020621,1.0000000000000009,-7.2838273677873,3.120104349355927,-403.5750013685314
246.199578476135,43.37876186770144,1.0000000000000009,-7.281492612536763,3.1185211185612616,-403.56837512047235
246.20470231281232,43.36935046449358,1.000000000000001,-7.279158457904142,3.1169389882354395,-403.5617037688613
246.20982575416258,43.359939100723345,1.0000000000000009,-7.276824903902398,3.1153579593658876,-403.5549872944619
246.21494880133238,43.35052777653136,1.0000000000000009,-7.274491950544679,3.1137780329398126,-403.54822567803734
246.2200714554675,43.341116492058106,1.0000000000000009,-7.272159597844286,3.112199209944123,-403.54141890035106
246.22519371771338,43.33170524744398,1.0000000000000009,-7.269827845814241,3.110621491365592,-403.53456694216646
246.23031558921446,43.32229404282928,1.0000000000000009,-7.267496694468107,3.1090448781907654,-403.52766978424705
246.23543707111475,43.31288287835421,1.0000000000000009,-7.265166143819119,3.107469371405948,-403.5207274073562
246.24055816455754,43.30347175415885,1.0000000000000009,-7.262836193880787,3.105894971997209,-403.5137397922574
246.24567887068545,43.294060670383196,1.0000000000000009,-7.260506844666619,3.104321680950463,-403.5067069197139
246.2507991906405,43.28464962716714,1.0000000000000009,-7.258178096190175,3.1027494992513382,-403.49962877048927
246.25591912556393,43.27523862465047,1.0000000000000009,-7.255849948465162,3.1011784278853085,-403.4925053253467
246.26103867659654,43.265827662972875,1.000000000000001,-7.253522401505229,3.099608467837605,-403.4853365650499
246.26615784487828,43.256416742273935,1.0000000000000009,-7.251195455324183,3.098039620093239,-403.478122470362
246.27127663154855,43.247005862693136,1.0000000000000007,-7.248869109935832,3.096471885636987,-403.4708630220466
246.27639503774603,43.23759502436986,1.0000000000000007,-7.246543365354199,3.0949052654534626,-403.4635582008667
246.28151306460887,43.2281842274434,1.0000000000000009,-7.24421822159313,3.0933397605270585,-403.45620798758654
246.28663071327446,43.21877347205292,1.0000000000000009,-7.241893678666752,3.0917753718418552,-403.4488123629688
246.29174798487958,43.20936275833752,1.0000000000000009,-7.239569736589122,3.090212100381848,-403.44137130777716
246.2968648805604,43.19995208643617,1.0000000000000009,-7.237246395374417,3.088649947130797,-403.43388480277497
246.30198140145237,43.19054145648774,1.0000000000000009,-7.2349236550368765,3.087088913072151,-403.42635282872567
246.3070975486904,43.18113086863105,1.000000000000001,-7.232601515590762,3.085528999189286,-403.4187753663928
246.31221332340863,43.17172032300472,1.0000000000000009,-7.2302799770504755,3.0839702064651746,-403.4111523965395
246.31732872674058,43.16230981974738,1.000000000000001,-7.227959039430537,3.0824125358828027,-403.40348389992926
246.32244375981927,43.15289935899749,1.0000000000000009,-7.2256387027452575,3.0808559884248083,-403.3957698573256
246.3275584237769,43.14348894089343,1.000000000000001,-7.22331896700927,3.079300565073652,-403.3880102494918
246.3326727197451,43.134078565573475,1.0000000000000009,-7.220999832237258,3.0777462668115447,-403.3802050571915
246.33778664885492,43.124668233175825,1.000000000000001,-7.218681298443748,3.076193094620514,-403.372354261188
246.34290021223666,43.11525794383855,1.0000000000000009,-7.216363365643641,3.0746410494824445,-403.36445784224435
246.34801341102002,43.105847697699616,1.0000000000000009,-7.214046033851634,3.0730901323788373,-403.35651578112464
246.3531262463341,43.09643749489694,1.0000000000000009,-7.211729303082667,3.0715403442911935,-403.3485280585919
246.35823871930728,43.08702733556827,1.0000000000000009,-7.209413173351688,3.0699916862006162,-403.34049465540943
246.36335083106744,43.07761721985132,1.0000000000000009,-7.207097644673592,3.068444159088152,-403.33241555234065
246.3684625827417,43.068207147883655,1.0000000000000009,-7.204782717063505,3.0668977639345485,-403.32429073014936
246.37357397545662,43.05879711980276,1.000000000000001,-7.202468390536495,3.0653525017203194,-403.3161201695986
246.37868501033805,43.04938713574604,1.0000000000000009,-7.2001546651078385,3.0638083734258714,-403.30790385145184
246.3837956885112,43.039977195850774,1.0000000000000009,-7.197841540792709,3.062265380031306,-403.2996417564726
246.3889060111008,43.03056730025416,1.0000000000000009,-7.1955290176064395,3.0607235225166036,-403.2913338654242
246.39401597923072,43.02115744909326,1.0000000000000009,-7.193217095564435,3.0591828018613896,-403.28298015906995
246.39912559402444,43.01174764250512,1.0000000000000009,-7.190905774682012,3.0576432190453104,-403.27458061817356
246.40423485660455,43.00233788062659,1.0000000000000009,-7.188595054974826,3.0561047750475865,-403.2661352234981
246.4093437680933,42.99292816359449,1.0000000000000009,-7.1862849364582395,3.0545674708473314,-403.25764395580734
246.414452329612,42.98351849154553,1.0000000000000009,-7.1839754191480125,3.05303130742346,-403.2491067958643
246.41956054228154,42.974108864616284,1.0000000000000009,-7.181666503059837,3.0514962857546237,-403.24052372443276
246.4246684072222,42.96469928294328,1.000000000000001,-7.179358188209314,3.049962406819354,-403.23189472227574
246.4297759255535,42.95528974666291,1.0000000000000009,-7.177050474612333,3.048429671595869,-403.2232197701571
246.43488309839438,42.9458802559115,1.0000000000000009,-7.174743362284758,3.046898081062274,-403.21449884883987
246.43998992686318,42.936470810825234,1.0000000000000009,-7.172436851242502,3.045367636196417,-403.2057319390876
246.4450964120776,42.92706141154026,1.0000000000000009,-7.170130941501515,3.0438383379759557,-403.19691902166375
246.4502025551547,42.91765205819256,1.0000000000000009,-7.167825633077857,3.042310187378334,-403.18806007733184
246.4553083572109,42.90824275091811,1.0000000000000009,-7.165520925987668,3.0407831853808247,-403.17915508685496
246.4604138193621,42.898833489852684,1.0000000000000009,-7.1632168202470545,3.039257332960453,-403.17020403099656
246.46551894272346,42.88942427513201,1.000000000000001,-7.160913315872271,3.0377326310940234,-403.1612068905204
246.4706237284096,42.88001510689174,1.000000000000001,-7.15861041287954,3.036209080758212,-403.15216364618954
246.4757281775344,42.8706059852674,1.0000000000000009,-7.156308111285323,3.0346866829294257,-403.1430742787676
246.48083229121124,42.86119691039443,1.0000000000000009,-7.154006411105897,3.0331654385839215,-403.13393876901785
246.4859360705529,42.85178788240816,1.0000000000000009,-7.151705312357766,3.0316453486976798,-403.12475709770393
246.49103951667132,42.842378901443865,1.000000000000001,-7.1494048150575225,3.030126414246574,-403.11552924558885
246.49614263067818,42.83296996763665,1.0000000000000009,-7.147104919221608,3.028608636206144,-403.10625519343637
246.50124541368422,42.82356108112158,1.0000000000000007,-7.144805624866766,3.027092015551858,-403.0969349220097
246.5063478667997,42.81415224203365,1.0000000000000009,-7.14250693200966,3.0255765532589223,-403.08756841207247
246.5114499911342,42.804743450507665,1.0000000000000009,-7.140208840667093,3.024062250302343,-403.07815564438783
246.51655178779683,42.79533470667844,1.0000000000000009,-7.137911350855795,3.0225491076569497,-403.0686965997193
246.52165325789593,42.785926010680605,1.000000000000001,-7.135614462592699,3.0210371262973013,-403.0591912588304
246.52675440253927,42.77651736264874,1.0000000000000009,-7.133318175894772,3.019526307197836,-403.0496396024845
246.5318552228341,42.767108762717356,1.0000000000000009,-7.131022490778861,3.018016651332772,-403.0400416114448
246.5369557198869,42.757700211020804,1.0000000000000009,-7.128727407262165,3.0165081596760857,-403.0303972664748
246.5420558948036,42.748291707693376,1.0000000000000009,-7.126432925361701,3.0150008332016043,-403.02070654833807
246.54715574868956,42.73888325286928,1.0000000000000009,-7.124139045094726,3.0134946728829135,-403.0109694377979
246.5522552826495,42.72947484668261,1.000000000000001,-7.1218457664783585,3.0119896796934427,-403.00118591561795
246.55735449778754,42.72006648926735,1.0000000000000009,-7.119553089529926,3.0104858546063724,-402.9913559625611
246.56245339520717,42.71065818075745,1.0000000000000009,-7.117261014266784,3.00898319859472,-402.98147955939123
246.56755197601126,42.70124992128668,1.0000000000000009,-7.114969540706305,3.0074817126312965,-402.9715566868714
246.57265024130214,42.691841710988776,1.0000000000000009,-7.112678668865918,3.005981397688707,-402.9615873257655
246.57774819218142,42.68243354999738,1.0000000000000009,-7.110388398763213,3.004482254739365,-402.95157145683635
246.5828458297502,42.673025438446,1.0000000000000009,-7.108098730415698,3.0029842847554633,-402.9415090608479
246.5879431551089,42.663617376468075,1.0000000000000009,-7.105809663841043,3.00148748870906,-402.9314001185632
246.5930401693575,42.654209364196966,1.000000000000001,-7.103521199056797,2.999991867571964,-402.92124461074576
246.5981368735951,42.64480140176591,1.0000000000000009,-7.1012333360808775,2.998497422315758,-402.91104251815904
246.60323326892043,42.63539348930806,1.0000000000000009,-7.098946074930968,2.9970041539119023,-402.9007938215664
246.60832935643154,42.62598562695649,1.0000000000000009,-7.096659415624934,2.9955120633315957,-402.8904985017313
246.6134251372258,42.61657781484415,1.0000000000000009,-7.094373358180768,2.994021151545873,-402.88015653941716
246.61852061240012,42.607170053103935,1.0000000000000009,-7.092087902616299,2.9925314195256263,-402.8697679153871
246.62361578305072,42.59776234186861,1.0000000000000009,-7.089803048949573,2.9910428682413723,-402.85933261040515
246.62871065027318,42.58835468127086,1.0000000000000009,-7.087518797198793,2.9895554986636554,-402.848850605234
246.63380521516262,42.5789470714433,1.0000000000000009,-7.085235147381923,2.9880693117627217,-402.83832188063775
246.63889947881339,42.56953951251841,1.0000000000000009,-7.0829520995172786,2.9865843085085544,-402.8277464173793
246.64399344231938,42.56013200462862,1.0000000000000009,-7.080669653623044,2.98510048987108,-402.81712419622204
246.64908710677386,42.55072454790622,1.000000000000001,-7.078387809717494,2.9836178568199117,-402.8064551979298
246.6541804732694,42.54131714248345,1.0000000000000009,-7.076106567819043,2.982136410324543,-402.79573940326577
246.65927354289806,42.531909788492456,1.000000000000001,-7.073825927946071,2.980656151354232,-402.7849767929932
246.6643663167513,42.52250248606523,1.0000000000000009,-7.0715458901170365,2.979177080878081,-402.7741673478758
246.66945879591998,42.513095235333765,1.0000000000000009,-7.06926645435049,2.9776991998649507,-402.7633110486767
246.6745509814944,42.5036880364299,1.0000000000000009,-7.066987620664921,2.9762225092835592,-402.75240787615957
246.67964287456414,42.494280889485374,1.0000000000000009,-7.064709389079052,2.974747010102398,-402.7414578110876
246.68473447621832,42.48487379463189,1.000000000000001,-7.062431759611496,2.9732727032897586,-402.7304608342245
246.6898257875454,42.47546675200099,1.0000000000000009,-7.060154732281028,2.9717995898137914,-402.7194169263331
246.69491680963327,42.46605976172419,1.0000000000000009,-7.057878307106456,2.9703276706423622,-402.70832606817754
246.7000075435692,42.45665282393288,1.0000000000000009,-7.05560248410664,2.9688569467432657,-402.6971882405207
246.70509799043998,42.447245938758336,1.0000000000000009,-7.053327263300339,2.967387419083998,-402.6860034241263
246.7101881513316,42.4378391063318,1.0000000000000009,-7.051052644706722,2.965919088631928,-402.67477159975743
246.7152780273297,42.42843232678438,1.000000000000001,-7.0487786283446425,2.9644519563542246,-402.66349274817765
246.72036761951915,42.419025600247096,1.000000000000001,-7.046505214233207,2.962986023217816,-402.6521668501506
246.72545692898433,42.40961892685088,1.0000000000000009,-7.044232402391533,2.9615212901894807,-402.64079388643944
246.73054595680898,42.40021230672662,1.0000000000000009,-7.041960192838765,2.9600577582358554,-402.62937383780763
246.73563470407623,42.390805740005,1.0000000000000009,-7.039688585594192,2.9585954283232425,-402.6179066850185
246.74072317186878,42.381399226816754,1.000000000000001,-7.037417580677015,2.957134301417952,-402.6063924088356
246.74581136126855,42.371992767292404,1.000000000000001,-7.035147178106602,2.9556743784859094,-402.5948309900223
246.75089927335696,42.36258636156246,1.0000000000000009,-7.0328773779023415,2.9542156604930128,-402.58322240934206
246.75598690921493,42.353180009757295,1.0000000000000009,-7.03060818008359,2.952758148404861,-402.5715666475581
246.76107426992257,42.34377371200723,1.0000000000000009,-7.028339584669933,2.951301843186883,-402.55986368543415
246.7661613565596,42.334367468442466,1.0000000000000009,-7.026071591680932,2.949846745804379,-402.5481135037332
246.77124817020518,42.324961279193126,1.0000000000000009,-7.023804201136041,2.948392857222373,-402.53631608321894
246.77633471193772,42.31555514438923,1.0000000000000009,-7.021537413055043,2.9469401784057965,-402.52447140465483
246.7814209828352,42.30614906416074,1.0000000000000009,-7.019271227457573,2.9454887103193386,-402.51257944880405
246.78650698397496,42.29674303863747,1.0000000000000009,-7.017005644363348,2.9440384539274547,-402.5006401964303
246.79159271643374,42.28733706794923,1.0000000000000009,-7.014740663792239,2.9425894101945076,-402.48865362829673
246.79667818128772,42.277931152225655,1.0000000000000009,-7.012476285764084,2.9411415800846257,-402.4766197251669
246.80176337961254,42.26852529159635,1.0000000000000007,-7.01021251029875,2.9396949645617667,-402.46453846780406
246.8068483124832,42.25911948619078,1.0000000000000009,-7.007949337416196,2.938249564589654,-402.45240983697187
246.81193298097418,42.249713736138375,1.0000000000000009,-7.005686767136488,2.9368053811319186,-402.4402338134334
246.81701738615934,42.24030804156842,1.0000000000000009,-7.003424799479628,2.9353624151518645,-402.4280103779525
