galstreams/tracks/track.st.NGC3201-Gjoll.palau2021.ecsv
# %ECSV 0.9
# ---
# datatype:
# - {name: ra, unit: deg, datatype: float64}
# - {name: dec, unit: deg, datatype: float64}
# - {name: distance, unit: kpc, datatype: float64}
# - {name: pm_ra_cosdec, unit: mas / yr, datatype: float64}
# - {name: pm_dec, unit: mas / yr, datatype: float64}
# - {name: radial_velocity, unit: km / s, datatype: float64}
# delimiter: ','
# meta: !!omap
# - __serialized_columns__:
#     dec:
#       __class__: astropy.coordinates.angles.Latitude
#       unit: &id001 !astropy.units.Unit {unit: deg}
#       value: !astropy.table.SerializedColumn {name: dec}
#     distance:
#       __class__: astropy.coordinates.distances.Distance
#       unit: !astropy.units.Unit {unit: kpc}
#       value: !astropy.table.SerializedColumn {name: distance}
#     pm_dec:
#       __class__: astropy.units.quantity.Quantity
#       unit: !astropy.units.Unit {unit: mas / yr}
#       value: !astropy.table.SerializedColumn {name: pm_dec}
#     pm_ra_cosdec:
#       __class__: astropy.units.quantity.Quantity
#       unit: !astropy.units.Unit {unit: mas / yr}
#       value: !astropy.table.SerializedColumn {name: pm_ra_cosdec}
#     ra:
#       __class__: astropy.coordinates.angles.Longitude
#       unit: *id001
#       value: !astropy.table.SerializedColumn {name: ra}
#       wrap_angle: !astropy.coordinates.Angle
#         unit: *id001
#         value: 360.0
#     radial_velocity:
#       __class__: astropy.units.quantity.Quantity
#       unit: !astropy.units.Unit {unit: km / s}
#       value: !astropy.table.SerializedColumn {name: radial_velocity}
# schema: astropy-2.0
ra,dec,distance,pm_ra_cosdec,pm_dec,radial_velocity
[from data line 3483]
69.55949309836281,-1.6696491822194242,3.2178231924521725,19.16372992109915,-20.228946519770155,-9.47336302110638e-14
69.56668713466479,-1.6766268604679129,3.21738106743007,19.166919468897785,-20.2323449148436,-5.6840178126638284e-14
69.57388112998062,-1.6836046153482205,3.216939864272049,19.17010839830558,-20.235742114538333,-8.526026718995742e-14
69.58107508463823,-1.690582446627434,3.216499582917429,19.173296708566344,-20.239138117650096,-5.2629794561702114e-14
69.58826899896549,-1.6975603540729218,3.2160602233048317,19.17648439892389,-20.24253292297486,-5.894536990910637e-14
69.59546287329047,-1.7045383374518817,3.2156217853725018,19.179671468622224,-20.245926529308953,-6.841873293021275e-14
69.60265670794118,-1.7115163965314397,3.215184269057819,19.18285791690578,-20.249318935449335,-8.420767129872338e-14
69.60985050324551,-1.7184945310787683,3.2147476742977688,19.18604374301901,-20.25271014019325,-1.0736478090587231e-13
69.61704425953167,-1.7254727408609432,3.2143120010287727,19.18922894620654,-20.256100142338198,-9.368103431982976e-14
69.62423797712783,-1.7324510256450505,3.213877249186497,19.192413525713697,-20.259488940682655,-3.0525280845787224e-14
69.63143165636198,-1.7394293851980893,3.213443418706176,19.195597480785434,-20.26287653402485,-1.0525958912340423e-13
69.63862529756243,-1.7464078192870485,3.213010509522391,19.19878081066727,-20.266262921163854,-8.94706507548936e-14
69.64581890105738,-1.7533863276789798,3.2125785215691116,19.20196351460488,-20.26964810089908,-7.999728773378721e-14
69.65301246717515,-1.760364910140694,3.2121474547798394,19.205145591844158,-20.273032072030265,-1.3789006175165953e-13
69.6602059962439,-1.7673435664391348,3.211717309087363,19.208327041631264,-20.27641483335769,-3.5788260301957434e-14
69.667399488592,-1.7743222963411482,3.211288084423936,19.21150786321244,-20.279796383681983,-1.2841669873055315e-13
69.67459294454794,-1.781301099613591,3.2108597807212793,19.214688055834287,-20.283176721804157,-3.789345208442552e-14
69.68178636443997,-1.7882799760231827,3.210432397910457,19.21786761874368,-20.286555846525946,-8.21024795162553e-14
69.68897974859664,-1.7952589253366773,3.2100059359219766,19.221046551187616,-20.289933756649145,-7.368171238638296e-14
69.69617309734635,-1.8022379473209058,3.2095803946857866,19.224224852413325,-20.293310450976023,-9.894401377599997e-14
69.70336641101771,-1.809217041742412,3.209155774131193,19.2274025216682,-20.296685928309465,-9.894401377599997e-14
69.71055968993913,-1.8161962083679097,3.208732074187,19.23057955820009,-20.30006018745276,-6.526094525651062e-14
69.71775293443925,-1.8231754469639847,3.2083092947814054,19.233755961256996,-20.303433227209563,-7.789209595131913e-14
69.72494614484673,-1.8301547572972987,3.2078874358419656,19.236931730086855,-20.306805046383847,-1.0104920555846805e-13
69.73213932149015,-1.8371341391342633,3.2074664972957447,19.240106863938266,-20.310175643780237,-1.1368035625327657e-13
69.73933246469822,-1.8441135922414675,3.2070464790692146,19.24328136205984,-20.313545018203747,-1.4104784942536167e-13
69.74652557479973,-1.8510931163854014,3.2066273810881905,19.246455223700366,-20.316913168459607,-1.0736478090587231e-13
69.75371865212335,-1.8580727113324973,3.206209203277998,19.24962844810895,-20.320280093353762,-1.3262708229548932e-13
69.76091169699792,-1.8650523768490723,3.205791945563354,19.252801034534976,-20.323645791692392,-5.4734986344170195e-14
69.7681047097522,-1.8720321127015989,3.205375607868386,19.255972982227938,-20.32701026228228,-1.3262708229548932e-13
69.77529769071515,-1.8790119186564087,3.2049601901166684,19.25914429043755,-20.330373503930442,-1.0736478090587231e-13
69.78249064021557,-1.8859917944797906,3.204545692231127,19.26231495841406,-20.333735515444573,-4.4209027431829774e-14
69.78968355858244,-1.8929717399379622,3.2041321141342594,19.265484985407472,-20.337096295632612,-1.1368035625327657e-13
69.7968764461448,-1.8999517547972247,3.203719455747805,19.26865437066845,-20.340455843303065,-6.947132882144679e-14
69.8040693032315,-1.9069318388238166,3.2033077169930606,19.271823113447635,-20.34381415726477,-8.631286308119147e-14
69.81126213017167,-1.9139119917837624,3.2028968977906724,19.27499121299585,-20.347171236326936,-1.0736478090587231e-13
69.81845492729433,-1.9208922134432946,3.20248699806083,19.278158668564494,-20.350527079299628,-1.4315304120782974e-13
69.82564769492869,-1.92787250356852,3.2020780177230534,19.281325479404778,-20.353881684992718,-7.578690416885104e-14
69.83284043340376,-1.9348528619254497,3.201669956696179,19.284491644768437,-20.35723505221705,-9.894401377599997e-14
69.84003314304877,-1.941833288280156,3.2012628148987714,19.28765716390754,-20.360587179783803,-1.0104920555846805e-13
69.84722582419296,-1.948813782398665,3.2008565922484324,19.2908220360739,-20.363938066504303,-1.1368035625327657e-13
69.8544184771656,-1.9557943440468588,3.200451288662631,19.29398626052004,-20.367287711190663,-9.262843842859572e-14
69.86161110229581,-1.9627749729907018,3.2000469040578294,19.29714983649854,-20.370636112655248,-1.3052189051302125e-13
69.868803699913,-1.9697556689961184,3.199643438350208,19.30031276326208,-20.37398326971088,-1.3262708229548932e-13
69.8759962703466,-1.9767364318289373,3.199240891455346,19.303475040063905,-20.377329181171042,-8.420767129872338e-14
69.8831888139259,-1.9837172612549203,3.19883926328809,19.306636666157274,-20.380673845849426,-4.4209027431829774e-14
69.89038133098028,-1.9906981570399949,3.198438553762901,19.309797640795562,-20.384017262560103,-1.1789073981821273e-13
69.8975738218393,-1.9976791189498717,3.19803876279357,19.31295796323269,-20.38735943011795,-6.947132882144679e-14
69.90476628683234,-2.0046601467502247,3.1976398902933374,19.316117632722662,-20.390700347337955,-7.157652060391487e-14
69.91195872628899,-2.011641240206843,3.197241936174892,19.319276648519633,-20.394040013035685,-1.2631150694808508e-13
69.91915114053873,-2.0186223990852765,3.1968449003502752,19.32243500987819,-20.397378426027228,-1.4315304120782974e-13
69.92634352991124,-2.0256036231512233,3.1964487827311316,19.325592716052945,-20.400715585128935,-6.73661370389787e-14
69.93353589473604,-2.032584912170234,3.196053583228312,19.328749766298927,-20.404051489157773,-1.1999593160068083e-13
69.94072823534287,-2.039566265907836,3.195659301752364,19.33190615987125,-20.407386136931148,-5.0524602779234026e-14
69.94792055206139,-2.046547684129685,3.1952659382129496,19.33506189602538,-20.410719527266792,-5.0524602779234026e-14
69.95511284522127,-2.0535291666011437,3.1948734925194433,19.338216974017026,-20.414051658982967,-6.947132882144679e-14
69.96230511515236,-2.0605107130877407,3.194481964580584,19.341371393102087,-20.41738253089852,-1.347322740779574e-13
69.96949736218436,-2.0674923233548284,3.194091354304393,19.344525152536747,-20.420712141832574,-7.999728773378721e-14
69.97668958664717,-2.0744739971678765,3.1937016615985114,19.347678251577303,-20.424040490604753,-1.1368035625327657e-13
69.98388178887059,-2.0814557342921454,3.193312886369906,19.350830689480482,-20.42736757603516,-1.1999593160068083e-13
69.9910739691845,-2.0884375344930386,3.1929250285250905,19.353982465503037,-20.43069339694428,-9.47336302110638e-14
69.99826612791892,-2.0954193975358684,3.1925380879698513,19.357133578902097,-20.434017952153145,-7.157652060391487e-14
70.00545826540368,-2.1024013231858034,3.1921520646095445,19.360284028935187,-20.43734124048334,-8.21024795162553e-14
70.01265038196884,-2.1093833112081066,3.1917669583489263,19.3634338148597,-20.44066326075666,-4.8419410996765944e-14
70.0198424779445,-2.1163653613679823,3.1913827690921774,19.3665829359336,-20.443984011795557,-1.3262708229548932e-13
70.02703455366058,-2.1233474734306066,3.1909994967428927,19.36973139141486,-20.447303492422837,-7.368171238638296e-14
70.03422660944723,-2.1303296471610156,3.1906171412041577,19.372879180561974,-20.450621701461877,-8.21024795162553e-14
70.04141864563454,-2.137311882324382,3.190235702378462,19.376026302633306,-20.453938637736396,-1.0736478090587231e-13
70.04861066255275,-2.1442941786857697,3.1898551801677613,19.37917275688784,-20.45725430007064,-1.1789073981821273e-13
70.05580266053195,-2.1512765360101453,3.189475574473439,19.382318542584386,-20.46056868728918,-1.1157516447080849e-13
70.06299463990246,-2.1582589540624926,3.1890968851963257,19.38546365898252,-20.463881798217415,-6.315575347404254e-14
70.07018660099452,-2.1652414326078397,3.188719112236575,19.388608105341582,-20.467193631680793,-9.262843842859572e-14
70.07737854413843,-2.172223971411071,3.1883422554939735,19.391751880921365,-20.47050418650542,-1.0736478090587231e-13
70.08457046966437,-2.1792065702370755,3.187966314867636,19.394894984982,-20.473813461517885,-1.0736478090587231e-13
70.09176237790287,-2.186189228850686,3.187591290256201,19.398037416783705,-20.477121455545234,-1.4315304120782974e-13
70.09895426918428,-2.193171947016832,3.1872171815575583,19.401179175587046,-20.480428167414985,-1.0736478090587231e-13
70.10614614383896,-2.200154724500175,3.1868439886692936,19.404320260652653,-20.48373359595498,-7.999728773378721e-14
70.11333800219742,-2.207137561065524,3.1864717114882635,19.407460671241594,-20.48703773999365,-6.73661370389787e-14
70.12052984459017,-2.2141204564776675,3.1861003499107965,19.410600406615174,-20.490340598359957,-1.1999593160068083e-13
70.1277216713477,-2.221103410501268,3.185729903832692,19.413739466034873,-20.493642169883277,-8.420767129872338e-14
70.13491348280053,-2.2280864229009083,3.1853603731492637,19.416877848762336,-20.496942453393423,-1.1157516447080849e-13
70.14210527927925,-2.235069493441319,3.18499175775504,19.420015554059606,-20.50024144772062,-6.73661370389787e-14
70.1492970611146,-2.242052621887059,3.1846240575442386,19.42315258118908,-20.503539151695783,-1.1157516447080849e-13
70.15648882863707,-2.249035808002667,3.1842572724104445,19.42628892941309,-20.50683556415013,-8.631286308119147e-14
70.16368058217742,-2.2560190515526997,3.183891402246624,19.429424597994316,-20.510130683915218,-9.894401377599997e-14
70.17087232206642,-2.263002352301691,3.183526446945218,19.432559586195904,-20.51342450982349,-7.789209595131913e-14
70.17806404863475,-2.2699857100140726,3.183162406398219,19.435693893280952,-20.51671704070745,-9.47336302110638e-14
70.18525576221319,-2.276969124454227,3.1827992804968748,19.438827518512856,-20.520008275400166,-1.0315439734093615e-13
70.19244746313257,-2.2839525953865993,3.1824370691320363,19.441960461155613,-20.523298212735547,-8.420767129872338e-14
70.19963915172377,-2.290936122575628,3.182075772193923,19.44509272047302,-20.52658685154751,-7.789209595131913e-14
70.2068308283176,-2.2979197057855307,3.181715389572262,19.44822429572921,-20.529874190670533,-9.683882199353189e-14
70.21402249324504,-2.3049033447806684,3.181355921156224,19.45135518618899,-20.533160228939902,-7.999728773378721e-14
70.22121414683699,-2.311887039325363,3.180997366834315,19.4544853911167,-20.536444965190988,-1.221011233831489e-13
70.22840578942451,-2.318870789183766,3.1806397264945794,19.45761490977758,-20.539728398259808,-6.105056169157445e-14
70.23559742133847,-2.3258545941200857,3.1802830000245703,19.460743741436815,-20.543010526982986,-7.999728773378721e-14
70.24278904290998,-2.332838453898547,3.179927187311202,19.463871885359712,-20.546291350197265,-1.3052189051302125e-13
70.24998065447012,-2.339822368283331,3.1795722882408275,19.46699934081213,-20.54957086674023,-1.347322740779574e-13
70.25717225635,-2.3468063370384327,3.1792183026993173,19.470126107060093,-20.552849075449917,-1.221011233831489e-13
70.26436384888073,-2.353790359927976,3.1788652305719416,19.473252183369645,-20.55612597516447,-1.347322740779574e-13
70.27155543239354,-2.360774436716063,3.1785130717434473,19.476377569007514,-20.559401564723014,-9.052324664612763e-14
70.27874700721958,-2.367758567166675,3.178161826098051,19.479502263240292,-20.56267584296493,-1.1157516447080849e-13
70.28593857369006,-2.374742751043726,3.1778114935193638,19.482626265335057,-20.56594880872997,-1.0736478090587231e-13
70.29313013213624,-2.3817269881112497,3.1774620738904904,19.485749574558884,-20.569220460858507,-5.6840178126638284e-14
70.30032168288948,-2.388711278133158,3.1771135670939974,19.488872190179297,-20.57249079819135,-8.420767129872338e-14
70.30751322628105,-2.395695620873265,3.176765973011857,19.491994111464308,-20.57575981956998,-1.221011233831489e-13
70.31470476264234,-2.4026800160954997,3.1764192915255665,19.49511533768155,-20.57902752383596,-1.0946997268834039e-13
70.32189629230474,-2.4096644635636784,3.1760735225160355,19.498235868099517,-20.58229390983183,-8.21024795162553e-14
70.32908781559972,-2.4166489630415597,3.175728665863582,19.50135570198661,-20.585558976400197,-9.262843842859572e-14
70.33627933285861,-2.42363351429287,3.1753847214480637,19.50447483861165,-20.588822722384418,-8.841805486365955e-14
70.34347084441295,-2.430618117081391,3.175041689148731,19.507593277243593,-20.592085146628246,-5.0524602779234026e-14
70.35066235059429,-2.437602771170836,3.17469956884438,19.5107110171517,-20.59534624797586,-1.0946997268834039e-13
70.35785385173416,-2.4445874763247817,3.17435836041315,19.513828057605668,-20.598606025272126,-9.894401377599997e-14
70.3650453481641,-2.4515722323069293,3.174018063732674,19.5169443978751,-20.601864477362238,-1.1999593160068083e-13
70.37223684021585,-2.458557038880864,3.173678678680082,19.520060037230017,-20.605121603091757,-1.0736478090587231e-13
70.37942832822091,-2.4655418958101873,3.173340205131949,19.523174974940854,-20.608377401307134,-1.4736342477276593e-13
70.38661981251099,-2.472526802858314,3.173002642964262,19.526289210278133,-20.61163187085502,-1.368374658604255e-13
70.39381129341777,-2.4795117597888723,3.1726659920525604,19.529402742512552,-20.61488501058253,-1.0525958912340423e-13
70.40100277127307,-2.4864967663652955,3.172330252271686,19.532515570915272,-20.61813681933748,-1.0525958912340423e-13
70.40819424640858,-2.493481822350985,3.171995423496075,19.535627694757608,-20.621387295967967,-1.0315439734093615e-13
70.41538571915612,-2.5004669275093963,3.171661505599594,19.538739113311145,-20.624636439322757,-9.262843842859572e-14
70.42257718984757,-2.507452081603906,3.1713284984555745,19.54184982584767,-20.62788424825095,-1.221011233831489e-13
70.42976865881467,-2.5144372843978497,3.170996401936712,19.54495983163928,-20.631130721602265,-1.2631150694808508e-13
70.43696012638947,-2.521422535654543,3.170665215915339,19.548069129958442,-20.634375858226907,-1.1368035625327657e-13
70.44415159290371,-2.5284078351372625,3.170334940263079,19.551177720077625,-20.637619656975545,-9.683882199353189e-14
70.45134305868949,-2.5353931826092815,3.1700055748511504,19.554285601269807,-20.640862116699402,-1.0104920555846805e-13
70.45853452407869,-2.542378577833777,3.1696771195501414,19.557392772807972,-20.644103236250025,-1.0104920555846805e-13
70.46572598940337,-2.5493640205739587,3.169349574230169,19.560499233965732,-20.647343014479745,-1.4104784942536167e-13
70.4729174549956,-2.5563495105930434,3.169022938760699,19.56360498401655,-20.650581450241155,-1.3052189051302125e-13
70.48010892118741,-2.5633350476540437,3.168697213010811,19.56671002223451,-20.653818542387455,-7.789209595131913e-14
70.48730038831087,-2.57032063152017,3.1683723968489756,19.569814347893537,-20.657054289772237,-6.947132882144679e-14
70.49449185669825,-2.5773062619544307,3.1680484901430876,19.572917960268292,-20.660288691249868,-1.347322740779574e-13
70.5016833266816,-2.584291938719882,3.1677254927605722,19.57602085863343,-20.663521745674913,-1.1368035625327657e-13
70.50887479859313,-2.591277661579449,3.1674034045683115,19.579123042263788,-20.666753451902576,-1.0736478090587231e-13
70.51606627276507,-2.5982634302961793,3.16708222543264,19.582224510434695,-20.66998380878861,-4.8419410996765944e-14
70.52325774952972,-2.6052492446330504,3.166761955219289,19.58532526242152,-20.673212815189068,-1.0525958912340423e-13
