galstreams/tracks/track.st.AAU-AliqaUMa.li2020.ecsv
# %ECSV 0.9
# ---
# datatype:
# - {name: ra, unit: deg, datatype: float64}
# - {name: dec, unit: deg, datatype: float64}
# - {name: distance, unit: kpc, datatype: float64}
# - {name: pm_ra_cosdec, unit: mas / yr, datatype: float64}
# - {name: pm_dec, unit: mas / yr, datatype: float64}
# - {name: radial_velocity, unit: km / s, datatype: float64}
# delimiter: ','
# meta: !!omap
# - __serialized_columns__:
#     dec:
#       __class__: astropy.coordinates.angles.Latitude
#       unit: &id001 !astropy.units.Unit {unit: deg}
#       value: !astropy.table.SerializedColumn {name: dec}
#     distance:
#       __class__: astropy.coordinates.distances.Distance
#       unit: !astropy.units.Unit {unit: kpc}
#       value: !astropy.table.SerializedColumn {name: distance}
#     pm_dec:
#       __class__: astropy.units.quantity.Quantity
#       unit: !astropy.units.Unit {unit: mas / yr}
#       value: !astropy.table.SerializedColumn {name: pm_dec}
#     pm_ra_cosdec:
#       __class__: astropy.units.quantity.Quantity
#       unit: !astropy.units.Unit {unit: mas / yr}
#       value: !astropy.table.SerializedColumn {name: pm_ra_cosdec}
#     ra:
#       __class__: astropy.coordinates.angles.Longitude
#       unit: *id001
#       value: !astropy.table.SerializedColumn {name: ra}
#       wrap_angle: !astropy.coordinates.Angle
#         unit: *id001
#         value: 360.0
#     radial_velocity:
#       __class__: astropy.units.quantity.Quantity
#       unit: !astropy.units.Unit {unit: km / s}
#       value: !astropy.table.SerializedColumn {name: radial_velocity}
# schema: astropy-2.0
ra,dec,distance,pm_ra_cosdec,pm_dec,radial_velocity
[from data line 139]
6.701033040023182,-19.024130952508834,26.98448951008959,0.20282753664103303,-0.7144109133436759,-153.83308152555327
6.7462726957036825,-19.047261199918335,26.960124170165354,0.20243692937120447,-0.7157081023829883,-153.73914650773148
6.791513961113386,-19.07040055094116,26.935807691273112,0.20204215817323376,-0.7170023741940276,-153.6448858918655
6.836756861778071,-19.093548996691037,26.91154007341285,0.20164322183722594,-0.7182937327904098,-153.5502996779553
6.882001423247718,-19.11670652828583,26.887321316584586,0.2012401191499199,-0.7195821821943249,-153.45538786600093
6.927247671096561,-19.139873136847527,26.863151420788295,0.20083284889470535,-0.7208677264365395,-153.36015045600237
6.972495630923079,-19.16304881350214,26.839030386023992,0.20042140985164061,-0.7221503695563973,-153.2645874479597
7.017745328350024,-19.186233549379722,26.81495821229169,0.2000058007974724,-0.7234301156018194,-153.16869884187278
7.062996789024442,-19.209427335614258,26.79093489959136,0.1995860205056523,-0.7247069686293085,-153.07248463774167
7.1082500386176815,-19.232630163343647,26.76696044792301,0.19916206774635598,-0.7259809327039468,-152.97594483556645
7.153505102825411,-19.255842023709636,26.743034857286663,0.1987339412864995,-0.727252011899399,-152.879079435347
7.198762007367641,-19.27906290785778,26.719158127682288,0.1983016398897596,-0.728520210297914,-152.7818884370833
7.244020777988743,-19.302292806937388,26.695330259109916,0.19786516231659088,-0.7297855319903249,-152.68437184077553
7.289281440457458,-19.32553171210147,26.671551251569518,0.1974245073242431,-0.7310479810760523,-152.5865296464235
7.334544020566929,-19.348779614506693,26.647821105061105,0.19697967366678093,-0.7323075616631038,-152.48836185402737
7.3798085441347006,-19.372036505313318,26.62413981958468,0.19653066009510045,-0.7335642778680765,-152.38986846358696
7.425075037002745,-19.39530237568516,26.600507395140244,0.19607746535694828,-0.7348181338161588,-152.29104947510245
7.470343525037493,-19.418577216789547,26.576923831727793,0.19562008819693932,-0.7360691336411305,-152.19190488857376
7.515614034129829,-19.44186101979725,26.55338912934733,0.19515852735657502,-0.7373172814853663,-152.09243470400085
7.560886590195127,-19.465153775882445,26.529903287998852,0.1946927815742614,-0.7385625814998364,-151.99263892138384
7.6061612191732575,-19.48845547622266,26.50646630768236,0.19422284958532707,-0.7398050378441074,-151.89251754072254
7.6514379470286125,-19.511766111998718,26.483078188397855,0.1937487301220416,-0.7410446546863452,-151.79207056201707
7.696716799750124,-19.535085674394693,26.45973893014534,0.1932704219136332,-0.7422814362033163,-151.69129798526757
7.741997803351282,-19.55841415459788,26.4364485329248,0.19278792368630787,-0.7435153865803896,-151.59019981047368
7.78728098387014,-19.581751543798674,26.41320699673626,0.1923012341632658,-0.7447465100115369,-151.48877603763572
7.832566367369367,-19.605097833190637,26.390014321579688,0.19181035206472158,-0.7459748106993378,-151.3870266667535
7.877853979936226,-19.628453013970326,26.366870507455115,0.19131527610792054,-0.7472002928549768,-151.28495169782718
7.9231438476826215,-19.651817077337316,26.34377555436253,0.19081600500715812,-0.74842296069825,-151.18255113085667
7.968435996745109,-19.675190014494145,26.320729462301923,0.190312537473797,-0.7496428184575645,-151.0798249658419
8.013730453284916,-19.698571816646222,26.297732231273308,0.18980487221628636,-0.7508598703699394,-150.97677320278305
8.059027243487954,-19.72196247500183,26.274783861276678,0.18929300794017914,-0.7520741206810104,-150.87339584167995
8.104326393564849,-19.74536198077202,26.25188435231203,0.18877694334815057,-0.7532855736450293,-150.7696928825327
8.149627929750954,-19.768770325170628,26.229033704379365,0.188256677140016,-0.754494233524868,-150.66566432534123
8.194931878306372,-19.792187499414155,26.2062319174787,0.18773220801274973,-0.7557001045920182,-150.56131017010574
8.240238265515975,-19.815613494721756,26.18347899161001,0.1872035346605024,-0.7569031911265961,-150.45663041682582
8.285547117689424,-19.839048302315195,26.160774926773314,0.18667065577461972,-0.7581034974173426,-150.35162506550188
8.330858461161185,-19.86249191341876,26.138119722968604,0.18613357004366032,-0.7593010277616266,-150.24629411613373
8.376172322290556,-19.885944319259274,26.115513380195875,0.18559227615341425,-0.7604957864654467,-150.14063756872142
8.421488727461679,-19.90940551106595,26.092955898455138,0.1850467727869202,-0.7616877778434321,-150.0346554232648
8.466807703083571,-19.932875480070432,26.070447277746382,0.18449705862448526,-0.7628770062188477,-149.9283476797642
8.512129275590132,-19.956354217506703,26.047987518069615,0.18394313234370183,-0.7640634759235938,-149.82171433821927
8.55745347144018,-19.97984171461104,26.02557661942483,0.1833849926194661,-0.7652471912982102,-149.71475539863025
8.602780317117452,-20.003337962621963,26.003214581812035,0.18282263812399618,-0.766428156691876,-149.60747086099695
8.648109839130646,-20.026842952780168,25.980901405231222,0.18225606752685106,-0.7676063764624157,-149.49986072531954
8.693442064013428,-20.050356676328512,25.958637089682398,0.18168527949494725,-0.7687818549762975,-149.391924991598
8.738777018324454,-20.07387912451195,25.936421635165562,0.1811102726925788,-0.7699545966086397,-149.2836636598322
8.784114728647394,-20.097410288577453,25.914255041680715,0.18053104578143359,-0.7711246057432096,-149.17507673002223
8.829455221590965,-20.12095015977402,25.892137309227845,0.17994759742061361,-0.7722918867724289,-149.06616420216804
8.874798523788925,-20.144498729352552,25.87006843780697,0.17935992626665123,-0.7734564440973741,-148.95692607626978
8.920144661900114,-20.168055988565865,25.84804842741808,0.17876803097352834,-0.7746182821277798,-148.84736235232717
8.965493662608477,-20.191621928668617,25.826077278061167,0.17817191019269502,-0.7757774052820425,-148.73747303034054
9.010845552623062,-20.21519654091723,25.80415498973625,0.177571562573086,-0.7769338179872203,-148.6272581103096
9.056200358678081,-20.238779816569892,25.782281562443316,0.17696698676114092,-0.7780875246790387,-148.5167175922346
9.101558107532897,-20.262371746886473,25.760456996182374,0.1763581814008217,-0.7792385298018916,-148.40585147611534
9.146918825972064,-20.28597232312848,25.73868129095341,0.17574514513363054,-0.7803868378088444,-148.29465976195195
9.192282540805328,-20.30958153655899,25.71695444675643,0.17512787659862783,-0.7815324531616366,-148.18314244974434
9.237649278867693,-20.33319937844265,25.69527646359144,0.1745063744324517,-0.7826753803306848,-148.07129953949254
9.283019067019389,-20.35682584004558,25.673647341458437,0.1738806372693343,-0.7838156237950854,-147.95913103119653
9.32839193214593,-20.38046091263531,25.652067080357423,0.17325066374112202,-0.7849531880426172,-147.8466369248564
9.373767901158127,-20.40410458748081,25.630535680288393,0.17261645247729246,-0.7860880775697452,-147.73381722047208
9.419147000992112,-20.42775685585234,25.609053141251348,0.17197800210497302,-0.7872202968816226,-147.62067191804363
