galstreams/tracks/track.st.C-19.ibata2024.ecsv
# %ECSV 1.0
# ---
# datatype:
# - {name: ra, unit: deg, datatype: float64}
# - {name: dec, unit: deg, datatype: float64}
# - {name: distance, unit: kpc, datatype: float64}
# - {name: pm_ra_cosdec, unit: mas / yr, datatype: float64}
# - {name: pm_dec, unit: mas / yr, datatype: float64}
# - {name: radial_velocity, unit: km / s, datatype: float64}
# delimiter: ','
# meta: !!omap
# - __serialized_columns__:
#     dec:
#       __class__: astropy.coordinates.angles.Latitude
#       unit: &id001 !astropy.units.Unit {unit: deg}
#       value: !astropy.table.SerializedColumn {name: dec}
#     distance:
#       __class__: astropy.coordinates.distances.Distance
#       unit: !astropy.units.Unit {unit: kpc}
#       value: !astropy.table.SerializedColumn {name: distance}
#     pm_dec:
#       __class__: astropy.units.quantity.Quantity
#       unit: !astropy.units.Unit {unit: mas / yr}
#       value: !astropy.table.SerializedColumn {name: pm_dec}
#     pm_ra_cosdec:
#       __class__: astropy.units.quantity.Quantity
#       unit: !astropy.units.Unit {unit: mas / yr}
#       value: !astropy.table.SerializedColumn {name: pm_ra_cosdec}
#     ra:
#       __class__: astropy.coordinates.angles.Longitude
#       unit: *id001
#       value: !astropy.table.SerializedColumn {name: ra}
#       wrap_angle: !astropy.coordinates.Angle
#         unit: *id001
#         value: 360.0
#     radial_velocity:
#       __class__: astropy.units.quantity.Quantity
#       unit: !astropy.units.Unit {unit: km / s}
#       value: !astropy.table.SerializedColumn {name: radial_velocity}
# schema: astropy-2.0
ra,dec,distance,pm_ra_cosdec,pm_dec,radial_velocity
[from data line 1125]
354.70808033332975,29.16806337312809,1.000000000000001,1.3280287354938367,-2.665767746887834,-194.5042021542805
354.70702479774025,29.17812141283139,1.0000000000000009,1.3281899168146571,-2.665336874841085,-194.525201425072
354.70596721943645,29.188179376633617,1.0000000000000009,1.3283503528551943,-2.6649058296140495,-194.54631151554653
354.7049076025215,29.19823726465927,1.0000000000000009,1.3285100417758526,-2.6644746096371357,-194.56753263966732
354.7038459510997,29.20829507703286,1.0000000000000009,1.328668981736819,-2.6640432133410172,-194.58886501139744
354.7027822692767,29.218352813878898,1.0000000000000009,1.32882717089803,-2.6636116391566134,-194.61030884470009
354.7017165611594,29.22841047532195,1.000000000000001,1.3289846074192617,-2.663179885515113,-194.6318643535384
354.70064883085587,29.23846806148657,1.0000000000000009,1.3291412894600976,-2.6627479508479333,-194.6535317518754
354.6995790824756,29.248525572497343,1.0000000000000009,1.3292972151799312,-2.6623158335867885,-194.67531125367435
354.6985073201292,29.258583008478876,1.0000000000000009,1.3294523827378968,-2.661883532163614,-194.69720307289836
354.6974335479285,29.268640369555783,1.000000000000001,1.3296067902929258,-2.661451045010619,-194.71920742351065
354.6963577699868,29.278697655852714,1.0000000000000009,1.3297604360038586,-2.661018370560278,-194.7413245194742
354.69527999041844,29.288754867494337,1.0000000000000009,1.3299133180291722,-2.6605855072453117,-194.7635545747522
354.69420021333923,29.29881200460534,1.0000000000000009,1.3300654345272966,-2.6601524534986964,-194.78589780330776
354.6931184428661,29.30886906731045,1.0000000000000009,1.3302167836563137,-2.6597192077536675,-194.8083544191041
354.69203468311724,29.318926055734376,1.0000000000000009,1.330367363574215,-2.659285768443727,-194.83092463610436
354.6909489382123,29.328982970001906,1.0000000000000007,1.3305171724387064,-2.658852134002643,-194.85360866827162
354.68986121227204,29.33903981023781,1.0000000000000009,1.3306662084073704,-2.658418302864412,-194.87640672956914
354.6887715094185,29.349096576566915,1.0000000000000009,1.330814469637525,-2.6579842734633345,-194.89931903395978
354.687679833775,29.359153269114064,1.0000000000000009,1.3309619542862774,-2.657550044233929,-194.92234579540698
354.68658618946625,29.369209888004107,1.0000000000000009,1.3311086605105604,-2.657115613611005,-194.9454872278737
354.6854905806182,29.37926643336196,1.0000000000000009,1.3312545864671188,-2.65668098002962,-194.9687435453232
354.68439301135794,29.38932290531254,1.0000000000000009,1.3313997303124263,-2.656246141925081,-194.99211496171847
354.6832934858141,29.399379303980805,1.0000000000000007,1.3315440902028355,-2.6558110977329754,-195.0156016910228
354.6821920081164,29.409435629491746,1.0000000000000009,1.3316876642944186,-2.655375845889143,-195.0392039471992
354.68108858239583,29.419491881970377,1.0000000000000009,1.3318304507430976,-2.654940384829697,-195.06292194421084
354.6799832127849,29.42954806154175,1.0000000000000009,1.3319724477045378,-2.6545047129909882,-195.08675589602097
354.6788759034171,29.439604168330952,1.0000000000000009,1.3321136533342224,-2.6540688288096526,-195.11070601659262
354.6777666584276,29.449660202463093,1.000000000000001,1.3322540657874384,-2.653632730722588,-195.13477251988888
354.6766554819525,29.459716164063323,1.0000000000000009,1.332393683219255,-2.653196417166928,-195.15895561987304
354.6755423781293,29.469772053256836,1.0000000000000009,1.332532503784512,-2.6527598865801103,-195.18325553050818
354.674427351097,29.479827870168855,1.0000000000000009,1.33267052563792,-2.6523231373998115,-195.20767246575733
354.6733104049957,29.48988361492461,1.0000000000000009,1.3328077469338684,-2.6518861680639674,-195.23220663958375
354.67219154396685,29.499939287649433,1.000000000000001,1.3329441658266101,-2.6514489770107943,-195.25685826595054
354.6710707721532,29.509994888468643,1.0000000000000009,1.333079780470205,-2.651011562678761,-195.28162755882084
354.66994809369896,29.520050417507594,1.0000000000000009,1.3332145890184735,-2.6505739235066166,-195.30651473215778
354.6688235127494,29.530105874891717,1.0000000000000009,1.3333485896250057,-2.650136057933338,-195.33151999992444
354.66769703345125,29.540161260746455,1.0000000000000009,1.3334817804431918,-2.649697964398211,-195.3566435760842
354.6665686599526,29.5502165751973,1.0000000000000009,1.3336141596262787,-2.6492596413407767,-195.3818856745999
354.66543839640264,29.560271818369774,1.000000000000001,1.3337457253272107,-2.6488210872008118,-195.40724650943488
354.6643062469522,29.57032699038947,1.0000000000000009,1.3338764756987942,-2.648382300418401,-195.43272629455214
354.6631722157532,29.580382091381992,1.0000000000000009,1.3340064088935857,-2.647943279433875,-195.45832524391483
354.66203630695895,29.590437121473,1.0000000000000009,1.3341355230639396,-2.6475040226878157,-195.48404357148624
354.6608985247241,29.600492080788197,1.0000000000000009,1.3342638163620286,-2.647064528621108,-195.5098814912293
354.65975887320445,29.61054696945333,1.0000000000000009,1.3343912869397467,-2.646624795674864,-195.53583921710734
354.65861735655756,29.62060178759421,1.0000000000000009,1.3345179329488728,-2.646184822290497,-195.56191696308338
354.6574739789418,29.630656535336666,1.0000000000000007,1.3346437525408703,-2.6457446069096697,-195.58811494312062
354.6563287445174,29.640711212806583,1.0000000000000009,1.334768743867114,-2.645304147974315,-195.6144333711821
354.6551816574454,29.6507658201299,1.0000000000000009,1.3348929050786373,-2.6448634439266385,-195.64087246123106
354.6540327218884,29.66082035743261,1.0000000000000009,1.3350162343263423,-2.644422493209113,-195.6674324272307
354.6528819420106,29.670874824840727,1.0000000000000009,1.3351387297609119,-2.6439812942644885,-195.69411348314392
354.65172932197714,29.680929222480348,1.0000000000000009,1.3352603895327766,-2.643539845535752,-195.72091584293403
354.6505748659547,29.69098355047761,1.0000000000000009,1.3353812117922348,-2.643098145466187,-195.74783972056417
354.6494185781113,29.701037808958695,1.0000000000000009,1.335501194689297,-2.642656192499363,-195.7748853299974
354.64826046261635,29.711091998049838,1.0000000000000009,1.3356203363738088,-2.642213985079067,-195.802052885197
354.64710052364035,29.72114611787732,1.0000000000000007,1.3357386349953262,-2.6417715216494067,-195.8293426001259
354.6459387653554,29.731200168567497,1.000000000000001,1.3358560887033,-2.6413288006547404,-195.85675468874746
354.644775191935,29.741254150246768,1.0000000000000009,1.3359726956468894,-2.6408858205396832,-195.88428936502464
354.64360980755384,29.75130806304157,1.0000000000000009,1.336088453975076,-2.6404425797491484,-195.91194684292074
354.642442616388,29.76136190707843,1.0000000000000009,1.3362033618366156,-2.6399990767282766,-195.9397273363987
354.641273622615,29.771415682483898,1.0000000000000009,1.3363174173800885,-2.63955530992256,-195.96763105942176
354.6401028304136,29.781469389384604,1.0000000000000009,1.3364306187537736,-2.6391112777776584,-195.99565822595318
354.63893024396396,29.791523027907214,1.0000000000000009,1.336542964105806,-2.6386669787395824,-196.02380904995587
354.63775586744777,29.801576598178478,1.000000000000001,1.3366544515841166,-2.638222411254585,-196.05208374539313
354.63657970504784,29.811630100325196,1.0000000000000009,1.336765079336359,-2.6377775737691884,-196.08048252622797
354.63540176094847,29.821683534474197,1.0000000000000009,1.3368748455100379,-2.637332464730207,-196.10900560642372
354.6342220393353,29.831736900752425,1.0000000000000009,1.336983748252417,-2.636887082584682,-196.13765319994337
354.6330405443955,29.841790199286844,1.0000000000000009,1.3370917857105153,-2.636441425780003,-196.16642552075007
354.63185728031726,29.851843430204504,1.0000000000000009,1.337198956031164,-2.635995492763758,-196.19532278280695
354.6306722512905,29.861896593632494,1.0000000000000009,1.3373052573609794,-2.6355492819838418,-196.22434520007724
354.6294854615063,29.871949689697992,1.0000000000000009,1.3374106878463916,-2.635102791888432,-196.25349298652398
354.62829691515736,29.88200271852822,1.0000000000000009,1.3375152456335764,-2.6346560209259486,-196.28276635611036
354.6271066164374,29.89205568025048,1.0000000000000009,1.3376189288684621,-2.634208967545124,-196.31216552279957
354.6259145695418,29.902108574992113,1.000000000000001,1.3377217356968454,-2.633761630194936,-196.34169070055455
354.6247207786673,29.912161402880567,1.0000000000000007,1.3378236642642367,-2.633314007324646,-196.37134210333863
354.623525248012,29.92221416404332,1.0000000000000009,1.3379247127159832,-2.632866097383797,-196.4011199451149
354.62232798177536,29.932266858607935,1.000000000000001,1.3380248791971758,-2.6324178988221867,-196.4310244398466
354.62112898415813,29.94231948670205,1.0000000000000009,1.3381241618526762,-2.631969410089919,-196.46105580149657
354.61992825936267,29.952372048453356,1.0000000000000009,1.3382225588271779,-2.631520629637336,-196.49121424402819
354.6187258115927,29.96242454398961,1.0000000000000009,1.3383200682651455,-2.6310715559150957,-196.52149998140456
354.61752164505316,29.972476973438656,1.0000000000000009,1.3384166883108102,-2.6306221873740867,-196.55191322758887
354.61631576395047,29.982529336928415,1.0000000000000009,1.338512417108137,-2.630172522465518,-196.58245419654403
354.6151081724927,29.99258163458686,1.0000000000000009,1.3386072528010167,-2.6297225596408396,-196.61312310223346
354.6138988748889,30.00263386654203,1.0000000000000009,1.3387011935329407,-2.629272297351804,-196.64392015862018
354.6126878753499,30.012686032922062,1.0000000000000009,1.3387942374473534,-2.6288217340504225,-196.67484557966725
354.6114751780876,30.02273813385516,1.0000000000000009,1.338886382687336,-2.628370868188984,-196.7058995793379
354.6102607873156,30.03279016946959,1.000000000000001,1.3389776273958498,-2.6279196982200723,-196.73708237159528
354.60904470724887,30.042842139893718,1.0000000000000009,1.339067969715618,-2.6274682225965194,-196.76839417040244
354.60782694210366,30.052894045255936,1.0000000000000009,1.3391574077891182,-2.6270164397714666,-196.79983518972261
354.6066074960976,30.062945885684787,1.0000000000000009,1.3392459397585847,-2.6265643481983005,-196.8314056435189
354.60538637345,30.072997661308815,1.0000000000000009,1.3393335637661257,-2.6261119463307203,-196.86310574575447
354.60416357838136,30.083049372256706,1.0000000000000009,1.3394202779535447,-2.62565923262267,-196.89493571039245
354.6029391151137,30.093101018657173,1.000000000000001,1.3395060804624865,-2.6252062055283965,-196.92689575139588
354.60171298787037,30.103152600639056,1.0000000000000009,1.3395909694342834,-2.6247528635023976,-196.95898608272802
354.60048520087634,30.11320411833123,1.0000000000000009,1.3396749430101709,-2.6242992049994847,-196.99120691835193
354.59925575835786,30.123255571862675,1.0000000000000009,1.3397579993311006,-2.6238452284747247,-197.0235584722308
354.5980246645425,30.133306961362457,1.0000000000000009,1.3398401365377737,-2.623390932383465,-197.0560409583278
354.59679192365957,30.143358286959717,1.0000000000000009,1.3399213527707494,-2.622936315181338,-197.08865459060596
354.59555753993953,30.153409548783674,1.000000000000001,1.3400016461702764,-2.6224813753242415,-197.12139958302856
354.5943215176145,30.16346074696364,1.0000000000000009,1.340081014876466,-2.62202611126839,-197.1542761495585
354.59308386091783,30.173511881628997,1.0000000000000007,1.340159457029138,-2.6215705214702147,-197.1872845041592
354.59184457408446,30.183562952909234,1.0000000000000009,1.3402369707679709,-2.6211146043864986,-197.22042486079366
354.5906036613507,30.1936139609339,1.0000000000000009,1.3403135542323246,-2.620658358474259,-197.25369743342503
354.5893611269544,30.20366490583266,1.0000000000000009,1.3403892055614484,-2.620201782190783,-197.28710243601645
354.5881169751347,30.21371578773523,1.000000000000001,1.3404639228942874,-2.619744873993689,-197.32064008253113
354.5868712101323,30.223766606771456,1.0000000000000009,1.340537704369563,-2.619287632340818,-197.354310586932
354.5856238361894,30.233817363071225,1.0000000000000009,1.340610548125842,-2.6188300556903457,-197.38811416318234
354.58437485754945,30.243868056764565,1.0000000000000009,1.3406824523013916,-2.618372142500675,-197.42205102524537
354.5831242784576,30.253918687981564,1.000000000000001,1.3407534150343356,-2.6179138912305326,-197.45612138708412
354.5818721031604,30.26396925685238,1.0000000000000009,1.3408234344625227,-2.6174553003389107,-197.4903254626617
354.58061833590557,30.274019763507297,1.0000000000000009,1.3408925087235906,-2.6169963682850863,-197.5246634659413
354.57936298094273,30.284070208076695,1.0000000000000009,1.3409606359549282,-2.6165370935285885,-197.55913561088613
354.5781060425227,30.294120590691012,1.0000000000000007,1.3410278142937773,-2.6160774745292805,-197.59374211145922
354.5768475248978,30.304170911480806,1.000000000000001,1.341094041877097,-2.615617509747267,-197.62848318162378
354.57558743232187,30.31422117057673,1.0000000000000009,1.3411593168416291,-2.615157197642951,-197.66335903534286
354.5743257690502,30.32427136810952,1.0000000000000009,1.3412236373239028,-2.614696536677016,-197.69836988657963
354.5730625393395,30.334321504210003,1.0000000000000009,1.341287001460215,-2.6142355253104235,-197.7335159492973
354.5717977474481,30.344371579009117,1.0000000000000009,1.3413494073866814,-2.6137741620044252,-197.76879743745894
354.57053139763553,30.354421592637888,1.0000000000000009,1.3414108532390965,-2.61331244522054,-197.80421456502765
354.5692634941632,30.364471545227442,1.0000000000000009,1.3414713371531568,-2.6128503734205886,-197.8397675459667
354.56799404129356,30.374521436909,1.0000000000000009,1.3415308572642362,-2.6123879450666543,-197.87545659423915
354.5667230432909,30.384571267813893,1.0000000000000009,1.3415894117075462,-2.611925158621119,-197.91128192380808
354.56545050442077,30.39462103807353,1.0000000000000009,1.3416469986180393,-2.6114620125466494,-197.94724374863668
354.5641764289503,30.404670747819438,1.0000000000000009,1.341703616130463,-2.610998505306185,-197.98334228268817
354.5629008211481,30.414720397183256,1.0000000000000009,1.3417592623793082,-2.610534635362942,-198.0195777399256
354.5616236852843,30.424769986296685,1.000000000000001,1.3418139354988923,-2.610070401180444,-198.05595033431206
354.5603450256305,30.434819515291554,1.000000000000001,1.3418676336232958,-2.6096058012224823,-198.09246027981078
354.55906484645965,30.44486898429982,1.0000000000000009,1.3419203548863066,-2.609140833953127,-198.1291077903849
354.55778315204645,30.454918393453475,1.0000000000000009,1.3419720974215958,-2.608675497836746,-198.16589307999752
354.5564999466669,30.464967742884692,1.0000000000000007,1.3420228593625327,-2.608209791337984,-198.20281636261174
354.5552152345987,30.4750170327257,1.0000000000000009,1.3420726388423105,-2.60774371292176,-198.23987785219074
354.55392902012085,30.48506626310884,1.000000000000001,1.3421214339938516,-2.607277261053305,-198.2770777626977
354.55264130751385,30.495115434166575,1.0000000000000009,1.3421692429498617,-2.606810434198106,-198.31441630809573
354.55135210105993,30.50516454603147,1.0000000000000009,1.3422160638428688,-2.606343230821942,-198.3518937023479
354.55006140504264,30.515213598836183,1.0000000000000009,1.3422618948051226,-2.6058756493908923,-198.38951015941745
354.5487692237472,30.5252625927135,1.0000000000000009,1.3423067339686865,-2.6054076883713115,-198.42726589326745
354.54747556146003,30.535311527796306,1.0000000000000009,1.3423505794653465,-2.604939346229809,-198.4651611178612
354.54618042246943,30.545360404217593,1.0000000000000009,1.3423934294267315,-2.6044706214333466,-198.5031960471615
354.54488381106495,30.55540922211047,1.0000000000000009,1.3424352819841543,-2.6040015124490914,-198.54137089513176
354.5435857315379,30.56545798160817,1.0000000000000009,1.3424761352688335,-2.6035320177445485,-198.579685875735
