galstreams/tracks/track.st.M2.ibata2021.ecsv
# %ECSV 0.9
# ---
# datatype:
# - {name: ra, unit: deg, datatype: float64}
# - {name: dec, unit: deg, datatype: float64}
# - {name: distance, unit: kpc, datatype: float64}
# - {name: pm_ra_cosdec, unit: mas / yr, datatype: float64}
# - {name: pm_dec, unit: mas / yr, datatype: float64}
# - {name: radial_velocity, unit: km / s, datatype: float64}
# delimiter: ','
# meta: !!omap
# - __serialized_columns__:
#     dec:
#       __class__: astropy.coordinates.angles.Latitude
#       unit: &id001 !astropy.units.Unit {unit: deg}
#       value: !astropy.table.SerializedColumn {name: dec}
#     distance:
#       __class__: astropy.coordinates.distances.Distance
#       unit: !astropy.units.Unit {unit: kpc}
#       value: !astropy.table.SerializedColumn {name: distance}
#     pm_dec:
#       __class__: astropy.units.quantity.Quantity
#       unit: !astropy.units.Unit {unit: mas / yr}
#       value: !astropy.table.SerializedColumn {name: pm_dec}
#     pm_ra_cosdec:
#       __class__: astropy.units.quantity.Quantity
#       unit: !astropy.units.Unit {unit: mas / yr}
#       value: !astropy.table.SerializedColumn {name: pm_ra_cosdec}
#     ra:
#       __class__: astropy.coordinates.angles.Longitude
#       unit: *id001
#       value: !astropy.table.SerializedColumn {name: ra}
#       wrap_angle: !astropy.coordinates.Angle
#         unit: *id001
#         value: 360.0
#     radial_velocity:
#       __class__: astropy.units.quantity.Quantity
#       unit: !astropy.units.Unit {unit: km / s}
#       value: !astropy.table.SerializedColumn {name: radial_velocity}
# schema: astropy-2.0
ra,dec,distance,pm_ra_cosdec,pm_dec,radial_velocity
[from data line 2040]
329.72981330711116,1.4978896941519302,12.25421375041538,2.85919070680996,-2.1890366519694244,2.6314897280851057e-14
329.73870324703256,1.502961149886449,12.25451149690174,2.8578541433370988,-2.1884337721934357,4.73668151055319e-15
329.7475921804125,1.5080358996719627,12.254805762196964,2.856516673860357,-2.1878293556025277,-2.9998982900170206e-14
329.7564801066692,1.5131139456338645,12.255096541901878,2.855178297419191,-2.187223400753082,-1.1578554803574466e-14
329.7653670252209,1.518195289897591,12.255383831617298,2.853839013053129,-2.186615906201447,-2.5262301389617013e-14
329.7742529354858,1.5232799345886205,12.255667626944055,2.8524988198017662,-2.186006870503931,-8.157618157063828e-14
329.7831378368824,1.5283678818324855,12.25594792348296,2.851157716704779,-2.185396292216818,-3.5788260301957434e-14
329.79202172882924,1.5334591337547538,12.256224716834845,2.849815702801909,-2.184784169896349,-5.894536990910637e-14
329.80090461074485,1.5385536924810446,12.25649800260053,2.848472777132975,-2.184170502098736,-1.5262640422893612e-14
329.80978648204785,1.5436515601370229,12.256767776380835,2.8471289387378635,-2.1835552873801527,-5.947166785472339e-14
329.8186673421571,1.5487527388483975,12.257034033776588,2.845784186656537,-2.1829385242967416,1.2631150694808506e-14
329.8275471904914,1.5538572307409246,12.257296770388606,2.844438519929027,-2.1823202114046105,-1.0368069528655317e-13
329.83642602646967,1.5589650379404034,12.257555981817712,2.8430919375954433,-2.1817003472598326,2.6314897280851058e-15
329.84530384951097,1.5640761625726778,12.257811663664734,2.841744438695957,-2.181078930418445,8.947065075489359e-15
329.85418065903434,1.569190606763644,12.258063811530493,2.8403960222708236,-2.180455959436456,-1.1052256857957444e-14
329.8630564544591,1.5743083726392382,12.258312421015807,2.839046687360365,-2.179831432869834,3.368306851948935e-14
329.8719312352045,1.5794294623254457,12.258557487721497,2.8376964330049748,-2.1792053492745165,-7.631320211446807e-14
329.88080500068986,1.5845538779482928,12.258799007248394,2.83634525824512,-2.1785777072064056,-6.105056169157445e-14
329.8896777503346,1.5896816216338534,12.259036975197318,2.8349931621213407,-2.17794850522137,-9.420733226544678e-14
329.8985494835585,1.5948126955082516,12.259271387169091,2.8336401436742484,-2.177317741875244,4.210383564936169e-15
329.9074201997809,1.599947101697652,12.259502238764533,2.8322862019445276,-2.176685415723826,2.7367493172085098e-14
329.9162898984217,1.6050848423282678,12.259729525584468,2.830931335972934,-2.176051525322886,-2.5788599335234036e-14
329.92515857890066,1.6102259195263582,12.259953243229715,2.8295755448002975,-2.175416069228155,-4.9472006887999985e-14
329.9340262406377,1.6153703354182227,12.260173387301105,2.8282188274675173,-2.1747790459953285,-9.947031172161699e-14
329.94289288305276,1.6205180921302151,12.260389953399455,2.826861183015567,-2.1741404541800726,-5.526128428978722e-14
329.951758505566,1.6256691917887296,12.260602937125588,2.8255026104854943,-2.1735002923380176,-6.789243498459573e-14
329.9606231075975,1.6308236365202087,12.260812334080326,2.824143108918416,-2.1728585590247604,3.1577876737021266e-15
329.96948668856743,1.6359814284511396,12.261018139864492,2.822782677355523,-2.172215252795862,-8.526026718995742e-14
329.9783492478963,1.6411425697080537,12.261220350078913,2.821421314838075,-2.171570372206851,0.0
329.9872107850044,1.6463070624175316,12.261418960324406,2.8200590204074105,-2.1709239158132223,3.526196235634042e-14
329.99607129931223,1.6514749087061966,12.261613966201798,2.818695793104935,-2.170275882170435,-4.9472006887999985e-14
330.00493079024045,1.6566461107007242,12.261805363311904,2.8173316319721278,-2.169626269833919,-1.3683746586042549e-14
330.0137892572097,1.6618206705278291,12.261993147255554,2.8159665360505426,-2.168975077359064,-1.021018014497021e-13
330.0226466996407,1.6669985903142737,12.262177313633568,2.8146005043818003,-2.16832230330123,-8.21024795162553e-14
330.03150311695435,1.6721798721868675,12.26235785804677,2.8132335360076004,-2.1676679462157424,-3.9998643866893604e-14
330.0403585085715,1.6773645182724655,12.26253477609598,2.811865629969711,-2.167012004657893,-7.315541444076594e-14
330.04921287391335,1.6825525306979694,12.262708063382021,2.810496785309972,-2.1663544771829386,-2.1051917824680845e-15
330.05806621240083,1.6877439115903288,12.262877715505718,2.8091270010702973,-2.1656953623461037,-1.5262640422893612e-14
330.0669185234551,1.6929386630765326,12.263043728067892,2.8077562762926735,-2.165034658702576,-8.999694870051062e-14
330.07576980649765,1.6981367872836215,12.263206096669366,2.806384610019158,-2.1643723648075173,-3.526196235634042e-14
330.08462006094965,1.7033382863386812,12.263364816910963,2.8050120012918804,-2.163708479216044,-1.0525958912340423e-14
330.09346928623256,1.7085431623688436,12.263519884393503,2.8036384491530426,-2.1630430004832504,-7.4734308277617e-14
330.102317481768,1.7137514175012876,12.263671294717811,2.802263952644921,-2.162375927164188,-1.2104852749191486e-14
330.1111646469775,1.7189630538632377,12.263819043484707,2.8008885108098625,-2.1617072578138807,-2.0525619879063826e-14
330.12001078128276,1.724178073581959,12.26396312629502,2.799512122690284,-2.161036990987316,-6.631354114774466e-14
330.12885588410563,1.7293964787847722,12.264103538749563,2.79813478732868,-2.1603651252394487,-4.578792126868084e-14
330.13769995486797,1.7346182715990375,12.264240276449168,2.796756503767613,-2.1596916591251993,-5.4734986344170195e-14
330.1465429929917,1.7398434541521643,12.264373334994652,2.7953772710497184,-2.159016591199456,2.1051917824680846e-14
330.15538499789886,1.7450720285716081,12.26450270998684,2.793997088217704,-2.158339920017072,6.315575347404254e-14
330.16422596901157,1.7503039969848695,12.264628397026552,2.7926159543143516,-2.1576616441328675,1.3683746586042549e-14
330.173065905752,1.7555393615194936,12.26475039171461,2.791233868382515,-2.1569817621016307,-1.0999627063395741e-13
330.18190480754254,1.7607781243030762,12.264868689651843,2.7898508294651156,-2.1563002724781146,-8.157618157063828e-14
330.1907426738056,1.7660202874632571,12.264983286439064,2.7884668366051537,-2.1556171738170393,3.368306851948935e-14
330.1995795039634,1.7712658531277223,12.265094177677108,2.787081888845694,-2.1549324646730903,-7.631320211446807e-14
330.2084152974387,1.7765148234242039,12.265201358966785,2.785695985229884,-2.154246143600923,-2.789379111770212e-14
330.2172500536541,1.781767200480478,12.265304825908924,2.7843091248009317,-2.1535582091551557,4.210383564936169e-15
330.2260837720322,1.7870229864243723,12.265404574104346,2.782921306602126,-2.152868659890375,9.47336302110638e-15
330.23491645199584,1.7922821833837586,12.265500599153876,2.7815325296768236,-2.152177494361136,-8.052358567940423e-14
330.2437480929681,1.797544793486556,12.265592896658331,2.780142793068455,-2.1514847111219573,-2.947268495455318e-14
330.2525786943716,1.802810818860723,12.265681462218543,2.7787520958205207,-2.1507903087273257,-1.5788938368510635e-14
330.2614082556296,1.8080802616342735,12.265766291435323,2.777360436976598,-2.1500942857316945,-5.2629794561702114e-14
330.27023677616523,1.8133531239352636,12.265847379909506,2.7759678155803296,-2.1493966406894858,3.73671541388085e-14
330.27906425540164,1.818629407891798,12.265924723241904,2.7745742306754364,-2.148697372155085,-3.210417468263829e-14
330.2878906927621,1.8239091156320248,12.26599831703334,2.7731796813057086,-2.147996478682847,2.368340755276595e-14
330.29671608767006,1.829192249284141,12.26606815688465,2.7717841665150047,-2.147293958827092,3.9998643866893604e-14
330.3055404395489,1.8344788109763877,12.266134238396637,2.770387685347266,-2.146589811142109,-9.104954459174465e-14
330.31436374782226,1.8397688028370538,12.266196557170135,2.768990236846494,-2.1458840341821523,-6.315575347404254e-14
330.3231860119137,1.8450622269944752,12.266255108805971,2.7675918200567677,-2.1451766265014434,-7.105022265829786e-14
330.332007231247,1.850359085577035,12.266309888904956,2.7661924340222397,-2.1444675866541703,2.6841195226468077e-14
330.3408274052459,1.8556593807131623,12.266360893067919,2.7647920777871313,-2.14375691319449,1.6841534259744676e-14
330.3496465333342,1.860963114531328,12.266408116895681,2.763390750395737,-2.143044604676525,-4.105123975812765e-14
330.35846461493594,1.8662702891600564,12.266451555989068,2.7619884508924235,-2.1423306596543643,-5.6840178126638284e-14
330.36728164947516,1.8715809067279123,12.266491205948899,2.760585178321628,-2.1416150766820663,7.368171238638296e-15
330.3760976363759,1.8768949693635146,12.266527062375996,2.759180931727863,-2.140897854313654,-9.947031172161699e-14
330.3849125750625,1.8822124791955228,12.266559120871186,2.757775710155709,-2.1401789911031193,1.2631150694808506e-14
330.3937264649591,1.8875334383526432,12.266587377035286,2.7563695126498198,-2.1394584856044196,-4.210383564936169e-15
330.40253930549017,1.8928578489636296,12.266611826469122,2.7549623382549226,-2.1387363363714824,3.526196235634042e-14
330.4113510960801,1.8981857131572824,12.266632464773515,2.753554186015815,-2.138012541958199,2.4209705498382972e-14
330.42016183615345,1.9035170330624507,12.26664928754929,2.752145054977366,-2.137287100918429,-1.1578554803574466e-14
330.4289715251348,1.9088518108080292,12.266662290397269,2.7507349441845164,-2.1365600118060017,5.315609250731914e-14
330.4377801624488,1.9141900485229555,12.26667146891827,2.749323852682281,-2.1358312731747127,-9.999660966723401e-15
330.44658774752037,1.9195317483362175,12.26667681871312,2.7479117795157446,-2.135100883578322,-9.47336302110638e-15
330.45539427977417,1.9248769123768503,12.266678335382643,2.7464987237300633,-2.1343688415705593,-4.052494181251063e-14
330.46419975863523,1.9302255427739328,12.266676014527658,2.7450846843704655,-2.133635145705123,-5.157719867046807e-14
330.4730041835286,1.9355776416565935,12.266669851748986,2.7436696604822517,-2.1328997945356782,-5.841907196348934e-14
330.4818075538793,1.9409332111540072,12.266659842647455,2.742253651110794,-2.1321627866158557,-5.631388018102126e-14
330.49060986911263,1.9462922533953888,12.266645982823885,2.740836655301534,-2.1314241204992537,-1.3683746586042549e-14
330.49941112865366,1.9516547705100105,12.2666282678791,2.7394186720999896,-2.1306837947394417,9.47336302110638e-15
330.50821133192784,1.9570207646271842,12.266606693413921,2.737999700551747,-2.1299418078899546,-1.3157448640425528e-14
330.51701047836053,1.9623902378762716,12.266581255029166,2.7365797397024645,-2.129198158504293,-7.894469184255317e-14
330.52580856737734,1.9677631923866812,12.266551948325668,2.7351587885978708,-2.128452845135928,-2.6314897280851058e-15
330.53460559840374,1.973139630287863,12.266518768904236,2.7337368462837697,-2.127705866338298,4.73668151055319e-14
330.54340157086534,1.97851955370932,12.266481712365708,2.732313911806033,-2.1269572206648073,-5.105090072485105e-14
330.55219648418796,1.9839029647805981,12.2664407743109,2.730889984210604,-2.1262069066688287,2.6314897280851058e-15
330.5609903377974,1.9892898656312945,12.266395950340629,2.7294650625435026,-2.125454922903705,-9.420733226544678e-14
330.5697831311196,1.994680258391049,12.266347236055726,2.7280391458508118,-2.1247012679227426,-1.5788938368510633e-15
330.57857486358046,2.000074145189547,12.26629462705701,2.726612233178694,-2.123945940279221,3.947234592127659e-14
330.58736553460596,2.0054715281565274,12.266238118945298,2.7251843235733793,-2.1231889385263845,-5.420868839855318e-14
330.5961551436224,2.0108724094217667,12.266177707321422,2.7237554160811674,-2.1224302612174437,-3.0525280845787224e-14
330.6049436900559,2.016276791115098,12.266113387786199,2.7223255097484342,-2.1216699069055815,-9.841771583038295e-14
330.61373117333284,2.021684675366394,12.266045155940455,2.7208946036216215,-2.120907874143944,-2.8946387008936165e-14
330.62251759287943,2.027096064305575,12.265973007385009,2.7194626967472475,-2.1201441614856518,-3.5788260301957434e-14
330.6313029481222,2.032510960062611,12.265896937720683,2.7180297881718998,-2.1193787674837856,-5.631388018102126e-14
330.64008723848764,2.037929364767517,12.26581694254831,2.7165958769422316,-2.1186116906914,6.315575347404253e-15
330.64887046340243,2.0433512805503575,12.265733017468698,2.7151609621049797,-2.1178429296615167,2.1578215770297867e-14
330.65765262229314,2.04877670954124,12.265645158082675,2.7137250427069404,-2.117072482947125,-1.0894367474272338e-13
330.6664337145867,2.054205653870323,12.265553359991067,2.7122881177949862,-2.11630034910118,-1.842042809659574e-14
330.67521373970976,2.0596381156678034,12.265457618794695,2.7108501864160615,-2.115526526676611,4.894570894238297e-14
330.6839926970893,2.0650740970639365,12.26535793009438,2.7094112476171794,-2.114751014226308,-1.1052256857957444e-14
330.69277058615233,2.070513600189018,12.265254289490944,2.707971300445426,-2.113973810303138,-5.0524602779234026e-14
330.7015474063259,2.0759566271733902,12.265146692585214,2.706530343947957,-2.113194913459928,-5.2629794561702115e-15
330.7103231570372,2.081403180147449,12.265035134978005,2.705088377172,-2.1124143222494802,-2.8946387008936165e-14
330.7190978377134,2.0868532612416226,12.26491961227015,2.703645399164852,-2.11163203522456,-5.210349661608509e-14
330.7278714477818,2.0923068725864025,12.264800120062459,2.7022014089738855,-2.1108480509379053,-8.94706507548936e-14
330.73664398666983,2.097764016312318,12.264676653955766,2.700756405646539,-2.110062367942221,-7.4734308277617e-14
330.7454154538049,2.1032246945499464,12.264549209550887,2.699310388230323,-2.1092749847901784,-1.842042809659574e-14
330.75418584861455,2.108688909429916,12.264417782448648,2.697863355772821,-2.1084859000344225,-3.5788260301957434e-14
330.76295517052637,2.114156663082896,12.26428236824987,2.6964153073216837,-2.1076951122275616,-1.0420699323217018e-13
330.7717234189681,2.119627957639608,12.264142962555377,2.6949662419246363,-2.106902619922175,-5.999796580034041e-14
330.78049059336746,2.125102795230814,12.263999560965987,2.6935161586294747,-2.1061084216708137,-5.578758223540424e-14
330.7892566931523,2.130581177987332,12.263852159082528,2.6920650564840605,-2.1053125160259927,8.420767129872338e-15
330.7980217177505,2.136063108040022,12.263700752505816,2.690612934536332,-2.104514901540198,-1.1104886652519146e-13
330.80678566659014,2.1415485875197877,12.263545336836684,2.689159791834295,-2.1037155767658846,-3.1577876737021266e-15
330.81554853909915,2.1470376185575852,12.263385907675943,2.687705627426028,-2.102914540255476,2.4736003443999992e-14
330.8243103347058,2.1525302032844147,12.263222460624428,2.686250440359675,-2.1021117905613633,1.7894130150978717e-14
330.83307105283814,2.158026343831327,12.263054991282948,2.684794229683458,-2.101307326235912,-3.210417468263829e-14
330.84183069292465,2.163526042329414,12.262883495252336,2.683336994445665,-2.100501145831449,-2.4736003443999992e-14
330.8505892543936,2.169029300909822,12.26270796813341,2.6818787336946537,-2.0996932479002752,-1.894672604221276e-14
330.8593467366734,2.1745361217037367,12.26252840552699,2.680419446478857,-2.0988836309946612,-3.526196235634042e-14
330.8681031391926,2.180046506842396,12.262344803033907,2.6789591318467707,-2.0980722936668412,-9.841771583038295e-14
330.8768584613798,2.1855604584570805,12.262157156254977,2.677497788846969,-2.097259234469027,-5.841907196348934e-14
330.88561270266376,2.191077978679125,12.261965460791021,2.6760354165280913,-2.096444451953392,-6.8418732930212744e-15
330.894365862473,2.1965990696399067,12.261769712242868,2.674572013938848,-2.095627944672085,-4.9472006887999985e-14
330.9031179402365,2.2021237334708457,12.261569906211339,2.6731075801280215,-2.0948097111772186,-8.262877746187231e-14
330.9118689353831,2.2076519723034167,12.261366038297254,2.6716421141444626,-2.093989750020876,-6.262945552842552e-14
330.92061884734176,2.213183788269139,12.261158104101433,2.670175615037095,-2.0931680597551185,-9.999660966723401e-15
