galstreams/tracks/track.st.Gaia-1.ibata2021.ecsv
# %ECSV 0.9
# ---
# datatype:
# - {name: ra, unit: deg, datatype: float64}
# - {name: dec, unit: deg, datatype: float64}
# - {name: distance, unit: kpc, datatype: float64}
# - {name: pm_ra_cosdec, unit: mas / yr, datatype: float64}
# - {name: pm_dec, unit: mas / yr, datatype: float64}
# - {name: radial_velocity, unit: km / s, datatype: float64}
# delimiter: ','
# meta: !!omap
# - __serialized_columns__:
#     dec:
#       __class__: astropy.coordinates.angles.Latitude
#       unit: &id001 !astropy.units.Unit {unit: deg}
#       value: !astropy.table.SerializedColumn {name: dec}
#     distance:
#       __class__: astropy.coordinates.distances.Distance
#       unit: !astropy.units.Unit {unit: kpc}
#       value: !astropy.table.SerializedColumn {name: distance}
#     pm_dec:
#       __class__: astropy.units.quantity.Quantity
#       unit: !astropy.units.Unit {unit: mas / yr}
#       value: !astropy.table.SerializedColumn {name: pm_dec}
#     pm_ra_cosdec:
#       __class__: astropy.units.quantity.Quantity
#       unit: !astropy.units.Unit {unit: mas / yr}
#       value: !astropy.table.SerializedColumn {name: pm_ra_cosdec}
#     ra:
#       __class__: astropy.coordinates.angles.Longitude
#       unit: *id001
#       value: !astropy.table.SerializedColumn {name: ra}
#       wrap_angle: !astropy.coordinates.Angle
#         unit: *id001
#         value: 360.0
#     radial_velocity:
#       __class__: astropy.units.quantity.Quantity
#       unit: !astropy.units.Unit {unit: km / s}
#       value: !astropy.table.SerializedColumn {name: radial_velocity}
# schema: astropy-2.0
ra,dec,distance,pm_ra_cosdec,pm_dec,radial_velocity
[from data line 1624]
192.48717778884563,-7.320616205039397,5.107272118513604,-14.603314251862354,-20.0897377360788,1.347322740779574e-13
192.4930176581263,-7.312461736054697,5.107293187456211,-14.60471876951615,-20.091363035087163,2.1893994537668078e-13
192.49885758566538,-7.304307384563714,5.107314035592234,-14.606123183817537,-20.092987047692368,1.8525687685719145e-13
192.50469757144793,-7.296153150463383,5.1073346626328355,-14.6075274947336,-20.094609773802212,1.5999457546757442e-13
192.51053761545893,-7.287999033650655,5.107355068289189,-14.6089317022313,-20.096231213324465,2.020984111169361e-13
192.51637771768355,-7.27984503402237,5.107375252272457,-14.610335806277487,-20.097851366166967,2.1893994537668078e-13
192.52221787810677,-7.27169115147558,5.107395214293808,-14.611739806838902,-20.099470232237547,1.9367764398706378e-13
192.52805809671375,-7.263537385907179,5.10741495406441,-14.613143703882152,-20.101087811444078,1.4315304120782974e-13
192.53389837348942,-7.255383737214209,5.107434471295432,-14.614547497373751,-20.10270410369444,1.5999457546757442e-13
192.53973870841892,-7.247230205293757,5.107453765698039,-14.615951187280087,-20.10431910889654,1.6841534259744677e-13
192.54557910148733,-7.239076790042787,5.107472836983399,-14.617354773567437,-20.105932826958316,1.6841534259744677e-13
192.55141955267965,-7.230923491358462,5.107491684862681,-14.61875825620196,-20.107545257787717,1.515738083377021e-13
192.55726006198097,-7.2227703091378,5.107510309047051,-14.6201616351497,-20.10915640129272,9.262843842859572e-14
192.56310062937635,-7.214617243277979,5.107528709247676,-14.621564910376586,-20.110766257381332,2.1051917824680845e-13
192.5689412548508,-7.206464293676188,5.107546885175724,-14.622968081848436,-20.112374825961552,1.4315304120782974e-13
192.5747819383895,-7.198311460229524,5.107564836542363,-14.624371149530944,-20.113982106941446,9.262843842859572e-14
192.58062267997732,-7.190158742835275,5.1075825630587595,-14.62577411338971,-20.115588100229086,1.4315304120782974e-13
192.58646347959947,-7.1820061413905725,5.107600064436081,-14.627176973390181,-20.117192805732536,2.020984111169361e-13
192.59230433724096,-7.1738536557927155,5.107617340385499,-14.628579729497716,-20.118796223359922,1.5999457546757442e-13
192.59814525288678,-7.1657012859390266,5.107634390618173,-14.629982381677571,-20.120398353019382,2.2736071250655313e-13
192.60398622652212,-7.15754903172671,5.107651214845276,-14.631384929894855,-20.12199919461908,1.2631150694808508e-13
192.6098272581319,-7.149396893053179,5.107667812777974,-14.632787374114583,-20.123598748067174,1.0946997268834039e-13
192.61566834770125,-7.141244869815691,5.107684184127436,-14.634189714301638,-20.12519701327188,1.1789073981821273e-13
192.62150949521518,-7.133092961911663,5.107700328604827,-14.635591950420801,-20.12679399014142,1.515738083377021e-13
192.62735070065872,-7.124941169238536,5.107716245921316,-14.636994082436745,-20.128389678584046,2.1051917824680845e-13
192.63319196401702,-7.116789491693638,5.1077319357880695,-14.638396110314007,-20.12998407850803,1.9367764398706378e-13
192.63903328527505,-7.108637929174504,5.1077473979162535,-14.639798034017023,-20.131577189821673,7.578690416885104e-14
192.64487466441787,-7.1004864815785105,5.10776263201704,-14.641199853510091,-20.133169012433278,1.6841534259744677e-13
192.65071610143053,-7.0923351488031905,5.107777637801594,-14.642601568757426,-20.134759546251185,1.4315304120782974e-13
192.6565575962981,-7.0841839307461125,5.1077924149810805,-14.644003179723127,-20.13634879118378,2.1051917824680845e-13
192.6623991490056,-7.0760328273047195,5.107806963266671,-14.645404686371133,-20.137936747139417,1.5999457546757442e-13
192.6682407595381,-7.067881838376624,5.107821282369529,-14.646806088665315,-20.13952341402653,1.9367764398706378e-13
192.67408242788062,-7.059730963859458,5.107835372000825,-14.648207386569407,-20.14110879175354,1.8525687685719145e-13
192.67992415401824,-7.05158020365074,5.107849231871726,-14.649608580047031,-20.142692880228903,1.8525687685719145e-13
192.68576593793594,-7.043429557648201,5.107862861693398,-14.651009669061693,-20.144275679361098,1.9367764398706378e-13
192.6916077796189,-7.035279025749404,5.107876261177011,-14.652410653576776,-20.14585718905863,2.1051917824680845e-13
192.697449679052,-7.027128607852125,5.10788943003373,-14.653811533555562,-20.147437409230015,1.4315304120782974e-13
192.7032916362204,-7.0189783038539835,5.107902367974723,-14.655212308961206,-20.149016339783802,1.2631150694808508e-13
192.7091336511091,-7.010828113652756,5.107915074711157,-14.656612979756751,-20.150593980628567,1.9367764398706378e-13
192.71497572370313,-7.002678037146233,5.1079275499542005,-14.658013545905133,-20.152170331672902,1.768361097273191e-13
192.72081785398757,-6.994528074232117,5.107939793415018,-14.659414007369149,-20.153745392825435,2.2736071250655313e-13
192.72666004194747,-6.986378224808245,5.107951804804784,-14.660814364111491,-20.155319163994783,1.768361097273191e-13
192.73250228756777,-6.978228488772493,5.1079635838346595,-14.662214616094756,-20.156891645089626,2.1893994537668078e-13
192.73834459083366,-6.970078866022618,5.107975130215812,-14.66361476328139,-20.158462836018646,1.515738083377021e-13
192.74418695173006,-6.9619293564565865,5.1079864436594145,-14.66501480563374,-20.160032736690535,1.515738083377021e-13
192.75002937024206,-6.953779959972203,5.107997523876626,-14.666414743114057,-20.161601347014077,1.8525687685719145e-13
192.75587184635475,-6.945630676467432,5.108008370578622,-14.667814575684426,-20.16316866689797,5.894536990910637e-14
192.76171438005304,-6.937481505840272,5.1080189834765655,-14.669214303306864,-20.16473469625103,1.0946997268834039e-13
192.76755697132205,-6.929332447988589,5.108029362281624,-14.67061392594325,-20.16629943498206,1.347322740779574e-13
192.77339962014682,-6.921183502810475,5.108039506704968,-14.672013443555343,-20.167862882999867,1.5999457546757442e-13
192.7792423265124,-6.913034670203847,5.108049416457761,-14.67341285610479,-20.169425040213316,2.1051917824680845e-13
192.78508509040378,-6.904885950066796,5.1080590912511745,-14.674812163553135,-20.170985906531268,2.2736071250655313e-13
192.79092791180602,-6.896737342297427,5.108068530796371,-14.676211365861795,-20.17254548186264,1.4315304120782974e-13
192.7967707907042,-6.888588846793733,5.108077734804522,-14.677610462992059,-20.174103766116342,9.262843842859572e-14
192.8026137270832,-6.880440463453918,5.108086702986794,-14.679009454905115,-20.175660759201314,2.1893994537668078e-13
192.8084567209283,-6.872292192176023,5.108095435054353,-14.680408341562039,-20.177216461026536,1.4315304120782974e-13
192.81429977222433,-6.864144032858248,5.108103930718368,-14.681807122923765,-20.178770871500987,1.0946997268834039e-13
192.82014288095638,-6.855995985398823,5.108112189690007,-14.68320579895114,-20.180323990533687,1.768361097273191e-13
192.82598604710955,-6.847848049695853,5.108120211680435,-14.684604369604878,-20.181875818033678,1.2631150694808508e-13
192.83182927066878,-6.839700225647664,5.10812799640082,-14.686002834845587,-20.18342635391001,1.0946997268834039e-13
192.83767255161916,-6.831552513152406,5.108135543562332,-14.687401194633738,-20.18497559807179,2.1051917824680845e-13
192.84351588994573,-6.823404912108408,5.108142852876136,-14.68879944892971,-20.186523550428117,2.1051917824680845e-13
192.84935928563345,-6.8152574224140015,5.108149924053401,-14.690197597693746,-20.18807021088811,2.1051917824680845e-13
192.85520273866746,-6.807110043967429,5.1081567568052915,-14.69159564088599,-20.189615579360954,1.5999457546757442e-13
192.86104624903268,-6.798962776667112,5.108163350842979,-14.692993578466448,-20.191159655755804,2.1051917824680845e-13
192.86688981671423,-6.7908156204113315,5.108169705877629,-14.69439141039503,-20.19270243998188,1.1789073981821273e-13
192.8727334416971,-6.7826685750985245,5.108175821620407,-14.69578913663152,-20.194243931948414,1.6841534259744677e-13
192.87857712396627,-6.774521640627149,5.108181697782483,-14.69718675713558,-20.19578413156465,2.2736071250655313e-13
192.8844208635069,-6.766374816895546,5.108187334075024,-14.698584271866766,-20.19732303873987,1.347322740779574e-13
192.89026466030387,-6.758228103802271,5.108192730209197,-14.69998168078451,-20.19886065338337,7.578690416885104e-14
192.89610851434233,-6.750081501245711,5.10819788589617,-14.701378983848125,-20.200396975404473,1.0946997268834039e-13
192.90195242560725,-6.741935009124424,5.10820280084711,-14.70277618101682,-20.201932004712535,1.1789073981821273e-13
192.9077963940836,-6.7337886273369785,5.108207474773184,-14.704173272249662,-20.203465741216913,2.1893994537668078e-13
192.91364041975652,-6.725642355781839,5.108211907385559,-14.705570257505634,-20.204998184827026,2.5262301389617017e-13
192.91948450261103,-6.717496194357621,5.108216098395404,-14.706967136743572,-20.206529335452274,1.1789073981821273e-13
192.92532864263205,-6.709350142962975,5.108220047513887,-14.708363909922213,-20.208059193002104,1.1789073981821273e-13
192.93117283980467,-6.7012042014964255,5.108223754452174,-14.709760577000171,-20.209587757386,2.2736071250655313e-13
192.93701709411397,-6.693058369856712,5.108227218921431,-14.711157137935947,-20.211115028513444,1.0104920555846805e-13
192.94286140554487,-6.684912647942408,5.108230440632829,-14.712553592687911,-20.212641006293943,2.1893994537668078e-13
192.94870577408247,-6.676767035652294,5.108233419297532,-14.713949941214336,-20.214165690637053,1.0946997268834039e-13
192.95455019971178,-6.668621532884992,5.10823615462671,-14.715346183473354,-20.215689081452325,6.73661370389787e-14
192.96039468241779,-6.660476139539288,5.108238646331529,-14.716742319423009,-20.21721117864936,1.8525687685719145e-13
192.96623922218552,-6.6523308555139815,5.108240894123157,-14.718138349021206,-20.21873198213776,1.8525687685719145e-13
192.97208381900012,-6.644185680707768,5.108242897712761,-14.719534272225737,-20.220251491827188,1.0104920555846805e-13
192.97792847284646,-6.63604061501949,5.108244656811509,-14.72093008899428,-20.221769707627267,3.368306851948935e-14
192.98377318370956,-6.627895658348026,5.108246171130569,-14.722325799284384,-20.223286629447706,1.9367764398706378e-13
192.9896179515746,-6.619750810592139,5.108247440381107,-14.723721403053512,-20.224802257198217,1.515738083377021e-13
192.99546277642642,-6.611606071650785,5.10824846427429,-14.72511690025897,-20.22631659078854,8.420767129872338e-14
193.00130765825014,-6.603461441422772,5.108249242521286,-14.726512290857974,-20.227829630128415,2.1893994537668078e-13
193.00715259703082,-6.595316919807067,5.108249774833265,-14.727907574807604,-20.229341375127635,1.4315304120782974e-13
193.01299759275335,-6.587172506702653,5.108250060921391,-14.72930275206484,-20.23085182569601,1.515738083377021e-13
193.01884264540288,-6.5790282020084065,5.108250100496834,-14.730697822586517,-20.23236098174336,1.0946997268834039e-13
193.02468775496433,-6.570884005623402,5.1082498932707585,-14.732092786329412,-20.233868843179565,1.5999457546757442e-13
193.0305329214228,-6.562739917446558,5.108249438954334,-14.733487643250093,-20.235375409914482,1.4315304120782974e-13
193.0363781447633,-6.554595937376954,5.108248737258729,-14.734882393305094,-20.236880681858032,2.020984111169361e-13
193.04222342497076,-6.5464520653136935,5.108247787895108,-14.736277036450787,-20.238384658920143,1.347322740779574e-13
193.0480687620303,-6.538308301155752,5.108246590574643,-14.737671572643436,-20.23988734101076,1.1789073981821273e-13
193.0539141559269,-6.5301646448023325,5.108245145008495,-14.739066001839198,-20.24138872803988,2.020984111169361e-13
193.05975960664557,-6.52202109615246,5.108243450907835,-14.74046032399409,-20.242888819917493,1.4315304120782974e-13
193.06560511417135,-6.5138776551053255,5.1082415079838315,-14.741854539064034,-20.24438761655363,1.9367764398706378e-13
193.07145067848924,-6.505734321560147,5.10823931594765,-14.74324864700482,-20.245885117858357,1.0946997268834039e-13
193.07729629958428,-6.4975910954160145,5.1082368745104585,-14.74464264777212,-20.247381323741735,9.262843842859572e-14
193.08314197744141,-6.489447976572239,5.108234183383426,-14.746036541321494,-20.248876234113865,1.0104920555846805e-13
193.08898771204576,-6.48130496492796,5.108231242277719,-14.747430327608383,-20.250369848884887,7.578690416885104e-14
193.0948335033823,-6.4731620603825,5.108228050904501,-14.748824006588112,-20.25186216796495,1.4315304120782974e-13
193.100679351436,-6.465019262835123,5.108224608974946,-14.750217578215882,-20.25335319126423,1.347322740779574e-13
193.10652525619196,-6.456876572185133,5.108220916200216,-14.75161104244678,-20.254842918692926,1.1789073981821273e-13
193.11237121763511,-6.448733988331845,5.108216972291483,-14.753004399235765,-20.256331350161265,1.1789073981821273e-13
193.1182172357505,-6.4405915111746115,5.1082127769599115,-14.754397648537699,-20.257818485579495,1.2631150694808508e-13
193.12406331052318,-6.432449140612807,5.108208329916668,-14.755790790307312,-20.259304324857915,1.6841534259744677e-13
193.1299094419381,-6.424306876545813,5.108203630872923,-14.757183824499206,-20.260788867906797,2.3578147963642546e-13
193.13575562998037,-6.416164718873049,5.108198679539845,-14.758576751067888,-20.262272114636474,1.4315304120782974e-13
193.1416018746349,-6.408022667493953,5.108193475628595,-14.759969569967735,-20.26375406495731,1.2631150694808508e-13
193.14744817588675,-6.399880722307979,5.108188018850346,-14.761362281152998,-20.26523471877967,1.9367764398706378e-13
193.15329453372092,-6.391738883214611,5.108182308916263,-14.762754884577818,-20.26671407601396,1.515738083377021e-13
193.15914094812246,-6.383597150113351,5.108176345537515,-14.764147380196222,-20.26819213657061,1.4315304120782974e-13
193.16498741907634,-6.375455522903719,5.10817012842527,-14.765539767962103,-20.269668900360045,2.020984111169361e-13
193.1708339465676,-6.367314001485267,5.108163657290692,-14.766932047829261,-20.27114436729278,1.5999457546757442e-13
193.17668053058125,-6.359172585757565,5.1081569318449525,-14.768324219751344,-20.272618537279286,1.4315304120782974e-13
193.1825271711023,-6.351031275620202,5.108149951799215,-14.769716283681923,-20.274091410230113,5.0524602779234026e-14
193.18837386811572,-6.342890070972792,5.10814271686465,-14.77110823957441,-20.275562986055792,1.4315304120782974e-13
193.1942206216066,-6.334748971714971,5.108135226752424,-14.772500087382124,-20.277033264666915,8.420767129872338e-14
193.2000674315599,-6.326607977746395,5.108127481173705,-14.773891827058248,-20.278502245974074,2.2736071250655313e-13
193.20591429796062,-6.3184670889667425,5.108119479839657,-14.775283458555869,-20.279969929887894,1.8525687685719145e-13
193.21176122079382,-6.310326305275721,5.108111222461452,-14.776674981827933,-20.28143631631904,1.768361097273191e-13
193.21760820004448,-6.3021856265730465,5.108102708750257,-14.778066396827278,-20.282901405178173,1.0946997268834039e-13
193.2234552356976,-6.294045052758469,5.108093938417236,-14.779457703506626,-20.284365196376015,1.9367764398706378e-13
193.2293023277382,-6.285904583731756,5.10808491117356,-14.780848901818569,-20.285827689823282,2.1051917824680845e-13
193.23514947615132,-6.277764219392694,5.108075626730393,-14.782239991715599,-20.287288885430733,1.515738083377021e-13
193.24099668092194,-6.269623959641096,5.108066084798906,-14.78363097315006,-20.288748783109142,2.1051917824680845e-13
193.24684394203507,-6.2614838043767955,5.108056285090265,-14.785021846074208,-20.290207382769314,8.420767129872338e-14
193.25269125947574,-6.253343753499646,5.108046227315636,-14.78641261044016,-20.291664684322075,2.1051917824680845e-13
193.25853863322894,-6.245203806909525,5.108035911186189,-14.787803266199933,-20.293120687678297,1.515738083377021e-13
193.26438606327966,-6.237063964506333,5.108025336413088,-14.789193813305403,-20.294575392748847,2.1051917824680845e-13
