galstreams/tracks/track.st.M92.thomas2020.ecsv
# %ECSV 0.9
# ---
# datatype:
# - {name: ra, unit: deg, datatype: float64}
# - {name: dec, unit: deg, datatype: float64}
# - {name: distance, unit: kpc, datatype: float64}
# - {name: pm_ra_cosdec, unit: mas / yr, datatype: float64}
# - {name: pm_dec, unit: mas / yr, datatype: float64}
# - {name: radial_velocity, unit: km / s, datatype: float64}
# delimiter: ','
# meta: !!omap
# - __serialized_columns__:
#     dec:
#       __class__: astropy.coordinates.angles.Latitude
#       unit: &id001 !astropy.units.Unit {unit: deg}
#       value: !astropy.table.SerializedColumn {name: dec}
#     distance:
#       __class__: astropy.coordinates.distances.Distance
#       unit: !astropy.units.Unit {unit: kpc}
#       value: !astropy.table.SerializedColumn {name: distance}
#     pm_dec:
#       __class__: astropy.units.quantity.Quantity
#       unit: !astropy.units.Unit {unit: mas / yr}
#       value: !astropy.table.SerializedColumn {name: pm_dec}
#     pm_ra_cosdec:
#       __class__: astropy.units.quantity.Quantity
#       unit: !astropy.units.Unit {unit: mas / yr}
#       value: !astropy.table.SerializedColumn {name: pm_ra_cosdec}
#     ra:
#       __class__: astropy.coordinates.angles.Longitude
#       unit: *id001
#       value: !astropy.table.SerializedColumn {name: ra}
#       wrap_angle: !astropy.coordinates.Angle
#         unit: *id001
#         value: 360.0
#     radial_velocity:
#       __class__: astropy.units.quantity.Quantity
#       unit: !astropy.units.Unit {unit: km / s}
#       value: !astropy.table.SerializedColumn {name: radial_velocity}
# schema: astropy-2.0
ra,dec,distance,pm_ra_cosdec,pm_dec,radial_velocity
[from data line 1232]
266.7778551552041,41.38882256265755,8.299999999999999,0.0,0.0,0.0
266.7899781935875,41.3832563173323,8.3,0.0,0.0,0.0
266.8020973615268,41.37768200614997,8.299999999999999,0.0,0.0,0.0
266.81421265742375,41.37209963642814,8.300000000000002,0.0,0.0,0.0
266.82632407968794,41.36650921548153,8.3,0.0,0.0,0.0
266.83843162673696,41.360910750621954,8.299999999999999,0.0,0.0,0.0
266.8505352969966,41.355304249158394,8.3,0.0,0.0,0.0
266.8626350889007,41.34968971839694,8.3,0.0,0.0,0.0
266.8747310008909,41.3440671656409,8.3,0.0,0.0,0.0
266.886823031417,41.33843659819071,8.299999999999999,0.0,0.0,0.0
266.898911178937,41.332798023344026,8.3,0.0,0.0,0.0
266.9109954419165,41.327151448395675,8.3,0.0,0.0,0.0
266.92307581882943,41.32149688063769,8.3,0.0,0.0,0.0
266.9351523081576,41.315834327359376,8.299999999999999,0.0,0.0,0.0
266.9472249083909,41.3101637958472,8.3,0.0,0.0,0.0
266.959293618027,41.304485293384936,8.300000000000002,0.0,0.0,0.0
266.9713584355718,41.29879882725356,8.300000000000002,0.0,0.0,0.0
266.9834193595389,41.293104404731366,8.299999999999999,0.0,0.0,0.0
266.99547638845013,41.28740203309389,8.299999999999999,0.0,0.0,0.0
267.0075295208351,41.28169171961399,8.3,0.0,0.0,0.0
267.0195787552314,41.27597347156183,8.3,0.0,0.0,0.0
267.0316240901847,41.270247296204836,8.299999999999999,0.0,0.0,0.0
267.0436655242484,41.26451320080782,8.3,0.0,0.0,0.0
267.05570305598405,41.25877119263293,8.3,0.0,0.0,0.0
267.06773668396085,41.25302127893963,8.300000000000002,0.0,0.0,0.0
267.0797664067563,41.24726346698477,8.3,0.0,0.0,0.0
267.0917922229554,41.24149776402259,8.3,0.0,0.0,0.0
267.1038141311514,41.23572417730468,8.3,0.0,0.0,0.0
267.11583212994526,41.22994271408006,8.299999999999999,0.0,0.0,0.0
267.1278462179459,41.22415338159515,8.3,0.0,0.0,0.0
267.13985639377006,41.218356187093804,8.3,0.0,0.0,0.0
267.1518626560425,41.21255113781727,8.3,0.0,0.0,0.0
267.16386500339576,41.2067382410043,8.299999999999999,0.0,0.0,0.0
267.17586343447033,41.20091750389106,8.3,0.0,0.0,0.0
267.1878579479144,41.19508893371121,8.3,0.0,0.0,0.0
267.1998485423842,41.18925253769589,8.3,0.0,0.0,0.0
267.21183521654365,41.18340832307372,8.3,0.0,0.0,0.0
267.2238179690647,41.177556297070836,8.3,0.0,0.0,0.0
267.23579679862706,41.17169646691089,8.299999999999999,0.0,0.0,0.0
267.24777170391815,41.165828839815056,8.3,0.0,0.0,0.0
267.2597426836334,41.15995342300208,8.3,0.0,0.0,0.0
267.27170973647605,41.154070223688215,8.3,0.0,0.0,0.0
267.283672861157,41.148179249087306,8.3,0.0,0.0,0.0
267.29563205639505,41.14228050641078,8.3,0.0,0.0,0.0
267.3075873209169,41.13637400286765,8.3,0.0,0.0,0.0
267.31953865345685,41.1304597456645,8.3,0.0,0.0,0.0
267.3314860527572,41.124537742005586,8.3,0.0,0.0,0.0
267.3434295175678,41.11860799909271,8.3,0.0,0.0,0.0
267.35536904664656,41.1126705241254,8.3,0.0,0.0,0.0
267.3673046387589,41.10672532430077,8.3,0.0,0.0,0.0
267.3792362926782,41.100772406813576,8.299999999999999,0.0,0.0,0.0
267.39116400718547,41.094811778856325,8.3,0.0,0.0,0.0
267.40308778106953,41.08884344761916,8.3,0.0,0.0,0.0
267.41500761312693,41.08286742028992,8.3,0.0,0.0,0.0
267.426923502162,41.07688370405414,8.3,0.0,0.0,0.0
267.4388354469868,41.070892306095104,8.3,0.0,0.0,0.0
267.4507434464211,41.06489323359384,8.3,0.0,0.0,0.0
267.4626474992923,41.05888649372904,8.3,0.0,0.0,0.0
267.4745476044357,41.05287209367725,8.299999999999999,0.0,0.0,0.0
267.4864437606942,41.04685004061273,8.3,0.0,0.0,0.0
267.4983359669184,41.04082034170751,8.3,0.0,0.0,0.0
267.51022422196667,41.034783004131455,8.300000000000002,0.0,0.0,0.0
267.522108524705,41.0287380350522,8.3,0.0,0.0,0.0
267.53398887400704,41.022685441635204,8.299999999999999,0.0,0.0,0.0
267.5458652687543,41.01662523104375,8.3,0.0,0.0,0.0
267.5577377078358,41.01055741043898,8.3,0.0,0.0,0.0
267.56960619014825,41.004481986979826,8.3,0.0,0.0,0.0
267.58147071459604,40.99839896782317,8.3,0.0,0.0,0.0
267.5933312800912,40.99230836012373,8.3,0.0,0.0,0.0
267.60518788555345,40.986210171034074,8.3,0.0,0.0,0.0
267.6170405299101,40.98010440770472,8.3,0.0,0.0,0.0
267.6288892120962,40.97399107728408,8.3,0.0,0.0,0.0
267.6407339310544,40.96787018691848,8.299999999999999,0.0,0.0,0.0
267.6525746857348,40.96174174375218,8.3,0.0,0.0,0.0
267.6644114750954,40.95560575492741,8.3,0.0,0.0,0.0
267.67624429810155,40.94946222758433,8.3,0.0,0.0,0.0
267.68807315372635,40.94331116886109,8.3,0.0,0.0,0.0
267.6998980409506,40.9371525858938,8.299999999999999,0.0,0.0,0.0
267.7117189587625,40.93098648581659,8.299999999999999,0.0,0.0,0.0
267.72353590615796,40.92481287576158,8.3,0.0,0.0,0.0
267.7353488821403,40.91863176285892,8.3,0.0,0.0,0.0
267.7471578857208,40.912443154236776,8.299999999999999,0.0,0.0,0.0
267.75896291591783,40.90624705702138,8.3,0.0,0.0,0.0
267.7707639717576,40.90004347833697,8.3,0.0,0.0,0.0
267.78256105227405,40.8938324253059,8.299999999999999,0.0,0.0,0.0
267.7943541565083,40.88761390504859,8.3,0.0,0.0,0.0
267.80614328350913,40.881387924683516,8.3,0.0,0.0,0.0
267.817928432333,40.87515449132731,8.299999999999999,0.0,0.0,0.0
267.8297096020438,40.86891361209468,8.3,0.0,0.0,0.0
267.84148679171307,40.86266529409846,8.3,0.0,0.0,0.0
267.8532600004196,40.85640954444965,8.3,0.0,0.0,0.0
267.86502922725003,40.85014637025737,8.3,0.0,0.0,0.0
267.87679447129824,40.84387577862891,8.3,0.0,0.0,0.0
267.8885557316658,40.83759777666977,8.3,0.0,0.0,0.0
267.9003130074617,40.831312371483556,8.3,0.0,0.0,0.0
267.9120662978025,40.82501957017213,8.3,0.0,0.0,0.0
267.923815601812,40.81871937983557,8.3,0.0,0.0,0.0
267.9355609186219,40.81241180757215,8.3,0.0,0.0,0.0
267.947302247371,40.80609686047836,8.299999999999999,0.0,0.0,0.0
267.9590395872058,40.79977454564901,8.3,0.0,0.0,0.0
267.9707729372801,40.79344487017707,8.299999999999999,0.0,0.0,0.0
267.9825022967553,40.78710784115384,8.3,0.0,0.0,0.0
267.99422766480023,40.78076346566892,8.3,0.0,0.0,0.0
268.0059490405911,40.77441175081014,8.3,0.0,0.0,0.0
268.0176664233115,40.76805270366367,8.3,0.0,0.0,0.0
268.0293798121526,40.761686331313996,8.3,0.0,0.0,0.0
268.0410892063131,40.75531264084394,8.3,0.0,0.0,0.0
268.0527946049988,40.74893163933466,8.3,0.0,0.0,0.0
268.06449600742303,40.742543333865655,8.3,0.0,0.0,0.0
268.07619341280684,40.73614773151481,8.299999999999999,0.0,0.0,0.0
268.08788682037823,40.72974483935838,8.299999999999999,0.0,0.0,0.0
268.09957622937293,40.723334664471,8.3,0.0,0.0,0.0
268.1112616390339,40.716917213925704,8.300000000000002,0.0,0.0,0.0
268.1229430486115,40.71049249479396,8.299999999999997,0.0,0.0,0.0
268.1346204573635,40.70406051414567,8.299999999999999,0.0,0.0,0.0
268.1462938645551,40.697621279049116,8.299999999999999,0.0,0.0,0.0
268.15796326945883,40.691174796571076,8.299999999999997,0.0,0.0,0.0
268.16962867135453,40.6847210737768,8.299999999999999,0.0,0.0,0.0
268.18129006952955,40.678260117729984,8.3,0.0,0.0,0.0
268.19294746327836,40.67179193549282,8.299999999999999,0.0,0.0,0.0
268.20460085190297,40.665316534125985,8.299999999999999,0.0,0.0,0.0
268.2162502347127,40.65883392068868,8.299999999999999,0.0,0.0,0.0
268.2278956110241,40.65234410223863,8.299999999999997,0.0,0.0,0.0
268.23953698016123,40.64584708583208,8.299999999999997,0.0,0.0,0.0
268.2511743414553,40.63934287852384,8.299999999999997,0.0,0.0,0.0
268.262807694245,40.632831487367255,8.299999999999999,0.0,0.0,0.0
268.27443703787617,40.626312919414254,8.3,0.0,0.0,0.0
268.28606237170203,40.61978718171534,8.299999999999999,0.0,0.0,0.0
268.29768369508315,40.613254281319605,8.299999999999999,0.0,0.0,0.0
268.3093010073873,40.606714225274786,8.299999999999999,0.0,0.0,0.0
268.32091430798977,40.600167020627175,8.299999999999999,0.0,0.0,0.0
268.3325235962728,40.59361267442175,8.299999999999997,0.0,0.0,0.0
268.344128871626,40.58705119370208,8.299999999999999,0.0,0.0,0.0
268.35573013344646,40.58048258551045,8.299999999999999,0.0,0.0,0.0
268.36732738113835,40.57390685688775,8.299999999999999,0.0,0.0,0.0
268.37892061411327,40.56732401487359,8.3,0.0,0.0,0.0
268.39050983178976,40.56073406650624,8.299999999999999,0.0,0.0,0.0
268.4020950335939,40.55413701882269,8.299999999999999,0.0,0.0,0.0
268.413676218959,40.54753287885865,8.299999999999999,0.0,0.0,0.0
268.4252533873254,40.540921653648525,8.299999999999999,0.0,0.0,0.0
268.43682653814096,40.5343033502255,8.299999999999999,0.0,0.0,0.0
268.44839567086046,40.527677975621486,8.299999999999995,0.0,0.0,0.0
268.4599607849462,40.52104553686715,8.299999999999999,0.0,0.0,0.0
268.47152187986745,40.51440604099195,8.299999999999999,0.0,0.0,0.0
268.48307895510084,40.50775949502413,8.299999999999999,0.0,0.0,0.0
268.4946320101302,40.50110590599072,8.299999999999997,0.0,0.0,0.0
268.5061810444464,40.49444528091756,8.299999999999999,0.0,0.0,0.0
268.5177260575478,40.487777626829335,8.299999999999997,0.0,0.0,0.0
268.52926704893963,40.481102950749545,8.299999999999997,0.0,0.0,0.0
268.54080401813457,40.474421259700534,8.299999999999997,0.0,0.0,0.0
268.55233696465234,40.4677325607035,8.299999999999999,0.0,0.0,0.0
268.56386588801973,40.461036860778556,8.299999999999997,0.0,0.0,0.0
268.57539078777097,40.45433416694465,8.299999999999999,0.0,0.0,0.0
268.58691166344715,40.447624486219624,8.299999999999999,0.0,0.0,0.0
268.59842851459683,40.440907825620265,8.3,0.0,0.0,0.0
268.6099413407754,40.43418419216224,8.299999999999999,0.0,0.0,0.0
268.62145014154567,40.42745359286018,8.299999999999999,0.0,0.0,0.0
268.63295491647733,40.42071603472763,8.299999999999999,0.0,0.0,0.0
268.6444556651475,40.413971524777125,8.3,0.0,0.0,0.0
268.65595238714025,40.40722007002013,8.299999999999997,0.0,0.0,0.0
268.66744508204664,40.4004616774671,8.299999999999999,0.0,0.0,0.0
268.6789337494651,40.3936963541275,8.299999999999999,0.0,0.0,0.0
268.6904183890011,40.386924107009776,8.299999999999999,0.0,0.0,0.0
268.70189900026713,40.38014494312141,8.299999999999999,0.0,0.0,0.0
268.71337558288286,40.373358869468895,8.299999999999999,0.0,0.0,0.0
268.72484813647503,40.366565893057775,8.299999999999999,0.0,0.0,0.0
268.7363166606774,40.35976602089262,8.3,0.0,0.0,0.0
268.74778115513107,40.352959259977126,8.299999999999999,0.0,0.0,0.0
268.7592416194838,40.34614561731399,8.299999999999999,0.0,0.0,0.0
268.7706980533908,40.33932509990504,8.299999999999999,0.0,0.0,0.0
268.7821504565142,40.33249771475119,8.299999999999999,0.0,0.0,0.0
268.79359882852316,40.32566346885249,8.299999999999999,0.0,0.0,0.0
268.80504316909395,40.318822369208085,8.299999999999999,0.0,0.0,0.0
268.81648347790986,40.31197442281626,8.299999999999999,0.0,0.0,0.0
268.82791975466125,40.305119636674476,8.299999999999999,0.0,0.0,0.0
268.8393519990455,40.29825801777931,8.299999999999999,0.0,0.0,0.0
268.85078021076714,40.29138957312656,8.299999999999999,0.0,0.0,0.0
268.86220438953745,40.284514309711184,8.299999999999999,0.0,0.0,0.0
268.87362453507507,40.27763223452732,8.299999999999999,0.0,0.0,0.0
268.8850406471053,40.27074335456834,8.299999999999999,0.0,0.0,0.0
268.896452725361,40.26384767682684,8.299999999999999,0.0,0.0,0.0
268.90786076958125,40.25694520829464,8.299999999999999,0.0,0.0,0.0
268.91926477951296,40.25003595596281,8.299999999999999,0.0,0.0,0.0
268.93066475490946,40.243119926821656,8.299999999999999,0.0,0.0,0.0
268.9420606955313,40.23619712786077,8.299999999999997,0.0,0.0,0.0
268.9534526011461,40.22926756606905,8.299999999999999,0.0,0.0,0.0
268.9648404715282,40.22233124843465,8.3,0.0,0.0,0.0
268.97622430645913,40.21538818194505,8.299999999999999,0.0,0.0,0.0
268.9876041057273,40.208438373587036,8.299999999999999,0.0,0.0,0.0
268.99897986912805,40.20148183034672,8.300000000000002,0.0,0.0,0.0
269.0103515964639,40.194518559209584,8.3,0.0,0.0,0.0
269.02171928754416,40.187548567160455,8.299999999999999,0.0,0.0,0.0
269.03308294218493,40.1805718611835,8.3,0.0,0.0,0.0
269.0444425602095,40.17358844826229,8.3,0.0,0.0,0.0
269.0557981414482,40.166598335379774,8.299999999999999,0.0,0.0,0.0
269.06714968573783,40.15960152951832,8.299999999999999,0.0,0.0,0.0
269.0784971929226,40.1525980376597,8.3,0.0,0.0,0.0
269.0898406628534,40.145587866785114,8.3,0.0,0.0,0.0
269.1011800953882,40.13857102387518,8.3,0.0,0.0,0.0
269.11251549039156,40.131547515910015,8.3,0.0,0.0,0.0
269.1238468477353,40.12451734986916,8.3,0.0,0.0,0.0
269.13517416729803,40.117480532731655,8.3,0.0,0.0,0.0
269.14649744896525,40.11043707147601,8.3,0.0,0.0,0.0
269.15781669262924,40.103386973080234,8.3,0.0,0.0,0.0
269.16913189818933,40.096330244521866,8.3,0.0,0.0,0.0
269.18044306555174,40.089266892777964,8.299999999999999,0.0,0.0,0.0
269.1917501946294,40.0821969248251,8.299999999999999,0.0,0.0,0.0
269.20305328534226,40.07512034763941,8.3,0.0,0.0,0.0
269.2143523376171,40.068037168196625,8.3,0.0,0.0,0.0
269.22564735138747,40.06094739347199,8.299999999999999,0.0,0.0,0.0
269.23693832659404,40.05385103044035,8.300000000000002,0.0,0.0,0.0
269.248225263184,40.04674808607618,8.299999999999999,0.0,0.0,0.0
269.2595081611116,40.03963856735353,8.3,0.0,0.0,0.0
269.27078702033793,40.032522481246076,8.300000000000002,0.0,0.0,0.0
269.28206184083075,40.02539983472716,8.3,0.0,0.0,0.0
269.29333262256483,40.018270634769706,8.3,0.0,0.0,0.0
269.3045993655217,40.01113488834636,8.299999999999999,0.0,0.0,0.0
269.3158620696897,40.003992602429406,8.3,0.0,0.0,0.0
269.32712073506406,39.9968437839908,8.3,0.0,0.0,0.0
269.3383753616466,39.98968844000222,8.299999999999999,0.0,0.0,0.0
269.34962594944636,39.98252657743503,8.3,0.0,0.0,0.0
269.3608724984787,39.97535820326032,8.3,0.0,0.0,0.0
269.37211500876623,39.96818332444891,8.299999999999999,0.0,0.0,0.0
269.3833534803379,39.96100194797136,8.3,0.0,0.0,0.0
269.3945879132299,39.95381408079798,8.3,0.0,0.0,0.0
269.4058183074849,39.94661972989887,8.299999999999999,0.0,0.0,0.0
269.4170446631523,39.93941890224387,8.299999999999999,0.0,0.0,0.0
269.42826698028864,39.93221160480266,8.3,0.0,0.0,0.0
269.4394852589568,39.92499784454467,8.3,0.0,0.0,0.0
269.4506994992267,39.9177776284392,8.300000000000002,0.0,0.0,0.0
269.461909701175,39.91055096345532,8.3,0.0,0.0,0.0
269.4731158648849,39.903317856561976,8.299999999999999,0.0,0.0,0.0
269.4843179904465,39.896078314727994,8.3,0.0,0.0,0.0
269.4955160779568,39.88883234492198,8.299999999999999,0.0,0.0,0.0
269.5067101275192,39.881579954112496,8.3,0.0,0.0,0.0
269.5179001392441,39.874321149267956,8.299999999999999,0.0,0.0,0.0
269.5290861132485,39.867055937356675,8.3,0.0,0.0,0.0
269.5402680496562,39.85978432534689,8.3,0.0,0.0,0.0
269.5514459485977,39.852506320206764,8.3,0.0,0.0,0.0
269.56261981021004,39.84522192890438,8.3,0.0,0.0,0.0
269.5737896346373,39.83793115840781,8.3,0.0,0.0,0.0
269.58495542203,39.83063401568503,8.3,0.0,0.0,0.0
269.5961171725455,39.82333050770404,8.3,0.0,0.0,0.0
269.60727488634774,39.8160206414328,8.3,0.0,0.0,0.0
269.61842856360744,39.80870442383926,8.299999999999999,0.0,0.0,0.0
269.629578204502,39.80138186189142,8.300000000000002,0.0,0.0,0.0
269.64072380921544,39.79405296255725,8.299999999999999,0.0,0.0,0.0
269.6518653779385,39.786717732804796,8.3,0.0,0.0,0.0
269.66300291086867,39.779376179602124,8.299999999999999,0.0,0.0,0.0
269.67413640820985,39.772028309917395,8.3,0.0,0.0,0.0
269.68526587017294,39.76467413071878,8.3,0.0,0.0,0.0
269.6963912969752,39.75731364897458,8.299999999999999,0.0,0.0,0.0
269.7075126888408,39.74994687165319,8.299999999999999,0.0,0.0,0.0
269.7186300460003,39.7425738057231,8.3,0.0,0.0,0.0
269.72974336869123,39.73519445815291,8.3,0.0,0.0,0.0
269.74085265715735,39.727808835911375,8.299999999999999,0.0,0.0,0.0
269.75195791164936,39.720416945967386,8.299999999999999,0.0,0.0,0.0
269.7630591324245,39.713018795289976,8.300000000000002,0.0,0.0,0.0
269.77415631974657,39.70561439084837,8.3,0.0,0.0,0.0
269.78524947388615,39.698203739611934,8.3,0.0,0.0,0.0
269.79633859512023,39.690786848550296,8.300000000000002,0.0,0.0,0.0
269.8074236837326,39.6833637246332,8.3,0.0,0.0,0.0
269.8185047400136,39.6759343748307,8.300000000000002,0.0,0.0,0.0
269.82958176426,39.66849880611299,8.300000000000002,0.0,0.0,0.0
269.84065475677545,39.661057025450575,8.300000000000002,0.0,0.0,0.0
269.85172371786996,39.65360903981418,8.300000000000002,0.0,0.0,0.0
269.86278864786027,39.646154856174796,8.300000000000002,0.0,0.0,0.0
