galstreams/tracks/track.st.Kwando.grillmair2017.ecsv
# %ECSV 1.0
# ---
# datatype:
# - {name: ra, unit: deg, datatype: float64}
# - {name: dec, unit: deg, datatype: float64}
# - {name: distance, unit: kpc, datatype: float64}
# - {name: pm_ra_cosdec, unit: mas / yr, datatype: float64}
# - {name: pm_dec, unit: mas / yr, datatype: float64}
# - {name: radial_velocity, unit: km / s, datatype: float64}
# delimiter: ','
# meta: !!omap
# - __serialized_columns__:
#     dec:
#       __class__: astropy.coordinates.angles.Latitude
#       unit: &id001 !astropy.units.Unit {unit: deg}
#       value: !astropy.table.SerializedColumn {name: dec}
#     distance:
#       __class__: astropy.coordinates.distances.Distance
#       unit: !astropy.units.Unit {unit: kpc}
#       value: !astropy.table.SerializedColumn {name: distance}
#     pm_dec:
#       __class__: astropy.units.quantity.Quantity
#       unit: !astropy.units.Unit {unit: mas / yr}
#       value: !astropy.table.SerializedColumn {name: pm_dec}
#     pm_ra_cosdec:
#       __class__: astropy.units.quantity.Quantity
#       unit: !astropy.units.Unit {unit: mas / yr}
#       value: !astropy.table.SerializedColumn {name: pm_ra_cosdec}
#     ra:
#       __class__: astropy.coordinates.angles.Longitude
#       unit: *id001
#       value: !astropy.table.SerializedColumn {name: ra}
#       wrap_angle: !astropy.coordinates.Angle
#         unit: *id001
#         value: 360.0
#     radial_velocity:
#       __class__: astropy.units.quantity.Quantity
#       unit: !astropy.units.Unit {unit: km / s}
#       value: !astropy.table.SerializedColumn {name: radial_velocity}
# schema: astropy-2.0
ra,dec,distance,pm_ra_cosdec,pm_dec,radial_velocity
[from data line 471]
24.250374116665313,-24.885044810078067,19.999999999999986,0.0,0.0,0.0
24.260822022647098,-24.888425598845892,19.999999999999982,0.0,0.0,0.0
24.271266719827775,-24.891812765421445,19.999999999999986,0.0,0.0,0.0
24.281708207574347,-24.895206314403577,19.999999999999986,0.0,0.0,0.0
24.29214648525469,-24.898606250391545,19.99999999999998,0.0,0.0,0.0
24.30258155223754,-24.90201257798503,19.999999999999982,0.0,0.0,0.0
24.313013407892548,-24.9054253017841,19.99999999999998,0.0,0.0,0.0
24.3234420515902,-24.908844426389265,19.999999999999982,0.0,0.0,0.0
24.333867482701873,-24.91226995640143,19.99999999999998,0.0,0.0,0.0
24.34428970059982,-24.91570189642191,19.99999999999998,0.0,0.0,0.0
24.35470870465713,-24.919140251052433,19.999999999999982,0.0,0.0,0.0
24.365124494247798,-24.922585024895128,19.999999999999982,0.0,0.0,0.0
24.375537068746667,-24.926036222552554,19.999999999999986,0.0,0.0,0.0
24.385946427529444,-24.92949384862765,19.999999999999982,0.0,0.0,0.0
24.39635256997269,-24.932957907723786,19.999999999999986,0.0,0.0,0.0
24.406755495453854,-24.936428404444715,19.99999999999998,0.0,0.0,0.0
24.417155203351214,-24.93990534339463,19.999999999999986,0.0,0.0,0.0
24.427551693043917,-24.943388729178107,19.999999999999986,0.0,0.0,0.0
24.437944963911985,-24.94687856640013,19.999999999999986,0.0,0.0,0.0
24.448335015336255,-24.950374859666077,19.99999999999998,0.0,0.0,0.0
24.458721846698445,-24.95387761358176,19.999999999999982,0.0,0.0,0.0
24.469105457381133,-24.95738683275336,19.999999999999982,0.0,0.0,0.0
24.47948584676772,-24.9609025217875,19.999999999999982,0.0,0.0,0.0
24.489863014242474,-24.96442468529117,19.999999999999982,0.0,0.0,0.0
24.500236959190506,-24.96795332787178,19.999999999999982,0.0,0.0,0.0
24.51060768099777,-24.971488454137145,19.999999999999982,0.0,0.0,0.0
24.52097517905106,-24.975030068695474,19.999999999999982,0.0,0.0,0.0
24.53133945273803,-24.978578176155384,19.99999999999998,0.0,0.0,0.0
24.541700501447146,-24.982132781125856,19.999999999999986,0.0,0.0,0.0
24.55205832456775,-24.985693888216336,19.999999999999982,0.0,0.0,0.0
24.56241292148998,-24.989261502036634,19.999999999999982,0.0,0.0,0.0
24.572764291604845,-24.99283562719693,19.999999999999982,0.0,0.0,0.0
24.583112434304162,-24.99641626830785,19.999999999999986,0.0,0.0,0.0
24.593457348980603,-25.000003429980396,19.999999999999986,0.0,0.0,0.0
24.60379903502766,-25.00359711682597,19.999999999999986,0.0,0.0,0.0
24.61413749183966,-25.007197333456364,19.99999999999998,0.0,0.0,0.0
24.624472718811734,-25.010804084483773,19.999999999999986,0.0,0.0,0.0
24.63480471533989,-25.0144173745208,19.999999999999982,0.0,0.0,0.0
24.6451334808209,-25.018037208180402,19.999999999999982,0.0,0.0,0.0
24.65545901465241,-25.02166359007599,19.99999999999998,0.0,0.0,0.0
24.665781316232852,-25.0252965248213,19.999999999999982,0.0,0.0,0.0
24.676100384961504,-25.02893601703052,19.99999999999998,0.0,0.0,0.0
24.686416220238446,-25.0325820713182,19.999999999999975,0.0,0.0,0.0
24.696728821464585,-25.036234692299303,19.99999999999998,0.0,0.0,0.0
24.707038188041636,-25.03989388458916,19.99999999999998,0.0,0.0,0.0
24.717344319372124,-25.043559652803488,19.99999999999998,0.0,0.0,0.0
24.72764721485939,-25.047232001558427,19.999999999999975,0.0,0.0,0.0
24.737946873907593,-25.05091093547049,19.999999999999982,0.0,0.0,0.0
24.748243295921696,-25.054596459156578,19.999999999999982,0.0,0.0,0.0
24.758536480307466,-25.058288577233984,19.999999999999982,0.0,0.0,0.0
24.768826426471477,-25.061987294320392,19.99999999999998,0.0,0.0,0.0
24.779113133821095,-25.065692615033857,19.999999999999982,0.0,0.0,0.0
24.789396601764516,-25.06940454399283,19.99999999999998,0.0,0.0,0.0
24.79967682971071,-25.073123085816178,19.999999999999986,0.0,0.0,0.0
24.809953817069456,-25.076848245123106,19.99999999999998,0.0,0.0,0.0
24.82022756325133,-25.080580026533234,19.999999999999982,0.0,0.0,0.0
24.830498067667705,-25.08431843466656,19.99999999999998,0.0,0.0,0.0
24.84076532973075,-25.088063474143482,19.99999999999998,0.0,0.0,0.0
24.851029348853405,-25.091815149584743,19.99999999999998,0.0,0.0,0.0
24.861290124449447,-25.095573465611512,19.99999999999998,0.0,0.0,0.0
24.871547655933373,-25.09933842684531,19.99999999999998,0.0,0.0,0.0
24.88180194272054,-25.10311003790807,19.999999999999982,0.0,0.0,0.0
24.89205298422703,-25.10688830342207,19.999999999999982,0.0,0.0,0.0
24.902300779869762,-25.110673228010004,19.999999999999982,0.0,0.0,0.0
24.912545329066393,-25.114464816294923,19.99999999999998,0.0,0.0,0.0
24.922786631235383,-25.118263072900277,19.99999999999998,0.0,0.0,0.0
24.933024685795953,-25.122068002449872,19.99999999999998,0.0,0.0,0.0
24.943259492168135,-25.125879609567928,19.99999999999998,0.0,0.0,0.0
24.9534910497727,-25.129697898879,19.99999999999998,0.0,0.0,0.0
24.963719358031206,-25.133522875008065,19.99999999999998,0.0,0.0,0.0
24.973944416365992,-25.137354542580454,19.99999999999998,0.0,0.0,0.0
24.984166224200163,-25.14119290622186,19.99999999999998,0.0,0.0,0.0
24.994384780957567,-25.14503797055838,19.999999999999982,0.0,0.0,0.0
25.00460008606292,-25.148889740216504,19.99999999999998,0.0,0.0,0.0
25.01481213894149,-25.152748219823025,19.999999999999982,0.0,0.0,0.0
25.025020939019527,-25.15661341400518,19.99999999999998,0.0,0.0,0.0
25.035226485723925,-25.16048532739054,19.99999999999998,0.0,0.0,0.0
25.045428778482396,-25.16436396460709,19.99999999999998,0.0,0.0,0.0
25.055627816723362,-25.168249330283142,19.999999999999982,0.0,0.0,0.0
25.06582359987605,-25.17214142904743,19.99999999999998,0.0,0.0,0.0
25.07601612737039,-25.176040265529004,19.99999999999998,0.0,0.0,0.0
25.0862053986371,-25.179945844357334,19.99999999999998,0.0,0.0,0.0
25.09639141310764,-25.18385817016223,19.999999999999982,0.0,0.0,0.0
25.10657417021422,-25.187777247573894,19.99999999999998,0.0,0.0,0.0
25.116753669389794,-25.19170308122288,19.999999999999982,0.0,0.0,0.0
25.12692991006807,-25.195635675740125,19.999999999999982,0.0,0.0,0.0
25.137102891683487,-25.199575035756926,19.99999999999998,0.0,0.0,0.0
25.14727261367124,-25.203521165904952,19.99999999999998,0.0,0.0,0.0
25.157439075467252,-25.20747407081624,19.99999999999998,0.0,0.0,0.0
25.1676022765082,-25.211433755123185,19.999999999999975,0.0,0.0,0.0
25.17776221623148,-25.215400223458566,19.99999999999998,0.0,0.0,0.0
25.187918894075235,-25.219373480455513,19.999999999999982,0.0,0.0,0.0
25.19807230947835,-25.223353530747538,19.99999999999998,0.0,0.0,0.0
25.208222461880418,-25.22734037896849,19.999999999999982,0.0,0.0,0.0
25.218369350721787,-25.23133402975261,19.99999999999998,0.0,0.0,0.0
25.228512975443515,-25.235334487734498,19.99999999999998,0.0,0.0,0.0
25.23865333548739,-25.2393417575491,19.99999999999998,0.0,0.0,0.0
25.248790430295934,-25.24335584383173,19.999999999999975,0.0,0.0,0.0
25.25892425931238,-25.24737675121809,19.99999999999998,0.0,0.0,0.0
25.2690548219807,-25.25140448434422,19.99999999999998,0.0,0.0,0.0
25.279182117745552,-25.255439047846515,19.99999999999998,0.0,0.0,0.0
25.28930614605235,-25.25948044636175,19.99999999999998,0.0,0.0,0.0
25.299426906347193,-25.26352868452704,19.999999999999975,0.0,0.0,0.0
25.309544398076923,-25.267583766979875,19.99999999999998,0.0,0.0,0.0
25.319658620689058,-25.271645698358103,19.99999999999998,0.0,0.0,0.0
25.32976957363186,-25.275714483299925,19.999999999999975,0.0,0.0,0.0
25.339877256354278,-25.279790126443892,19.999999999999982,0.0,0.0,0.0
25.349981668305972,-25.28387263242893,19.99999999999998,0.0,0.0,0.0
25.36008280893732,-25.287962005894318,19.999999999999982,0.0,0.0,0.0
25.370180677699384,-25.29205825147967,19.99999999999998,0.0,0.0,0.0
25.380275274043935,-25.29616137382499,19.99999999999998,0.0,0.0,0.0
25.39036659742345,-25.300271377570596,19.99999999999998,0.0,0.0,0.0
25.400454647291095,-25.304388267357197,19.99999999999998,0.0,0.0,0.0
25.410539423100712,-25.308512047825836,19.999999999999982,0.0,0.0,0.0
25.42062092430689,-25.312642723617937,19.99999999999998,0.0,0.0,0.0
25.430699150364866,-25.31678029937523,19.99999999999998,0.0,0.0,0.0
25.440774100730568,-25.320924779739816,19.99999999999998,0.0,0.0,0.0
25.450845774860625,-25.325076169354166,19.99999999999998,0.0,0.0,0.0
25.460914172212366,-25.329234472861092,19.99999999999998,0.0,0.0,0.0
25.470979292243754,-25.333399694903743,19.99999999999998,0.0,0.0,0.0
25.48104113441351,-25.337571840125637,19.99999999999998,0.0,0.0,0.0
25.491099698180967,-25.341750913170642,19.999999999999982,0.0,0.0,0.0
25.501154983006167,-25.34593691868295,19.99999999999998,0.0,0.0,0.0
25.51120698834983,-25.350129861307117,19.999999999999986,0.0,0.0,0.0
25.52125571367335,-25.354329745688066,19.99999999999998,0.0,0.0,0.0
25.53130115843877,-25.35853657647102,19.999999999999986,0.0,0.0,0.0
25.54134332210885,-25.362750358301597,19.99999999999998,0.0,0.0,0.0
25.551382204146975,-25.366971095825736,19.99999999999998,0.0,0.0,0.0
25.56141780401722,-25.371198793689725,19.99999999999998,0.0,0.0,0.0
25.57145012118433,-25.375433456540193,19.99999999999998,0.0,0.0,0.0
25.581479155113698,-25.379675089024133,19.99999999999998,0.0,0.0,0.0
25.591504905271375,-25.383923695788855,19.99999999999998,0.0,0.0,0.0
25.6015273711241,-25.388179281482028,19.99999999999998,0.0,0.0,0.0
25.611546552139227,-25.392441850751656,19.99999999999998,0.0,0.0,0.0
25.621562447784815,-25.39671140824609,19.99999999999998,0.0,0.0,0.0
25.631575057529545,-25.400987958614028,19.999999999999982,0.0,0.0,0.0
25.641584380842755,-25.40527150650449,19.99999999999998,0.0,0.0,0.0
25.651590417194434,-25.40956205656687,19.999999999999982,0.0,0.0,0.0
25.661593166055233,-25.41385961345087,19.99999999999998,0.0,0.0,0.0
25.671592626896413,-25.41816418180653,19.99999999999998,0.0,0.0,0.0
25.68158879918991,-25.422475766284258,19.999999999999975,0.0,0.0,0.0
25.691581682408298,-25.42679437153477,19.99999999999998,0.0,0.0,0.0
25.701571276024794,-25.43112000220914,19.99999999999998,0.0,0.0,0.0
25.711557579513244,-25.43545266295877,19.99999999999998,0.0,0.0,0.0
25.72154059234812,-25.439792358435398,19.999999999999982,0.0,0.0,0.0
25.731520314004555,-25.444139093291103,19.99999999999998,0.0,0.0,0.0
25.741496743958304,-25.44849287217829,19.999999999999982,0.0,0.0,0.0
25.75146988168575,-25.452853699749717,19.99999999999998,0.0,0.0,0.0
25.76143972666389,-25.457221580658455,19.999999999999975,0.0,0.0,0.0
25.77140627837037,-25.46159651955791,19.99999999999998,0.0,0.0,0.0
25.78136953628345,-25.46597852110185,19.99999999999998,0.0,0.0,0.0
25.791329499882025,-25.47036758994433,19.999999999999982,0.0,0.0,0.0
25.801286168645586,-25.474763730739777,19.999999999999975,0.0,0.0,0.0
25.81123954205426,-25.47916694814292,19.99999999999998,0.0,0.0,0.0
25.821189619588797,-25.483577246808846,19.99999999999998,0.0,0.0,0.0
25.831136400730536,-25.48799463139296,19.99999999999998,0.0,0.0,0.0
25.841079884961452,-25.492419106550972,19.99999999999998,0.0,0.0,0.0
25.85102007176413,-25.496850676938966,19.999999999999982,0.0,0.0,0.0
25.860956960621742,-25.501289347213326,19.999999999999982,0.0,0.0,0.0
25.870890551018096,-25.505735122030767,19.999999999999982,0.0,0.0,0.0
25.880820842437576,-25.510188006048345,19.99999999999998,0.0,0.0,0.0
25.890747834365182,-25.51464800392342,19.99999999999998,0.0,0.0,0.0
25.90067152628652,-25.519115120313693,19.999999999999982,0.0,0.0,0.0
25.910591917687782,-25.523589359877196,19.99999999999998,0.0,0.0,0.0
25.920509008055774,-25.528070727272265,19.99999999999998,0.0,0.0,0.0
25.930422796877863,-25.532559227157588,19.99999999999998,0.0,0.0,0.0
25.940333283642055,-25.53705486419215,19.99999999999998,0.0,0.0,0.0
25.950240467836903,-25.541557643035283,19.99999999999998,0.0,0.0,0.0
25.96014434895156,-25.546067568346615,19.99999999999998,0.0,0.0,0.0
25.970044926475786,-25.55058464478613,19.99999999999998,0.0,0.0,0.0
25.979942199899913,-25.55510887701411,19.99999999999998,0.0,0.0,0.0
25.98983616871485,-25.559640269691155,19.99999999999998,0.0,0.0,0.0
25.999726832412065,-25.5641788274782,19.99999999999998,0.0,0.0,0.0
26.00961419048365,-25.568724555036496,19.999999999999975,0.0,0.0,0.0
26.019498242422248,-25.573277457027615,19.999999999999975,0.0,0.0,0.0
26.029378987721056,-25.57783753811343,19.99999999999998,0.0,0.0,0.0
26.03925642587388,-25.582404802956155,19.99999999999998,0.0,0.0,0.0
26.04913055637508,-25.586979256218306,19.999999999999982,0.0,0.0,0.0
26.059001378719575,-25.591560902562737,19.999999999999982,0.0,0.0,0.0
26.06886889240286,-25.596149746652593,19.99999999999998,0.0,0.0,0.0
26.078733096920985,-25.60074579315135,19.999999999999975,0.0,0.0,0.0
26.088593991770566,-25.605349046722786,19.99999999999998,0.0,0.0,0.0
26.098451576448785,-25.60995951203103,19.99999999999998,0.0,0.0,0.0
26.108305850453355,-25.61457719374046,19.999999999999982,0.0,0.0,0.0
26.118156813282575,-25.619202096515824,19.999999999999982,0.0,0.0,0.0
26.12800446443528,-25.623834225022176,19.99999999999998,0.0,0.0,0.0
26.137848803410854,-25.628473583924844,19.99999999999998,0.0,0.0,0.0
26.14768982970924,-25.63312017788952,19.99999999999998,0.0,0.0,0.0
26.157527542830913,-25.637774011582167,19.999999999999982,0.0,0.0,0.0
26.16736194227691,-25.64243508966909,19.99999999999998,0.0,0.0,0.0
26.177193027548785,-25.647103416816865,19.99999999999998,0.0,0.0,0.0
26.18702079814865,-25.65177899769241,19.999999999999982,0.0,0.0,0.0
26.19684525357917,-25.656461836962958,19.999999999999982,0.0,0.0,0.0
26.206666393343493,-25.661151939296,19.999999999999982,0.0,0.0,0.0
26.216484216945357,-25.665849309359402,19.99999999999998,0.0,0.0,0.0
26.226298723889002,-25.670553951821287,19.99999999999998,0.0,0.0,0.0
26.236109913679197,-25.675265871350113,19.99999999999998,0.0,0.0,0.0
26.24591778582124,-25.67998507261461,19.999999999999986,0.0,0.0,0.0
26.25572233982097,-25.68471156028387,19.999999999999982,0.0,0.0,0.0
26.265523575184726,-25.689445339027234,19.99999999999998,0.0,0.0,0.0
26.275321491419366,-25.694186413514366,19.99999999999998,0.0,0.0,0.0
26.28511608803229,-25.698934788415254,19.999999999999975,0.0,0.0,0.0
26.29490736453139,-25.703690468400154,19.99999999999998,0.0,0.0,0.0
26.304695320425086,-25.708453458139655,19.99999999999998,0.0,0.0,0.0
26.314479955222307,-25.713223762304633,19.99999999999998,0.0,0.0,0.0
26.32426126843248,-25.718001385566264,19.999999999999975,0.0,0.0,0.0
26.33403925956555,-25.722786332596034,19.999999999999986,0.0,0.0,0.0
26.343813928131972,-25.727578608065723,19.99999999999998,0.0,0.0,0.0
26.353585273642686,-25.73237821664741,19.99999999999998,0.0,0.0,0.0
26.363353295609137,-25.73718516301346,19.99999999999998,0.0,0.0,0.0
26.373117993543293,-25.741999451836577,19.99999999999998,0.0,0.0,0.0
26.38287936695757,-25.746821087789716,19.999999999999982,0.0,0.0,0.0
26.392637415364923,-25.75165007554616,19.999999999999986,0.0,0.0,0.0
26.402392138278785,-25.75648641977948,19.99999999999998,0.0,0.0,0.0
26.41214353521306,-25.761330125163536,19.99999999999998,0.0,0.0,0.0
26.42189160568216,-25.76618119637248,19.99999999999998,0.0,0.0,0.0
26.431636349200968,-25.771039638080786,19.99999999999998,0.0,0.0,0.0
26.44137776528485,-25.775905454963194,19.99999999999998,0.0,0.0,0.0
26.45111585344968,-25.78077865169475,19.99999999999998,0.0,0.0,0.0
26.46085061321177,-25.785659232950792,19.99999999999998,0.0,0.0,0.0
26.470582044087916,-25.790547203406955,19.99999999999998,0.0,0.0,0.0
26.480310145595404,-25.795442567739126,19.999999999999986,0.0,0.0,0.0
26.490034917251993,-25.80034533062357,19.99999999999998,0.0,0.0,0.0
26.4997563585759,-25.805255496736756,19.99999999999998,0.0,0.0,0.0
26.509474469085777,-25.810173070755486,19.99999999999998,0.0,0.0,0.0
26.519189248300812,-25.815098057356842,19.99999999999998,0.0,0.0,0.0
26.528900695740585,-25.820030461218195,19.999999999999982,0.0,0.0,0.0
26.538608810925187,-25.8249702870172,19.99999999999998,0.0,0.0,0.0
26.54831359337512,-25.82991753943183,19.999999999999975,0.0,0.0,0.0
26.55801504261138,-25.83487222314029,19.999999999999975,0.0,0.0,0.0
26.5677131581554,-25.83983434282112,19.99999999999998,0.0,0.0,0.0
26.57740793952905,-25.84480390315311,19.99999999999998,0.0,0.0,0.0
