galstreams/tracks/track.st.Orphan-Chenab.ibata2021.ecsv
# %ECSV 0.9
# ---
# datatype:
# - {name: ra, unit: deg, datatype: float64}
# - {name: dec, unit: deg, datatype: float64}
# - {name: distance, unit: kpc, datatype: float64}
# - {name: pm_ra_cosdec, unit: mas / yr, datatype: float64}
# - {name: pm_dec, unit: mas / yr, datatype: float64}
# - {name: radial_velocity, unit: km / s, datatype: float64}
# delimiter: ','
# meta: !!omap
# - __serialized_columns__:
#     dec:
#       __class__: astropy.coordinates.angles.Latitude
#       unit: &id001 !astropy.units.Unit {unit: deg}
#       value: !astropy.table.SerializedColumn {name: dec}
#     distance:
#       __class__: astropy.coordinates.distances.Distance
#       unit: !astropy.units.Unit {unit: kpc}
#       value: !astropy.table.SerializedColumn {name: distance}
#     pm_dec:
#       __class__: astropy.units.quantity.Quantity
#       unit: !astropy.units.Unit {unit: mas / yr}
#       value: !astropy.table.SerializedColumn {name: pm_dec}
#     pm_ra_cosdec:
#       __class__: astropy.units.quantity.Quantity
#       unit: !astropy.units.Unit {unit: mas / yr}
#       value: !astropy.table.SerializedColumn {name: pm_ra_cosdec}
#     ra:
#       __class__: astropy.coordinates.angles.Longitude
#       unit: *id001
#       value: !astropy.table.SerializedColumn {name: ra}
#       wrap_angle: !astropy.coordinates.Angle
#         unit: *id001
#         value: 360.0
#     radial_velocity:
#       __class__: astropy.units.quantity.Quantity
#       unit: !astropy.units.Unit {unit: km / s}
#       value: !astropy.table.SerializedColumn {name: radial_velocity}
# schema: astropy-2.0
ra,dec,distance,pm_ra_cosdec,pm_dec,radial_velocity
[from data line 3389]
158.19675539271154,8.101996369658329,20.229177885257524,-1.4752548575181699,0.2939093642796513,-2.0525619879063826e-14
158.20028677426572,8.092633576288414,20.226525437751434,-1.475613646668951,0.29438535683494577,2.7367493172085098e-14
158.20381809350255,8.083270790620615,20.22387334830379,-1.4759724502427218,0.29486145676818754,-2.1051917824680845e-15
158.2073493504739,8.073908012636556,20.221221617049363,-1.4763312682304224,0.29533766401723216,-1.1052256857957444e-14
158.2108805452318,8.064545242317708,20.21857024412291,-1.476690100623002,0.2958139785199346,5.789277401787233e-15
158.21441167782814,8.05518247964554,20.215919229659185,-1.4770489474114186,0.29629040021414893,5.789277401787233e-15
158.21794274831493,8.04581972460169,20.213268573792966,-1.4774078085866382,0.2967669290377267,1.473634247727659e-14
158.22147375674407,8.036456977167642,20.210618276659,-1.4777666841396366,0.2972435649285194,2.6314897280851057e-14
158.22500470316757,8.027094237324876,20.207968338392053,-1.4781255740613979,0.29772030782437736,-3.841975003004254e-14
158.22853558763725,8.017731505055051,20.205318759126886,-1.4784844783429154,0.2981971576631476,6.315575347404253e-15
158.23206641020514,8.008368780339604,20.202669538998265,-1.478843396975189,0.2986741143826784,-2.2104513715914887e-14
158.235597170923,7.9990060631601905,20.20002067814095,-1.4792023299492298,0.2991511779208154,-1.4210044531659571e-14
158.23912786984283,7.989643353498316,20.197372176689704,-1.4795612772560558,0.2996283482154032,1.2631150694808506e-14
158.24265850701659,7.980280651335492,20.194724034779284,-1.479920238886696,0.3001056252042863,-3.8946047975659563e-14
158.24618908249602,7.970917956653386,20.192076252544446,-1.480279214832186,0.30058300882530553,7.894469184255318e-15
158.24971959633308,7.9615552694334655,20.189428830119965,-1.4806382050835691,0.3010604990163035,1.3683746586042549e-14
158.25325004857962,7.952192589657404,20.1867817676406,-1.4809972096319,0.3015380957151187,1.1052256857957444e-14
158.25678043928752,7.942829917306731,20.1841350652411,-1.4813562284682416,0.3020157988595902,1.7894130150978717e-14
158.26031076850865,7.933467252362975,20.181488723056244,-1.481715261583663,0.30249360838755585,-2.2104513715914887e-14
158.26384103629482,7.924104594807832,20.178842741220787,-1.482074308969244,0.3029715242368506,2.315710960714893e-14
158.26737124269792,7.914741944622784,20.17619711986949,-1.4824333706160737,0.30344954634531035,-1.0525958912340423e-15
158.27090138776973,7.905379301789533,20.17355185913711,-1.4827924465152476,0.303927674650768,-1.9473023987829782e-14
158.27443147156205,7.89601666628963,20.17090695915841,-1.483151536657872,0.30440590909105736,1.6315236314127656e-14
158.2779614941268,7.886654038104616,20.168262420068157,-1.4835106410350596,0.3048842496040081,2.2630811661531907e-14
158.28149145551575,7.877291417216213,20.165618242001113,-1.4838697596379338,0.3053626961274508,-1.7894130150978717e-14
158.28502135578069,7.867928803605929,20.162974425092028,-1.484228892457626,0.3058412485992142,1.1578554803574466e-14
158.28855119497337,7.8585661972554846,20.160330969475673,-1.484588039485275,0.30631990695712646,-6.315575347404253e-15
158.29208097314566,7.8492035981464445,20.15768787528682,-1.4849472007120288,0.30679867113901305,-2.8946387008936165e-14
158.29561069034926,7.839841006260386,20.155045142660203,-1.485306376129046,0.30727754108270006,2.8420089063319142e-14
158.29914034663602,7.830478421579042,20.1524027717306,-1.4856655657274904,0.3077565167260105,-1.7894130150978717e-14
158.30266994205766,7.8211158440839395,20.149760762632784,-1.4860247694985362,0.3082355980067676,-3.1577876737021266e-15
158.30619947666594,7.811753273756822,20.147119115501503,-1.4863839874333666,0.3087147848627929,-1.7894130150978717e-14
158.30972895051264,7.802390710579285,20.144477830471516,-1.4867432195231731,0.3091940772319065,-2.0525619879063826e-14
158.31325836364945,7.793028154532915,20.141836907677593,-1.4871024657591538,0.3096734750519279,2.9998982900170206e-14
158.31678771612815,7.783665605599473,20.13919634725449,-1.4874617261325183,0.31015297826067484,-9.999660966723401e-15
158.32031700800044,7.774303063760503,20.13655614933697,-1.4878210006344839,0.3106325867959646,-2.6314897280851057e-14
158.32384623931804,7.7649405289977755,20.13391631405979,-1.4881802892562748,0.31111230059561196,-1.2104852749191486e-14
158.32737541013267,7.755578001292902,20.131276841557717,-1.4885395919891249,0.31159211959743155,-9.47336302110638e-15
158.3309045204961,7.74621548062749,20.128637731965522,-1.488898908824277,0.31207204373923636,-2.5262301389617013e-14
158.33443357045988,7.736852966983326,20.125998985417947,-1.4892582397529814,0.312552072958839,-8.420767129872338e-15
158.33796256007582,7.727490460341969,20.123360602049765,-1.4896175847664983,0.31303220719405017,2.4209705498382972e-14
158.34149148939557,7.718127960685212,20.120722581995743,-1.489976943856095,0.3135124463826793,6.8418732930212744e-15
158.34502035847075,7.708765467994684,20.118084925390622,-1.4903363170130488,0.3139927904625346,2.5262301389617013e-14
158.34854916735313,7.699402982252022,20.11544763236919,-1.4906957042286428,0.3144732393714236,-1.1052256857957444e-14
158.3520779160943,7.690040503439024,20.11281070306619,-1.4910551054941719,0.3149537930471525,-1.0525958912340423e-15
158.35560660474593,7.680678031537282,20.11017413761639,-1.4914145208009375,0.31543445142752635,-1.2631150694808506e-14
158.35913523335964,7.6713155665286,20.107537936154547,-1.4917739501402503,0.31591521445034865,-1.6841534259744676e-14
158.3626638019871,7.6619531083946235,20.104902098815437,-1.492133393503428,0.316396082053422,-1.6841534259744676e-14
158.36619231067993,7.652590657117025,20.1022666257338,-1.492492850881799,0.3168770541745483,0.0
158.36972075948975,7.643228212677614,20.099631517044408,-1.4928523222666992,0.3173581307515276,1.6315236314127656e-14
158.37324914846818,7.633865775057999,20.09699677288203,-1.4932118076494714,0.3178393117221585,3.157787673702127e-14
158.37677747766682,7.62450334424001,20.09436239338142,-1.4935713070214685,0.31832059702423954,2.315710960714893e-14
158.38030574713727,7.615140920205323,20.09172837867734,-1.493930820374052,0.3188019865955672,1.6315236314127656e-14
158.38383395693114,7.605778502935608,20.089094728904552,-1.4942903476985918,0.3192834803739378,3.684085619319148e-15
158.3873621071,7.596416092412711,20.086461444197816,-1.4946498889864648,0.31976507829714484,-1.7894130150978717e-14
158.3908901976954,7.587053688618255,20.083828524691892,-1.4950094442290582,0.32024678030298276,2.4736003443999992e-14
158.39441822876893,7.577691291534099,20.081195970521552,-1.4953690134177657,0.32072858632924284,2.1578215770297867e-14
158.3979462003722,7.568328901141927,20.078563781821547,-1.4957285965439913,0.32121049631371645,1.5788938368510633e-15
158.40147411255668,7.558966517423441,20.075931958726645,-1.4960881935991452,0.3216925101941935,2.4736003443999992e-14
158.40500196537403,7.549604140360496,20.073300501371605,-1.4964478045746483,0.3221746279084629,-8.420767129872338e-15
158.40852975887566,7.540241769934803,20.070669409891178,-1.49680742946193,0.32265684939431283,-2.4736003443999992e-14
158.4120574931132,7.530879406128066,20.068038684420145,-1.4971670682524245,0.3231391745895285,-1.2104852749191486e-14
158.41558516813814,7.521517048922159,20.065408325093255,-1.4975267209375787,0.32362160343189594,7.894469184255318e-15
158.419112784002,7.512154698298746,20.062778332045276,-1.4978863875088448,0.3241041358591997,-1.9473023987829782e-14
158.42264034075632,7.502792354239706,20.06014870541097,-1.4982460679576843,0.32458677180922213,-3.4209366465106376e-14
158.42616783845253,7.493430016726767,20.057519445325088,-1.498605762275569,0.32506951121974587,-1.3683746586042549e-14
158.4296952771422,7.4840676857416515,20.05489055192241,-1.4989654704539759,0.3255523540285511,1.5788938368510635e-14
158.43322265687678,7.47470536126626,20.052262025337676,-1.4993251924843922,0.32603530017341875,-1.1052256857957444e-14
158.4367499777078,7.4653430432822745,20.049633865705655,-1.499684928358314,0.32651834959212667,2.5788599335234036e-14
158.44027723968668,7.455980731771594,20.047006073161114,-1.500044678067243,0.3270015022224521,-9.999660966723401e-15
158.4438044428649,7.44661842671596,20.04437864783882,-1.5004044416026916,0.3274847580021713,2.1578215770297867e-14
158.44733158729392,7.437256128097126,20.041751589873517,-1.50076421895618,0.32796811686906024,2.789379111770212e-14
158.4508586730252,7.427893835897002,20.039124899399983,-1.5011240101192365,0.3284515787608925,8.947065075489359e-15
158.4543857001102,7.418531550097347,20.036498576552972,-1.5014838150833982,0.3289351436154415,3.1577876737021266e-15
158.4579126686004,7.409169270679918,20.033872621467246,-1.5018436338402092,0.329418811370479,-5.2629794561702115e-15
158.4614395785471,7.3998069976266425,20.031247034277566,-1.502203466381224,0.32990258196377603,-2.9998982900170206e-14
158.46496643000185,7.390444730919237,20.028621815118697,-1.5025633126980038,0.3303864553331018,-2.2630811661531907e-14
158.46849322301594,7.3810824705396305,20.025996964125394,-1.5029231727821173,0.33087043141622474,3.210417468263829e-14
158.47201995764092,7.371720216469603,20.02337248143243,-1.503283046625144,0.3313545101509135,-1.842042809659574e-14
158.47554663392813,7.362357968690931,20.02074836717456,-1.5036429342186692,0.33183869147493344,1.6841534259744676e-14
158.47907325192892,7.35299572718556,20.018124621486542,-1.5040028355542883,0.3323229753260503,4.210383564936169e-15
158.48259981169477,7.3436334919352255,20.015501244503138,-1.5043627506236041,0.3328073616420288,-6.315575347404253e-15
158.48612631327697,7.3342712629218765,20.01287823635911,-1.5047226794182278,0.3332918503606309,9.47336302110638e-15
158.48965275672694,7.324909040127316,20.010255597189232,-1.5050826219297782,0.33377644141961926,-1.6841534259744676e-14
158.49317914209604,7.3155468235333405,20.007633327128254,-1.5054425781498832,0.334261134756755,-1.1052256857957444e-14
158.49670546943562,7.3061846131219115,20.005011426310936,-1.505802548070179,0.3347459303097979,8.420767129872338e-15
158.50023173879708,7.296822408874785,20.00238989487204,-1.506162531682309,0.3352308280165071,-2.6314897280851057e-14
158.5037579502317,7.287460210773933,19.999768732946333,-1.5065225289779263,0.33571582781463905,5.2629794561702115e-15
158.50728410379082,7.278098018801167,19.997147940668576,-1.5068825399486903,0.3362009296419522,-2.8420089063319142e-14
158.5108101995258,7.268735832938312,19.994527518173534,-1.5072425645862706,0.3366861334362006,2.5262301389617013e-14
158.51433623748795,7.25937365316735,19.991907465595954,-1.5076026028823437,0.3371714391351395,5.2629794561702115e-15
158.5178622177286,7.250011479470051,19.989287783070605,-1.507962654828595,0.3376568466765222,-8.947065075489359e-15
158.52138814029905,7.2406493118284105,19.986668470732262,-1.5083227204167167,0.33814235599810083,-2.6314897280851057e-14
158.5249140052506,7.23128715022426,19.984049528715666,-1.508682799638412,0.33862796703762693,-2.8420089063319142e-14
158.52843981263453,7.221924994639435,19.981430957155588,-1.5090428924853894,0.3391136797328507,2.7367493172085098e-14
158.53196556250214,7.2125628450559445,19.97881275618679,-1.5094029989493662,0.3395994940215211,-4.73668151055319e-15
158.5354912549047,7.20320070145558,19.976194925944036,-1.509763119022069,0.34008540984138624,-5.2629794561702115e-15
158.5390168898935,7.19383856382035,19.97357746656208,-1.5101232526952324,0.3405714271301933,-2.5788599335234036e-14
158.5425424675198,7.184476432132105,19.970960378175697,-1.5104833999605976,0.341057545825688,3.684085619319148e-15
158.54606798783487,7.175114306372704,19.968343660919636,-1.510843560809915,0.34154376586561563,-2.368340755276595e-14
158.54959345088992,7.165752186524175,19.96572731492866,-1.5112037352349437,0.3420300871877197,6.315575347404253e-15
158.55311885673623,7.156390072568324,19.963111340337523,-1.5115639232274511,0.34251650972974385,1.894672604221276e-14
158.55664420542504,7.14702796448718,19.960495737281008,-1.51192412477921,0.3430030334294287,-1.6841534259744676e-14
158.56016949700756,7.137665862262616,19.95788050589387,-1.5122843398820036,0.3434896582245155,-7.894469184255318e-15
158.56369473153504,7.128303765876511,19.955265646310856,-1.5126445685276244,0.343976384052744,-8.947065075489359e-15
158.56721990905865,7.118941675310897,19.95265115866675,-1.5130048107078695,0.3444632108518525,-3.8946047975659563e-14
158.57074502962968,7.109579590547617,19.950037043096284,-1.513365066414548,0.3449501385595797,-2.4736003443999992e-14
158.5742700932992,7.10021751156871,19.94742329973425,-1.5137253356394738,0.3454371671136604,2.4736003443999992e-14
158.57779510011852,7.090855438356074,19.94480992871538,-1.5140856183744718,0.34592429645183165,-2.315710960714893e-14
158.5813200501388,7.081493370891598,19.942196930174465,-1.5144459146113711,0.34641152651182694,1.4210044531659571e-14
158.5848449434112,7.072131309157344,19.939584304246246,-1.514806224342013,0.3468988572313808,2.6314897280851058e-15
158.58836977998695,7.062769253135157,19.936972051065503,-1.5151665475582434,0.34738628854822445,-4.5261623323063815e-14
158.59189455991714,7.0534072028071115,19.93436017076698,-1.5155268842519196,0.3478738204000899,1.6841534259744676e-14
158.59541928325294,7.044045158155109,19.931748663485443,-1.5158872344149048,0.34836145272470814,1.6841534259744676e-14
158.59894395004554,7.034683119161075,19.929137529355657,-1.5162475980390704,0.3488491854598076,3.315677057387233e-14
158.6024685603461,7.0253210858070725,19.926526768512385,-1.5166079751162962,0.3493370185431168,-2.5262301389617013e-14
158.60599311420572,7.015959058074982,19.923916381090383,-1.51696836563847,0.34982495191236357,-2.2104513715914887e-14
158.60951761167553,7.0065970359468785,19.921306367224425,-1.517328769597487,0.35031298550527334,-4.999830483361701e-14
158.61304205280663,6.997235019404696,19.91869672704925,-1.517689186985252,0.3508011192595723,-1.9473023987829782e-14
158.61656643765025,6.9878730084303715,19.916087460699632,-1.518049617793677,0.35128935311298454,-2.4209705498382972e-14
158.62009076625736,6.978511003005991,19.91347856831034,-1.5184100620146814,0.35177768700323303,1.1052256857957444e-14
158.62361503867916,6.969149003113444,19.91087005001613,-1.5187705196401924,0.3522661208680405,2.2630811661531907e-14
158.62713925496672,6.959787008734838,19.908261905951758,-1.5191309906621464,0.3527546546451278,-6.8418732930212744e-15
158.63066341517109,6.950425019852115,19.905654136251997,-1.5194914750724873,0.35324328827221496,2.4736003443999992e-14
158.63418751934344,6.941063036447228,19.9030467410516,-1.5198519728631663,0.3537320216870221,4.210383564936169e-15
158.63771156753475,6.931701058502294,19.90043972048532,-1.520212484026145,0.3542208548272667,-2.789379111770212e-14
158.64123555979614,6.922339085999263,19.89783307468794,-1.520573008553389,0.3547097876306664,-2.6314897280851058e-15
158.6447594961787,6.912977118920103,19.89522680379421,-1.520933546436875,0.3551988200349374,1.9473023987829782e-14
158.64828337673342,6.903615157246937,19.892620907938884,-1.5212940976685867,0.35568795197779574,3.0525280845787224e-14
158.6518072015114,6.894253200961683,19.890015387256735,-1.5216546622405156,0.3561771833969545,1.6315236314127656e-14
158.65533097056363,6.884891250046467,19.887410241882524,-1.5220152401446614,0.35666651423012724,2.4736003443999992e-14
158.6588546839412,6.875529304483271,19.884805471951008,-1.5223758313730311,0.35715594441502674,2.6314897280851058e-15
158.6623783416951,6.86616736425407,19.882201077596957,-1.5227364359176403,0.35764547388936435,3.105157879140425e-14
158.66590194387638,6.856805429341008,19.879597058955124,-1.523097053770513,0.3581351025908498,9.47336302110638e-15
158.669425490536,6.847443499726023,19.87699341616027,-1.5234576849236798,0.35862483045719346,1.6315236314127656e-14
