galstreams/tracks/track.st.Gaia-1.ibata2021.ecsv
# %ECSV 0.9
# ---
# datatype:
# - {name: ra, unit: deg, datatype: float64}
# - {name: dec, unit: deg, datatype: float64}
# - {name: distance, unit: kpc, datatype: float64}
# - {name: pm_ra_cosdec, unit: mas / yr, datatype: float64}
# - {name: pm_dec, unit: mas / yr, datatype: float64}
# - {name: radial_velocity, unit: km / s, datatype: float64}
# delimiter: ','
# meta: !!omap
# - __serialized_columns__:
#     dec:
#       __class__: astropy.coordinates.angles.Latitude
#       unit: &id001 !astropy.units.Unit {unit: deg}
#       value: !astropy.table.SerializedColumn {name: dec}
#     distance:
#       __class__: astropy.coordinates.distances.Distance
#       unit: !astropy.units.Unit {unit: kpc}
#       value: !astropy.table.SerializedColumn {name: distance}
#     pm_dec:
#       __class__: astropy.units.quantity.Quantity
#       unit: !astropy.units.Unit {unit: mas / yr}
#       value: !astropy.table.SerializedColumn {name: pm_dec}
#     pm_ra_cosdec:
#       __class__: astropy.units.quantity.Quantity
#       unit: !astropy.units.Unit {unit: mas / yr}
#       value: !astropy.table.SerializedColumn {name: pm_ra_cosdec}
#     ra:
#       __class__: astropy.coordinates.angles.Longitude
#       unit: *id001
#       value: !astropy.table.SerializedColumn {name: ra}
#       wrap_angle: !astropy.coordinates.Angle
#         unit: *id001
#         value: 360.0
#     radial_velocity:
#       __class__: astropy.units.quantity.Quantity
#       unit: !astropy.units.Unit {unit: km / s}
#       value: !astropy.table.SerializedColumn {name: radial_velocity}
# schema: astropy-2.0
ra,dec,distance,pm_ra_cosdec,pm_dec,radial_velocity
[from data line 2166]
195.6605331423247,-2.9154777759527675,5.078696525450701,-15.348121253813233,-20.779703932988777,1.2631150694808506e-14
195.66640239329968,-2.907372442010338,5.078555571192752,-15.349461788523358,-20.780619157465143,4.631421921429786e-14
195.67227169443575,-2.899267172700056,5.078414239580969,-15.350802184407192,-20.781533049484864,1.768361097273191e-13
195.67814104571823,-2.8911619679288942,5.078272530326516,-15.352142441365288,-20.78244560897154,2.5262301389617013e-14
195.68401044713227,-2.88305682760384,5.078130443140562,-15.353482559298087,-20.7833568358488,2.947268495455318e-14
195.68987989866312,-2.874951751631891,5.077987977734278,-15.35482253810587,-20.7842667300403,2.5262301389617013e-14
195.69574940029602,-2.8668467399200654,5.077845133818826,-15.356162377688836,-20.785175291469777,1.5578419190263825e-13
195.70161895201622,-2.85874179237538,5.077701911105377,-15.357502077947013,-20.786082520060965,2.1051917824680846e-14
195.70748855380893,-2.8506369089048755,5.077558309305098,-15.358841638780321,-20.786988415737632,1.6841534259744677e-13
195.7133582056594,-2.842532089415604,5.077414328129155,-15.360181060088538,-20.787892978423613,1.515738083377021e-13
195.7192279075529,-2.8344273338146206,5.077269967288718,-15.361520341771328,-20.788796208042747,1.4315304120782974e-13
195.7250976594746,-2.8263226420090017,5.0771252264949505,-15.362859483728219,-20.789698104518955,9.683882199353189e-14
195.73096746140982,-2.818218013905838,5.076980105459023,-15.364198485858589,-20.790598667776123,1.3052189051302125e-13
195.73683731334376,-2.8101134494122197,5.0768346038921015,-15.365537348061714,-20.791497897738232,1.3052189051302125e-13
195.74270721526167,-2.80200894843526,5.076688721505355,-15.36687607023673,-20.7923957943293,1.8104649329225526e-13
195.74857716714882,-2.7939045108820846,5.076542458009949,-15.368214652282642,-20.793292357473348,9.683882199353189e-14
195.75444716899042,-2.7858001366598226,5.076395813117053,-15.369553094098332,-20.79418758709446,9.262843842859572e-14
195.76031722077173,-2.777695825675624,5.076248786537832,-15.370891395582538,-20.79508148311674,1.0104920555846805e-13
195.766187322478,-2.769591577836648,5.0761013779834565,-15.37222955663388,-20.795974045464348,7.578690416885104e-14
195.7720574740945,-2.7614873930500625,5.075953587165092,-15.373567577150842,-20.796865274061446,1.2631150694808508e-13
195.7779276756065,-2.753383271223051,5.075805413793902,-15.374905457031792,-20.7977551688323,3.789345208442552e-14
195.78379792699917,-2.7452792122628114,5.075656857581064,-15.376243196174938,-20.79864372970113,1.0946997268834039e-13
195.78966822825785,-2.737175216076546,5.075507918237737,-15.377580794478396,-20.79953095659225,5.0524602779234026e-14
195.79553857936773,-2.729071282571475,5.075358595475091,-15.37891825184012,-20.800416849429986,1.6841534259744677e-13
195.80140898031414,-2.7209674116548332,5.075208889004292,-15.380255568157962,-20.801301408138734,1.642049590325106e-13
195.8072794310823,-2.7128636032338562,5.075058798536512,-15.381592743329614,-20.802184632642874,9.262843842859572e-14
195.81314993165745,-2.7047598572158043,5.074908323782912,-15.382929777252665,-20.803066522866867,9.262843842859572e-14
195.81902048202488,-2.6966561735079426,5.074757464454667,-15.384266669824546,-20.803947078735177,1.5999457546757442e-13
195.8248910821699,-2.6885525520175446,5.074606220262937,-15.385603420942596,-20.804826300172362,5.0524602779234026e-14
195.83076173207766,-2.680448992651904,5.074454590918893,-15.386940030503995,-20.805704187102954,1.0946997268834039e-13
195.83663243173353,-2.672345495318323,5.074302576133702,-15.38827649840579,-20.80658073945154,1.894672604221276e-13
195.84250318112274,-2.664242059924118,5.07415017561853,-15.38961282454492,-20.80745595714277,5.894536990910637e-14
195.84837398023055,-2.6561386863766057,5.07399738908455,-15.390949008818176,-20.808329840101297,5.0524602779234026e-14
195.85424482904224,-2.6480353745831295,5.073844216242921,-15.392285051122235,-20.80920238825185,1.0946997268834039e-13
195.86011572754305,-2.639932124451041,5.073690656804817,-15.393620951353626,-20.81007360151916,1.2631150694808508e-13
195.86598667571832,-2.6318289358876936,5.073536710481403,-15.394956709408754,-20.810943479828016,1.347322740779574e-13
195.87185767355328,-2.6237258088004616,5.073382376983846,-15.396292325183895,-20.81181202310322,5.0524602779234026e-14
195.8777287210332,-2.6156227430967323,5.073227656023314,-15.397627798575202,-20.81267923126964,1.642049590325106e-13
195.88359981814338,-2.607519738683895,5.073072547310976,-15.398963129478686,-20.813545104252174,1.642049590325106e-13
195.8894709648691,-2.5994167954693586,5.072917050557997,-15.400298317790236,-20.81440964197575,1.3052189051302125e-13
195.8953421611956,-2.5913139133605467,5.072761165475545,-15.40163336340561,-20.81527284436534,1.515738083377021e-13
195.90121340710823,-2.5832110922648845,5.072604891774788,-15.402968266220423,-20.816134711345953,7.999728773378721e-14
195.90708470259221,-2.5751083320898105,5.072448229166894,-15.404303026130181,-20.816995242842626,1.642049590325106e-13
195.91295604763286,-2.567005632742786,5.072291177363029,-15.405637643030243,-20.817854438780437,1.1789073981821273e-13
195.91882744221547,-2.5589029941312664,5.072133736074362,-15.40697211681585,-20.818712299084524,4.631421921429786e-14
195.92469888632527,-2.5508004161627342,5.07197590501206,-15.408306447382097,-20.81956882368003,1.0946997268834039e-13
195.93057037994762,-2.5426978987446747,5.071817683887288,-15.409640634623969,-20.82042401249217,7.999728773378721e-14
195.93644192306778,-2.5345954417845835,5.071659072411216,-15.410974678436302,-20.82127786544616,7.999728773378721e-14
195.94231351567103,-2.526493045189976,5.071500070295011,-15.412308578713807,-20.822130382467265,1.8104649329225526e-13
195.9481851577427,-2.518390708868371,5.071340677249841,-15.413642335351067,-20.822981563480806,1.0946997268834039e-13
195.95405684926803,-2.5102884327272985,5.071180892986873,-15.414975948242548,-20.82383140841214,9.262843842859572e-14
195.95992859023238,-2.5021862166743065,5.071020717217275,-15.41630941728255,-20.82467991718663,1.6841534259744676e-14
195.96580038062098,-2.494084060616949,5.070860149652212,-15.417642742365278,-20.825527089729704,1.6841534259744676e-14
195.97167222041915,-2.4859819644627925,5.070699190002853,-15.418975923384794,-20.82637292596684,1.9367764398706378e-13
195.97754410961224,-2.4778799281194126,5.070537837980365,-15.420308960235026,-20.827217425823534,1.6841534259744676e-14
195.9834160481855,-2.4697779514944034,5.070376093295918,-15.421641852809763,-20.828060589225284,5.4734986344170195e-14
195.98928803612424,-2.4616760344953583,5.070213955660676,-15.422974601002696,-20.828902416097723,4.631421921429786e-14
195.99516007341379,-2.4535741770298944,5.070051424785809,-15.424307204707338,-20.82974290636642,5.894536990910637e-14
196.00103216003941,-2.445472379005633,5.069888500382481,-15.425639663817112,-20.83058205995705,8.420767129872338e-14
196.00690429598646,-2.437370640330203,5.069725182161864,-15.426971978225296,-20.831419876795294,9.262843842859572e-14
196.01277648124022,-2.429268960911253,5.069561469835122,-15.428304147825036,-20.832256356806884,2.1051917824680846e-14
196.018648715786,-2.4211673406564396,5.069397363113424,-15.42963617250933,-20.83309149991757,6.315575347404254e-14
196.0245209996091,-2.4130657794734267,5.069232861707937,-15.430968052171096,-20.83392530605318,8.420767129872338e-14
196.03039333269487,-2.404964277269892,5.069067965329828,-15.432299786703073,-20.834757775139547,8.420767129872338e-14
196.0362657150286,-2.3968628339535276,5.068902673690266,-15.43363137599787,-20.835588907102533,1.0946997268834039e-13
196.04213814659562,-2.388761449432028,5.068736986500417,-15.434962819947998,-20.836418701868084,1.4315304120782974e-13
196.04801062738125,-2.3806601236131097,5.068570903471448,-15.436294118445822,-20.837247159362143,1.6841534259744676e-14
196.05388315737076,-2.37255885640449,5.068404424314527,-15.43762527138356,-20.83807427951071,2.1051917824680846e-14
196.05975573654953,-2.3644576477139028,5.0682375487408216,-15.438956278653325,-20.838900062239826,1.2631150694808508e-13
196.0656283649029,-2.356356497449087,5.0680702764615,-15.440287140147076,-20.83972450747554,9.683882199353189e-14
196.07150104241612,-2.348255405517805,5.067902607187729,-15.441617855756661,-20.84054761514399,7.999728773378721e-14
196.07737376907454,-2.3401543718278135,5.067734540630677,-15.442948425373777,-20.84136938517129,7.999728773378721e-14
196.08324654486353,-2.3320533962868946,5.0675660765015085,-15.44427884889002,-20.84218981748367,1.0525958912340423e-13
196.08911936976835,-2.3239524788028327,5.067397214511393,-15.44560912619683,-20.84300891200734,1.515738083377021e-13
196.0949922437744,-2.315851619283423,5.067227954371499,-15.446939257185518,-20.843826668668562,5.4734986344170195e-14
196.10086516686698,-2.307750817636471,5.067058295792993,-15.448269241747262,-20.844643087393635,5.894536990910637e-14
196.10673813903142,-2.299650073769805,5.0668882384870395,-15.44959907977313,-20.84545816810891,2.1051917824680846e-14
196.11261116025304,-2.291549387591246,5.066717782164811,-15.450928771154034,-20.84627191074077,1.7262572616238293e-13
196.11848423051723,-2.2834487590086354,5.0665469265374705,-15.452258315780785,-20.84708431521564,4.210383564936169e-15
196.1243573498093,-2.2753481879298283,5.066375671316188,-15.453587713544016,-20.847895381459953,7.157652060391487e-14
196.13023051811453,-2.267247674262681,5.066204016212132,-15.454916964334283,-20.848705109400225,1.0525958912340423e-13
196.13610373541835,-2.2591472179150642,5.066031960936468,-15.456246068041965,-20.84951349896299,1.3894265764289357e-13
196.14197700170604,-2.2510468187948662,5.065859505200362,-15.457575024557343,-20.850320550074823,9.262843842859572e-14
196.14785031696297,-2.2429464768099745,5.065686648714985,-15.458903833770545,-20.85112626266233,2.063087946818723e-13
196.1537236811745,-2.2348461918682925,5.065513391191501,-15.460232495571585,-20.851930636652185,1.1789073981821273e-13
196.159597094326,-2.2267459638777405,5.065339732341081,-15.46156100985033,-20.852733671971052,8.420767129872338e-15
196.1654705564027,-2.2186457927462357,5.0651656718748885,-15.462889376496534,-20.853535368545685,1.4315304120782974e-13
196.1713440673901,-2.2105456783817146,5.064991209504095,-15.464217595399793,-20.854335726302832,1.515738083377021e-13
196.17721762727345,-2.202445620692124,5.064816344939865,-15.465545666449604,-20.855134745169323,1.3894265764289357e-13
196.18309123603814,-2.1943456195854187,5.064641077893366,-15.466873589535306,-20.855932425071988,8.420767129872338e-14
196.18896489366955,-2.186245674969564,5.064465408075767,-15.468201364546127,-20.856728765937724,7.157652060391487e-14
196.19483860015296,-2.178145786752537,5.064289335198235,-15.469528991371151,-20.857523767693454,1.768361097273191e-13
196.20071235547383,-2.170045954842327,5.064112858971935,-15.470856469899333,-20.85831743026615,3.5788260301957434e-14
196.20658615961742,-2.161946179146923,5.06393597910804,-15.472183800019495,-20.8591097535828,9.052324664612763e-14
196.21246001256918,-2.1538464595743414,5.063758695317711,-15.473510981620342,-20.85990073757046,2.7367493172085098e-14
196.2183339143144,-2.1457467960325936,5.063581007312121,-15.474838014590429,-20.8606903821562,1.642049590325106e-13
196.2242078648385,-2.1376471884297086,5.063402914802433,-15.476164898818181,-20.861478687267162,1.1157516447080849e-13
196.23008186412682,-2.129547636673723,5.063224417499817,-15.477491634191908,-20.862265652830484,1.0946997268834039e-13
196.2359559121647,-2.1214481406726904,5.06304551511544,-15.478818220599777,-20.863051278773387,1.6841534259744677e-13
196.24183000893757,-2.1133487003346616,5.062866207360468,-15.480144657929825,-20.863835565023106,1.0104920555846805e-13
196.24770415443078,-2.1052493155677077,5.062686493946072,-15.481470946069951,-20.864618511506894,1.0946997268834039e-13
196.2535783486297,-2.097149986279911,5.062506374583414,-15.48279708490794,-20.865400118152102,5.894536990910637e-14
196.25945259151968,-2.089050712379353,5.062325848983667,-15.484123074331428,-20.866180384886068,9.052324664612763e-14
196.2653268830861,-2.0809514937741365,5.062144916857996,-15.485448914227934,-20.866959311636208,1.642049590325106e-13
196.27120122331436,-2.072852330372371,5.061963577917566,-15.486774604484836,-20.867736898329955,1.24206315165617e-13
196.27707561218986,-2.0647532220821705,5.061781831873549,-15.488100144989364,-20.868513144894756,5.0524602779234026e-14
196.28295004969794,-2.056654168811667,5.0615996784371085,-15.489425535628667,-20.869288051258156,1.1789073981821273e-13
196.28882453582398,-2.048555170469003,5.061417117319415,-15.490750776289712,-20.870061617347705,1.5367900012017016e-13
196.2946990705534,-2.0404562269623145,5.061234148231636,-15.49207586685936,-20.870833843090992,8.21024795162553e-14
196.3005736538716,-2.0323573381997715,5.0610507708849335,-15.493400807224324,-20.87160472841567,5.0524602779234026e-14
196.30644828576388,-2.0242585040895387,5.060866984990482,-15.494725597271199,-20.872374273249378,7.578690416885104e-14
196.31232296621573,-2.016159724539793,5.0606827902594445,-15.496050236886463,-20.873142477519878,-1.0525958912340423e-14
196.31819769521243,-2.008060999458721,5.060498186402991,-15.497374725956409,-20.873909341154864,1.9157245220459568e-13
196.32407247273952,-1.9999623287545265,5.060313173132289,-15.498699064367267,-20.874674864082184,1.894672604221276e-14
196.32994729878223,-1.9918637123354097,5.060127750158504,-15.500023252005072,-20.875439046229626,1.1789073981821273e-13
196.3358221733261,-1.9837651501095914,5.059941917192801,-15.501347288755786,-20.876201887525106,2.947268495455318e-14
196.34169709635646,-1.9756666419853013,5.059755673946354,-15.502671174505199,-20.87696338789651,1.2631150694808506e-14
196.3475720678587,-1.967568187870769,5.0595690201303265,-15.503994909138964,-20.87772354727179,1.1789073981821273e-13
196.35344708781824,-1.959469787674247,5.059381955455886,-15.505318492542651,-20.87848236557896,1.473634247727659e-14
196.35932215622046,-1.9513714413039918,5.0591944796342,-15.506641924601643,-20.879239842746035,6.105056169157445e-14
196.36519727305082,-1.943273148668263,5.059006592376437,-15.507965205201222,-20.879995978701082,4.210383564936169e-14
196.37107243829468,-1.9351749096753408,5.058818293393763,-15.509288334226532,-20.88075077337223,2.5262301389617013e-14
196.37694765193743,-1.9270767242335138,5.058629582397348,-15.510611311562576,-20.881504226687618,4.631421921429786e-14
196.38282291396453,-1.9189785922510676,5.058440459098358,-15.51193413709424,-20.882256338575434,8.21024795162553e-14
196.38869822436138,-1.9108805136363103,5.058250923207957,-15.513256810706281,-20.883007108963945,6.526094525651062e-14
196.39457358311336,-1.9027824882975592,5.058060974437319,-15.514579332283295,-20.883756537781384,7.999728773378721e-14
196.40044899020594,-1.8946845161431325,5.057870612497606,-15.515901701709785,-20.884504624956076,2.7367493172085098e-14
196.40632444562448,-1.8865865970813633,5.057679837099986,-15.517223918870098,-20.88525137041639,8.420767129872338e-14
196.41219994935443,-1.8784887310206,5.05748864795563,-15.518545983648437,-20.885996774090703,1.9788802755199994e-13
196.4180755013812,-1.8703909178691829,5.057297044775703,-15.519867895928915,-20.88674083590745,6.526094525651062e-14
196.42395110169022,-1.8622931575354826,5.057105027271373,-15.521189655595471,-20.887483555795097,1.3052189051302125e-13
196.42982675026693,-1.8541954499278674,5.056912595153807,-15.52251126253194,-20.888224933682174,3.157787673702127e-14
196.43570244709667,-1.8460977949547108,5.056719748134172,-15.523832716622005,-20.88896496949723,1.6841534259744677e-13
196.441578192165,-1.838000192524408,5.056526485923635,-15.525154017749244,-20.88970366316887,2.947268495455318e-14
196.44745398545723,-1.829902642545361,5.056332808233368,-15.526475165797061,-20.890441014625704,1.0104920555846805e-13
