galstreams/tracks/track.st.NGC6101.ibata2021.ecsv
# %ECSV 0.9
# ---
# datatype:
# - {name: ra, unit: deg, datatype: float64}
# - {name: dec, unit: deg, datatype: float64}
# - {name: distance, unit: kpc, datatype: float64}
# - {name: pm_ra_cosdec, unit: mas / yr, datatype: float64}
# - {name: pm_dec, unit: mas / yr, datatype: float64}
# - {name: radial_velocity, unit: km / s, datatype: float64}
# delimiter: ','
# meta: !!omap
# - __serialized_columns__:
#     dec:
#       __class__: astropy.coordinates.angles.Latitude
#       unit: &id001 !astropy.units.Unit {unit: deg}
#       value: !astropy.table.SerializedColumn {name: dec}
#     distance:
#       __class__: astropy.coordinates.distances.Distance
#       unit: !astropy.units.Unit {unit: kpc}
#       value: !astropy.table.SerializedColumn {name: distance}
#     pm_dec:
#       __class__: astropy.units.quantity.Quantity
#       unit: !astropy.units.Unit {unit: mas / yr}
#       value: !astropy.table.SerializedColumn {name: pm_dec}
#     pm_ra_cosdec:
#       __class__: astropy.units.quantity.Quantity
#       unit: !astropy.units.Unit {unit: mas / yr}
#       value: !astropy.table.SerializedColumn {name: pm_ra_cosdec}
#     ra:
#       __class__: astropy.coordinates.angles.Longitude
#       unit: *id001
#       value: !astropy.table.SerializedColumn {name: ra}
#       wrap_angle: !astropy.coordinates.Angle
#         unit: *id001
#         value: 360.0
#     radial_velocity:
#       __class__: astropy.units.quantity.Quantity
#       unit: !astropy.units.Unit {unit: km / s}
#       value: !astropy.table.SerializedColumn {name: radial_velocity}
# schema: astropy-2.0
ra,dec,distance,pm_ra_cosdec,pm_dec,radial_velocity
242.86673161956872,-72.78947451173164,14.757885062518689,1.6097659679714775,-0.1860767192885498,-1.5788938368510635e-14
242.89802901268223,-72.78537897251212,14.76325910580681,1.609060719340173,-0.18837804501392502,-3.5788260301957434e-14
242.92931492398085,-72.78128183554554,14.76859956640328,1.6083614217849855,-0.19066588459933886,-1.2104852749191486e-14
242.96058936037295,-72.77718310145086,14.773906517586383,1.6076680478969019,-0.19294025617794458,-4.631421921429786e-14
242.99185232876152,-72.77308277084448,14.779180032634402,1.606980570331343,-0.1952011779217942,-3.263047262825531e-14
243.02310383604186,-72.76898084434052,14.784420184825622,1.6062989618081307,-0.1974486680417738,-4.47353253774468e-14
243.05434388910365,-72.76487732255053,14.789627047438334,1.6056231951114799,-0.19968274478742512,-4.157753770374467e-14
243.08557249482917,-72.76077220608373,14.794800693750819,1.604953243089966,-0.2019034264468706,-1.5788938368510635e-14
243.1167896600947,-72.75666549554686,14.799941197041363,1.604289078656511,-0.2041107313466484,-2.5788599335234036e-14
243.14799539176934,-72.75255719154426,14.805048630588248,1.6036306747883557,-0.2063046778516242,-4.8419410996765944e-14
243.1791896967164,-72.74844729467787,14.810123067669762,1.6029780045270419,-0.2084852843648306,-3.947234592127659e-14
243.21037258179157,-72.74433580554728,14.815164581564186,1.6023310409783873,-0.21065256932738882,-4.3682729486212757e-14
243.24154405384488,-72.74022272474951,14.820173245549814,1.601689757312465,-0.2128065512183392,-3.368306851948935e-14
243.27270411971892,-72.73610805287939,14.825149132904924,1.6010541267635805,-0.2149472485545634,-2.4736003443999992e-14
243.3038527862501,-72.73199179052922,14.830092316907804,1.6004241226302474,-0.21707467989062554,-4.052494181251063e-14
243.3349900602684,-72.72787393828895,14.835002870836739,1.5997997182751722,-0.21918886381866254,-3.526196235634042e-14
243.36611594859653,-72.72375449674617,14.839880867970011,1.5991808871252204,-0.22128981896828162,-2.789379111770212e-14
243.39723045805118,-72.71963346648607,14.844726381585906,1.5985676026714037,-0.22337756400640163,-1.5262640422893612e-14
243.42833359544173,-72.71551084809148,14.849539484962719,1.597959838468849,-0.22545211763717193,-3.684085619319148e-14
243.45942536757173,-72.71138664214286,14.854320251378722,1.5973575681367838,-0.22751349860180853,-4.4209027431829774e-14
243.49050578123726,-72.70726084921833,14.859068754112204,1.5967607653585052,-0.22956172567851518,-3.0525280845787224e-14
243.52157484322842,-72.70313346989359,14.863785066441455,1.596169403881362,-0.23159681768232565,-2.4736003443999992e-14
243.55263256032796,-72.69900450474206,14.868469261644753,1.5955834575167283,-0.23361879346501796,-3.789345208442552e-14
243.58367893931276,-72.69487395433478,14.87312141300039,1.5950029001399826,-0.23562767191495435,-3.947234592127659e-14
243.61471398695218,-72.69074181924047,14.877741593786645,1.594427705690482,-0.2376234719570039,-3.789345208442552e-14
243.64573771000966,-72.68660810002544,14.88232987728181,1.5938578481715406,-0.23960621255238068,-4.210383564936169e-14
243.67675011524125,-72.68247279725378,14.886886336764162,1.5932933016504027,-0.24157591269856396,-4.105123975812765e-14
243.7077512093971,-72.67833591148715,14.891411045511992,1.5927340402582237,-0.24353259142913794,-1.9999321933446802e-14
243.73874099921971,-72.67419744328498,14.895904076803586,1.5921800381900406,-0.24547626781371537,-3.0525280845787224e-14
243.76971949144576,-72.6700573932043,14.900365503917225,1.5916312697047532,-0.24740696095777645,-1.6841534259744676e-14
243.80068669280493,-72.66591576179985,14.904795400131194,1.5910877091250972,-0.24932469000257443,-2.947268495455318e-14
243.83164261001977,-72.66177254962413,14.909193838723784,1.5905493308376175,-0.25122947412502294,-5.2629794561702114e-14
243.862587249807,-72.65762775722722,14.913560892973273,1.5900161092926515,-0.25312133253754426,-4.4209027431829774e-14
243.8935206188756,-72.653481385157,14.917896636157948,1.5894880190042948,-0.2550002844879956,-4.5261623323063815e-14
243.9244427239288,-72.649333433959,14.9222011415561,1.588965034550386,-0.2568663492595059,-4.315643154059573e-14
243.95535357166222,-72.6451839041765,14.926474482446007,1.588447130572473,-0.2587195461704005,-5.2629794561702114e-14
243.98625316876564,-72.64103279635046,14.93071673210596,1.5879342817757982,-0.26055989457403844,-4.105123975812765e-14
244.01714152192125,-72.6368801110196,14.934927963814237,1.587426462929264,-0.26238741385874215,-2.8420089063319142e-14
244.04801863780523,-72.63272584872031,14.939108250849133,1.5869236488654144,-0.26420212344763616,-3.9998643866893604e-14
244.07888452308637,-72.62857000998679,14.943257666488925,1.5864258144804073,-0.26600404279856626,-5.157719867046807e-14
244.10973918442753,-72.62441259535089,14.947376284011897,1.5859329347339908,-0.2677931914039468,-4.631421921429786e-14
244.1405826284839,-72.62025360534226,14.951464176696339,1.5854449846494745,-0.26956958879068454,-4.315643154059573e-14
244.17141486190474,-72.61609304048827,14.955521417820536,1.5849619393137084,-0.27133325452002005,-5.6840178126638284e-14
244.20223589133195,-72.61193090131405,14.959548080662776,1.5844837738770559,-0.2730842081874457,-1.0525958912340423e-14
244.23304572340095,-72.6077671883425,14.963544238501337,1.584010463553368,-0.27482246942256977,-1.9999321933446802e-14
244.26384436474063,-72.60360190209423,14.967509964614505,1.583541983619957,-0.2765480578889978,-3.4735664410723393e-14
244.2946318219725,-72.59943504308767,14.97144533228057,1.583078309417571,-0.27826099328423964,-3.263047262825531e-14
244.32540810171207,-72.59526661183895,14.97535041477782,1.5826194163503704,-0.27996129533956077,-3.5788260301957434e-14
244.3561732105673,-72.59109660886207,14.979225285384526,1.582165279885899,-0.28164898381990283,-4.4209027431829774e-14
244.38692715514014,-72.58692503466872,14.983070017378987,1.581715875555059,-0.28332407852372954,-4.631421921429786e-14
244.41766994202501,-72.58275188976847,14.986884684039484,1.581271178952086,-0.2849865992829514,-3.684085619319148e-14
244.44840157781033,-72.57857717466854,14.990669358644302,1.5808311657345195,-0.28663656596277154,-3.0525280845787224e-14
244.47912206907696,-72.57440088987408,14.994424114471725,1.580395811623182,-0.28827399846160984,-1.473634247727659e-14
244.50983142239969,-72.57022303588793,14.998149024800036,1.5799650924021487,-0.289898916710951,-4.4209027431829774e-14
244.54052964434587,-72.56604361321085,15.001844162907528,1.5795389839187197,-0.2915113406752626,-5.6840178126638284e-14
244.57121674147677,-72.56186262234127,15.005509602072475,1.5791174620833983,-0.2931112903518489,-4.631421921429786e-14
244.60189272034617,-72.55768006377556,15.00914541557317,1.5787005028698602,-0.29469878577077535,-2.6314897280851057e-14
244.63255758750142,-72.55349593800781,15.0127516766879,1.5782880823149277,-0.2962738469947182,-4.105123975812765e-14
244.66321134948336,-72.54931024552998,15.016328458694948,1.577880176518546,-0.2978364941188633,-1.5788938368510635e-14
244.69385401282514,-72.54512298683184,15.019875834872593,1.5774767616437497,-0.29938674727081677,-6.105056169157445e-14
244.7244855840542,-72.54093416240102,15.023393878499126,1.5770778139166435,-0.3009246266104409,-5.3682390452936155e-14
244.75510606969027,-72.53674377272294,15.026882662852834,1.576683309626369,-0.3024501523297973,-3.0525280845787224e-14
244.78571547624685,-72.5325518182809,15.030342261211999,1.5762932251250796,-0.30396334465298813,-2.5262301389617013e-14
244.81631381023016,-72.52835829955602,15.033772746854906,1.5759075368279134,-0.3054642238360788,-3.8946047975659563e-14
244.8469010781402,-72.52416321702727,15.037174193059839,1.575526221212969,-0.3069528101669529,-5.999796580034041e-14
244.8774772864695,-72.51996657117151,15.040546673105084,1.575149254821269,-0.30842912396523103,-4.105123975812765e-14
244.90804244170448,-72.51576836246339,15.04389026026893,1.5747766142567445,-0.30989318558212925,-1.2631150694808506e-14
244.93859655032378,-72.51156859137552,15.047205027829662,1.574408276186194,-0.31134501540038345,-5.6840178126638284e-14
244.96913961880043,-72.50736725837828,15.050491049065558,1.574044217339271,-0.31278463383408606,-1.473634247727659e-14
244.9996716535994,-72.50316436393999,15.053748397254907,1.5736844145084417,-0.3142120613286384,-4.5261623323063815e-14
245.03019266117994,-72.49895990852681,15.056977145675997,1.573328844548967,-0.31562731836057273,-1.7894130150978717e-14
245.06070264799348,-72.49475389260284,15.06017736760711,1.5729774843788684,-0.317030425437503,-2.8420089063319142e-14
245.09120162048532,-72.49054631663,15.063349136326535,1.5726303109789033,-0.3184214030979656,-4.73668151055319e-14
245.1216895850939,-72.48633718106811,15.06649252511255,1.5722873013925394,-0.31980027191132787,-5.789277401787233e-14
245.15216654825025,-72.48212648637492,15.069607607243446,1.5719484327259166,-0.3211670524776909,-3.4735664410723393e-14
245.18263251637927,-72.47791423300606,15.072694455997507,1.571613682147831,-0.32252176542775096,-3.9998643866893604e-14
245.21308749589832,-72.47370042141512,15.07575314465302,1.5712830268896965,-0.3238644314227192,-4.210383564936169e-14
245.24353149321868,-72.46948505205347,15.078783746488266,1.5709564442455233,-0.32519507115417645,-3.5788260301957434e-14
245.273964514744,-72.46526812537056,15.081786334781532,1.5706339115718837,-0.3265137053440059,-4.9472006887999985e-14
245.30438656687184,-72.46104964181363,15.084760982811103,1.5703154062878906,-0.32782035474423754,-2.1051917824680846e-14
245.33479765599208,-72.45682960182792,15.087707763855265,1.5700009058751572,-0.32911504013698806,-5.894536990910637e-14
245.36519778848873,-72.45260800585653,15.090626751192303,1.5696903878777828,-0.3303977823342949,-3.4735664410723393e-14
245.39558697073795,-72.4483848543406,15.0935180181005,1.5693838299023106,-0.33166860217806926,-4.210383564936169e-14
245.42596520910996,-72.44416014771909,15.096381637858144,1.5690812096177096,-0.33292752053992797,-5.3682390452936155e-14
245.45633250996732,-72.43993388642902,15.099217683743522,1.568782504755334,-0.3341745583211349,-2.7367493172085098e-14
245.48668887966625,-72.43570607090523,15.102026229034909,1.5684876931089065,-0.3354097364524568,-3.789345208442552e-14
245.51703432455614,-72.4314767015806,15.104807347010604,1.56819675253448,-0.3366330758940659,-3.8946047975659563e-14
245.547368850979,-72.42724577888596,15.107561110948886,1.5679096609504104,-0.3378445976354492,-4.4209027431829774e-14
245.5776924652707,-72.42301330325007,15.110287594128039,1.5676263963373316,-0.3390443226952664,-4.8419410996765944e-14
245.60800517375952,-72.41877927509971,15.112986869826345,1.5673469367381183,-0.3402322721212792,-3.263047262825531e-14
245.63830698276755,-72.41454369485953,15.1156590113221,1.5670712602578638,-0.3414084669902088,-2.947268495455318e-14
245.6685978986093,-72.41030656295227,15.118304091893576,1.5667993450638444,-0.3425729284076632,-3.9998643866893604e-14
245.69887792759326,-72.4060678797986,15.120922184819069,1.5665311693854966,-0.34372567750799066,-2.1051917824680846e-14
245.7291470760201,-72.40182764581715,15.123513363376858,1.566266711514377,-0.34486673545421803,-5.3682390452936155e-14
245.7594053501846,-72.39758586142456,15.12607770084523,1.5660059498041463,-0.3459961234378942,-3.9998643866893604e-14
245.78965275637378,-72.39334252703549,15.128615270502467,1.565748862670524,-0.3471138626790342,-2.5262301389617013e-14
245.81988930086854,-72.38909764306256,15.131126145626864,1.5654954285912717,-0.3482199744259663,-2.7367493172085098e-14
245.85011498994217,-72.3848512099164,15.133610399496694,1.5652456261061543,-0.34931447995526527,-4.315643154059573e-14
245.8803298298619,-72.38060322800568,15.136068105390251,1.564999433816914,-0.350397400571609,-1.6841534259744676e-14
245.9105338268872,-72.37635369773704,15.138499336585815,1.5647568303872381,-0.35146875760771434,-4.631421921429786e-14
245.94072698727138,-72.37210261951516,15.14090416636167,1.5645177945427302,-0.35252857242418745,-3.9998643866893604e-14
245.9709093172608,-72.36784999374271,15.143282667996107,1.5642823050708803,-0.35357686640944413,-2.315710960714893e-14
246.00108082309433,-72.36359582082046,15.145634914767411,1.5640503408210298,-0.35461366097961444,-2.2104513715914887e-14
246.0312415110047,-72.3593401011471,15.147960979953858,1.5638218807043476,-0.35563897757840235,-5.157719867046807e-14
246.06139138721727,-72.35508283511946,15.150260936833746,1.5635969036937922,-0.35665283767701683,-3.684085619319148e-14
246.09153045795088,-72.35082402313233,15.15253485868535,1.5633753888240902,-0.3576552627740377,-2.947268495455318e-14
246.12165872941696,-72.34656366557861,15.154782818786959,1.5631573151916935,-0.35864627439534125,-3.5788260301957434e-14
246.1517762078208,-72.34230176284919,15.15700489041686,1.5629426619547626,-0.35962589409395834,-2.5262301389617013e-14
246.18188289936,-72.33803831533307,15.159201146853334,1.5627314083331219,-0.3605941434500124,-2.315710960714893e-14
246.21197881022604,-72.3337733234172,15.16137166137467,1.562523533608239,-0.3615510440705745,-5.157719867046807e-14
246.24206394660283,-72.32950678748678,15.163516507259155,1.5623190171231862,-0.3624966175895938,-4.631421921429786e-14
246.27213831466807,-72.32523870792485,15.165635757785065,1.5621178382826186,-0.3634308856677638,-3.368306851948935e-14
246.30220192059178,-72.32096908511272,15.167729486230693,1.5619199765527287,-0.364353869992452,-2.7367493172085098e-14
246.33225477053776,-72.31669791942964,15.169797765874325,1.561725411461231,-0.36526559227756183,-3.684085619319148e-14
246.36229687066287,-72.31242521125299,15.17184066999424,1.56153412259732,-0.3661660742634481,-4.5261623323063815e-14
246.39232822711656,-72.30815096095826,15.173858271868726,1.561346089611642,-0.367055337716822,-3.157787673702127e-14
246.42234884604207,-72.30387516891896,15.175850644776071,1.5611612922162625,-0.3679334044306244,-3.789345208442552e-14
246.45235873357504,-72.29959783550677,15.177817861994553,1.560979710184638,-0.3688002962239494,-3.9998643866893604e-14
246.48235789584498,-72.29531896109143,15.179759996802469,1.5608013233515805,-0.3696560349419149,-4.105123975812765e-14
246.51234633897374,-72.29103854604075,15.181677122478092,1.5606261116132274,-0.3705006424555898,-4.8419410996765944e-14
246.54232406907707,-72.2867565907207,15.183569312299717,1.5604540549270107,-0.3713341406618596,-3.684085619319148e-14
246.57229109226301,-72.28247309549536,15.185436639545616,1.560285133311622,-0.37215655148336,-4.631421921429786e-14
246.60224741463352,-72.27818806072686,15.187279177494094,1.5601193268469844,-0.3729678968683358,-3.684085619319148e-14
246.63219304228292,-72.27390148677554,15.189096999423418,1.559956615674217,-0.3737681987905796,-1.7894130150978717e-14
246.66212798129925,-72.26961337399977,15.19089017861188,1.5597969799956077,-0.37455747924929594,-5.578758223540424e-14
246.6920522377632,-72.26532372275616,15.19265878833777,1.5596404000745738,-0.3753357602690233,-2.5262301389617013e-14
246.72196581774898,-72.26103253339934,15.194402901879359,1.5594868562356388,-0.37610306389951736,-3.4735664410723393e-14
246.75186872732343,-72.25673980628217,15.19612259251495,1.5593363288643902,-0.37685941221566766,-3.684085619319148e-14
246.78176097254686,-72.25244554175558,15.197817933522819,1.5591887984074557,-0.37760482731737643,-4.5261623323063815e-14
246.8116425594729,-72.24814974016867,15.199488998181248,1.5590442453724676,-0.37833933132946496,-1.7894130150978717e-14
246.84151349414742,-72.24385240186872,15.201135859768526,1.5589026503280272,-0.37906294640159643,-5.4734986344170195e-14
246.8713737826105,-72.23955352720111,15.202758591562944,1.5587639939036793,-0.3797756947081285,-5.999796580034041e-14
246.90122343089442,-72.23525311650947,15.204357266842777,1.5586282567898708,-0.3804775984480638,-3.368306851948935e-14
246.9310624450252,-72.23095117013547,15.205931958886316,1.5584954197379286,-0.381168679844909,-3.4735664410723393e-14
