galstreams/tracks/track.st.NGC5466.jensen2021.ecsv
# %ECSV 1.0
# ---
# datatype:
# - {name: ra, unit: deg, datatype: float64}
# - {name: dec, unit: deg, datatype: float64}
# - {name: distance, unit: kpc, datatype: float64}
# - {name: pm_ra_cosdec, unit: mas / yr, datatype: float64}
# - {name: pm_dec, unit: mas / yr, datatype: float64}
# - {name: radial_velocity, unit: km / s, datatype: float64}
# delimiter: ','
# meta: !!omap
# - __serialized_columns__:
#     dec:
#       __class__: astropy.coordinates.angles.Latitude
#       unit: &id001 !astropy.units.Unit {unit: deg}
#       value: !astropy.table.SerializedColumn {name: dec}
#     distance:
#       __class__: astropy.coordinates.distances.Distance
#       unit: !astropy.units.Unit {unit: kpc}
#       value: !astropy.table.SerializedColumn {name: distance}
#     pm_dec:
#       __class__: astropy.units.quantity.Quantity
#       unit: !astropy.units.Unit {unit: mas / yr}
#       value: !astropy.table.SerializedColumn {name: pm_dec}
#     pm_ra_cosdec:
#       __class__: astropy.units.quantity.Quantity
#       unit: !astropy.units.Unit {unit: mas / yr}
#       value: !astropy.table.SerializedColumn {name: pm_ra_cosdec}
#     ra:
#       __class__: astropy.coordinates.angles.Longitude
#       unit: *id001
#       value: !astropy.table.SerializedColumn {name: ra}
#       wrap_angle: !astropy.coordinates.Angle
#         unit: *id001
#         value: 360.0
#     radial_velocity:
#       __class__: astropy.units.quantity.Quantity
#       unit: !astropy.units.Unit {unit: km / s}
#       value: !astropy.table.SerializedColumn {name: radial_velocity}
# schema: astropy-2.0
ra,dec,distance,pm_ra_cosdec,pm_dec,radial_velocity
[from data line 687]
200.55435889154617,32.93599244172298,21.829546868268537,-4.572882136087143,-1.2804193758145899,1.6841534259744676e-14
200.56529270008218,32.93200872441755,21.82321834923908,-4.573622289486573,-1.279968003638991,1.768361097273191e-13
200.5762256479164,32.92802430545879,21.816892498536937,-4.5743625375669605,-1.2795166337813033,1.9367764398706378e-13
200.58715773512606,32.92403918504099,21.8105693161621,-4.575102880349181,-1.2790652662405768,9.262843842859572e-14
200.5980889617887,32.92005336335828,21.804248802114575,-4.5758433178541,-1.2786139010158553,2.1893994537668078e-13
200.60901932798203,32.916066840604834,21.797930956394374,-4.576583850102585,-1.278162538106189,7.578690416885104e-14
200.61994883378375,32.91207961697483,21.79161577900148,-4.577324477115504,-1.277711177510637,9.262843842859572e-14
200.63087747927167,32.908091692662424,21.7853032699359,-4.578065198913722,-1.2772598192282638,1.5999457546757442e-13
200.6418052645238,32.90410306786175,21.77899342919763,-4.578806015518101,-1.2768084632581396,1.4315304120782974e-13
200.65273218961815,32.900113742766955,21.77268625678668,-4.579546926949501,-1.2763571095993387,2.020984111169361e-13
200.6636582546329,32.89612371757219,21.766381752703044,-4.580287933228781,-1.275905758250945,1.1789073981821273e-13
200.67458345964633,32.892132992471545,21.760079916946715,-4.5810290343767965,-1.2754544092120481,7.578690416885104e-14
200.68550780473672,32.88814156765916,21.7537807495177,-4.581770230414404,-1.2750030624817414,1.347322740779574e-13
200.69643128998263,32.88414944332913,21.747484250416004,-4.582511521362454,-1.2745517180591255,1.0946997268834039e-13
200.70735391546256,32.88015661967556,21.74119041964162,-4.5832529072418,-1.2741003759433074,5.0524602779234026e-14
200.71827568125522,32.87616309689254,21.734899257194545,-4.583994388073288,-1.2736490361333999,1.6841534259744677e-13
200.72919658743942,32.872168875174154,21.72861076307479,-4.5847359638777645,-1.2731976986285205,8.420767129872338e-14
200.740116634094,32.868173954714464,21.722324937282348,-4.585477634676078,-1.2727463634277973,1.9367764398706378e-13
200.75103582129793,32.864178335707564,21.71604177981721,-4.586219400489071,-1.2722950305303593,2.1051917824680845e-13
200.7619541491304,32.86018201834748,21.7097612906794,-4.58696126133758,-1.2718436999353433,2.1051917824680845e-13
200.77287161767046,32.856185002828276,21.703483469868893,-4.587703217242448,-1.2713923716418938,1.8525687685719145e-13
200.78378822699753,32.852187289343995,21.6972083173857,-4.588445268224512,-1.27094104564916,1.1789073981821273e-13
200.79470397719095,32.848188878088656,21.69093583322983,-4.589187414304606,-1.2704897219562983,2.1051917824680845e-13
200.80561886833024,32.84418976925631,21.684666017401263,-4.589929655503564,-1.2700384005624696,1.6841534259744677e-13
200.81653290049502,32.840189963040935,21.678398869900015,-4.590671991842218,-1.269587081466841,1.347322740779574e-13
200.82744607376497,32.83618945963656,21.67213439072608,-4.591414423341394,-1.2691357646685875,1.0946997268834039e-13
200.83835838821992,32.832188259237185,21.66587257987946,-4.592156950021923,-1.2686844501668904,2.1051917824680845e-13
200.84926984393988,32.82818636203678,21.659613437360147,-4.5928995719046295,-1.2682331379609302,4.210383564936169e-14
200.86018044100473,32.824183768229354,21.653356963168154,-4.593642289010337,-1.2677818280499071,6.73661370389787e-14
200.87109017949462,32.820180478008886,21.64710315730347,-4.594385101359868,-1.267330520433016,5.894536990910637e-14
200.8819990594898,32.81617649156931,21.6408520197661,-4.595128008974038,-1.2668792151094643,9.262843842859572e-14
200.8929070810706,32.8121718091046,21.634603550556044,-4.595871011873669,-1.2664279120784594,1.5999457546757442e-13
200.9038142443175,32.80816643080869,21.628357749673313,-4.596614110079573,-1.2659766113392181,1.0104920555846805e-13
200.91472054931094,32.804160356875535,21.62211461711788,-4.597357303612569,-1.2655253128909663,1.1789073981821273e-13
200.92562599613163,32.80015358749905,21.61587415288977,-4.598100592493464,-1.2650740167329315,9.262843842859572e-14
200.9365305848603,32.79614612287317,21.60963635698896,-4.598843976743072,-1.2646227228643512,1.768361097273191e-13
200.94743431557777,32.7921379631918,21.60340122941548,-4.599587456382196,-1.2641714312844632,1.1789073981821273e-13
200.958337188365,32.78812910864885,21.597168770169308,-4.600331031431644,-1.2637201419925184,9.262843842859572e-14
200.96923920330306,32.78411955943821,21.590938979250446,-4.601074701912221,-1.2632688549877704,7.578690416885104e-14
200.98014036047303,32.780109315753755,21.5847118566589,-4.60181846784473,-1.2628175702694797,2.442022467662978e-13
200.99104065995627,32.776098377789395,21.578487402394668,-4.6025623292499676,-1.2623662878369115,5.894536990910637e-14
201.00194010183407,32.772086745738974,21.57226561645775,-4.603306286148735,-1.261915007689339,5.894536990910637e-14
201.01283868618788,32.76807441979636,21.566046498848145,-4.604050338561825,-1.2614637298260416,1.2631150694808508e-13
201.02373641309927,32.76406140015541,21.559830049565857,-4.604794486510035,-1.261012454246302,9.262843842859572e-14
201.03463328264993,32.76004768700996,21.553616268610874,-4.605538730014158,-1.2605611809494142,2.5262301389617013e-14
201.04552929492155,32.75603328055385,21.54740515598321,-4.606283069094979,-1.260109909934675,1.9367764398706378e-13
201.05642444999611,32.75201818098089,21.541196711682854,-4.607027503773291,-1.259658641201385,5.0524602779234026e-14
201.06731874795548,32.74800238848491,21.534990935709818,-4.607772034069879,-1.2592073747488577,1.1789073981821273e-13
201.0782121888818,32.74398590325973,21.528787828064093,-4.608516660005527,-1.2587561105764067,1.515738083377021e-13
201.08910477285716,32.73996872549913,21.522587388745695,-4.609261381601015,-1.2583048486833548,1.9367764398706378e-13
201.09999649996394,32.73595085539692,21.51638961775459,-4.61000619887713,-1.2578535890690297,8.420767129872338e-15
201.11088737028442,32.73193229314685,21.51019451509081,-4.610751111854643,-1.2574023317327678,6.73661370389787e-14
201.12177738390116,32.72791303894269,21.504002080754336,-4.611496120554339,-1.2569510766739067,1.2631150694808508e-13
201.13266654089657,32.72389309297828,21.497812314745183,-4.612241224996983,-1.2564998238918006,1.4315304120782974e-13
201.1435548413536,32.71987245544726,21.491625217063337,-4.612986425203355,-1.2560485733857911,7.578690416885104e-14
201.1544422853548,32.71585112654348,21.48544078770881,-4.613731721194221,-1.2555973251552484,7.578690416885104e-14
201.16532887298314,32.7118291064606,21.479259026681596,-4.614477112990352,-1.2551460791995335,1.0104920555846805e-13
201.1762146043216,32.7078063953924,21.473079933981694,-4.615222600612513,-1.2546948355180185,7.578690416885104e-14
201.18709947945322,32.70378299353258,21.466903509609107,-4.61596818408147,-1.254243594110084,1.0946997268834039e-13
201.19798349846127,32.69975890107484,21.460729753563832,-4.616713863417986,-1.253792354975111,1.0946997268834039e-13
201.20886666142903,32.69573411821289,21.454558665845866,-4.6174596386428215,-1.2533411181124912,0.0
201.2197489684398,32.691708645140416,21.448390246455222,-4.618205509776735,-1.2528898835216231,2.5262301389617013e-14
201.23063041957712,32.6876824820511,21.442224495391887,-4.618951476840482,-1.2524386512019094,9.262843842859572e-14
201.24151101492458,32.683655629138634,21.436061412655867,-4.619697539854819,-1.2519874211527586,1.0946997268834039e-13
201.2523907545659,32.679628086596665,21.429900998247163,-4.620443698840497,-1.2515361933735867,1.0946997268834039e-13
201.26326963858483,32.675599854618845,21.42374325216576,-4.621189953818273,-1.2510849678638163,1.8525687685719145e-13
201.27414766706528,32.67157093339883,21.41758817441169,-4.621936304808886,-1.250633744622874,1.8525687685719145e-13
201.28502484009124,32.667541323130266,21.41143576498492,-4.622682751833093,-1.250182523650196,8.420767129872338e-14
201.2959011577468,32.66351102400676,21.40528602388547,-4.623429294911633,-1.2497313049452237,1.8525687685719145e-13
201.30677662011618,32.659480036221936,21.399138951113326,-4.624175934065249,-1.249280088507402,1.768361097273191e-13
201.31765122728365,32.65544835996942,21.3929945466685,-4.624922669314685,-1.2488288743361853,5.0524602779234026e-14
201.3285249793336,32.65141599544278,21.386852810550995,-4.625669500680674,-1.248377662431034,2.1051917824680845e-13
201.33939787635055,32.64738294283564,21.38071374276079,-4.626416428183963,-1.2479264527914111,5.0524602779234026e-14
201.35026991841906,32.64334920234156,21.37457734329791,-4.627163451845276,-1.2474752454167943,2.3578147963642546e-13
201.36114110562386,32.63931477415413,21.368443612162345,-4.627910571685355,-1.2470240403066561,1.0104920555846805e-13
201.37201143804973,32.635279658466914,21.362312549354083,-4.628657787724928,-1.2465728374604854,5.0524602779234026e-14
201.38288091578156,32.63124385547344,21.356184154873134,-4.629405099984726,-1.2461216368777714,1.1789073981821273e-13
201.3937495389044,32.627207365367276,21.350058428719507,-4.630152508485471,-1.2456704385580126,7.578690416885104e-14
201.40461730750326,32.62317018834195,21.343935370893185,-4.630900013247892,-1.2452192425007114,6.73661370389787e-14
201.41548422166346,32.619132324590964,21.337814981394185,-4.631647614292712,-1.2447680487053765,1.0104920555846805e-13
201.42635028147015,32.61509377430788,21.331697260222494,-4.632395311640652,-1.2443168571715288,1.347322740779574e-13
201.43721548700879,32.61105453768619,21.325582207378115,-4.63314310531243,-1.2438656678986886,1.4315304120782974e-13
201.4480798383649,32.60701461491939,21.319469822861052,-4.633890995328766,-1.2434144808863838,5.0524602779234026e-14
201.45894333562404,32.602974006200945,21.313360106671308,-4.634638981710371,-1.2429632961341506,1.6841534259744676e-14
201.4698059788719,32.59893271172438,21.307253058808868,-4.635387064477962,-1.2425121136415322,1.4315304120782974e-13
201.48066776819434,32.59489073168314,21.301148679273748,-4.636135243652251,-1.2420609334080748,1.2631150694808508e-13
201.49152870367718,32.59084806627067,21.295046968065943,-4.636883519253943,-1.2416097554333323,1.1789073981821273e-13
201.50238878540645,32.58680471568044,21.28894792518545,-4.63763189130375,-1.2411585797168658,1.0946997268834039e-13
201.51324801346826,32.58276068010589,21.282851550632262,-4.638380359822374,-1.240707406258244,1.6841534259744677e-13
201.52410638794876,32.57871595974044,21.276757844406397,-4.639128924830521,-1.2402562350570367,1.6841534259744677e-13
201.5349639089343,32.57467055477753,21.27066680650784,-4.639877586348892,-1.2398050661128255,1.0104920555846805e-13
201.54582057651115,32.57062446541055,21.264578436936603,-4.640626344398184,-1.2393538994251976,2.610437810260425e-13
201.55667639076594,32.56657769183294,21.25849273569267,-4.641375198999098,-1.2389027349937434,1.9367764398706378e-13
201.56753135178522,32.56253023423807,21.252409702776056,-4.642124150172326,-1.2384515728180623,6.73661370389787e-14
201.57838545965564,32.558482092819304,21.246329338186758,-4.642873197938561,-1.2380004128977606,1.347322740779574e-13
201.589238714464,32.55443326777005,21.24025164192478,-4.6436223423184995,-1.2375492552324467,4.210383564936169e-14
201.6000911162972,32.55038375928367,21.2341766139901,-4.644371583332827,-1.237098099821742,1.4315304120782974e-13
201.61094266524222,32.546333567553496,21.228104254382743,-4.645120921002231,-1.2366469466652692,1.515738083377021e-13
201.62179336138615,32.542282692772886,21.222034563102696,-4.6458703553474,-1.2361957957626575,9.262843842859572e-14
201.63264320481616,32.53823113513518,21.21596754014996,-4.646619886389013,-1.2357446471135451,6.73661370389787e-14
201.64349219561956,32.5341788948337,21.209903185524546,-4.647369514147756,-1.2352935007175754,1.0946997268834039e-13
201.65434033388368,32.530125972061775,21.203841499226446,-4.648119238644304,-1.2348423565743984,1.768361097273191e-13
201.66518761969604,32.52607236701271,21.19778248125565,-4.648869059899339,-1.23439121468367,2.5262301389617013e-14
201.67603405314418,32.52201807987978,21.19172613161217,-4.6496189779335335,-1.2339400750450527,1.8525687685719145e-13
201.68687963431591,32.51796311085626,21.185672450296003,-4.6503689927675635,-1.2334889376582105,5.894536990910637e-14
201.6977243632988,32.51390746013548,21.17962143730716,-4.651119104422097,-1.2330378025228272,1.0104920555846805e-13
201.7085682401808,32.50985112791068,21.17357309264562,-4.651869312917809,-1.2325866696385812,1.4315304120782974e-13
201.7194112650499,32.50579411437512,21.167527416311394,-4.652619618275362,-1.2321355390051596,1.5999457546757442e-13
201.73025343799418,32.501736419722064,21.16148440830449,-4.653370020515423,-1.2316844106222562,7.578690416885104e-14
201.7410947591018,32.49767804414473,21.155444068624888,-4.6541205196586555,-1.2312332844895733,8.420767129872338e-14
201.75193522846098,32.49361898783635,21.14940639727261,-4.6548711157257205,-1.2307821606068179,1.0946997268834039e-13
201.76277484616014,32.489559250990155,21.143371394247637,-4.6556218087372825,-1.2303310389737034,5.894536990910637e-14
201.7736136122877,32.485498833799326,21.137339059549983,-4.656372598713992,-1.2298799195899504,1.0104920555846805e-13
201.78445152693223,32.48143773645709,21.131309393179638,-4.657123485676509,-1.2294288024552866,1.8525687685719145e-13
201.7952885901824,32.47737595915663,21.12528239513661,-4.657874469645486,-1.2289776875694414,1.6841534259744677e-13
201.80612480212693,32.47331350209112,21.119258065420894,-4.658625550641574,-1.2285265749321574,1.768361097273191e-13
201.81696016285474,32.469250365453746,21.11323640403249,-4.659376728685423,-1.2280754645431786,1.1789073981821273e-13
201.8277946724547,32.46518654943763,21.10721741097141,-4.66012800379768,-1.2276243564022598,2.610437810260425e-13
201.8386283310159,32.46112205423597,21.101201086237626,-4.660879375998994,-1.2271732505091573,1.4315304120782974e-13
201.8494611386275,32.45705688004187,21.09518742983117,-4.661630845310003,-1.2267221468636362,7.578690416885104e-14
201.86029309537867,32.45299102704847,21.089176441752024,-4.662382411751353,-1.2262710454654697,1.8525687685719145e-13
201.87112420135884,32.448924495448914,21.08316812200019,-4.663134075343683,-1.2258199463144361,1.0104920555846805e-13
201.88195445665738,32.444857285436264,21.077162470575665,-4.663885836107628,-1.225368849410318,8.420767129872338e-14
201.89278386136385,32.44078939720366,21.07115948747846,-4.664637694063825,-1.2249177547529078,5.894536990910637e-14
201.90361241556786,32.43672083094417,21.06515917270857,-4.6653896492329086,-1.2244666623420026,1.0104920555846805e-13
201.91444011935914,32.43265158685089,21.059161526265985,-4.666141701635511,-1.2240155721774069,1.768361097273191e-13
201.9252669728276,32.428581665116866,21.053166548150724,-4.666893851292258,-1.223564484258929,8.420767129872338e-14
201.936092976063,32.424511065935185,21.04717423836277,-4.6676460982237815,-1.223113398586389,1.8525687685719145e-13
201.94691812915548,32.42043978949888,21.041184596902134,-4.668398442450704,-1.2226623151596065,1.5999457546757442e-13
201.95774243219515,32.416367836000994,21.035197623768806,-4.669150883993652,-1.2222112339784144,1.0104920555846805e-13
201.96856588527217,32.41229520563455,21.029213318962796,-4.669903422873244,-1.2217601550426482,2.1051917824680845e-13
201.97938848847696,32.40822189859256,21.023231682484095,-4.670656059110103,-1.2213090783521472,1.8525687685719145e-13
201.99021024189975,32.404147915068066,21.017252714332706,-4.6714087927248436,-1.2208580039067662,1.2631150694808508e-13
202.00103114563117,32.400073255254036,21.01127641450864,-4.672161623738081,-1.2204069317063573,6.73661370389787e-14
202.01185119976176,32.3959979193435,21.00530278301188,-4.672914552170431,-1.2199558617507857,3.368306851948935e-14
202.02267040438224,32.391921907529365,20.999331819842443,-4.673667578042504,-1.219504794039918,9.262843842859572e-14
