galstreams/tracks/track.st.Parallel.weiss2018.ecsv
# %ECSV 1.0
# ---
# datatype:
# - {name: ra, unit: deg, datatype: float64}
# - {name: dec, unit: deg, datatype: float64}
# - {name: distance, unit: kpc, datatype: float64}
# - {name: pm_ra_cosdec, unit: mas / yr, datatype: float64}
# - {name: pm_dec, unit: mas / yr, datatype: float64}
# - {name: radial_velocity, unit: km / s, datatype: float64}
# delimiter: ','
# meta: !!omap
# - __serialized_columns__:
#     dec:
#       __class__: astropy.coordinates.angles.Latitude
#       unit: &id001 !astropy.units.Unit {unit: deg}
#       value: !astropy.table.SerializedColumn {name: dec}
#     distance:
#       __class__: astropy.coordinates.distances.Distance
#       unit: !astropy.units.Unit {unit: kpc}
#       value: !astropy.table.SerializedColumn {name: distance}
#     pm_dec:
#       __class__: astropy.units.quantity.Quantity
#       unit: !astropy.units.Unit {unit: mas / yr}
#       value: !astropy.table.SerializedColumn {name: pm_dec}
#     pm_ra_cosdec:
#       __class__: astropy.units.quantity.Quantity
#       unit: !astropy.units.Unit {unit: mas / yr}
#       value: !astropy.table.SerializedColumn {name: pm_ra_cosdec}
#     ra:
#       __class__: astropy.coordinates.angles.Longitude
#       unit: *id001
#       value: !astropy.table.SerializedColumn {name: ra}
#       wrap_angle: !astropy.coordinates.Angle
#         unit: *id001
#         value: 360.0
#     radial_velocity:
#       __class__: astropy.units.quantity.Quantity
#       unit: !astropy.units.Unit {unit: km / s}
#       value: !astropy.table.SerializedColumn {name: radial_velocity}
# schema: astropy-2.0
ra,dec,distance,pm_ra_cosdec,pm_dec,radial_velocity
[from data line 1173]
181.45948422598644,3.1920710690940375,14.63408150589985,0.0,0.0,0.0
181.44961492165416,3.193464513021013,14.63356200479915,0.0,0.0,0.0
181.43974559053194,3.1948578623419728,14.633042503698459,0.0,0.0,0.0
181.42987623260967,3.196251117015312,14.632523002597761,0.0,0.0,0.0
181.42000684787752,3.1976442769993993,14.632003501497065,0.0,0.0,0.0
181.41013743632556,3.1990373422526104,14.631484000396371,0.0,0.0,0.0
181.4002679979437,3.2004303127333436,14.630964499295677,0.0,0.0,0.0
181.39039853272214,3.2018231883999717,14.630444998194982,0.0,0.0,0.0
181.38052904065077,3.2032159692108957,14.629925497094286,0.0,0.0,0.0
181.37065952171977,3.204608655124496,14.629405995993588,0.0,0.0,0.0
181.36078997591912,3.2060012460991776,14.628886494892893,0.0,0.0,0.0
181.3509204032389,3.207393742093331,14.6283669937922,0.0,0.0,0.0
181.3410508036692,3.208786143065346,14.6278474926915,0.0,0.0,0.0
181.3311811772,3.2101784489736382,14.627327991590805,0.0,0.0,0.0
181.32131152382152,3.211570659776596,14.626808490490111,0.0,0.0,0.0
181.31144184352368,3.212962775432641,14.626288989389415,0.0,0.0,0.0
181.30157213629664,3.214354795900164,14.625769488288721,0.0,0.0,0.0
181.29170240213043,3.215746721137594,14.625249987188026,0.0,0.0,0.0
181.28183264101514,3.2171385511033312,14.62473048608733,0.0,0.0,0.0
181.27196285294093,3.218530285755786,14.624210984986632,0.0,0.0,0.0
181.26209303789773,3.219921925053391,14.62369148388594,0.0,0.0,0.0
181.25222319587579,3.2213134689545506,14.623171982785244,0.0,0.0,0.0
181.24235332686507,3.222704917417702,14.622652481684545,0.0,0.0,0.0
181.23248343085575,3.2240962704012635,14.62213298058385,0.0,0.0,0.0
181.22261350783796,3.2254875278636526,14.621613479483154,0.0,0.0,0.0
181.2127435578017,3.2268786897633146,14.62109397838246,0.0,0.0,0.0
181.20287358073716,3.228269756058666,14.620574477281764,0.0,0.0,0.0
181.19300357663434,3.2296607267081567,14.62005497618107,0.0,0.0,0.0
181.1831335454835,3.2310516016702095,14.619535475080372,0.0,0.0,0.0
181.17326348727462,3.2324423809032763,14.619015973979677,0.0,0.0,0.0
181.16339340199787,3.2338330643657933,14.61849647287898,0.0,0.0,0.0
181.15352328964346,3.235223652016194,14.617976971778287,0.0,0.0,0.0
181.14365315020135,3.236614143812941,14.617457470677591,0.0,0.0,0.0
181.1337829836618,3.2380045397144697,14.616937969576895,0.0,0.0,0.0
181.12391279001483,3.2393948396792447,14.6164184684762,0.0,0.0,0.0
181.1140425692506,3.2407850436657113,14.615898967375506,0.0,0.0,0.0
181.10417232135936,3.2421751516323187,14.615379466274806,0.0,0.0,0.0
181.0943020463311,3.24356516353754,14.614859965174112,0.0,0.0,0.0
181.08443174415612,3.2449550793398214,14.614340464073418,0.0,0.0,0.0
181.07456141482436,3.246344898997642,14.613820962972722,0.0,0.0,0.0
181.06469105832616,3.2477346224694514,14.613301461872023,0.0,0.0,0.0
181.05482067465152,3.2491242497137316,14.61278196077133,0.0,0.0,0.0
181.04495026379067,3.2505137806889457,14.612262459670635,0.0,0.0,0.0
181.03507982573385,3.2519032153535616,14.611742958569941,0.0,0.0,0.0
181.02520936047105,3.253292553666067,14.611223457469245,0.0,0.0,0.0
181.01533886799257,3.2546817955849243,14.61070395636855,0.0,0.0,0.0
181.00546834828847,3.2560709410686317,14.610184455267854,0.0,0.0,0.0
180.99559780134902,3.257459990075652,14.609664954167158,0.0,0.0,0.0
180.98572722716435,3.258848942564491,14.609145453066462,0.0,0.0,0.0
180.9758566257246,3.2602377984936246,14.608625951965767,0.0,0.0,0.0
180.96598599702003,3.261626557821534,14.60810645086507,0.0,0.0,0.0
180.95611534104071,3.26301522050673,14.607586949764377,0.0,0.0,0.0
180.946244657777,3.2644037865076907,14.607067448663681,0.0,0.0,0.0
180.93637394721887,3.2657922557829293,14.606547947562982,0.0,0.0,0.0
180.9265032093567,3.267180628290935,14.606028446462288,0.0,0.0,0.0
180.9166324441806,3.2685689039902055,14.605508945361594,0.0,0.0,0.0
180.90676165168077,3.269957082839258,14.604989444260898,0.0,0.0,0.0
180.89689083184746,3.271345164796584,14.6044699431602,0.0,0.0,0.0
180.88701998467076,3.2727331498207115,14.603950442059505,0.0,0.0,0.0
180.87714911014103,3.274121037870133,14.603430940958809,0.0,0.0,0.0
180.86727820824834,3.275508828903379,14.602911439858117,0.0,0.0,0.0
180.85740727898298,3.27689652287896,14.60239193875742,0.0,0.0,0.0
180.8475363223352,3.278284119755386,14.601872437656725,0.0,0.0,0.0
180.83766533829515,3.279671619491195,14.601352936556026,0.0,0.0,0.0
180.8277943268531,3.281059022044893,14.600833435455334,0.0,0.0,0.0
180.81792328799924,3.2824463273750237,14.600313934354636,0.0,0.0,0.0
180.80805222172378,3.28383353544011,14.599794433253942,0.0,0.0,0.0
180.7981811280171,3.2852206461986717,14.599274932153245,0.0,0.0,0.0
180.7883100068692,3.2866076596092597,14.59875543105255,0.0,0.0,0.0
180.77843885827056,3.2879945756303948,14.598235929951853,0.0,0.0,0.0
180.76856768221123,3.289381394220632,14.59771642885116,0.0,0.0,0.0
180.75869647868157,3.2907681153384964,14.597196927750465,0.0,0.0,0.0
180.7488252476718,3.292154738942545,14.596677426649768,0.0,0.0,0.0
180.7389539891721,3.2935412649913176,14.596157925549074,0.0,0.0,0.0
180.7290827031729,3.2949276934433556,14.595638424448378,0.0,0.0,0.0
180.71921138966425,3.2963140242572244,14.59511892334768,0.0,0.0,0.0
180.7093400486366,3.297700257391463,14.594599422246983,0.0,0.0,0.0
180.69946868008006,3.299086392804641,14.594079921146289,0.0,0.0,0.0
180.689597283985,3.3004724304553017,14.593560420045595,0.0,0.0,0.0
180.67972586034162,3.301858370302023,14.593040918944897,0.0,0.0,0.0
180.6698544091402,3.303244212303357,14.592521417844205,0.0,0.0,0.0
180.65998293037114,3.3046299564178656,14.59200191674351,0.0,0.0,0.0
180.65011142402457,3.3060156026041287,14.591482415642814,0.0,0.0,0.0
180.64023989009087,3.3074011508207044,14.590962914542116,0.0,0.0,0.0
180.63036832856022,3.3087866010261795,14.590443413441418,0.0,0.0,0.0
180.620496739423,3.310171953179122,14.589923912340724,0.0,0.0,0.0
180.61062512266952,3.3115572072381028,14.589404411240027,0.0,0.0,0.0
180.60075347829,3.3129423631617168,14.588884910139331,0.0,0.0,0.0
180.5908818062748,3.3143274209085334,14.588365409038639,0.0,0.0,0.0
180.58101010661417,3.315712380437151,14.587845907937947,0.0,0.0,0.0
180.57113837929847,3.3170972417061435,14.587326406837247,0.0,0.0,0.0
180.56126662431797,3.318482004674116,14.586806905736552,0.0,0.0,0.0
180.55139484166295,3.3198666692996546,14.586287404635858,0.0,0.0,0.0
180.54152303132386,3.3212512355413453,14.585767903535164,0.0,0.0,0.0
180.53165119329088,3.322635703357804,14.585248402434468,0.0,0.0,0.0
180.5217793275544,3.3240200727076132,14.58472890133377,0.0,0.0,0.0
180.51190743410473,3.325404343549391,14.584209400233076,0.0,0.0,0.0
180.5020355129322,3.3267885158417285,14.583689899132379,0.0,0.0,0.0
180.4921635640271,3.328172589543249,14.583170398031683,0.0,0.0,0.0
180.4822915873798,3.3295565646125524,14.58265089693099,0.0,0.0,0.0
180.47241958298068,3.330940441008246,14.582131395830293,0.0,0.0,0.0
180.46254755082,3.3323242186889614,14.581611894729596,0.0,0.0,0.0
180.4526754908882,3.333707897613297,14.581092393628902,0.0,0.0,0.0
180.4428034031755,3.335091477739892,14.580572892528204,0.0,0.0,0.0
180.43293128767232,3.3364749590273606,14.580053391427509,0.0,0.0,0.0
180.42305914436906,3.337858341434319,14.579533890326815,0.0,0.0,0.0
180.41318697325602,3.3392416249194103,14.579014389226119,0.0,0.0,0.0
180.4033147743236,3.3406248094412505,14.578494888125425,0.0,0.0,0.0
180.39344254756207,3.3420078949584853,14.577975387024727,0.0,0.0,0.0
180.38357029296193,3.3433908814297384,14.577455885924032,0.0,0.0,0.0
180.37369801051344,3.3447737688136576,14.576936384823338,0.0,0.0,0.0
180.363825700207,3.346156557068881,14.576416883722638,0.0,0.0,0.0
180.35395336203302,3.3475392461540388,14.575897382621942,0.0,0.0,0.0
180.34408099598184,3.3489218360277935,14.575377881521248,0.0,0.0,0.0
180.3342086020439,3.3503043266487755,14.574858380420553,0.0,0.0,0.0
180.3243361802095,3.3516867179756527,14.57433887931986,0.0,0.0,0.0
180.31446373046913,3.3530690099670615,14.573819378219165,0.0,0.0,0.0
180.3045912528131,3.354451202581673,14.573299877118467,0.0,0.0,0.0
180.2947187472318,3.355833295778137,14.572780376017773,0.0,0.0,0.0
180.28484621371572,3.357215289515103,14.572260874917074,0.0,0.0,0.0
180.27497365225514,3.3585971837512525,14.57174137381638,0.0,0.0,0.0
180.2651010628406,3.359978978445234,14.571221872715684,0.0,0.0,0.0
180.2552284454624,3.36136067355573,14.570702371614988,0.0,0.0,0.0
180.24535580011096,3.3627422690414037,14.570182870514294,0.0,0.0,0.0
180.23548312677678,3.3641237648609192,14.569663369413602,0.0,0.0,0.0
180.22561042545016,3.3655051609729703,14.569143868312905,0.0,0.0,0.0
180.21573769612166,3.366886457336214,14.568624367212209,0.0,0.0,0.0
180.20586493878156,3.36826765390935,14.568104866111511,0.0,0.0,0.0
180.19599215342038,3.3696487506510437,14.56758536501082,0.0,0.0,0.0
180.1861193400285,3.3710297475199966,14.56706586391012,0.0,0.0,0.0
180.17624649859638,3.3724106444748885,14.566546362809426,0.0,0.0,0.0
180.16637362911447,3.373791441474402,14.56602686170873,0.0,0.0,0.0
180.1565007315732,3.375172138477245,14.565507360608034,0.0,0.0,0.0
180.14662780596302,3.376552735442097,14.564987859507337,0.0,0.0,0.0
180.13675485227432,3.377933232327672,14.564468358406646,0.0,0.0,0.0
180.12688187049758,3.3793136290926635,14.56394885730595,0.0,0.0,0.0
180.11700886062337,3.3806939256957658,14.563429356205253,0.0,0.0,0.0
180.10713582264194,3.3820741220956987,14.562909855104557,0.0,0.0,0.0
180.09726275654393,3.383454218251156,14.56239035400386,0.0,0.0,0.0
180.08738966231965,3.3848342141208643,14.561870852903164,0.0,0.0,0.0
180.07751653995973,3.386214109663519,14.56135135180247,0.0,0.0,0.0
180.06764338945447,3.3875939048378534,14.560831850701772,0.0,0.0,0.0
180.05777021079444,3.388973599602576,14.560312349601078,0.0,0.0,0.0
180.04789700397018,3.3903531939164004,14.559792848500383,0.0,0.0,0.0
180.038023768972,3.391732687738066,14.55927334739969,0.0,0.0,0.0
180.02815050579053,3.393112081026281,14.558753846298996,0.0,0.0,0.0
180.01827721441617,3.394491373739792,14.558234345198297,0.0,0.0,0.0
180.0084038948395,3.3958705658373116,14.557714844097603,0.0,0.0,0.0
179.99853054705088,3.39724965727759,14.557195342996907,0.0,0.0,0.0
179.98865717104084,3.398628648019356,14.55667584189621,0.0,0.0,0.0
179.9787837668,3.4000075380213364,14.556156340795514,0.0,0.0,0.0
179.96891033431874,3.4013863272422933,14.555636839694815,0.0,0.0,0.0
179.95903687358762,3.4027650156409504,14.555117338594124,0.0,0.0,0.0
179.94916338459709,3.404143603176071,14.554597837493427,0.0,0.0,0.0
179.9392898673377,3.405522089806395,14.554078336392731,0.0,0.0,0.0
179.92941632179998,3.4069004754906675,14.553558835292035,0.0,0.0,0.0
179.91954274797442,3.4082787601876547,14.55303933419134,0.0,0.0,0.0
179.9096691458516,3.4096569438561004,14.552519833090644,0.0,0.0,0.0
179.89979551542194,3.4110350264547766,14.552000331989946,0.0,0.0,0.0
179.8899218566761,3.4124130079424297,14.551480830889254,0.0,0.0,0.0
179.88004816960444,3.41379088827784,14.550961329788556,0.0,0.0,0.0
179.87017445419764,3.4151686674197657,14.550441828687866,0.0,0.0,0.0
179.8603007104462,3.4165463453269673,14.54992232758717,0.0,0.0,0.0
179.85042693834063,3.4179239219582334,14.549402826486471,0.0,0.0,0.0
179.84055313787155,3.4193013972723207,14.548883325385777,0.0,0.0,0.0
179.8306793090294,3.4206787712280233,14.54836382428508,0.0,0.0,0.0
179.82080545180483,3.422056043784103,14.547844323184387,0.0,0.0,0.0
179.8109315661883,3.423433214899357,14.547324822083688,0.0,0.0,0.0
179.80105765217036,3.4248102845325645,14.546805320982992,0.0,0.0,0.0
179.79118370974172,3.426187252642502,14.546285819882296,0.0,0.0,0.0
179.78130973889282,3.4275641191879767,14.545766318781602,0.0,0.0,0.0
179.77143573961428,3.428940884127763,14.545246817680907,0.0,0.0,0.0
179.76156171189658,3.4303175474206715,14.544727316580213,0.0,0.0,0.0
179.75168765573036,3.4316941090254938,14.544207815479517,0.0,0.0,0.0
179.7418135711063,3.4330705689010186,14.54368831437882,0.0,0.0,0.0
179.73193945801478,3.4344469270060647,14.543168813278124,0.0,0.0,0.0
179.72206531644653,3.4358231832994224,14.542649312177431,0.0,0.0,0.0
179.71219114639203,3.4371993377399144,14.542129811076732,0.0,0.0,0.0
179.702316947842,3.4385753902863345,14.54161030997604,0.0,0.0,0.0
179.6924427207869,3.4399513408975126,14.541090808875344,0.0,0.0,0.0
179.6825684652174,3.441327189532254,14.540571307774648,0.0,0.0,0.0
179.67269418112411,3.4427029361493693,14.54005180667395,0.0,0.0,0.0
179.66281986849754,3.444078580707696,14.539532305573255,0.0,0.0,0.0
179.65294552732846,3.4454541231660385,14.539012804472561,0.0,0.0,0.0
179.6430711576073,3.4468295634832415,14.538493303371864,0.0,0.0,0.0
179.63319675932482,3.4482049016181127,14.537973802271168,0.0,0.0,0.0
179.62332233247153,3.4495801375295025,14.537454301170472,0.0,0.0,0.0
179.61344787703808,3.4509552711762352,14.536934800069778,0.0,0.0,0.0
179.60357339301518,3.452330302517139,14.536415298969082,0.0,0.0,0.0
179.5936988803933,3.4537052315110666,14.535895797868386,0.0,0.0,0.0
179.58382433916324,3.4550800581168435,14.535376296767692,0.0,0.0,0.0
179.57394976931545,3.4564547822933323,14.534856795666993,0.0,0.0,0.0
179.56407517084068,3.457829403999366,14.534337294566303,0.0,0.0,0.0
179.55420054372962,3.4592039231937903,14.533817793465602,0.0,0.0,0.0
179.54432588797275,3.4605783398354695,14.533298292364908,0.0,0.0,0.0
179.53445120356088,3.461952653883242,14.532778791264212,0.0,0.0,0.0
179.52457649048455,3.4633268652959806,14.532259290163518,0.0,0.0,0.0
179.51470174873447,3.4647009740325294,14.531739789062822,0.0,0.0,0.0
179.50482697830125,3.4660749800517663,14.531220287962126,0.0,0.0,0.0
179.49495217917556,3.467448883312546,14.530700786861429,0.0,0.0,0.0
179.4850773513481,3.4688226837737277,14.530181285760738,0.0,0.0,0.0
179.47520249480948,3.4701963813941976,14.52966178466004,0.0,0.0,0.0
179.46532760955049,3.471569976132812,14.529142283559343,0.0,0.0,0.0
179.45545269556163,3.472943467948461,14.52862278245865,0.0,0.0,0.0
179.44557775283363,3.4743168568000145,14.528103281357954,0.0,0.0,0.0
179.4357027813573,3.4756901426463456,14.527583780257254,0.0,0.0,0.0
179.42582778112313,3.4770633254463497,14.52706427915656,0.0,0.0,0.0
179.41595275212197,3.478436405158899,14.526544778055866,0.0,0.0,0.0
179.40607769434436,3.479809381742895,14.52602527695517,0.0,0.0,0.0
179.39620260778113,3.4811822551572145,14.525505775854478,0.0,0.0,0.0
179.38632749242285,3.482555025360765,14.524986274753777,0.0,0.0,0.0
179.37645234826027,3.483927692312433,14.524466773653083,0.0,0.0,0.0
179.3665771752842,3.4853002559711106,14.523947272552387,0.0,0.0,0.0
179.35670197348517,3.4866727162957147,14.523427771451694,0.0,0.0,0.0
179.346826742854,3.4880450732451314,14.522908270351,0.0,0.0,0.0
179.33695148338134,3.489417326778284,14.522388769250298,0.0,0.0,0.0
179.32707619505797,3.4907894768540637,14.521869268149608,0.0,0.0,0.0
179.31720087787454,3.4921615234314003,14.52134976704891,0.0,0.0,0.0
179.30732553182176,3.493533466469198,14.520830265948216,0.0,0.0,0.0
179.29745015689048,3.494905305926364,14.52031076484752,0.0,0.0,0.0
179.2875747530713,3.4962770417618363,14.519791263746825,0.0,0.0,0.0
179.27769932035503,3.4976486739345196,14.51927176264613,0.0,0.0,0.0
179.26782385873238,3.499020202403353,14.518752261545432,0.0,0.0,0.0
179.257948368194,3.5003916271272573,14.518232760444738,0.0,0.0,0.0
179.24807284873086,3.5017629480651538,14.51771325934404,0.0,0.0,0.0
179.23819730033344,3.5031341651759904,14.517193758243344,0.0,0.0,0.0
179.22832172299266,3.5045052784186863,14.516674257142647,0.0,0.0,0.0
179.2184461166992,3.5058762877521947,14.516154756041956,0.0,0.0,0.0
179.2085704814439,3.5072471931354405,14.51563525494126,0.0,0.0,0.0
179.19869481721736,3.5086179945273814,14.515115753840563,0.0,0.0,0.0
179.18881912401045,3.5099886918869565,14.514596252739869,0.0,0.0,0.0
179.178943401814,3.511359285173103,14.514076751639172,0.0,0.0,0.0
179.16906765061862,3.512729774344792,14.513557250538472,0.0,0.0,0.0
179.15919187041524,3.5141001593609573,14.513037749437782,0.0,0.0,0.0
179.14931606119447,3.515470440180571,14.512518248337088,0.0,0.0,0.0
