galstreams/tracks/track.st.Jhelum-a.bonaca2019.ecsv
# %ECSV 1.0
# ---
# datatype:
# - {name: ra, unit: deg, datatype: float64}
# - {name: dec, unit: deg, datatype: float64}
# - {name: distance, unit: kpc, datatype: float64}
# - {name: pm_ra_cosdec, unit: mas / yr, datatype: float64}
# - {name: pm_dec, unit: mas / yr, datatype: float64}
# - {name: radial_velocity, unit: km / s, datatype: float64}
# delimiter: ','
# meta: !!omap
# - __serialized_columns__:
#     dec:
#       __class__: astropy.coordinates.angles.Latitude
#       unit: &id001 !astropy.units.Unit {unit: deg}
#       value: !astropy.table.SerializedColumn {name: dec}
#     distance:
#       __class__: astropy.coordinates.distances.Distance
#       unit: !astropy.units.Unit {unit: kpc}
#       value: !astropy.table.SerializedColumn {name: distance}
#     pm_dec:
#       __class__: astropy.units.quantity.Quantity
#       unit: !astropy.units.Unit {unit: mas / yr}
#       value: !astropy.table.SerializedColumn {name: pm_dec}
#     pm_ra_cosdec:
#       __class__: astropy.units.quantity.Quantity
#       unit: !astropy.units.Unit {unit: mas / yr}
#       value: !astropy.table.SerializedColumn {name: pm_ra_cosdec}
#     ra:
#       __class__: astropy.coordinates.angles.Longitude
#       unit: *id001
#       value: !astropy.table.SerializedColumn {name: ra}
#       wrap_angle: !astropy.coordinates.Angle
#         unit: *id001
#         value: 360.0
#     radial_velocity:
#       __class__: astropy.units.quantity.Quantity
#       unit: !astropy.units.Unit {unit: km / s}
#       value: !astropy.table.SerializedColumn {name: radial_velocity}
# schema: astropy-2.0
ra,dec,distance,pm_ra_cosdec,pm_dec,radial_velocity
[from data line 861]
353.2136393995652,-52.309931347550226,13.000000000000002,7.130146372092657,-4.094455765875874,-3.031476166754042e-13
353.1973304390246,-52.309136744101394,13.0,7.129438268410751,-4.095833069254632,-3.3683068519489354e-13
353.18102204794076,-52.3083400213423,12.999999999999998,7.12872970674333,-4.097210160514127,-1.8525687685719145e-13
353.1647142277921,-52.30754117941202,13.0,7.128020687290106,-4.098587039238464,-1.8525687685719145e-13
353.1484069800569,-52.30674021844993,12.999999999999998,7.127311210251004,-4.099963705011925,-3.536722194546382e-13
353.13210030621303,-52.305937138595766,13.000000000000002,7.1266012758261805,-4.101340157418949,-3.1998915093514883e-13
353.1157942077379,-52.30513193998968,12.999999999999998,7.125890884216021,-4.10271639604418,-3.536722194546382e-13
353.09948868610854,-52.304324622772114,13.0,7.125180035621115,-4.104092420472413,-2.3578147963642546e-13
353.08318374280157,-52.3035151870839,13.000000000000002,7.1244687302422856,-4.105468230288639,-1.515738083377021e-13
353.06687937929325,-52.302703633066244,13.0,7.123756968280578,-4.106843825078024,-1.347322740779574e-13
353.0505755970594,-52.30188996086068,13.0,7.1230447499372485,-4.1082192044259065,-2.3578147963642546e-13
353.0342723975754,-52.30107417060911,13.0,7.122332075413793,-4.109594367917803,-3.031476166754042e-13
353.01796978231647,-52.300256262453814,12.999999999999998,7.121618944911916,-4.1109693151394096,-1.8525687685719145e-13
353.00166775275704,-52.29943623653742,12.999999999999998,7.120905358633538,-4.112344045676608,-3.1998915093514883e-13
352.98536631037155,-52.298614093002904,12.999999999999998,7.120191316780812,-4.113718559115447,-2.8630608241565947e-13
352.96906545663364,-52.297789831993605,12.999999999999998,7.11947681955611,-4.1150928550421675,-3.705137537143829e-13
352.9527651930169,-52.29696345365322,13.000000000000002,7.118761867162015,-4.1164669330431725,-1.8525687685719145e-13
352.9364655209941,-52.29613495812582,12.999999999999998,7.11804645980134,-4.117840792705073,-3.705137537143829e-13
352.9201664420381,-52.295304345555806,13.0,7.117330597677114,-4.119214433614626,-2.3578147963642546e-13
352.903867957621,-52.29447161608797,13.0,7.116614280992581,-4.120587855358799,-3.705137537143829e-13
352.8875700692147,-52.29363676986742,12.999999999999998,7.115897509951219,-4.121961057524717,-2.8630608241565947e-13
352.87127277829035,-52.29279980703967,13.0,7.115180284756703,-4.1233340396997,-3.1998915093514883e-13
352.85497608631914,-52.291960727750556,13.0,7.114462605612951,-4.124706801471241,-1.347322740779574e-13
352.83867999477155,-52.29111953214627,13.000000000000002,7.113744472724083,-4.126079342427024,-1.515738083377021e-13
352.82238450511767,-52.29027622037339,13.0,7.113025886294441,-4.127451662154906,-1.6841534259744677e-13
352.8060896188273,-52.28943079257883,12.999999999999998,7.112306846528591,-4.1288237602429305,-2.5262301389617017e-13
352.78979533736975,-52.28858324890986,12.999999999999998,7.111587353631307,-4.130195636279318,-3.8735528797412755e-13
352.77350166221396,-52.28773358951412,13.000000000000002,7.110867407807591,-4.1315672898524705,-3.705137537143829e-13
352.75720859482834,-52.2868818145396,13.0,7.110147009262665,-4.132938720550982,-2.8630608241565947e-13
352.740916136681,-52.286027924134636,13.0,7.109426158201957,-4.134309927963626,-3.536722194546382e-13
352.72462428923967,-52.28517191844793,12.999999999999998,7.108704854831121,-4.135680911679346,-1.8525687685719145e-13
352.7083330539714,-52.28431379762856,12.999999999999998,7.107983099356015,-4.137051671287297,-3.3683068519489354e-13
352.6920424323431,-52.28345356182594,12.999999999999998,7.107260891982739,-4.138422206376783,-2.1893994537668078e-13
352.6757524258212,-52.282591211189796,13.000000000000002,7.106538232917583,-4.139792516537315,-1.515738083377021e-13
352.65946303587157,-52.281726745870316,13.0,7.105815122367071,-4.141162601358593,-3.8735528797412755e-13
352.64317426395985,-52.280860166017945,13.000000000000002,7.105091560537935,-4.142532460430472,-1.6841534259744677e-13
352.62688611155113,-52.27999147178353,13.000000000000002,7.104367547637128,-4.143902093343023,-1.6841534259744677e-13
352.61059858011,-52.27912066331828,13.0,7.1036430838718125,-4.1452714996864914,-3.1998915093514883e-13
352.59431167110085,-52.278247740773736,12.999999999999998,7.102918169449377,-4.146640679051294,-2.1893994537668078e-13
352.57802538598753,-52.27737270430179,12.999999999999998,7.102192804577411,-4.148009631028049,-1.8525687685719145e-13
352.5617397262334,-52.27649555405471,13.0,7.101466989463729,-4.14937835520756,-2.020984111169361e-13
352.5454546933014,-52.275616290185134,12.999999999999998,7.100740724316357,-4.150746851180811,-3.031476166754042e-13
352.52917028865414,-52.27473491284601,13.000000000000002,7.100014009343544,-4.152115118538965,-1.8525687685719145e-13
352.51288651375376,-52.27385142219066,13.000000000000002,7.099286844753739,-4.1534831568733885,-2.020984111169361e-13
352.49660337006185,-52.27296581837279,13.0,7.098559230755615,-4.154850965775625,-3.031476166754042e-13
352.4803208590398,-52.272078101546406,12.999999999999998,7.097831167558059,-4.1562185448374,-3.8735528797412755e-13
352.46403898214834,-52.27118827186592,13.000000000000002,7.097102655370167,-4.157585893650629,-2.694645481559148e-13
352.4477577408479,-52.27029632948606,13.0,7.096373694401256,-4.158953011807426,-1.6841534259744677e-13
352.43147713659846,-52.26940227456194,13.0,7.095644284860844,-4.160319898900084,-3.536722194546382e-13
352.41519717085947,-52.268506107248996,12.999999999999998,7.09491442695868,-4.161686554521073,-2.1893994537668078e-13
352.39891784509,-52.26760782770306,13.000000000000002,7.094184120904703,-4.163052978263074,-3.031476166754042e-13
352.3826391607488,-52.26670743608027,12.999999999999998,7.093453366909097,-4.1644191697189346,-2.3578147963642546e-13
352.3663611192939,-52.26580493253715,13.000000000000002,7.0927221651822165,-4.165785128481708,-3.705137537143829e-13
352.35008372218323,-52.26490031723056,13.0,7.091990515934669,-4.167150854144622,-3.3683068519489354e-13
352.33380697087404,-52.26399359031774,13.000000000000002,7.09125841937725,-4.1685163463011,-1.515738083377021e-13
352.3175308668232,-52.26308475195624,13.0,7.090525875720973,-4.169881604544763,-2.694645481559148e-13
352.3012554114871,-52.262173802304005,13.0,7.089792885177065,-4.171246628469403,-1.8525687685719145e-13
352.28498060632177,-52.26126074151931,13.0,7.089059447956956,-4.172611417669022,-3.031476166754042e-13
352.2687064527828,-52.260345569760794,13.0,7.0883255642723055,-4.173975971737795,-3.031476166754042e-13
352.25243295232525,-52.25942828718744,12.999999999999998,7.087591234334969,-4.175340290270092,-1.6841534259744677e-13
352.23616010640376,-52.258508893958584,13.0,7.0868564583570075,-4.176704372860484,-2.694645481559148e-13
352.21988791647254,-52.25758739023393,12.999999999999998,7.0861212365507145,-4.178068219103723,-3.536722194546382e-13
352.2036163839853,-52.25666377617351,13.0,7.08538556912857,-4.179431828594745,-3.1998915093514883e-13
352.1873455103955,-52.25573805193774,13.0,7.084649456303283,-4.180795200928692,-1.515738083377021e-13
352.1710752971558,-52.25481021768734,13.000000000000002,7.083912898287758,-4.182158335700891,-1.347322740779574e-13
352.1548057457187,-52.253880273583434,12.999999999999998,7.08317589529512,-4.18352123250687,-3.8735528797412755e-13
352.1385368575362,-52.25294821978747,13.0,7.082438447538696,-4.184883890942321,-2.5262301389617017e-13
352.1222686340597,-52.252014056461256,13.000000000000002,7.0817005552320245,-4.18624631060316,-2.8630608241565947e-13
352.1060010767403,-52.25107778376694,12.999999999999998,7.080962218588862,-4.187608491085479,-2.3578147963642546e-13
352.0897341870285,-52.25013940186703,13.0,7.080223437823154,-4.188970431985568,-3.1998915093514883e-13
352.07346796637455,-52.249198910924406,13.0,7.079484213149071,-4.190332132899905,-3.3683068519489354e-13
352.0572024162281,-52.24825631110225,12.999999999999996,7.078744544780994,-4.191693593425166,-2.3578147963642546e-13
352.0409375380383,-52.24731160256415,13.0,7.07800443293349,-4.193054813158219,-3.031476166754042e-13
352.02467333325393,-52.24636478547401,12.999999999999998,7.0772638778213635,-4.194415791696125,-3.1998915093514883e-13
352.0084098033234,-52.245415859996086,13.000000000000002,7.0765228796596,-4.195776528636136,-2.5262301389617017e-13
351.9921469496943,-52.24446482629499,12.999999999999998,7.075781438663415,-4.19713702357571,-4.5472142501310627e-13
351.9758847738143,-52.2435116845357,12.999999999999998,7.075039555048217,-4.198497276112476,-2.1893994537668078e-13
351.95962327713005,-52.24255643488353,12.999999999999995,7.074297229029622,-4.199857285844287,-2.8630608241565947e-13
351.94336246108816,-52.24159907750415,13.0,7.073554460823457,-4.201217052369167,-3.1998915093514883e-13
351.9271023271346,-52.24063961256355,12.999999999999998,7.07281125064576,-4.202576575285347,-3.1998915093514883e-13
351.9108428767148,-52.23967804022813,12.999999999999996,7.072067598712765,-4.203935854191248,-1.8525687685719145e-13
351.8945841112739,-52.238714360664574,13.0,7.071323505240916,-4.20529488868549,-2.694645481559148e-13
351.87832603225644,-52.237748574039976,12.999999999999998,7.070578970446868,-4.20665367836689,-1.8525687685719145e-13
351.8620686411066,-52.23678068052175,12.999999999999996,7.069833994547475,-4.208012222834457,-2.1893994537668078e-13
351.8458119392679,-52.23581068027764,12.999999999999998,7.069088577759797,-4.209370521687397,-3.705137537143829e-13
351.8295559281836,-52.234838573475756,13.0,7.068342720301105,-4.210728574525111,-3.3683068519489354e-13
351.81330060929645,-52.23386436028459,12.999999999999998,7.067596422388873,-4.212086380947201,-3.1998915093514883e-13
351.7970459840486,-52.23288804087295,12.999999999999998,7.066849684240771,-4.213443940553463,-2.694645481559148e-13
351.78079205388184,-52.231909615409975,12.999999999999998,7.066102506074684,-4.214801252943895,-3.705137537143829e-13
351.7645388202375,-52.2309290840652,12.999999999999998,7.0653548881087,-4.21615831771868,-2.1893994537668078e-13
351.74828628455634,-52.22994644700847,12.999999999999998,7.064606830561103,-4.217515134478215,-2.5262301389617017e-13
351.73203444827874,-52.22896170440998,12.999999999999996,7.0638583336503915,-4.2188717028230815,-1.6841534259744677e-13
351.7157833128445,-52.22797485644032,12.999999999999998,7.063109397595258,-4.220228022354068,-2.3578147963642546e-13
351.69953287969304,-52.22698590327037,12.999999999999998,7.062360022614606,-4.221584092672159,-4.210383564936169e-13
351.68328315026326,-52.2259948450714,13.0,7.06161020892754,-4.222939913378528,-3.1998915093514883e-13
351.66703412599367,-52.22500168201497,12.999999999999996,7.060859956753367,-4.22429548407456,-2.1893994537668078e-13
351.6507858083221,-52.22400641427307,12.999999999999998,7.06010926631159,-4.225650804361839,-3.031476166754042e-13
351.634538198686,-52.22300904201798,12.999999999999998,7.0593581378219294,-4.227005873842137,-3.705137537143829e-13
351.61829129852254,-52.22200956542234,12.999999999999998,7.058606571504293,-4.228360692117434,-1.8525687685719145e-13
351.60204510926803,-52.221007984659146,12.999999999999996,7.057854567578798,-4.229715258789913,-2.8630608241565947e-13
351.58579963235854,-52.22000429990174,12.999999999999996,7.057102126265764,-4.231069573461943,-1.6841534259744677e-13
351.56955486922965,-52.2189985113238,12.999999999999996,7.056349247785707,-4.232423635736109,-2.1893994537668078e-13
351.55331082131636,-52.21799061909936,12.999999999999998,7.055595932359348,-4.233777445215187,-2.8630608241565947e-13
351.53706749005323,-52.21698062340278,12.999999999999998,7.054842180207611,-4.235131001502155,-2.3578147963642546e-13
351.52082487687437,-52.21596852440882,12.999999999999998,7.054087991551616,-4.2364843042001965,-3.705137537143829e-13
351.50458298321337,-52.21495432229253,12.999999999999998,7.0533333666126925,-4.237837352912683,-2.020984111169361e-13
351.4883418105033,-52.21393801722933,12.999999999999998,7.052578305612353,-4.239190147243208,-2.3578147963642546e-13
351.47210136017674,-52.21291960939499,12.999999999999996,7.051822808772328,-4.240542686795549,-3.536722194546382e-13
351.4558616336659,-52.211899098965624,12.999999999999998,7.051066876314538,-4.241894971173691,-2.5262301389617017e-13
351.4396226324023,-52.21087648611767,12.999999999999998,7.05031050846111,-4.243246999981824,-2.694645481559148e-13
351.42338435781716,-52.20985177102795,12.999999999999998,7.049553705434364,-4.244598772824335,-2.1893994537668078e-13
351.4071468113411,-52.2088249538736,12.999999999999998,7.048796467456823,-4.245950289305817,-2.1893994537668078e-13
351.3909099944041,-52.20779603483213,12.999999999999998,7.048038794751201,-4.2473015490310715,-3.705137537143829e-13
351.3746739084361,-52.206765014081356,12.999999999999996,7.047280687540431,-4.248652551605082,-2.694645481559148e-13
351.35843855486604,-52.20573189179948,12.999999999999998,7.046522146047621,-4.25000329663306,-2.5262301389617017e-13
351.34220393512265,-52.20469666816502,12.999999999999998,7.045763170496087,-4.251353783720408,-3.705137537143829e-13
351.3259700506341,-52.20365934335686,12.999999999999998,7.045003761109351,-4.252704012472725,-1.8525687685719145e-13
351.309736902828,-52.20261991755421,12.999999999999998,7.044243918111118,-4.254053982495836,-3.536722194546382e-13
351.29350449313154,-52.201578390936646,12.999999999999998,7.043483641725302,-4.255403693395741,-1.8525687685719145e-13
351.2772728229714,-52.200534763684054,12.999999999999998,7.04272293217601,-4.2567531447786715,-2.020984111169361e-13
351.26104189377367,-52.19948903597672,12.999999999999998,7.041961789687542,-4.25810233625105,-3.3683068519489354e-13
351.2448117069641,-52.19844120799521,12.999999999999998,7.0412002144844035,-4.259451267419501,-3.8735528797412755e-13
351.2285822639677,-52.19739127992047,12.999999999999998,7.040438206791293,-4.260799937890858,-3.8735528797412755e-13
351.21235356620934,-52.1963392519338,12.999999999999998,7.0396757668331045,-4.26214834727216,-3.8735528797412755e-13
351.196125615113,-52.195285124216824,12.999999999999998,7.038912894834925,-4.263496495170648,-2.3578147963642546e-13
351.17989841210226,-52.1942288969515,12.999999999999996,7.038149591022045,-4.26484438119378,-2.694645481559148e-13
351.1636719586004,-52.19317057032015,12.999999999999998,7.0373858556199425,-4.266192004949206,-3.8735528797412755e-13
351.14744625603,-52.192110144505456,12.999999999999998,7.036621688854304,-4.2675393660447805,-1.8525687685719145e-13
351.1312213058131,-52.19104761969039,13.0,7.035857090950988,-4.268886464088584,-2.8630608241565947e-13
351.11499710937136,-52.18998299605829,12.999999999999998,7.035092062136078,-4.270233298688881,-2.694645481559148e-13
351.0987736681259,-52.18891627379289,13.0,7.034326602635828,-4.271579869454154,-2.3578147963642546e-13
351.08255098349724,-52.18784745307818,12.999999999999998,7.033560712676696,-4.272926175993093,-3.1998915093514883e-13
351.0663290569055,-52.186776534098534,12.999999999999993,7.032794392485335,-4.27427221791459,-3.536722194546382e-13
351.0501078897702,-52.185703517038704,13.0,7.032027642288587,-4.275617994827743,-3.536722194546382e-13
351.0338874835104,-52.18462840208371,12.999999999999998,7.031260462313497,-4.276963506341868,-3.536722194546382e-13
351.0176678395447,-52.183551189418964,12.999999999999998,7.030492852787299,-4.278308752066474,-1.8525687685719145e-13
351.00144895929094,-52.182471879230214,12.999999999999998,7.0297248139374116,-4.279653731611296,-2.8630608241565947e-13
350.9852308441668,-52.18139047170354,12.999999999999998,7.028956345991462,-4.280998444586258,-3.705137537143829e-13
350.96901349558914,-52.18030696702536,13.0,7.02818744917726,-4.282342890601503,-2.020984111169361e-13
350.95279691497444,-52.17922136538246,12.999999999999998,7.027418123722808,-4.283687069267386,-2.1893994537668078e-13
