galstreams/tracks/track.st.Ylgr.ibata2021.ecsv
# %ECSV 1.0
# ---
# datatype:
# - {name: ra, unit: deg, datatype: float64}
# - {name: dec, unit: deg, datatype: float64}
# - {name: distance, unit: kpc, datatype: float64}
# - {name: pm_ra_cosdec, unit: mas / yr, datatype: float64}
# - {name: pm_dec, unit: mas / yr, datatype: float64}
# - {name: radial_velocity, unit: km / s, datatype: float64}
# delimiter: ','
# meta: !!omap
# - __serialized_columns__:
#     dec:
#       __class__: astropy.coordinates.angles.Latitude
#       unit: &id001 !astropy.units.Unit {unit: deg}
#       value: !astropy.table.SerializedColumn {name: dec}
#     distance:
#       __class__: astropy.coordinates.distances.Distance
#       unit: !astropy.units.Unit {unit: kpc}
#       value: !astropy.table.SerializedColumn {name: distance}
#     pm_dec:
#       __class__: astropy.units.quantity.Quantity
#       unit: !astropy.units.Unit {unit: mas / yr}
#       value: !astropy.table.SerializedColumn {name: pm_dec}
#     pm_ra_cosdec:
#       __class__: astropy.units.quantity.Quantity
#       unit: !astropy.units.Unit {unit: mas / yr}
#       value: !astropy.table.SerializedColumn {name: pm_ra_cosdec}
#     ra:
#       __class__: astropy.coordinates.angles.Longitude
#       unit: *id001
#       value: !astropy.table.SerializedColumn {name: ra}
#       wrap_angle: !astropy.coordinates.Angle
#         unit: *id001
#         value: 360.0
#     radial_velocity:
#       __class__: astropy.units.quantity.Quantity
#       unit: !astropy.units.Unit {unit: km / s}
#       value: !astropy.table.SerializedColumn {name: radial_velocity}
# schema: astropy-2.0
ra,dec,distance,pm_ra_cosdec,pm_dec,radial_velocity
[from data line 1402]
169.31580640848784,-10.562931421816527,7.904965611383402,-0.33045949548098663,-9.74923553438821,145.15383330455393
169.31958856746036,-10.572222878051257,7.906377832285636,-0.3303853226992542,-9.747444197879576,145.22583010958195
169.3233706244323,-10.581514409443134,7.907791802781228,-0.3303112948400073,-9.745652618138012,145.2978346241438
169.3271525796385,-10.59080601594481,7.909207520705383,-0.33023741186937267,-9.743860795650363,145.36984683079336
169.33093443331373,-10.6000976975088,7.910624983893314,-0.3301636737534492,-9.742068730903483,145.441866712085
169.33471618569283,-10.609389454087829,7.912044190180226,-0.33009008045830257,-9.740276424384227,145.51389425057243
169.33849783701058,-10.618681285634432,7.913465137401331,-0.33001663194996744,-9.738483876579465,145.58592942880992
169.3422793875018,-10.627973192101356,7.914887823391835,-0.32994332819444483,-9.736691087976075,145.65797222935146
169.34606083740132,-10.637265173441156,7.916312245986948,-0.3298701691577083,-9.734898059060937,145.73002263475115
169.3498421869439,-10.646557229606602,7.917738403021879,-0.3297971548056924,-9.733104790320947,145.80208062756293
169.35362343636444,-10.65584936055027,7.919166292331834,-0.32972428510430685,-9.731311282243018,145.87414619034087
169.35740458589774,-10.665141566224952,7.920595911752026,-0.3296515600194252,-9.729517535314054,145.9462193056391
169.36118563577858,-10.674433846583243,7.922027259117661,-0.3295789795168904,-9.727723550020974,146.01829995601165
169.3649665862419,-10.683726201577961,7.923460332263949,-0.3295065435625106,-9.725929326850713,146.09038812401252
169.36874743752242,-10.69301863116171,7.924895129026096,-0.32943425212206623,-9.724134866290214,146.16248379219576
169.3725281898551,-10.702311135287339,7.926331647239315,-0.32936210516130204,-9.72234016882642,146.2345869431154
169.37630884347473,-10.71160371390748,7.927769884738808,-0.3292901026459341,-9.720545234946291,146.3066975593256
169.38008939861618,-10.720896366974987,7.929209839359789,-0.32921824454164006,-9.718750065136787,146.37881562338026
169.38386985551432,-10.730189094442524,7.93065150893747,-0.32914653081407497,-9.71695465988488,146.4509411178336
169.38765021440403,-10.73948189626296,7.932094891307052,-0.32907496142884873,-9.715159019677566,146.52307402523948
169.39143047552017,-10.74877477238898,7.933539984303748,-0.32900353635155305,-9.713363145001821,146.59521432815208
169.39521063909754,-10.758067722773434,7.934986785762764,-0.3289322555477331,-9.711567036344666,146.66736200912547
169.39899070537115,-10.767360747369167,7.93643529351931,-0.3288611189829134,-9.70977069419309,146.73951705071346
169.4027706745758,-10.7766538461289,7.937885505408597,-0.3287901266225788,-9.707974119034123,146.81167943547038
169.40655054694642,-10.785947019005553,7.939337419265831,-0.3287192784321846,-9.706177311354788,146.88384914595025
169.4103303227179,-10.795240265951866,7.940791032926221,-0.32864857437715167,-9.70438027164212,146.95602616470697
169.41411000212514,-10.804533586920785,7.9422463442249756,-0.32857801442287116,-9.702583000383168,147.02821047429464
169.41788958540303,-10.813826981865063,7.943703350997305,-0.3285075985346986,-9.700785498064976,147.1004020572674
169.42166907278653,-10.823120450737669,7.945162051078417,-0.32843732667795644,-9.698987765174614,147.17260089617915
169.42544846451048,-10.832413993491375,7.94662244230352,-0.32836719881793786,-9.697189802199151,147.2448069735841
169.42922776080988,-10.841707610079176,7.9480845225078225,-0.32829721491989994,-9.695391609625664,147.31702027203613
169.43300696191963,-10.85100130045387,7.949548289526533,-0.3282273749490685,-9.693593187941241,147.3892407740894
169.43678606807467,-10.860295064568456,7.951013741194861,-0.32815767887063657,-9.691794537632976,147.46146846229794
169.44056507950995,-10.869588902375755,7.952480875348015,-0.32808812664976383,-9.689995659187982,147.53370331921576
169.44434399646036,-10.878882813828804,7.953949689821202,-0.3280187182515755,-9.688196553093364,147.605945327397
169.44812281916091,-10.888176798880432,7.955420182449637,-0.3279494536411654,-9.686397219836246,147.67819446939566
169.45190154784657,-10.89747085748369,7.95689235106852,-0.3278803327835944,-9.684597659903758,147.75045072776575
169.45568018275225,-10.906764989591435,7.958366193513062,-0.3278113556438903,-9.682797873783048,147.82271408506134
169.45945872411295,-10.916059195156745,7.959841707618477,-0.32774252218704586,-9.680997861961258,147.8949845238365
169.46323717216362,-10.925353474132491,7.961318891219967,-0.3276738323780251,-9.67919762492554,147.96726202664524
169.46701552713927,-10.934647826471767,7.962797742152746,-0.3276052861817524,-9.677397163163063,148.03954657604166
169.4707937892749,-10.943942252127467,7.964278258252019,-0.3275368835631252,-9.675596477161,148.11183815457974
169.47457195880543,-10.953236751052659,7.965760437352996,-0.3274686244870022,-9.673795567406538,148.18413674481354
169.47835003596595,-10.96253132320041,7.9672442772908845,-0.327400508918212,-9.671994434386864,148.25644232929724
169.4821280209914,-10.971825968523646,7.968729775900895,-0.3273325368215536,-9.67019307858917,148.32875489058475
169.48590591411684,-10.981120686975517,7.970216931018237,-0.3272647081617792,-9.668391500500674,148.40107441123016
169.48968371557726,-10.990415478508957,7.97170574047812,-0.327197022903625,-9.666589700608585,148.4734008737875
169.4934614256077,-10.999710343077144,7.973196202115748,-0.3271294810117796,-9.664787679400135,148.5457342608108
169.49723904444312,-11.009005280633044,7.97468831376633,-0.3270620824509056,-9.662985437362552,148.61807455485425
169.50101657231866,-11.018300291129833,7.976182073265078,-0.32699482718562867,-9.661182974983078,148.69042173847166
169.5047940094693,-11.027595374520498,7.977677478447202,-0.326927715180544,-9.659380292748963,148.76277579421725
169.50857135613012,-11.036890530758251,7.979174527147905,-0.3268607464002099,-9.657577391147468,148.83513670464507
169.51234861253613,-11.046185759796094,7.980673217202401,-0.32679392080915254,-9.655774270665857,148.9075044523091
169.51612577892246,-11.055481061587255,7.982173546445895,-0.3267272383718626,-9.653970931791406,148.97987901976347
169.51990285552412,-11.064776436084752,7.983675512713597,-0.326660699052802,-9.6521673750114,149.05226038956206
169.52367984257623,-11.074071883241844,7.985179113840717,-0.3265943028163884,-9.650363600813131,149.1246485442591
169.52745674031382,-11.083367403011563,7.986684347662462,-0.3265280496270208,-9.648559609683895,149.19704346640853
169.53123354897204,-11.092662995347183,7.9881912120140415,-0.32646193944904767,-9.646755402111008,149.26944513856446
169.53501026878592,-11.101958660201765,7.989699704730664,-0.32639597224679867,-9.644950978581779,149.34185354328093
169.5387868999906,-11.1112543975286,7.99120982364754,-0.32633014798455595,-9.643146339583536,149.41426866311204
169.54256344282123,-11.120550207280761,7.992721566599872,-0.3262644666265783,-9.641341485603622,149.48669048061166
169.54633989751287,-11.12984608941157,7.994234931422877,-0.3261989281370842,-9.639536417129367,149.55911897833397
169.5501162643006,-11.139142043874118,7.995749915951759,-0.32613353248026283,-9.637731134648124,149.63155413883305
169.55389254341966,-11.148438070621685,7.997266518021725,-0.326068279620262,-9.635925638647258,149.7039959446629
169.55766873510515,-11.157734169607545,7.998784735467988,-0.32600316952120184,-9.634119929614132,149.77644437837762
169.56144483959216,-11.167030340784846,8.000304566125756,-0.3259382021471659,-9.632314008036117,149.8488994225311
169.5652208571159,-11.176326584106935,8.001826007830234,-0.3258733774622026,-9.630507874400605,149.92136105967754
169.5689967879115,-11.185622899526958,8.003349058416633,-0.32580869543032687,-9.628701529194984,149.99382927237096
169.57277263221414,-11.194919286998301,8.004873715720164,-0.32574415601551965,-9.626894972906653,150.06630404316536
169.576548390259,-11.204215746474132,8.006399977576033,-0.3256797591817287,-9.625088206023017,150.13878535461487
169.58032406228125,-11.213512277907844,8.007927841819448,-0.32561550489286273,-9.623281229031502,150.21127318927347
169.5840996485161,-11.22280888125263,8.00945730628562,-0.32555139311280235,-9.621474042419523,150.28376752969524
169.5878751491987,-11.232105556461903,8.010988368809754,-0.325487423805386,-9.619666646674522,150.35626835843422
169.59165056456428,-11.24140230348888,8.012521027227063,-0.32542359693442346,-9.617859042283934,150.42877565804434
169.59542589484806,-11.250699122286987,8.014055279372753,-0.3253599124636868,-9.61605122973521,150.5012894110799
169.59920114028523,-11.259996012809458,8.015591123082038,-0.3252963703569182,-9.614243209515804,150.57380960009476
169.60297630111108,-11.269292975009751,8.017128556190118,-0.3252329705778175,-9.61243498211319,150.64633620764312
169.60675137756076,-11.278590008841105,8.018667576532206,-0.32516971309005754,-9.610626548014837,150.71886921627888
169.61052636986955,-11.287887114256998,8.020208181943513,-0.3251065978572678,-9.608817907708222,150.7914086085561
169.6143012782727,-11.297184291210701,8.021750370259243,-0.3250436248430517,-9.607009061680845,150.8639543670289
169.61807610300548,-11.306481539655643,8.02329413931461,-0.3249807940109723,-9.605200010420198,150.93650647425125
169.62185084430317,-11.315778859545288,8.024839486944813,-0.32491810532456056,-9.603390754413793,151.0090649127773
169.625625502401,-11.325076250832916,8.026386410985074,-0.32485555874731115,-9.601581294149131,151.08162966516105
169.62940007753423,-11.334373713472061,8.027934909270591,-0.32479315424267924,-9.599771630113754,151.1542007139565
169.63317456993823,-11.343671247416035,8.02948497963658,-0.3247308917740971,-9.597961762795174,151.22677804171775
169.63694897984826,-11.352968852618377,8.031036619918247,-0.32466877130494776,-9.596151692680936,151.29936163099887
169.64072330749957,-11.36226652903242,8.032589827950796,-0.3246067927985898,-9.594341420258596,151.3719514643539
169.6444975531276,-11.371564276611728,8.034144601569443,-0.32454495621833884,-9.592530946015701,151.4445475243368
169.6482717169675,-11.380862095309652,8.035700938609395,-0.32448326152748064,-9.590720270439808,151.51714979350177
169.65204579925478,-11.390159985079771,8.037258836905858,-0.3244217086892654,-9.588909394018497,151.58975825440277
169.65581980022466,-11.399457945875454,8.038818294294037,-0.3243602976669061,-9.587098317239343,151.6623728895937
169.65959372011255,-11.408755977650301,8.04037930860915,-0.3242990284235769,-9.585287040589936,151.7349936816289
169.66336755915373,-11.418054080357711,8.041941877686401,-0.32423790092242727,-9.58347556455786,151.80762061306228
169.66714131758368,-11.427352253951296,8.043505999360997,-0.3241769151265587,-9.581663889630736,151.88025366644786
169.67091499563765,-11.43665049838446,8.045071671468152,-0.32411607099904494,-9.57985201629616,151.95289282433973
169.67468859355108,-11.445948813610844,8.046638891843068,-0.32405536850292266,-9.578039945041754,152.02553806929194
169.67846211155936,-11.455247199583871,8.048207658320955,-0.323994807601195,-9.576227676355149,152.09818938385848
169.68223554989788,-11.464545656257206,8.04977796873703,-0.32393438825682236,-9.574415210723974,152.1708467505935
169.68600890880208,-11.473844183584287,8.051349820926493,-0.3238741104327386,-9.572602548635869,152.24351015205093
169.6897821885073,-11.483142781518788,8.052923212724552,-0.3238139740918339,-9.5707896905785,152.31617957078495
169.693555389249,-11.492441450014182,8.054498141966421,-0.32375397919696836,-9.568976637039508,152.3888549893495
169.6973285112627,-11.501740189024101,8.056074606487307,-0.323694125710967,-9.567163388506566,152.46153639029865
169.7011015547837,-11.51103899850219,8.057652604122417,-0.3236344135966111,-9.565349945467348,152.53422375618652
169.70487452004755,-11.520337878401952,8.059232132706963,-0.323574842816656,-9.563536308409534,152.60691706956712
169.70864740728967,-11.529636828677095,8.06081319007615,-0.3235154133338135,-9.561722477820815,152.67961631299443
169.71242021674553,-11.538935849281138,8.062395774065187,-0.32345612511076605,-9.559908454188893,152.75232146902258
169.71619294865062,-11.548234940167822,8.063979882509287,-0.3233969781101539,-9.558094238001464,152.8250325202056
169.71996560324044,-11.557534101290669,8.065565513243651,-0.323337972294586,-9.556279829746249,152.8977494490975
169.72373818075047,-11.56683333260344,8.067152664103496,-0.3232791076266325,-9.554465229910965,152.97047223825237
169.7275106814162,-11.576132634059691,8.068741332924024,-0.32322038406882725,-9.552650438983346,153.0432008702243
169.73128310547315,-11.585432005613184,8.070331517540447,-0.32316180158367047,-9.550835457451125,153.11593532756717
169.73505545315686,-11.5947314472175,8.071923215787974,-0.32310336013362523,-9.549020285802044,153.18867559283524
169.7388277247029,-11.604030958826417,8.073516425501813,-0.3230450596811178,-9.54720492452386,153.26142164858243
169.74259992034675,-11.613330540393536,8.075111144517173,-0.32298690018853754,-9.545389374104328,153.33417347736287
169.74637204032402,-11.62263019187266,8.076707370669263,-0.32292888161824096,-9.543573635031215,153.40693106173055
169.7501440848702,-11.63192991321739,8.078305101793287,-0.32287100393254214,-9.54175770779231,153.47969438423942
169.75391605422095,-11.64122970438157,8.07990433572446,-0.3228132670937243,-9.539941592875381,153.55246342744377
169.75768794861173,-11.65052956531881,8.08150507029799,-0.3227556710640324,-9.538125290768226,153.62523817389751
169.76145976827829,-11.659829495982958,8.083107303349083,-0.3226982158056763,-9.536308801958633,153.69801860615462
169.7652315134561,-11.66912949632766,8.084711032712947,-0.32264090128082484,-9.534492126934422,153.77080470676924
169.76900318438086,-11.678429566306784,8.086316256224798,-0.32258372745161495,-9.532675266183398,153.8435964582955
169.77277478128812,-11.687729705873982,8.087922971719834,-0.3225266942801487,-9.530858220193391,153.91639384328724
169.77654630441356,-11.697029914983082,8.089531177033269,-0.32246980172848283,-9.529040989452229,153.98919684429865
169.78031775399282,-11.706330193587933,8.091140870000313,-0.3224130497586447,-9.52722357444774,154.0620054438838
169.78408913026152,-11.715630541642208,8.092752048456171,-0.32235643833262656,-9.525405975667779,154.13481962459664
169.78786043345534,-11.72493095909983,8.094364710236055,-0.32229996741237693,-9.52358819360019,154.20763936899127
169.79163166380994,-11.734231445914492,8.095978853175172,-0.3222436369598132,-9.521770228732837,154.2804646596217
169.79540282156103,-11.743532002040133,8.097594475108734,-0.32218744693681217,-9.519952081553582,154.35329547904212
169.79917390694425,-11.75283262743047,8.099211573871942,-0.322131397305218,-9.51813375255031,154.42613180980635
169.80294492019536,-11.76213332203945,8.100830147300016,-0.32207548802683306,-9.516315242210895,154.49897363446863
169.80671586155003,-11.77143408582081,8.102450193228155,-0.3220197190634286,-9.514496551023234,154.57182093558293
169.810486731244,-11.78073491872851,8.104071709491569,-0.3219640903767321,-9.512677679475223,154.6446736957033
169.81425752951301,-11.790035820716321,8.10569469392547,-0.32190860192844156,-9.510858628054761,154.71753189738382
169.8180282565928,-11.799336791738211,8.107319144365064,-0.32185325368020895,-9.509039397249769,154.79039552317838
169.82179891271912,-11.80863783174797,8.108945058645563,-0.3217980455936594,-9.50721998754816,154.86326455564134
169.82556949812772,-11.817938940699582,8.110572434602174,-0.32174297763036874,-9.50540039943787,154.93613897732658
169.8293400130544,-11.827240118546847,8.112201270070104,-0.32168804975189197,-9.503580633406829,155.00901877078803
169.83311045773493,-11.836541365243786,8.113831562884563,-0.3216332619197278,-9.501760689942978,155.08190391857988
169.8368808324051,-11.845842680744203,8.11546331088076,-0.32157861409535327,-9.499940569534276,155.15479440325615
