galstreams/tracks/track.st.NGC3201-Gjoll.palau2021.ecsv
# %ECSV 0.9
# ---
# datatype:
# - {name: ra, unit: deg, datatype: float64}
# - {name: dec, unit: deg, datatype: float64}
# - {name: distance, unit: kpc, datatype: float64}
# - {name: pm_ra_cosdec, unit: mas / yr, datatype: float64}
# - {name: pm_dec, unit: mas / yr, datatype: float64}
# - {name: radial_velocity, unit: km / s, datatype: float64}
# delimiter: ','
# meta: !!omap
# - __serialized_columns__:
#     dec:
#       __class__: astropy.coordinates.angles.Latitude
#       unit: &id001 !astropy.units.Unit {unit: deg}
#       value: !astropy.table.SerializedColumn {name: dec}
#     distance:
#       __class__: astropy.coordinates.distances.Distance
#       unit: !astropy.units.Unit {unit: kpc}
#       value: !astropy.table.SerializedColumn {name: distance}
#     pm_dec:
#       __class__: astropy.units.quantity.Quantity
#       unit: !astropy.units.Unit {unit: mas / yr}
#       value: !astropy.table.SerializedColumn {name: pm_dec}
#     pm_ra_cosdec:
#       __class__: astropy.units.quantity.Quantity
#       unit: !astropy.units.Unit {unit: mas / yr}
#       value: !astropy.table.SerializedColumn {name: pm_ra_cosdec}
#     ra:
#       __class__: astropy.coordinates.angles.Longitude
#       unit: *id001
#       value: !astropy.table.SerializedColumn {name: ra}
#       wrap_angle: !astropy.coordinates.Angle
#         unit: *id001
#         value: 360.0
#     radial_velocity:
#       __class__: astropy.units.quantity.Quantity
#       unit: !astropy.units.Unit {unit: km / s}
#       value: !astropy.table.SerializedColumn {name: radial_velocity}
# schema: astropy-2.0
ra,dec,distance,pm_ra_cosdec,pm_dec,radial_velocity
[from data line 5660]
85.70072816587908,-16.62371370298442,3.9447384814922457,23.638310603961916,-23.31330518127339,-2.8630608241565947e-13
85.70862492693406,-16.630281109637487,3.945510321822276,23.638926803512867,-23.312377340247373,-3.1998915093514883e-13
85.71652235784124,-16.63684806886113,3.946282207906607,23.639541554743808,-23.31144732540247,-3.536722194546382e-13
85.72442045887938,-16.64341458044194,3.947054139264047,23.64015485768441,-23.310515137122934,-4.210383564936169e-13
85.73231923032738,-16.64998064416674,3.947826115413621,23.640766712364634,-23.3095807757936,-4.041968222338722e-13
85.74021867246378,-16.65654625982222,3.948598135874473,23.64137711881475,-23.308644241800003,-3.705137537143829e-13
85.74811878556721,-16.663111427195318,3.949370200165873,23.641986077065418,-23.30770553552837,-3.536722194546382e-13
85.75601956991626,-16.669676146072955,3.950142307807199,23.642593587147598,-23.30676465736553,-3.536722194546382e-13
85.7639210257892,-16.67624041624204,3.950914458318027,23.643199649092548,-23.305821607699013,-3.1998915093514883e-13
85.77182315346444,-16.682804237489698,3.9516866512180364,23.64380426293199,-23.304876386917048,-3.8735528797412755e-13
85.77972595322014,-16.689367609602954,3.9524588860270047,23.64440742869789,-23.303928995408505,-4.041968222338722e-13
85.7876294253345,-16.69593053236906,3.953231162264854,23.64500914642258,-23.30297943356289,-4.3787989075336156e-13
85.7955335700855,-16.70249300557517,3.9540034794517127,23.645609416138686,-23.302027701770434,-3.536722194546382e-13
85.80343838775111,-16.70905502900858,3.954775837107771,23.646208237879275,-23.30107380042199,-4.210383564936169e-13
85.81134387860928,-16.715616602456727,3.9555482347533797,23.646805611677614,-23.300117729909047,-3.8735528797412755e-13
85.81925004293765,-16.722177725706906,3.956320671909017,23.647401537567415,-23.29915949062384,-3.031476166754042e-13
85.827156881014,-16.728738398546678,3.957093148095307,23.647996015582727,-23.298199082959254,-4.715629592728509e-13
85.83506439311589,-16.73529862076351,3.957865662832998,23.648589045757845,-23.297236507308757,-4.210383564936169e-13
85.84297257952085,-16.741858392145094,3.9586382156430138,23.64918062812747,-23.296271764066546,-4.210383564936169e-13
85.8508814405062,-16.748417712478997,3.9594108060463347,23.649770762726654,-23.29530485362749,-3.3683068519489354e-13
85.85879097634933,-16.754976581552977,3.96018343356417,23.650359449590752,-23.294335776387104,-4.5472142501310627e-13
85.86670118732751,-16.761534999154883,3.960956097717781,23.650946688755454,-23.29336453274152,-3.705137537143829e-13
85.87461207371777,-16.768092965072462,3.9617287980286404,23.65153248025683,-23.292391123087647,-3.8735528797412755e-13
85.88252363579726,-16.77465047909371,3.9625015340183194,23.652116824131223,-23.291415547822936,-3.8735528797412755e-13
85.89043587384285,-16.78120754100654,3.96327430520852,23.65269972041536,-23.29043780734558,-3.8735528797412755e-13
85.8983487881315,-16.787764150599045,3.9640471111211006,23.653281169146304,-23.28945790205435,-4.041968222338722e-13
85.90626237893986,-16.794320307659255,3.9648199512780646,23.653861170361374,-23.288475832348787,-3.031476166754042e-13
85.91417664654468,-16.80087601197538,3.9655928252015338,23.65443972409836,-23.287491598628993,-3.3683068519489354e-13
85.92209159122258,-16.807431263335655,3.9663657324137764,23.655016830395297,-23.286505201295824,-4.041968222338722e-13
85.93000721325001,-16.81398606152833,3.9671386724371933,23.65559248929057,-23.285516640750686,-4.210383564936169e-13
85.93792351290341,-16.820540406341795,3.9679116447943423,23.65616670082293,-23.28452591739577,-4.041968222338722e-13
85.94584049045905,-16.82709429756441,3.9686846490078915,23.65673946503144,-23.283533031633816,-3.8735528797412755e-13
85.95375814619322,-16.833647734984737,3.9694576846006946,23.657310781955474,-23.282537983868274,-2.8630608241565947e-13
85.96167648038197,-16.8402007183912,3.9702307510956736,23.657880651634777,-23.281540774503277,-4.041968222338722e-13
85.96959549330138,-16.846753247572455,3.971003848015981,23.658449074109416,-23.28054140394355,-4.041968222338722e-13
85.97751518522743,-16.853305322317233,3.971776974884825,23.65901604941983,-23.279539872594523,-4.3787989075336156e-13
85.98543555643593,-16.859856942414158,3.972550131225597,23.65958157760674,-23.278536180862307,-3.536722194546382e-13
85.99335660720268,-16.86640810765211,3.973323316561853,23.660145658711205,-23.277530329153585,-3.3683068519489354e-13
86.00127833780329,-16.87295881781987,3.9740965304172193,23.660708292774686,-23.27652231787581,-4.210383564936169e-13
86.00920074851344,-16.879509072706423,3.974869772315537,23.661269479838875,-23.27551214743698,-3.031476166754042e-13
86.01712383960852,-16.88605887210066,3.9756430417807267,23.66182921994586,-23.274499818245808,-4.210383564936169e-13
86.02504761136395,-16.892608215791704,3.9764163383368962,23.662387513138114,-23.2734853307117,-3.705137537143829e-13
86.03297206405507,-16.899157103568665,3.9771896615082687,23.66294435945833,-23.272468685244654,-3.8735528797412755e-13
86.04089719795705,-16.905705535220658,3.977963010819224,23.663499758949616,-23.271449882255325,-3.3683068519489354e-13
86.04882301334507,-16.912253510536996,3.9787363857942926,23.664053711655367,-23.27042892215504,-4.210383564936169e-13
86.05674951049406,-16.9188010293069,3.9795097859580806,23.66460621761938,-23.269405805355838,-3.705137537143829e-13
86.06467668967905,-16.9253480913198,3.980283210835459,23.665157276885694,-23.268380532270278,-3.8735528797412755e-13
86.0726045511748,-16.93189469636505,3.9810566599513217,23.665706889498747,-23.267353103311702,-4.041968222338722e-13
86.08053309525607,-16.938440844232186,3.9818301328307775,23.666255055503285,-23.26632351889407,-4.715629592728509e-13
86.08846232219761,-16.944986534710782,3.982603628999057,23.666801774944457,-23.265291779431955,-3.705137537143829e-13
86.09639223227384,-16.951531767590414,3.9833771479815323,23.667347047867615,-23.264257885340637,-3.705137537143829e-13
86.10432282575937,-16.958076542660823,3.984150689303721,23.6678908743185,-23.26322183703597,-3.705137537143829e-13
86.11225410292843,-16.964620859711665,3.9849242524912847,23.668433254343267,-23.262183634934587,-3.1998915093514883e-13
86.12018606405543,-16.971164718532858,3.985697837070011,23.66897418798828,-23.261143279453645,-3.1998915093514883e-13
86.12811870941447,-16.97770811891416,3.9864714425658727,23.669513675300326,-23.260100771011036,-3.8735528797412755e-13
86.13605203927968,-16.98425106064558,3.98724506850496,23.67005171632644,-23.259056110025245,-3.8735528797412755e-13
86.14398605392509,-16.990793543517135,3.988018714413525,23.6705883111141,-23.25800929691548,-3.8735528797412755e-13
86.15192075362457,-16.997335567318842,3.988792379817931,23.67112345971106,-23.256960332101553,-4.5472142501310627e-13
86.15985613865199,-17.003877131840905,3.9895660642447064,23.671657162165364,-23.255909216003896,-3.031476166754042e-13
86.16779220928099,-17.010418236873434,3.9903397672205387,23.67218941852546,-23.2548559490437,-3.8735528797412755e-13
86.17572896578528,-17.016958882206755,3.991113488272252,23.67272022884005,-23.25380053164263,-4.041968222338722e-13
86.18366640843836,-17.023499067631143,3.991887226926805,23.673249593158243,-23.252742964223167,-3.8735528797412755e-13
86.19160453751364,-17.030038792937013,3.9926609827113286,23.673777511529458,-23.251683247208376,-3.8735528797412755e-13
86.19954335328455,-17.03657805791485,3.993434755153042,23.67430398400342,-23.250621381021976,-3.3683068519489354e-13
86.20748285602427,-17.043116862355102,3.9942085437793886,23.674829010630233,-23.249557366088325,-3.536722194546382e-13
86.21542304600604,-17.04965520604845,3.9949823481179085,23.675352591460292,-23.24849120283244,-3.3683068519489354e-13
86.22336392350282,-17.056193088785427,3.995756167696312,23.675874726544293,-23.24742289167996,-4.3787989075336156e-13
86.23130548878765,-17.062730510356815,3.996530002042433,23.676395415933353,-23.24635243305722,-2.8630608241565947e-13
86.23924774213344,-17.069267470553395,3.9973038506842906,23.676914659678882,-23.245279827391172,-5.052460277923403e-13
86.24719068381292,-17.075803969165996,3.9980777131499705,23.67743245783255,-23.244205075109402,-4.5472142501310627e-13
86.25513431409883,-17.08234000598555,3.9988515889678244,23.67794881044648,-23.243128176640184,-4.041968222338722e-13
86.26307863326367,-17.08887558080298,3.9996254776662616,23.678463717573027,-23.242049132412397,-3.3683068519489354e-13
86.27102364158004,-17.09541069340933,4.000399378773878,23.678977179264958,-23.2409679428556,-4.210383564936169e-13
86.27896933932037,-17.10194534359578,4.001173291819404,23.679489195575265,-23.239884608399933,-3.536722194546382e-13
86.28691572675685,-17.10847953115341,4.001947216331719,23.67999976655737,-23.2387991294763,-4.041968222338722e-13
86.29486280416184,-17.115013255873514,4.002721151839877,23.68050889226499,-23.237711506516106,-3.031476166754042e-13
86.30281057180734,-17.121546517547337,4.003495097873029,23.681016572752174,-23.236621739951538,-4.041968222338722e-13
86.31075902996551,-17.128079315966303,4.004269053960537,23.681522808073257,-23.2355298302153,-3.8735528797412755e-13
86.31870817890815,-17.134611650921787,4.005043019631858,23.682027598282982,-23.234435777740856,-3.3683068519489354e-13
86.32665801890717,-17.141143522205297,4.005816994416645,23.682530943436355,-23.23333958296223,-3.536722194546382e-13
86.33460855023436,-17.147674929608456,4.006590977844672,23.68303284358876,-23.23224124631411,-3.536722194546382e-13
86.3425597731613,-17.154205872922795,4.00736496944586,23.683533298795904,-23.23114076823187,-3.705137537143829e-13
86.3505116879596,-17.160736351940084,4.008138968750294,23.684032309113736,-23.230038149151426,-4.210383564936169e-13
86.35846429490064,-17.16726636645203,4.008912975288229,23.684529874598706,-23.22893338950949,-3.705137537143829e-13
86.36641759425592,-17.173795916250505,4.0096869885900235,23.685025995307434,-23.22782648974328,-3.705137537143829e-13
86.37437158629658,-17.18032500112734,4.010461008186219,23.685520671296928,-23.22671745029069,-3.8735528797412755e-13
86.38232627129383,-17.18685362087451,4.0112350336075115,23.686013902624566,-23.2256062715903,-3.8735528797412755e-13
86.39028164951884,-17.193381775284102,4.01200906438472,23.68650568934798,-23.22449295408127,-3.3683068519489354e-13
86.39823772124247,-17.1999094641481,4.012783100048866,23.686996031525148,-23.223377498203444,-4.5472142501310627e-13
86.40619448673573,-17.206436687258744,4.01355714013106,23.687484929214456,-23.222259904397305,-3.8735528797412755e-13
86.4141519462693,-17.21296344440818,4.0143311841626215,23.687972382474495,-23.221140173103937,-3.705137537143829e-13
86.422110100114,-17.219489735388773,4.015105231674975,23.688458391364282,-23.22001830476509,-4.5472142501310627e-13
86.43006894854031,-17.226015559992803,4.015879282199727,23.68894295594308,-23.218894299823162,-3.3683068519489354e-13
86.4380284918188,-17.232540918012706,4.016653335268639,23.68942607627058,-23.217768158721196,-4.210383564936169e-13
86.44598873021992,-17.239065809241026,4.017427390413614,23.689907752406725,-23.21663988190283,-4.3787989075336156e-13
86.45394966401393,-17.24559023347022,4.018201447166686,23.690387984411824,-23.215509469812396,-3.3683068519489354e-13
86.46191129347112,-17.252114190492993,4.018975505060115,23.690866772346453,-23.214376922894775,-3.031476166754042e-13
86.4698736188615,-17.258637680101945,4.0197495636262195,23.691344116271537,-23.213242241595587,-3.8735528797412755e-13
86.47783664045524,-17.265160702089915,4.020523622397565,23.69182001624845,-23.212105426361067,-3.1998915093514883e-13
86.48580035852214,-17.271683256249634,4.021297680906784,23.692294472338688,-23.210966477638024,-3.1998915093514883e-13
86.49376477333212,-17.278205342374022,4.022071738686719,23.692767484604214,-23.20982539587396,-2.8630608241565947e-13
86.50172988515493,-17.284726960256062,4.022845795270365,23.693239053107323,-23.208682181517013,-4.3787989075336156e-13
86.50969569426016,-17.291248109688727,4.023619850190857,23.693709177910534,-23.207536835015926,-4.210383564936169e-13
86.51766220091744,-17.297768790465135,4.024393902981492,23.694177859076824,-23.206389356820107,-3.031476166754042e-13
86.52562940539612,-17.304289002378376,4.025167953175705,23.694645096669348,-23.20523974737958,-4.041968222338722e-13
86.53359730796565,-17.310808745221753,4.0259420003070945,23.695110890751717,-23.204088007144993,-3.536722194546382e-13
86.54156590889522,-17.31732801878847,4.026716043909447,23.69557524138779,-23.202934136567674,-3.705137537143829e-13
86.54953520845402,-17.323846822871918,4.027490083516654,23.696038148641822,-23.20177813609956,-3.3683068519489354e-13
86.55750520691116,-17.33036515726554,4.028264118662807,23.69649961257829,-23.200620006193155,-3.536722194546382e-13
86.56547590453553,-17.336883021762755,4.029038148882107,23.696959633262075,-23.199459747301706,-3.705137537143829e-13
86.5734473015961,-17.3434004161572,4.029812173708972,23.69741821075843,-23.198297359879064,-3.536722194546382e-13
86.58141939836156,-17.349917340242403,4.030586192677921,23.697875345132772,-23.197132844379627,-4.3787989075336156e-13
86.58939219510067,-17.35643379381214,4.031360205323659,23.698331036451012,-23.19596620125855,-4.3787989075336156e-13
86.59736569208192,-17.362949776660084,4.032134211181056,23.698785284779305,-23.194797430971573,-4.884044935325956e-13
86.60533988957387,-17.369465288580095,4.032908209785083,23.69923809018409,-23.19362653397497,-4.041968222338722e-13
86.61331478784491,-17.375980329366094,4.033682200670968,23.699689452732244,-23.19245351072582,-3.705137537143829e-13
86.62129038716328,-17.382494898811977,4.034456183373996,23.700139372490884,-23.19127836168171,-3.031476166754042e-13
86.62926668779724,-17.389008996711844,4.035230157429673,23.700587849527487,-23.19010108730089,-4.884044935325956e-13
86.63724369001483,-17.395522622859698,4.036004122373642,23.701034883909806,-23.18892168804222,-3.8735528797412755e-13
86.64522139408413,-17.402035777049775,4.036778077741714,23.701480475706006,-23.18774016436526,-4.210383564936169e-13
86.65319980027293,-17.408548459076243,4.0375520230698285,23.701924624984468,-23.18655651673013,-3.705137537143829e-13
86.66117890884911,-17.415060668733418,4.038325957894123,23.70236733181402,-23.185370745597588,-4.715629592728509e-13
86.66915872008042,-17.421572405815706,4.039099881750876,23.70280859626371,-23.184182851429043,-2.8630608241565947e-13
86.67713923423436,-17.428083670117463,4.03987379417652,23.703248418402936,-23.182992834686498,-4.210383564936169e-13
86.68512045157858,-17.434594461433274,4.0406476947076735,23.703686798301476,-23.18180069583266,-3.031476166754042e-13
86.69310237238037,-17.441104779557612,4.0414215828810764,23.704123736029345,-23.180606435330784,-3.8735528797412755e-13
86.70108499690713,-17.447614624285187,4.042195458233658,23.70455923165697,-23.17941005364476,-4.041968222338722e-13
86.70906832542603,-17.454123995410665,4.04296932030249,23.704993285255,-23.17821155123914,-3.705137537143829e-13
86.71705235820421,-17.46063289272881,4.043743168624816,23.705425896894518,-23.177010928579097,-2.8630608241565947e-13
86.72503709550875,-17.4671413160345,4.044517002738044,23.705857066646836,-23.175808186130407,-4.5472142501310627e-13
86.73302253760649,-17.473649265122603,4.045290822179717,23.706286794583658,-23.1746033243595,-4.3787989075336156e-13
86.74100868476435,-17.480156739788146,4.046064626487578,23.70671508077696,-23.17339634373338,-3.8735528797412755e-13
86.74899553724897,-17.4866637398261,4.046838415199492,23.707141925299055,-23.172187244719755,-4.041968222338722e-13
86.75698309532707,-17.493170265031644,4.047612187853514,23.707567328222613,-23.17097602778687,-4.210383564936169e-13
86.7649713592651,-17.499676315199903,4.048385943987841,23.7079912896206,-23.169762693403726,-4.041968222338722e-13
