galstreams/tracks/track.st.Sylgr.ibata2024.ecsv
# %ECSV 1.0
# ---
# datatype:
# - {name: ra, unit: deg, datatype: float64}
# - {name: dec, unit: deg, datatype: float64}
# - {name: distance, unit: kpc, datatype: float64}
# - {name: pm_ra_cosdec, unit: mas / yr, datatype: float64}
# - {name: pm_dec, unit: mas / yr, datatype: float64}
# - {name: radial_velocity, unit: km / s, datatype: float64}
# delimiter: ','
# meta: !!omap
# - __serialized_columns__:
#     dec:
#       __class__: astropy.coordinates.angles.Latitude
#       unit: &id001 !astropy.units.Unit {unit: deg}
#       value: !astropy.table.SerializedColumn {name: dec}
#     distance:
#       __class__: astropy.coordinates.distances.Distance
#       unit: !astropy.units.Unit {unit: kpc}
#       value: !astropy.table.SerializedColumn {name: distance}
#     pm_dec:
#       __class__: astropy.units.quantity.Quantity
#       unit: !astropy.units.Unit {unit: mas / yr}
#       value: !astropy.table.SerializedColumn {name: pm_dec}
#     pm_ra_cosdec:
#       __class__: astropy.units.quantity.Quantity
#       unit: !astropy.units.Unit {unit: mas / yr}
#       value: !astropy.table.SerializedColumn {name: pm_ra_cosdec}
#     ra:
#       __class__: astropy.coordinates.angles.Longitude
#       unit: *id001
#       value: !astropy.table.SerializedColumn {name: ra}
#       wrap_angle: !astropy.coordinates.Angle
#         unit: *id001
#         value: 360.0
#     radial_velocity:
#       __class__: astropy.units.quantity.Quantity
#       unit: !astropy.units.Unit {unit: km / s}
#       value: !astropy.table.SerializedColumn {name: radial_velocity}
# schema: astropy-2.0
ra,dec,distance,pm_ra_cosdec,pm_dec,radial_velocity
[from data line 834]
169.73073307702856,-7.595801810528246,0.9999999999999991,-21.056778426595503,-19.94092904300706,-125.29052221090376
169.73880145102544,-7.589573648327126,0.9999999999999991,-21.050925169916354,-19.934892197911772,-125.41786802623162
169.74687127909934,-7.583348513731941,0.9999999999999992,-21.045068760460026,-19.92885498848275,-125.54505551873527
169.75494256035088,-7.577126404588564,0.9999999999999992,-21.039209204339784,-19.922817414737356,-125.67208481319348
169.76301529388064,-7.570907318743021,0.9999999999999992,-21.03334650766831,-19.916779476693975,-125.7989560343852
169.77108947878915,-7.564691254041423,0.999999999999999,-21.02748067655779,-19.91074117437205,-125.9256693070892
169.77916511417672,-7.558478208330096,0.9999999999999992,-21.021611717119892,-19.904702507792006,-126.05222475608431
169.78724219914363,-7.552268179455492,0.9999999999999992,-21.01573963546574,-19.898663476975358,-126.17862250614941
169.79532073279003,-7.546061165264207,0.9999999999999993,-21.009864437705975,-19.892624081944618,-126.30486268206332
169.80340071421605,-7.539857163602985,0.9999999999999991,-21.003986129950647,-19.886584322723348,-126.43094540860496
169.81148214252156,-7.5336561723187145,0.9999999999999991,-20.998104718309357,-19.880544199336114,-126.55687081055312
169.81956501680645,-7.527458189258428,0.9999999999999993,-20.992220208891137,-19.87450371180853,-126.6826390126866
169.82764933617048,-7.52126321226932,0.9999999999999992,-20.986332607804513,-19.86846286016724,-126.8082501397844
169.83573509971322,-7.515071239198734,0.9999999999999991,-20.98044192115752,-19.862421644439916,-126.93370431662517
169.84382230653432,-7.508882267894103,0.9999999999999993,-20.974548155057633,-19.856380064655248,-127.05900166798789
169.8519109557332,-7.502696296203073,0.9999999999999992,-20.968651315611815,-19.850338120842963,-127.18414231865137
169.86000104640914,-7.4965133219734135,0.9999999999999991,-20.962751408926536,-19.84429581303381,-127.3091263933944
169.8680925776614,-7.490333343053041,0.9999999999999991,-20.956848441107706,-19.83825314125957,-127.43395401699597
169.87618554858912,-7.484156357290022,0.9999999999999992,-20.950942418260748,-19.832210105553045,-127.55862531423477
169.88427995829127,-7.477982362532566,0.9999999999999993,-20.945033346490582,-19.826166705948058,-127.68314040988973
169.8923758058668,-7.4718113566290265,0.9999999999999992,-20.939121231901563,-19.82012294247948,-127.80749942873977
169.90047309041447,-7.465643337427915,0.9999999999999992,-20.933206080597593,-19.81407881518317,-127.93170249556351
169.908571811033,-7.459478302777905,0.999999999999999,-20.92728789868199,-19.808034324096035,-128.05574973514
169.916671966821,-7.453316250527738,0.999999999999999,-20.921366692257592,-19.801989469256,-128.17964127224803
169.92477355687694,-7.447157178526388,0.9999999999999992,-20.91544246742673,-19.795944250702,-128.30337723166645
169.93287658029922,-7.4410010846229495,0.9999999999999991,-20.909515230291206,-19.789898668474017,-128.42695773817405
169.94098103618606,-7.4348479666666565,0.999999999999999,-20.90358498695231,-19.783852722613045,-128.55038291654975
169.94908692363563,-7.428697822506896,0.9999999999999992,-20.89765174351083,-19.777806413161066,-128.67365289157235
169.95719424174604,-7.422550649993202,0.9999999999999993,-20.891715506067015,-19.771759740161144,-128.79676778802076
169.96530298961514,-7.416406446975253,0.9999999999999993,-20.885776280720645,-19.76571270365731,-128.91972773067374
169.97341316634083,-7.410265211302873,0.9999999999999991,-20.87983407357094,-19.759665303694646,-129.0425328443102
169.98152477102076,-7.404126940826065,0.9999999999999991,-20.873888890716643,-19.753617540319212,-129.16518325370888
169.98963780275267,-7.39799163339489,0.9999999999999991,-20.867940738255953,-19.747569413578137,-129.28767908364884
169.99775226063397,-7.39185928685965,0.9999999999999992,-20.861989622286593,-19.741520923519534,-129.41002045890875
170.00586814376206,-7.385729899070754,0.9999999999999991,-20.856035548905766,-19.73547207019255,-129.5322075042674
170.0139854512343,-7.379603467878768,0.9999999999999991,-20.85007852421014,-19.729422853647332,-129.65424034450388
170.02210418214779,-7.373479991134394,0.9999999999999992,-20.844118554295903,-19.723373273935053,-129.77611910439686
170.03022433559963,-7.367359466688488,0.9999999999999991,-20.838155645258723,-19.7173233311079,-129.8978439087252
170.0383459106867,-7.361241892392057,0.9999999999999991,-20.832189803193785,-19.71127302521906,-130.01941488226774
170.04646890650596,-7.355127266096248,0.9999999999999992,-20.826221034195697,-19.705222356322764,-130.1408321498034
170.054593322154,-7.349015585652383,0.9999999999999992,-20.820249344358647,-19.699171324474236,-130.26209583611097
170.06271915672758,-7.342906848911852,0.9999999999999992,-20.814274739776256,-19.693119929729697,-130.3832060659693
170.07084640932317,-7.336801053726276,0.9999999999999992,-20.808297226541637,-19.687068172146425,-130.50416296415727
170.0789750790371,-7.330698197947388,0.9999999999999996,-20.802316810747445,-19.681016051782656,-130.62496665545368
170.0871051649657,-7.324598279427075,0.9999999999999993,-20.7963334984858,-19.674963568697688,-130.74561726463742
170.09523666620512,-7.318501296017371,0.9999999999999991,-20.790347295848306,-19.668910722951793,-130.86611491648736
170.1033695818514,-7.31240724557045,0.9999999999999993,-20.78435820892607,-19.66285751460625,-130.98645973578218
170.11150391100054,-7.30631612593864,0.9999999999999994,-20.778366243809693,-19.656803943723386,-131.10665184730098
170.1196396527483,-7.300227934974419,0.9999999999999993,-20.772371406589322,-19.6507500103665,-131.22669137582233
170.1277768061904,-7.294142670530429,0.9999999999999994,-20.76637370335449,-19.644695714599905,-131.34657844612528
170.13591537042248,-7.288060330459387,0.9999999999999994,-20.760373140194346,-19.638641056488936,-131.46631318298867
170.14405534454002,-7.281980912614233,0.9999999999999993,-20.75436972319745,-19.632586036099923,-131.5858957111913
170.15219672763837,-7.275904414848028,0.9999999999999992,-20.748363458451905,-19.626530653500204,-131.70532615551195
170.16033951881278,-7.269830835013986,0.9999999999999991,-20.742354352045318,-19.62047490875812,-131.8246046407295
170.1684837171584,-7.263760170965455,0.9999999999999993,-20.736342410064747,-19.614418801943017,-131.94373129162287
170.1766293217703,-7.257692420555947,0.9999999999999993,-20.730327638596805,-19.608362333125253,-132.06270623297092
170.18477633174328,-7.2516275816391085,0.9999999999999993,-20.724310043727556,-19.60230550237618,-132.18152958955238
170.19292474617217,-7.245565652068764,0.9999999999999992,-20.71828963154261,-19.59624830976816,-132.30020148614614
170.2010745641517,-7.239506629698808,0.9999999999999992,-20.71226640812705,-19.590190755374554,-132.4187220475311
170.20922578477638,-7.233450512383358,0.9999999999999993,-20.70624037956547,-19.584132839269728,-132.53709139848604
170.2173784071407,-7.227397297976652,0.9999999999999993,-20.700211551941937,-19.57807456152904,-132.6553096637898
170.22553243033894,-7.221346984333079,0.9999999999999993,-20.69417993134008,-19.57201592222886,-132.7733769682213
170.2336878534653,-7.215299569307174,0.9999999999999991,-20.68814552384298,-19.565956921446556,-132.89129343655935
170.24184467561392,-7.209255050753615,0.9999999999999993,-20.682108335533215,-19.55989755926048,-133.0090591935828
170.25000289587874,-7.203213426527235,0.9999999999999993,-20.67606837249292,-19.55383783575001,-133.12667436407054
170.25816251335357,-7.197174694483004,0.9999999999999993,-20.67002564080369,-19.547777750995486,-133.2441390728012
170.26632352713216,-7.191138852476078,0.9999999999999993,-20.663980146546635,-19.54171730507829,-133.36145344455392
170.27448593630822,-7.1851058983616705,0.9999999999999994,-20.65793189580235,-19.535656498080762,-133.4786176041074
170.28264973997517,-7.1790758299952255,0.9999999999999994,-20.651880894650994,-19.529595330086256,-133.59563167624046
170.29081493722643,-7.173048645232309,0.9999999999999993,-20.64582714917216,-19.523533801179127,-133.71249578573207
170.2989815271552,-7.1670243419286335,0.9999999999999992,-20.639770665444992,-19.51747191144471,-133.829210057361
170.30714950885468,-7.161002917940058,0.9999999999999993,-20.63371144954813,-19.511409660969335,-133.94577461590603
170.31531888141782,-7.1549843711225884,0.9999999999999992,-20.627649507559713,-19.505347049840342,-134.06218958614605
170.3234896439376,-7.148968699332381,0.9999999999999993,-20.621584845557418,-19.499284078146054,-134.17845509286002
170.33166179550673,-7.1429559004257355,0.9999999999999993,-20.615517469618375,-19.493220745975776,-134.2945712608266
170.33983533521788,-7.136945972259125,0.9999999999999994,-20.60944738581926,-19.48715705341982,-134.41053821482478
170.34801026216365,-7.130938912689097,0.9999999999999993,-20.603374600236258,-19.481093000569494,-134.52635607963344
170.35618657543642,-7.124934719572417,0.9999999999999993,-20.59729911894505,-19.475028587517073,-134.6420249800312
170.36436427412852,-7.118933390765979,0.9999999999999993,-20.591220948020826,-19.46896381435585,-134.75754504079717
170.37254335733203,-7.112934924126817,0.9999999999999992,-20.58514009353833,-19.46289868118008,-134.87291638671005
170.3807238241391,-7.106939317512118,0.9999999999999992,-20.57905656157173,-19.45683318808502,-134.98813914254862
170.3889056736416,-7.100946568779213,0.9999999999999992,-20.57297035819478,-19.450767335166923,-135.1032134330919
170.39708890493137,-7.094956675785584,0.9999999999999993,-20.566881489480703,-19.444701122523014,-135.21813938311865
170.40527351710008,-7.088969636388854,0.9999999999999994,-20.56078996150226,-19.438634550251514,-135.33291711740776
170.41345950923926,-7.082985448446827,0.9999999999999993,-20.554695780331734,-19.43256761845163,-135.4475467607379
170.42164688044045,-7.077004109817371,0.9999999999999993,-20.548598952040876,-19.426500327223547,-135.5620284378882
170.4298356297949,-7.07102561835858,0.9999999999999993,-20.542499482700972,-19.42043267666845,-135.67636227363735
170.4380257563938,-7.065049971928671,0.9999999999999992,-20.536397378382855,-19.41436466688849,-135.79054839276415
170.44621725932828,-7.059077168386008,0.9999999999999992,-20.530292645156795,-19.40829629798681,-135.90458692004756
170.45441013768917,-7.0531072055891,0.9999999999999993,-20.52418528909267,-19.402227570067527,-136.01847798026634
170.46260439056744,-7.047140081396603,0.9999999999999993,-20.51807531625979,-19.396158483235766,-136.13222169819937
170.47080001705368,-7.041175793667328,0.9999999999999992,-20.51196273272705,-19.390089037597615,-136.2458181986255
170.47899701623848,-7.035214340260221,0.9999999999999993,-20.50584754456281,-19.38401923326013,-136.35926760632358
170.48719538721227,-7.029255719034413,0.9999999999999996,-20.499729757834952,-19.377949070331358,-136.47257004607252
170.49539512906549,-7.023299927849095,0.9999999999999993,-20.493609378610902,-19.371878548920357,-136.585725642651
170.5035962408882,-7.017346964563693,0.9999999999999991,-20.487486412957583,-19.365807669137116,-136.69873452083797
170.51179872177056,-7.011396827037741,0.9999999999999993,-20.48136086694145,-19.359736431092614,-136.8115968054123
170.52000257080252,-7.005449513130932,0.9999999999999992,-20.47523274662845,-19.353664834898826,-136.9243126211528
170.52820778707385,-6.999505020703101,0.9999999999999994,-20.469102058084076,-19.3475928806687,-137.03688209283828
170.53641436967428,-6.993563347614233,0.9999999999999991,-20.46296880737333,-19.341520568516145,-137.14930534524768
170.54462231769338,-6.987624491724455,0.9999999999999993,-20.456833000560703,-19.33544789855606,-137.2615825031598
170.5528316302205,-6.981688450894078,0.9999999999999993,-20.45069464371029,-19.3293748709043,-137.3737136913534
170.56104230634512,-6.975755222983466,0.9999999999999993,-20.44455374288559,-19.32330148567772,-137.4856990346075
170.56925434515637,-6.969824805853224,0.9999999999999993,-20.438410304149713,-19.31722774299414,-137.59753865770085
170.57746774574326,-6.963897197364069,0.9999999999999992,-20.432264333565264,-19.311153642972346,-137.7092326854122
170.58568250719478,-6.957972395376867,0.9999999999999993,-20.426115837194356,-19.30507918573209,-137.82078124252067
170.5938986285997,-6.952050397752635,0.9999999999999992,-20.419964821098652,-19.29900437139412,-137.9321844538048
170.60211610904673,-6.9461312023525315,0.9999999999999993,-20.413811291339297,-19.292929200080128,-138.0434424440436
170.61033494762444,-6.940214807037866,0.9999999999999993,-20.40765525397698,-19.286853671912798,-138.1545553380159
170.61855514342116,-6.934301209670096,0.9999999999999993,-20.40149671507194,-19.28077778701577,-138.2655232605005
170.62677669552525,-6.928390408110847,0.9999999999999993,-20.39533568068388,-19.27470154551365,-138.37634633627633
170.6349996030249,-6.922482400221818,0.9999999999999993,-20.38917215687208,-19.268624947532036,-138.48702469012218
170.64322386500814,-6.916577183864934,0.9999999999999993,-20.383006149695326,-19.262547993197465,-138.59755844681686
170.6514494805629,-6.91067475690224,0.9999999999999993,-20.376837665211912,-19.25647068263746,-138.70794773113934
170.65967644877685,-6.904775117195925,0.9999999999999993,-20.370666709479696,-19.250393015980492,-138.8181926678683
170.66790476873777,-6.898878262608329,0.9999999999999994,-20.36449328855602,-19.24431499335602,-138.9282933817828
170.67613443953312,-6.892984191001939,0.9999999999999993,-20.35831740849779,-19.23823661489446,-139.0382499976614
170.6843654602503,-6.887092900239386,0.9999999999999994,-20.352139075361404,-19.23215788072718,-139.1480626402832
170.6925978299765,-6.8812043881834555,0.9999999999999993,-20.345958295202827,-19.226078790986524,-139.25773143442692
170.70083154779894,-6.875318652697096,0.9999999999999993,-20.339775074077497,-19.21999934580579,-139.36725650487142
170.70906661280463,-6.86943569164333,0.9999999999999993,-20.33358941804042,-19.213919545319257,-139.47663797639564
170.7173030240804,-6.8635555028854105,0.9999999999999994,-20.32740133314614,-19.207839389662134,-139.58587597377826
170.72554078071298,-6.8576780842866985,0.9999999999999993,-20.321210825448702,-19.201758878970626,-139.69497062179826
170.73377988178902,-6.8518034337107165,0.9999999999999993,-20.31501790100168,-19.195678013381876,-139.80392204523451
170.74202032639494,-6.845931549021124,0.9999999999999992,-20.308822565858193,-19.18959679303399,-139.91273036886565
170.75026211361717,-6.840062428081734,0.9999999999999994,-20.302624826070872,-19.183515218066027,-140.0213957174708
170.75850524254182,-6.834196068756502,0.9999999999999993,-20.296424687691918,-19.17743328861803,-140.12991821582864
170.766749712255,-6.828332468909531,0.9999999999999994,-20.29022215677302,-19.171351004830957,-140.23829798871805
170.77499552184264,-6.822471626405104,0.9999999999999994,-20.284017239365426,-19.165268366846764,-140.34653516091785
170.78324267039065,-6.8166135391075615,0.9999999999999993,-20.27780994151987,-19.15918537480834,-140.45462985720695
170.79149115698465,-6.810758204881478,0.9999999999999993,-20.2716002692867,-19.153102028859543,-140.56258220236418
170.7997409807102,-6.804905621591543,0.9999999999999992,-20.265388228715718,-19.147018329145162,-140.67039232116832
170.80799214065271,-6.7990557871026,0.9999999999999993,-20.259173825856294,-19.140934275810963,-140.77806033839826
170.81624463589748,-6.793208699279635,0.9999999999999992,-20.25295706675734,-19.134849869003656,-140.88558637883293
170.82449846552964,-6.787364355987778,0.9999999999999992,-20.246737957467268,-19.128765108870912,-140.99297056725098
170.83275362863424,-6.781522755092313,0.9999999999999992,-20.24051650403407,-19.122679995561334,-141.10021302843148
170.84101012429613,-6.775683894458667,0.9999999999999993,-20.23429271250524,-19.116594529224493,-141.20731388715305
