galstreams/tracks/track.po.PS1-C.bernard2016.ecsv
# %ECSV 0.9
# ---
# datatype:
# - {name: ra, unit: deg, datatype: float64}
# - {name: dec, unit: deg, datatype: float64}
# - {name: distance, unit: kpc, datatype: float64}
# - {name: pm_ra_cosdec, unit: mas / yr, datatype: float64}
# - {name: pm_dec, unit: mas / yr, datatype: float64}
# - {name: radial_velocity, unit: km / s, datatype: float64}
# delimiter: ','
# meta: !!omap
# - __serialized_columns__:
#     dec:
#       __class__: astropy.coordinates.angles.Latitude
#       unit: &id001 !astropy.units.Unit {unit: deg}
#       value: !astropy.table.SerializedColumn {name: dec}
#     distance:
#       __class__: astropy.coordinates.distances.Distance
#       unit: !astropy.units.Unit {unit: kpc}
#       value: !astropy.table.SerializedColumn {name: distance}
#     pm_dec:
#       __class__: astropy.units.quantity.Quantity
#       unit: !astropy.units.Unit {unit: mas / yr}
#       value: !astropy.table.SerializedColumn {name: pm_dec}
#     pm_ra_cosdec:
#       __class__: astropy.units.quantity.Quantity
#       unit: !astropy.units.Unit {unit: mas / yr}
#       value: !astropy.table.SerializedColumn {name: pm_ra_cosdec}
#     ra:
#       __class__: astropy.coordinates.angles.Longitude
#       unit: *id001
#       value: !astropy.table.SerializedColumn {name: ra}
#       wrap_angle: !astropy.coordinates.Angle
#         unit: *id001
#         value: 360.0
#     radial_velocity:
#       __class__: astropy.units.quantity.Quantity
#       unit: !astropy.units.Unit {unit: km / s}
#       value: !astropy.table.SerializedColumn {name: radial_velocity}
# schema: astropy-2.0
ra,dec,distance,pm_ra_cosdec,pm_dec,radial_velocity
330.2156364472797,11.711718990231898,17.40000000000004,0.0,0.0,0.0
330.2386951426197,11.744372251054946,17.40000000000003,0.0,0.0,0.0
330.2617593025525,11.77702366208488,17.400000000000023,0.0,0.0,0.0
330.2848289436959,11.809673217591104,17.400000000000013,0.0,0.0,0.0
330.3079040826793,11.842320911838359,17.400000000000013,0.0,0.0,0.0
330.33098473614325,11.874966739086416,17.40000000000001,0.0,0.0,0.0
330.35407092073984,11.907610693590245,17.40000000000001,0.0,0.0,0.0
330.3771626531325,11.940252769599974,17.400000000000013,0.0,0.0,0.0
330.4002599499961,11.97289296136085,17.400000000000013,0.0,0.0,0.0
330.42336282801705,12.005531263113191,17.400000000000013,0.0,0.0,0.0
330.4464713038933,12.038167669092537,17.400000000000016,0.0,0.0,0.0
330.46958539433433,12.070802173529382,17.400000000000016,0.0,0.0,0.0
330.4927051160612,12.103434770649331,17.400000000000016,0.0,0.0,0.0
330.5158304858066,12.136065454673027,17.40000000000002,0.0,0.0,0.0
330.53896152031484,12.16869421981615,17.400000000000023,0.0,0.0,0.0
330.56209823634214,12.201321060289361,17.40000000000002,0.0,0.0,0.0
330.58524065065615,12.233945970298443,17.400000000000016,0.0,0.0,0.0
330.6083887800366,12.266568944044023,17.40000000000002,0.0,0.0,0.0
330.63154264127473,12.299189975721763,17.400000000000016,0.0,0.0,0.0
330.6547022511737,12.331809059522257,17.40000000000002,0.0,0.0,0.0
330.6778676265488,12.36442618963105,17.40000000000002,0.0,0.0,0.0
330.7010387842268,12.397041360228547,17.400000000000013,0.0,0.0,0.0
330.7242157410468,12.429654565490202,17.400000000000013,0.0,0.0,0.0
330.7473985138596,12.462265799586214,17.400000000000016,0.0,0.0,0.0
330.77058711952816,12.494875056681717,17.400000000000013,0.0,0.0,0.0
330.7937815749275,12.527482330936671,17.400000000000013,0.0,0.0,0.0
330.8169818969445,12.560087616505896,17.40000000000001,0.0,0.0,0.0
330.8401881024786,12.59269090753898,17.40000000000001,0.0,0.0,0.0
330.86340020844085,12.625292198180459,17.400000000000006,0.0,0.0,0.0
330.88661823175494,12.657891482569523,17.400000000000006,0.0,0.0,0.0
330.9098421893565,12.69048875484017,17.40000000000001,0.0,0.0,0.0
330.9330720981936,12.723084009121173,17.400000000000006,0.0,0.0,0.0
330.9563079752263,12.755677239535988,17.400000000000002,0.0,0.0,0.0
330.9795498374275,12.788268440202938,17.400000000000002,0.0,0.0,0.0
331.00279770178196,12.820857605234915,17.400000000000002,0.0,0.0,0.0
331.0260515852872,12.853444728739543,17.400000000000002,0.0,0.0,0.0
331.04931150495275,12.88602980481913,17.399999999999995,0.0,0.0,0.0
331.0725774778012,12.918612827570646,17.4,0.0,0.0,0.0
331.09584952086703,12.951193791085648,17.400000000000002,0.0,0.0,0.0
331.11912765119774,12.983772689450458,17.4,0.0,0.0,0.0
331.1424118858531,13.016349516745871,17.400000000000002,0.0,0.0,0.0
331.16570224190565,13.048924267047326,17.4,0.0,0.0,0.0
331.18899873644057,13.081496934424834,17.399999999999995,0.0,0.0,0.0
331.21230138655545,13.114067512942958,17.399999999999995,0.0,0.0,0.0
331.2356102093611,13.146635996660772,17.4,0.0,0.0,0.0
331.2589252219805,13.179202379632004,17.399999999999995,0.0,0.0,0.0
331.28224644155,13.211766655904764,17.399999999999995,0.0,0.0,0.0
331.3055738852182,13.244328819521684,17.39999999999999,0.0,0.0,0.0
331.32890757014707,13.276888864519886,17.39999999999999,0.0,0.0,0.0
331.3522475135111,13.30944678493095,17.399999999999995,0.0,0.0,0.0
331.3755937324978,13.342002574780851,17.39999999999999,0.0,0.0,0.0
331.39894624430787,13.37455622809012,17.399999999999995,0.0,0.0,0.0
331.4223050661547,13.40710773887357,17.399999999999995,0.0,0.0,0.0
331.4456702152648,13.439657101140458,17.399999999999995,0.0,0.0,0.0
331.46904170887785,13.472204308894387,17.39999999999999,0.0,0.0,0.0
331.4924195642466,13.504749356133352,17.39999999999999,0.0,0.0,0.0
331.5158037986368,13.537292236849629,17.399999999999995,0.0,0.0,0.0
331.5391944293276,13.569832945029951,17.399999999999995,0.0,0.0,0.0
331.5625914736112,13.602371474655234,17.39999999999999,0.0,0.0,0.0
331.58599494879314,13.634907819700713,17.39999999999999,0.0,0.0,0.0
331.6094048721921,13.667441974135915,17.399999999999995,0.0,0.0,0.0
331.63282126114024,13.699973931924568,17.399999999999995,0.0,0.0,0.0
331.65624413298303,13.732503687024781,17.39999999999999,0.0,0.0,0.0
331.67967350507934,13.765031233388743,17.399999999999995,0.0,0.0,0.0
331.70310939480134,13.797556564962894,17.399999999999995,0.0,0.0,0.0
331.7265518195349,13.830079675687873,17.399999999999995,0.0,0.0,0.0
331.7500007966791,13.862600559498473,17.4,0.0,0.0,0.0
331.7734563436468,13.895119210323603,17.4,0.0,0.0,0.0
331.79691847786427,13.92763562208646,17.399999999999995,0.0,0.0,0.0
331.82038721677156,13.960149788704198,17.4,0.0,0.0,0.0
331.84386257782216,13.992661704088132,17.4,0.0,0.0,0.0
331.86734457848337,14.025171362143666,17.4,0.0,0.0,0.0
331.8908332362361,14.057678756770262,17.4,0.0,0.0,0.0
331.9143285685751,14.090183881861394,17.4,0.0,0.0,0.0
331.937830593009,14.122686731304695,17.399999999999995,0.0,0.0,0.0
331.9613393270599,14.155187298981694,17.399999999999995,0.0,0.0,0.0
331.98485478826416,14.187685578767951,17.4,0.0,0.0,0.0
332.00837699417184,14.220181564533009,17.4,0.0,0.0,0.0
332.0319059623469,14.252675250140374,17.400000000000002,0.0,0.0,0.0
332.0554417103673,14.285166629447446,17.400000000000002,0.0,0.0,0.0
332.0789842558251,14.317655696305708,17.400000000000006,0.0,0.0,0.0
332.1025336163263,14.350142444560403,17.400000000000002,0.0,0.0,0.0
332.12608980949096,14.382626868050709,17.400000000000002,0.0,0.0,0.0
332.1496528529533,14.415108960609691,17.400000000000002,0.0,0.0,0.0
332.1732227643616,14.447588716064223,17.400000000000006,0.0,0.0,0.0
332.1967995613785,14.48006612823515,17.400000000000006,0.0,0.0,0.0
332.2203832616808,14.512541190937,17.400000000000002,0.0,0.0,0.0
332.2439738829594,14.545013897978171,17.40000000000001,0.0,0.0,0.0
332.2675714429196,14.577484243160832,17.400000000000006,0.0,0.0,0.0
332.2911759592811,14.609952220280919,17.400000000000006,0.0,0.0,0.0
332.31478744977784,14.642417823128085,17.400000000000002,0.0,0.0,0.0
332.33840593215825,14.674881045485844,17.400000000000006,0.0,0.0,0.0
332.3620314241852,14.7073418811313,17.400000000000006,0.0,0.0,0.0
332.38566394363596,14.739800323835293,17.400000000000006,0.0,0.0,0.0
332.40930350830234,14.77225636736234,17.400000000000002,0.0,0.0,0.0
332.43295013599084,14.804710005470627,17.400000000000002,0.0,0.0,0.0
332.45660384452225,14.83716123191194,17.400000000000006,0.0,0.0,0.0
332.4802646517322,14.869610040431823,17.400000000000006,0.0,0.0,0.0
332.503932575471,14.902056424769292,17.400000000000006,0.0,0.0,0.0
332.5276076336036,14.934500378657004,17.400000000000002,0.0,0.0,0.0
332.5512898440095,14.966941895821169,17.400000000000002,0.0,0.0,0.0
332.5749792245833,14.99938096998159,17.400000000000006,0.0,0.0,0.0
332.5986757932341,15.031817594851582,17.400000000000006,0.0,0.0,0.0
332.622379567886,15.064251764137973,17.400000000000006,0.0,0.0,0.0
332.6460905664781,15.096683471541102,17.400000000000002,0.0,0.0,0.0
332.66980880696417,15.129112710754786,17.400000000000002,0.0,0.0,0.0
332.6935343073129,15.161539475466306,17.400000000000002,0.0,0.0,0.0
332.7172670855083,15.19396375935639,17.400000000000002,0.0,0.0,0.0
332.74100715954916,15.226385556099185,17.400000000000002,0.0,0.0,0.0
332.7647545474493,15.258804859362264,17.4,0.0,0.0,0.0
332.78850926723766,15.291221662806574,17.400000000000002,0.0,0.0,0.0
332.81227133695853,15.323635960086442,17.400000000000002,0.0,0.0,0.0
332.8360407746711,15.35604774484954,17.400000000000006,0.0,0.0,0.0
332.85981759845004,15.388457010736897,17.400000000000002,0.0,0.0,0.0
332.8836018263849,15.42086375138284,17.4,0.0,0.0,0.0
332.90739347658086,15.45326796041499,17.4,0.0,0.0,0.0
332.93119256715823,15.485669631454263,17.4,0.0,0.0,0.0
332.9549991162527,15.518068758114834,17.4,0.0,0.0,0.0
332.97881314201544,15.550465334004114,17.400000000000002,0.0,0.0,0.0
333.002634662613,15.582859352722755,17.4,0.0,0.0,0.0
333.0264636962273,15.615250807864586,17.400000000000002,0.0,0.0,0.0
333.05030026105595,15.647639693016647,17.399999999999995,0.0,0.0,0.0
333.0741443753121,15.680026001759142,17.39999999999999,0.0,0.0,0.0
333.0979960572242,15.712409727665419,17.399999999999995,0.0,0.0,0.0
333.12185532503656,15.74479086430196,17.39999999999999,0.0,0.0,0.0
333.1457221970092,15.777169405228358,17.399999999999995,0.0,0.0,0.0
333.1695966914177,15.809545343997312,17.39999999999999,0.0,0.0,0.0
333.1934788265534,15.84191867415458,17.399999999999995,0.0,0.0,0.0
333.2173686207233,15.874289389238982,17.399999999999995,0.0,0.0,0.0
333.2412660922504,15.906657482782371,17.39999999999999,0.0,0.0,0.0
333.2651712594734,15.939022948309633,17.39999999999999,0.0,0.0,0.0
333.28908414074704,15.97138577933864,17.39999999999999,0.0,0.0,0.0
333.31300475444175,16.003745969380233,17.39999999999999,0.0,0.0,0.0
333.3369331189441,16.036103511938254,17.399999999999995,0.0,0.0,0.0
333.3608692526565,16.06845840050945,17.399999999999995,0.0,0.0,0.0
333.38481317399754,16.1008106285835,17.399999999999995,0.0,0.0,0.0
333.4087649014018,16.133160189642997,17.399999999999995,0.0,0.0,0.0
333.4327244533199,16.16550707716342,17.399999999999995,0.0,0.0,0.0
333.4566918482187,16.197851284613105,17.39999999999999,0.0,0.0,0.0
333.4806671045813,16.23019280545323,17.399999999999995,0.0,0.0,0.0
333.5046502409068,16.262531633137815,17.39999999999999,0.0,0.0,0.0
333.5286412757107,16.29486776111369,17.399999999999995,0.0,0.0,0.0
333.5526402275248,16.327201182820463,17.39999999999999,0.0,0.0,0.0
333.57664711489724,16.35953189169051,17.39999999999999,0.0,0.0,0.0
333.60066195639234,16.391859881148974,17.399999999999995,0.0,0.0,0.0
333.62468477059105,16.424185144613723,17.399999999999995,0.0,0.0,0.0
333.64871557609075,16.456507675495324,17.4,0.0,0.0,0.0
333.6727543915051,16.48882746719705,17.4,0.0,0.0,0.0
333.69680123546453,16.521144513114855,17.4,0.0,0.0,0.0
333.72085612661573,16.553458806637323,17.4,0.0,0.0,0.0
333.74491908362234,16.585770341145686,17.399999999999995,0.0,0.0,0.0
333.7689901251643,16.618079110013813,17.399999999999995,0.0,0.0,0.0
333.7930692699385,16.650385106608123,17.4,0.0,0.0,0.0
333.8171565366583,16.68268832428764,17.400000000000002,0.0,0.0,0.0
333.8412519440538,16.714988756403944,17.4,0.0,0.0,0.0
333.86535551087223,16.74728639630114,17.4,0.0,0.0,0.0
333.88946725587726,16.779581237315863,17.4,0.0,0.0,0.0
333.91358719784955,16.811873272777223,17.4,0.0,0.0,0.0
333.93771535558665,16.844162496006845,17.4,0.0,0.0,0.0
333.9618517479031,16.87644890031877,17.4,0.0,0.0,0.0
333.98599639363044,16.908732479019505,17.4,0.0,0.0,0.0
334.01014931161694,16.941013225407964,17.400000000000002,0.0,0.0,0.0
334.0343105207283,16.973291132775458,17.400000000000002,0.0,0.0,0.0
334.058480039847,17.005566194405684,17.400000000000002,0.0,0.0,0.0
334.0826578878728,17.037838403574693,17.400000000000002,0.0,0.0,0.0
334.10684408372276,17.070107753550875,17.400000000000002,0.0,0.0,0.0
334.1310386463308,17.10237423759494,17.400000000000006,0.0,0.0,0.0
334.15524159464826,17.13463784895988,17.400000000000006,0.0,0.0,0.0
334.1794529476439,17.166898580890997,17.400000000000002,0.0,0.0,0.0
334.20367272430343,17.19915642662582,17.400000000000006,0.0,0.0,0.0
334.22790094363035,17.23141137939414,17.400000000000013,0.0,0.0,0.0
334.2521376246452,17.26366343241795,17.40000000000001,0.0,0.0,0.0
334.2763827863861,17.295912578911448,17.40000000000001,0.0,0.0,0.0
334.3006364479086,17.32815881208101,17.40000000000001,0.0,0.0,0.0
334.3248986282857,17.360402125125162,17.400000000000013,0.0,0.0,0.0
334.34916934660833,17.392642511234584,17.400000000000013,0.0,0.0,0.0
334.3734486219844,17.424879963592048,17.400000000000013,0.0,0.0,0.0
334.39773647353985,17.457114475372446,17.400000000000016,0.0,0.0,0.0
334.4220329204181,17.489346039742735,17.400000000000016,0.0,0.0,0.0
334.4463379817804,17.52157464986192,17.400000000000013,0.0,0.0,0.0
334.47065167680563,17.55380029888105,17.400000000000013,0.0,0.0,0.0
334.4949740246905,17.5860229799432,17.400000000000016,0.0,0.0,0.0
334.5193050446495,17.618242686183418,17.400000000000016,0.0,0.0,0.0
334.543644755915,17.65045941072874,17.400000000000013,0.0,0.0,0.0
334.5679931777373,17.68267314669814,17.400000000000013,0.0,0.0,0.0
334.59235032938454,17.714883887202546,17.400000000000013,0.0,0.0,0.0
334.6167162301428,17.747091625344783,17.400000000000013,0.0,0.0,0.0
334.64109089931634,17.779296354219568,17.40000000000001,0.0,0.0,0.0
334.66547435622726,17.81149806691349,17.40000000000001,0.0,0.0,0.0
334.689866620216,17.84369675650499,17.400000000000006,0.0,0.0,0.0
334.7142677106408,17.875892416064342,17.400000000000006,0.0,0.0,0.0
334.7386776468782,17.908085038653613,17.400000000000002,0.0,0.0,0.0
334.76309644832315,17.940274617326672,17.399999999999995,0.0,0.0,0.0
334.78752413438855,17.972461145129138,17.4,0.0,0.0,0.0
334.81196072450564,18.004644615098403,17.4,0.0,0.0,0.0
334.8364062381241,18.03682502026356,17.399999999999995,0.0,0.0,0.0
334.86086069471173,18.069002353645402,17.400000000000002,0.0,0.0,0.0
334.885324113755,18.101176608256427,17.400000000000006,0.0,0.0,0.0
334.90979651475874,18.13334777710078,17.400000000000013,0.0,0.0,0.0
334.934277917246,18.165515853174238,17.400000000000027,0.0,0.0,0.0
