galstreams/tracks/track.st.C-9.ibata2021.ecsv
# %ECSV 0.9
# ---
# datatype:
# - {name: ra, unit: deg, datatype: float64}
# - {name: dec, unit: deg, datatype: float64}
# - {name: distance, unit: kpc, datatype: float64}
# - {name: pm_ra_cosdec, unit: mas / yr, datatype: float64}
# - {name: pm_dec, unit: mas / yr, datatype: float64}
# - {name: radial_velocity, unit: km / s, datatype: float64}
# delimiter: ','
# meta: !!omap
# - __serialized_columns__:
#     dec:
#       __class__: astropy.coordinates.angles.Latitude
#       unit: &id001 !astropy.units.Unit {unit: deg}
#       value: !astropy.table.SerializedColumn {name: dec}
#     distance:
#       __class__: astropy.coordinates.distances.Distance
#       unit: !astropy.units.Unit {unit: kpc}
#       value: !astropy.table.SerializedColumn {name: distance}
#     pm_dec:
#       __class__: astropy.units.quantity.Quantity
#       unit: !astropy.units.Unit {unit: mas / yr}
#       value: !astropy.table.SerializedColumn {name: pm_dec}
#     pm_ra_cosdec:
#       __class__: astropy.units.quantity.Quantity
#       unit: !astropy.units.Unit {unit: mas / yr}
#       value: !astropy.table.SerializedColumn {name: pm_ra_cosdec}
#     ra:
#       __class__: astropy.coordinates.angles.Longitude
#       unit: *id001
#       value: !astropy.table.SerializedColumn {name: ra}
#       wrap_angle: !astropy.coordinates.Angle
#         unit: *id001
#         value: 360.0
#     radial_velocity:
#       __class__: astropy.units.quantity.Quantity
#       unit: !astropy.units.Unit {unit: km / s}
#       value: !astropy.table.SerializedColumn {name: radial_velocity}
# schema: astropy-2.0
ra,dec,distance,pm_ra_cosdec,pm_dec,radial_velocity
[from data line 1462]
26.07982714378372,-25.21361955883857,8.304372603896388,-0.11497616932143137,-0.043475683839423754,0.0
26.087017302513306,-25.221984027490546,8.30420388529945,-0.11501989766459114,-0.043284330052009434,-2.6314897280851057e-16
26.094205812424057,-25.230350545014907,8.304027232826545,-0.11506408211426168,-0.04309243752571821,-7.8944691842553165e-16
26.101392671455752,-25.238719113778917,8.303842630821764,-0.11510872385207623,-0.04290000616608523,-5.262979456170211e-16
26.10857787754789,-25.247089736150354,8.303650063629208,-0.11515382405967174,-0.04270703587887659,-1.3157448640425528e-16
26.11576142863965,-25.255462414497444,8.303449515592963,-0.11519938391868893,-0.04251352657008905,-3.9472345921276583e-16
26.122943322669908,-25.263837151188916,8.303240971057129,-0.11524540461077178,-0.04231947814595,-5.262979456170211e-16
26.130123557577242,-25.272213948593997,8.303024414365797,-0.11529188731756754,-0.04212489051291725,0.0
26.137302131299933,-25.28059280908238,8.302799829863062,-0.11533883322072631,-0.04192976357767883,-1.3157448640425528e-16
26.144479041775934,-25.288973735024257,8.302567201893014,-0.11538624350190112,-0.04173409724715295,-1.3157448640425528e-16
26.15165428694291,-25.297356728790284,8.302326514799754,-0.11543411934274721,-0.041537891428487766,-5.262979456170211e-16
26.1588278647382,-25.30574179275163,8.302077752927369,-0.11548246192492242,-0.04134114602906132,-7.8944691842553165e-16
26.165999773098854,-25.31412892927993,8.301820900619957,-0.11553127243008644,-0.04114386095648123,-3.9472345921276583e-16
26.17317000996159,-25.322518140747306,8.301555942221611,-0.11558055203990084,-0.04094603611858474,-6.578724320212764e-16
26.180338573262834,-25.33090942952637,8.301282862076427,-0.11563030193602893,-0.04074767142343837,0.0
26.18750546093868,-25.339302797990204,8.301001644528496,-0.11568052330013524,-0.04054876677933792,-3.9472345921276583e-16
26.194670670924914,-25.347698248512387,8.300712273921913,-0.11573121731388568,-0.04034932209480823,-6.578724320212764e-16
26.20183420115701,-25.35609578346698,8.300414734600771,-0.11578238515894688,-0.040149337278603044,-3.9472345921276583e-16
26.208996049570114,-25.36449540522851,8.300109010909168,-0.11583402801698646,-0.03994881223970482,-5.262979456170211e-16
26.216156214099072,-25.372897116172012,8.299795087191193,-0.11588614706967228,-0.03974774688732458,-6.578724320212764e-16
26.223314692678382,-25.38130091867299,8.299472947790942,-0.11593874349867266,-0.03954614113090186,-1.3157448640425528e-16
26.230471483242262,-25.389706815107427,8.299142577052509,-0.11599181848565591,-0.03934399488010441,-3.9472345921276583e-16
26.237626583724563,-25.398114807851798,8.298803959319988,-0.11604537321229019,-0.03914130804482796,-5.262979456170211e-16
26.244779992058845,-25.406524899283045,8.29845707893747,-0.11609940886024331,-0.03893808053519643,-6.578724320212764e-16
26.251931706178325,-25.414937091778608,8.298101920249056,-0.11615392661118225,-0.038734312261561335,-2.6314897280851057e-16
26.259081724015907,-25.423351387716398,8.297738467598833,-0.11620892764677344,-0.03853000313450184,-3.289362160106382e-16
26.266230043504162,-25.43176778947481,8.297366705330901,-0.11626441314868205,-0.03832515306482454,-3.9472345921276583e-16
26.273376662575338,-25.44018629943273,8.296986617789349,-0.11632038429857196,-0.038119761963563405,-8.552341616276593e-16
26.28052157916133,-25.448606919969492,8.296598189318274,-0.11637684227810557,-0.03791382974197928,-5.262979456170211e-16
26.287664791193738,-25.45702965346495,8.296201404261765,-0.11643378826894359,-0.037707356311560296,-7.236596752234041e-16
26.294806296603806,-25.465454502299426,8.295796246963922,-0.11649122345274462,-0.03750034158402101,-4.605107024148935e-16
26.301946093322456,-25.473881468853698,8.295382701768837,-0.11654914901116514,-0.037292785471302936,-3.9472345921276583e-16
26.309084179280266,-25.48231055550905,8.294960753020606,-0.11660756612585914,-0.03708468788557373,-7.8944691842553165e-16
26.31622055240748,-25.490741764647236,8.294530385063315,-0.11666647597847797,-0.036876048739227424,-1.3157448640425528e-16
26.32335521063402,-25.499175098650483,8.294091582241066,-0.1167258797506702,-0.036666867944884184,-6.578724320212764e-16
26.330488151889444,-25.507610559901522,8.29364432889795,-0.116785778624081,-0.03645714541539,-5.920851888191488e-16
26.337619374102996,-25.516048150783526,8.293188609378062,-0.11684617378035246,-0.03624688106381665,-3.9472345921276583e-16
26.344748875203557,-25.524487873680183,8.292724408025494,-0.11690706640112303,-0.03603607480346148,-2.6314897280851057e-16
26.351876653119685,-25.532929730975624,8.292251709184344,-0.1169684576680273,-0.0358247265478472,-3.289362160106382e-16
26.359002705779584,-25.541373725054484,8.291770497198698,-0.11703034876269582,-0.03561283621072177,-6.578724320212764e-17
26.36612703111111,-25.549819858301856,8.29128075641266,-0.11709274086675489,-0.03540040370605816,-3.289362160106382e-16
26.373249627041783,-25.558268133103333,8.290782471170319,-0.11715563516182635,-0.03518742894805423,-3.9472345921276583e-16
26.380370491498763,-25.566718551844964,8.290275625815768,-0.11721903282952732,-0.034973911851132446,-6.578724320212764e-17
26.387489622408882,-25.575171116913285,8.289760204693103,-0.11728293505146989,-0.03475985232993977,-4.605107024148935e-16
26.3946070176986,-25.5836258306953,8.289236192146415,-0.117347343009261,-0.03454525029934755,-2.6314897280851057e-16
26.401722675294035,-25.592082695578508,8.288703572519804,-0.11741225788450214,-0.03433010567445113,-6.578724320212764e-17
26.408836593120967,-25.600541713950868,8.288162330157357,-0.1174776808587893,-0.03411441837056994,-3.9472345921276583e-16
26.415948769104798,-25.609002888200816,8.28761244940317,-0.1175436131137123,-0.03389818830324711,6.578724320212764e-17
26.42305920117058,-25.617466220717258,8.287053914601342,-0.11761005583085501,-0.033681415388249286,-5.920851888191488e-16
26.430167887243023,-25.6259317138896,8.286486710095959,-0.11767701019179509,-0.03346409954156657,-6.578724320212764e-16
26.43727482524646,-25.634399370107687,8.285910820231122,-0.11774447737810334,-0.03324624067941221,-3.9472345921276583e-16
26.444380013104887,-25.642869191761875,8.28532622935092,-0.117812458571344,-0.03302783871822247,-1.3157448640425528e-16
26.451483448741925,-25.651341181242962,8.284732921799451,-0.11788095495307398,-0.032808893574656446,-5.262979456170211e-16
26.458585130080838,-25.65981534094225,8.284130881920806,-0.11794996770484317,-0.03258940516559582,1.3157448640425528e-16
26.46568505504452,-25.668291673251485,8.283520094059076,-0.11801949800819388,-0.0323693734081448,-1.3157448640425528e-16
26.47278322155551,-25.676770180562904,8.282900542558364,-0.11808954704466049,-0.03214879821962969,0.0
26.47987962753598,-25.68525086526923,8.282272211762756,-0.1181601159957697,-0.03192767951759895,-4.605107024148935e-16
26.48697427090772,-25.69373372976362,8.281635086016351,-0.11823120604303967,-0.03170601721982283,1.3157448640425528e-16
26.494067149592187,-25.702218776439747,8.280989149663236,-0.11830281836798036,-0.03148381124429328,-3.9472345921276583e-16
26.50115826151043,-25.71070600769173,8.280334387047512,-0.11837495415209294,-0.03126106150922367,-3.9472345921276583e-16
26.50824760458315,-25.71919542591416,8.279670782513271,-0.11844761457686963,-0.031037767933048646,-5.920851888191488e-16
26.515335176730666,-25.727687033502118,8.278998320404607,-0.11852080082379343,-0.030813930434423834,-3.9472345921276583e-16
26.522420975872922,-25.736180832851144,8.278316985065613,-0.11859451407433814,-0.030589548932225916,-1.9736172960638291e-16
26.529504999929504,-25.74467682635725,8.277626760840384,-0.11866875550996779,-0.030364623345552014,-4.605107024148935e-16
26.536587246819597,-25.75317501641691,8.276927632073011,-0.11874352631213655,-0.030139153593719874,-5.920851888191488e-16
26.543667714462018,-25.76167540542709,8.276219583107594,-0.11881882766228839,-0.02991313959626735,2.6314897280851057e-16
26.55074640077522,-25.770177995785218,8.275502598288222,-0.1188946607418572,-0.029686581272952442,-6.578724320212764e-17
26.55782330367726,-25.77868278988919,8.274776661958988,-0.118971026732266,-0.02945947854375303,0.0
26.564898421085815,-25.78718979013736,8.27404175846399,-0.11904792681492711,-0.029231831328866517,-5.262979456170211e-16
26.571971750918173,-25.79569899892858,8.273297872147321,-0.1191253621712418,-0.029003639548709773,0.0
26.579043291091253,-25.804210418662137,8.272544987353076,-0.11920333398260001,-0.028774903123918973,1.9736172960638291e-16
26.586113039521578,-25.812724051737813,8.271783088425344,-0.11928184343038023,-0.028545621975349166,-3.9472345921276583e-16
26.593180994125277,-25.82123990055586,8.271012159708224,-0.11936089169594902,-0.028315796024074403,-1.3157448640425528e-16
26.60024715281811,-25.82975796751698,8.270232185545806,-0.11944047996066108,-0.02808542519138711,-1.3157448640425528e-16
26.607311513515434,-25.838278255022356,8.269443150282186,-0.11952060940585875,-0.02785450939879824,-3.289362160106382e-16
26.61437407413221,-25.84680076547363,8.268645038261461,-0.11960128121287189,-0.02762304856803684,-5.920851888191488e-16
26.621434832583017,-25.855325501272926,8.26783783382772,-0.11968249656301758,-0.027391042621050046,-1.9736172960638291e-16
26.628493786782034,-25.863852464822827,8.26702152132506,-0.11976425663760004,-0.02715849148000257,1.9736172960638291e-16
26.63555093464304,-25.872381658526365,8.266196085097574,-0.11984656261791024,-0.02692539506727675,-1.9736172960638291e-16
26.64260627407943,-25.880913084787085,8.265361509489352,-0.11992941568522564,-0.026691753305472174,-3.289362160106382e-16
26.64965980300419,-25.889446746008954,8.264517778844496,-0.12001281702081,-0.026457566117405528,-2.6314897280851057e-16
26.65671151932991,-25.897982644596425,8.263664877507095,-0.12009676780591318,-0.026222833426110412,-1.3157448640425528e-16
26.66376142096877,-25.90652078295441,8.262802789821245,-0.12018126922177079,-0.025987555154837024,0.0
26.67080950583257,-25.915061163488293,8.26193150013104,-0.1202663224496041,-0.02575173122705204,-7.8944691842553165e-16
26.677855771832682,-25.92360378860393,8.26105099278057,-0.12035192867061971,-0.02551536156643832,-5.262979456170211e-16
26.684900216880074,-25.932148660707615,8.26016125211393,-0.12043808906600928,-0.02527844609689468,-1.3157448640425528e-16
26.69194283888533,-25.940695782206138,8.259262262475218,-0.12052480481694915,-0.025040984742535806,-4.605107024148935e-16
26.698983635758594,-25.949245155506734,8.258354008208528,-0.12061207710460048,-0.02480297742769175,-1.9736172960638291e-16
26.70602260540963,-25.957796783017113,8.257436473657945,-0.1206999071101089,-0.024564424076908037,-4.605107024148935e-16
26.713059745747767,-25.966350667145434,8.256509643167574,-0.12078829601460377,-0.02432532461494514,-3.9472345921276583e-16
26.72009505468193,-25.97490681030034,8.255573501081507,-0.12087724499919857,-0.024085678966778486,-2.6314897280851057e-16
26.727128530120638,-25.983465214890927,8.254628031743831,-0.12096675524499038,-0.02384548705759801,3.289362160106382e-16
26.734160169971993,-25.992025883326747,8.253673219498646,-0.12105682793305968,-0.02360474881280829,-5.262979456170211e-16
26.74118997214365,-26.000588818017828,8.252709048690045,-0.12114746424446994,-0.023363464158027803,-1.3157448640425528e-16
26.748217934542893,-26.00915402137464,8.251735503662122,-0.12123866536026771,-0.023121633019089073,-6.578724320212764e-16
26.75524405507655,-26.01772149580815,8.250752568758967,-0.12133043246148206,-0.022879255322038276,-3.9472345921276583e-16
26.76226833165105,-26.02629124372975,8.249760228324682,-0.12142276672912444,-0.022636330993135098,-5.262979456170211e-16
26.769290762172375,-26.034863267551316,8.248758466703352,-0.1215156693441886,-0.022392859958852467,-2.6314897280851057e-16
26.776311344546112,-26.04343756968518,8.247747268239078,-0.12160914148765008,-0.022148842145876223,-1.1183831344361698e-15
26.783330076677387,-26.052014152544125,8.246726617275952,-0.121703184340466,-0.021904277481105027,-6.578724320212764e-17
26.79034695647094,-26.0605930185414,8.245696498158065,-0.12179779908357506,-0.02165916589165002,-3.9472345921276583e-16
26.797361981831045,-26.06917417009073,8.244656895229515,-0.12189298689789699,-0.021413507304834697,-3.9472345921276583e-16
26.804375150661567,-26.077757609606277,8.243607792834391,-0.12198874896433255,-0.021167301648194473,-2.6314897280851057e-16
26.811386460865936,-26.08634333950268,8.242549175316793,-0.12208508646376304,-0.020920548849476625,-6.578724320212764e-16
26.818395910347146,-26.094931362195016,8.241481027020809,-0.12218200057705024,-0.02067324883664003,1.9736172960638291e-16
26.82540349700775,-26.103521680098844,8.24040333229054,-0.12227949248503617,-0.02042540153785474,-4.605107024148935e-16
26.832409218749874,-26.11211429563017,8.239316075470075,-0.1223775633685426,-0.020177006881501976,-3.9472345921276583e-16
26.83941307347521,-26.120709211205465,8.238219240903508,-0.12247621440837117,-0.019928064796173664,-1.1183831344361698e-15
26.84641505908499,-26.129306429241645,8.237112812934933,-0.12257544678530274,-0.019678575210672542,-1.3157448640425528e-16
26.853415173480027,-26.137905952156085,8.235996775908443,-0.1226752616800975,-0.01942853805401146,1.9736172960638291e-16
26.860413414560682,-26.14650778236664,8.23487111416814,-0.1227756602734944,-0.019177953255413348,-9.21021404829787e-16
26.86740978022688,-26.155111922291596,8.233735812058109,-0.12287664374621127,-0.01892682074431101,-4.605107024148935e-16
26.87440426837808,-26.163718374349717,8.232590853922446,-0.12297821327894418,-0.01867514045034688,-3.289362160106382e-16
26.88139687691332,-26.172327140960192,8.231436224105245,-0.12308037005236747,-0.01842291230337256,1.644681080053191e-16
26.888387603731175,-26.1809382245427,8.230271906950604,-0.1231831152471333,-0.018170136233448868,-6.249788104202126e-16
26.895376446729774,-26.189551627517368,8.22909788680261,-0.12328645004387166,-0.017916812170845394,4.2761708081382965e-16
26.902363403806792,-26.198167352304754,8.227914148005363,-0.12339037562318973,-0.01766294004604021,3.289362160106382e-17
26.90934847285946,-26.206785401325902,8.226720674902955,-0.12349489316567198,-0.01740851978971976,0.0
26.916331651784535,-26.215405777002296,8.225517451839476,-0.1236000038518799,-0.017153551332778565,1.644681080053191e-16
26.92331293847834,-26.224028481755877,8.224304463159024,-0.12370570886235137,-0.01689803460631887,-4.605107024148935e-16
26.93029233083672,-26.232653518009027,8.223081693205692,-0.12381200937760083,-0.016641969541650425,-5.262979456170211e-16
26.93726982675508,-26.24128088818462,8.221849126323582,-0.12391890657811884,-0.016385356070290295,-4.605107024148935e-16
26.94424542412835,-26.24991059470592,8.220606746856776,-0.1240264016443719,-0.016128194123962568,-2.3025535120744674e-16
26.95121912085101,-26.25854263999672,8.21935453914937,-0.12413449575680217,-0.01587048363459792,9.868086480319146e-17
26.95819091481706,-26.267177026481203,8.218092487545462,-0.12424319009582703,-0.015612224534333799,9.868086480319146e-17
26.965160803920043,-26.27581375658403,8.216820576389145,-0.12435248584183908,-0.015353416755513617,-2.3025535120744674e-16
26.97212878605305,-26.284452832730327,8.21553879002451,-0.12446238417520589,-0.015094060230686776,-7.236596752234041e-16
26.97909485910867,-26.293094257345647,8.214247112795658,-0.12457288627626954,-0.014834154892608403,-1.644681080053191e-16
26.98605902097905,-26.301738032856,8.212945529046674,-0.12468399332534648,-0.014573700674239017,6.578724320212764e-17
26.993021269555857,-26.310384161687857,8.211634023121656,-0.12479570650272738,-0.014312697508744266,-5.591915672180849e-16
26.99998160273028,-26.319032646268138,8.210312579364698,-0.12490802698867663,-0.014051145329494688,-1.644681080053191e-16
27.006940018393042,-26.327683489024206,8.2089811821199,-0.12502095596343216,-0.013789044070065403,-6.578724320212764e-17
