galstreams/tracks/track.st.Monoceros.ramos2020b.ecsv
# %ECSV 0.9
# ---
# datatype:
# - {name: ra, unit: deg, datatype: float64}
# - {name: dec, unit: deg, datatype: float64}
# - {name: distance, unit: kpc, datatype: float64}
# - {name: pm_ra_cosdec, unit: mas / yr, datatype: float64}
# - {name: pm_dec, unit: mas / yr, datatype: float64}
# - {name: radial_velocity, unit: km / s, datatype: float64}
# delimiter: ','
# meta: !!omap
# - __serialized_columns__:
#     dec:
#       __class__: astropy.coordinates.angles.Latitude
#       unit: &id001 !astropy.units.Unit {unit: deg}
#       value: !astropy.table.SerializedColumn {name: dec}
#     distance:
#       __class__: astropy.coordinates.distances.Distance
#       unit: !astropy.units.Unit {unit: kpc}
#       value: !astropy.table.SerializedColumn {name: distance}
#     pm_dec:
#       __class__: astropy.units.quantity.Quantity
#       unit: !astropy.units.Unit {unit: mas / yr}
#       value: !astropy.table.SerializedColumn {name: pm_dec}
#     pm_ra_cosdec:
#       __class__: astropy.units.quantity.Quantity
#       unit: !astropy.units.Unit {unit: mas / yr}
#       value: !astropy.table.SerializedColumn {name: pm_ra_cosdec}
#     ra:
#       __class__: astropy.coordinates.angles.Longitude
#       unit: *id001
#       value: !astropy.table.SerializedColumn {name: ra}
#       wrap_angle: !astropy.coordinates.Angle
#         unit: *id001
#         value: 360.0
#     radial_velocity:
#       __class__: astropy.units.quantity.Quantity
#       unit: !astropy.units.Unit {unit: km / s}
#       value: !astropy.table.SerializedColumn {name: radial_velocity}
# schema: astropy-2.0
ra,dec,distance,pm_ra_cosdec,pm_dec,radial_velocity
78.52839917807628,71.73796928412354,10.599999999999984,0.34680311424317667,0.14931666388942264,2.6314897280851057e-16
78.74207908048308,71.46187330940133,10.599999999999984,0.368709446510367,0.1312033219296425,-3.947234592127659e-15
79.0148372571156,71.20998958953835,10.599999999999987,0.38635032607276176,0.114835042559874,-1.0525958912340423e-15
79.33806690940193,70.97930607642284,10.59999999999999,0.4001757309851579,0.10000420716113026,-6.052426374595743e-15
79.7042783027686,70.76701432890376,10.59999999999999,0.41061432561704203,0.0865343414121017,-4.73668151055319e-15
80.10688200917792,70.5705125035213,10.599999999999996,0.4180704667489211,0.07427218849182719,-3.684085619319148e-15
80.54002548438835,70.38740444782157,10.599999999999996,0.42292247075199646,0.0630818328561693,-4.8682559969574454e-15
80.99846946514006,70.21549594759554,10.600000000000001,0.4255217720835465,0.052840371668310494,-4.9998304833617005e-15
81.4774942956387,70.05278888801851,10.6,0.4261927204789578,0.043434763454141476,-4.8682559969574454e-15
81.97282884106106,69.89747388943645,10.600000000000003,0.4252328413958493,0.03475957704366983,-7.631320211446806e-15
82.48059646376213,69.74792184072867,10.600000000000007,0.42291343561538924,0.026715430512426,-6.184000860999998e-15
82.9972738550788,69.60267465663115,10.600000000000009,0.4194804283504513,0.01920795793799084,-5.526128428978722e-15
83.51965948628097,69.46043551670779,10.60000000000001,0.41515540147906904,0.01214717701613865,-4.8024687537553175e-15
84.0448491705294,69.32005879376861,10.600000000000012,0.41013675836153834,0.00544715685210974,-5.838617834188828e-15
84.57021678456357,69.18053984229964,10.600000000000014,0.4046009816013212,-0.0009740947427760693,-6.817203076820477e-15
85.09339863257269,69.0410047887032,10.600000000000014,0.3987039517508365,-0.00719458949616446,-5.394553942574467e-15
85.6122802783623,68.90070044199815,10.600000000000014,0.39258230048156695,-0.013288214998994397,-6.611617941813828e-15
86.12498494807939,68.75898442420423,10.600000000000017,0.3863547759055371,-0.01932453138201018,-5.526128428978722e-15
86.62986282992402,68.61531560268793,10.60000000000002,0.38012360106958926,-0.02536854201632288,-5.1971922129680836e-15
87.12548078013339,68.4692448915219,10.600000000000023,0.3739758094821937,-0.03148046459026956,-4.341958051340424e-15
87.61061209361961,68.32040647495805,10.600000000000023,0.367984544083539,-0.037715522630195675,-6.052426374595743e-15
88.08422611839626,68.16850949323265,10.60000000000002,0.36221030845058627,-0.044123772125405025,-5.526128428978722e-15
88.54547758948907,68.01333021902752,10.600000000000023,0.356702161293473,-0.05074997328566541,-5.657702915382977e-15
88.99369563368417,67.85470474203088,10.600000000000023,0.35149884745967064,-0.05763351353332591,-6.052426374595743e-15
89.4283724540604,67.69252216921853,10.600000000000023,0.34662986070374635,-0.06480838455764591,-4.73668151055319e-15
89.8491517452858,67.52671833978297,10.600000000000025,0.34211643537647585,-0.0723032135882528,-4.210383564936169e-15
90.25581691944971,67.35727004612177,10.600000000000026,0.3379724659069501,-0.08014134692969094,-2.6314897280851058e-15
90.64827923992365,67.1841897459848,10.600000000000023,0.3342053544676735,-0.08834098218904544,-2.1051917824680845e-15
91.02656596938763,67.00752074577068,10.600000000000026,0.3308167885049948,-0.09691534446937279,-2.8946387008936164e-15
91.39080863960093,66.82733283101595,10.600000000000026,0.3278034508742997,-0.10587290103669829,-3.684085619319148e-15
91.74123154639193,66.64371831727536,10.600000000000025,0.3251576661397279,-0.11521760853995573,-2.6314897280851058e-15
92.07814056520255,66.4567884927528,10.600000000000026,0.32286798718949256,-0.12494918671488632,-2.6314897280851058e-15
92.40191237161488,66.26667042310737,10.600000000000023,0.3209197266956811,-0.13506341258014562,-3.684085619319148e-15
92.71298413872026,66.07350408870116,10.600000000000021,0.3192954381333516,-0.14555242938652627,-3.1577876737021266e-15
93.01184376983339,65.8774398250568,10.600000000000021,0.3179753510935298,-0.1564050649626525,-2.6314897280851058e-15
93.2990207116341,65.67863603831874,10.600000000000023,0.3169377655063224,-0.16760715457294373,-3.1577876737021266e-15
93.5750773798527,65.47725716895353,10.600000000000023,0.31615940916238305,-0.17914186393181247,-4.73668151055319e-15
93.84060121751371,65.273471878657,10.600000000000021,0.31561576261101204,-0.19099000857362003,-1.0525958912340423e-15
94.09619739475778,65.06745143737093,10.600000000000021,0.3152813551470702,-0.20313036633779732,-5.2629794561702115e-15
94.34248214955115,64.85936828934891,10.600000000000021,0.31513003519962984,-0.21553998027488175,-4.73668151055319e-15
94.58007676021718,64.64939477928816,10.600000000000021,0.31513521802280403,-0.22819444979837622,-4.73668151055319e-15
94.80960213371172,64.43770202158521,10.600000000000017,0.3152701131799521,-0.2410682083897882,-4.73668151055319e-15
95.03167398784858,64.22445889774546,10.60000000000002,0.3155079339196446,-0.2541347866034397,-3.1577876737021266e-15
95.24689860120485,64.00983116882703,10.600000000000017,0.3158220901752493,-0.26736705951009787,-6.315575347404253e-15
95.45586910107563,63.79398069151724,10.60000000000002,0.3161863665868134,-0.28073747806254895,-7.368171238638296e-15
95.65916225750355,63.57706472799533,10.600000000000017,0.3165750866484275,-0.29421828416223755,-5.2629794561702115e-15
95.85733574994944,63.359235341127054,10.600000000000014,0.31696326382867585,-0.30778170945547617,-5.2629794561702115e-15
96.05092587247223,63.140638867763016,10.600000000000017,0.31732674029651425,-0.3214001580930278,-2.1051917824680845e-15
96.24044564323948,62.92141546396858,10.600000000000014,0.31764231370885443,-0.33504637385122715,-3.1577876737021266e-15
96.42638328466734,62.70169871691792,10.600000000000012,0.3178878523772341,-0.3486935921398357,-7.368171238638296e-15
96.60920104140445,62.48161531893481,10.600000000000014,0.31804239902621856,-0.36231567751540245,-7.368171238638296e-15
96.78933430461576,62.26128479978396,10.60000000000001,0.3180862632822907,-0.3758872473829178,-3.1577876737021266e-15
96.96719101252529,62.04081931380807,10.60000000000001,0.31800110298519046,-0.38938378260700646,-8.420767129872338e-15
97.14315129884878,61.82032347889598,10.600000000000012,0.31776999439028253,-0.40278172577052296,-9.47336302110638e-15
97.31756736254516,61.5998942645563,10.60000000000001,0.3173774913267494,-0.41605856781691397,-6.315575347404253e-15
97.49076353416612,61.379620926585076,10.600000000000009,0.3168096733887703,-0.4291929237964015,-5.2629794561702115e-15
97.6630365159599,61.15958498595688,10.60000000000001,0.3160541832619629,-0.4421645984081489,-1.1578554803574466e-14
97.83465577473496,60.9398602496601,10.600000000000009,0.3151002533222489,-0.4549546419938604,-2.1051917824680845e-15
98.0058640682986,60.72051287123855,10.600000000000007,0.313938721686193,-0.4675453975953873,-6.315575347404253e-15
98.1768780880146,60.501601448814554,10.600000000000009,0.3125620379384151,-0.4799205396420655,-6.315575347404253e-15
98.34788920167271,60.28317715835205,10.600000000000007,0.31096425881072715,-0.49206510478474386,-8.420767129872338e-15
98.51906428240268,60.06528391988952,10.600000000000009,0.30914103413749894,-0.5039655153444077,0.0
98.69054661080263,59.84795859442937,10.600000000000007,0.30708958346085274,-0.5156095957954878,-6.315575347404253e-15
98.86245683876795,59.63123120912814,10.600000000000003,0.3048086637064474,-0.5269865826584641,-8.420767129872338e-15
99.03489400471427,59.415125208386094,10.600000000000005,0.3022985283947798,-0.538087128134262,-4.210383564936169e-15
99.20793659097404,59.19965772839813,10.600000000000003,0.29956087889339705,-0.5489032977748782,-4.210383564936169e-15
99.38164361512504,58.98483989269662,10.600000000000009,0.2965988082514848,-0.5594285624512183,-1.2631150694808506e-14
99.55605574787896,58.77067712619727,10.600000000000005,0.2934167381895978,-0.5696577848506745,-8.420767129872338e-15
99.73119645092271,58.55716948525422,10.600000000000003,0.29002034984351227,-0.5795872007136323,-2.1051917824680845e-15
99.90707312878185,58.34431200123461,10.600000000000003,0.2864165088820658,-0.5892143950000324,-8.420767129872338e-15
100.08367828935496,58.132095035148055,10.600000000000001,0.2826131856344243,-0.5985382731641502,-2.1051917824680845e-15
100.26099070827611,57.92050464089951,10.600000000000005,0.2786193708723607,-0.6075590277077962,0.0
100.43897659269047,57.70952293478833,10.600000000000003,0.2744449878980508,-0.616278100178837,-1.0525958912340423e-14
100.61759074039882,57.49912846893834,10.600000000000003,0.27010080158760325,-0.6246981387829835,-8.420767129872338e-15
100.79677769063443,57.28929660642571,10.600000000000003,0.2655983250353662,-0.632822951781737,-4.210383564936169e-15
100.97647286300085,57.07999989595909,10.6,0.26094972443412595,-0.6406574568577766,-4.210383564936169e-15
101.1566036813173,56.871208444071755,10.600000000000001,0.2561677228120258,-0.6482076266403631,-6.315575347404253e-15
101.33709067930718,56.66289028289443,10.600000000000001,0.2512655032286213,-0.6554804305970526,-2.1051917824680845e-15
101.51784858522092,56.45501173170109,10.6,0.24625661201039756,-0.6624837735135246,0.0
101.69878738262456,56.247537750543565,10.600000000000001,0.24115486258059987,-0.669226430800161,-4.210383564936169e-15
101.87981334470214,56.04043228442676,10.600000000000003,0.23597424040988646,-0.6757179808815467,-4.210383564936169e-15
102.06083003953228,55.83365859660885,10.600000000000003,0.23072880958340275,-0.6819687349428283,-4.210383564936169e-15
102.24173930389858,55.627179589752224,10.600000000000001,0.22543262144698095,-0.6879896643242959,0.0
102.42244218329485,55.420958113785915,10.600000000000003,0.22009962576058423,-0.6937923258722343,-2.1051917824680845e-15
102.60283983588236,55.21495725948129,10.600000000000001,0.21474358475144203,-0.6993887855695317,-8.420767129872338e-15
102.78283439826063,55.009140636874776,10.600000000000001,0.2093779904228627,-0.7047915407833762,-4.210383564936169e-15
102.96232981101667,54.80347263780534,10.600000000000001,0.20401598543803295,-0.7100134414792656,-4.210383564936169e-15
103.14123260213258,54.5979186819594,10.600000000000003,0.19867028786152924,-0.7150676107602028,-4.210383564936169e-15
103.31945262645118,54.392445445936744,10.600000000000001,0.19335312000524663,-0.7199673650971414,-2.1051917824680845e-15
103.49690375952638,54.18702107496627,10.600000000000003,0.18807614159036065,-0.7247261346212499,-1.0525958912340423e-14
103.67350454432481,53.98161537700424,10.6,0.18285038740307216,-0.7293573838503491,-6.315575347404253e-15
103.84917878938792,53.776199999049005,10.600000000000001,0.1776862095896323,-0.7338745332207702,0.0
104.02385611721984,53.57074858559253,10.600000000000001,0.17259322470567867,-0.7382908817919892,-2.1051917824680845e-15
104.19747246182486,53.3652369192137,10.600000000000001,0.16758026560655634,-0.7426195314846347,-4.210383564936169e-15
104.36997051448847,53.15964304338663,10.600000000000003,0.16265533823911166,-0.7468733132030783,4.210383564936169e-15
104.5413001170656,52.95394736764452,10.599999999999996,0.15782558337168826,-0.7510647151817835,6.315575347404253e-15
104.71141860221978,52.74813275529055,10.599999999999998,0.15309724327765978,-0.7552058138802148,0.0
104.88029108023355,52.54218459389768,10.6,0.14847563336898084,-0.7593082077345401,-6.315575347404253e-15
105.04789067219423,52.33609084887471,10.6,0.14396511875976198,-0.7633829540558419,0.0
105.21419868953761,52.129842100411345,10.6,0.13956909572583823,-0.7674405093443846,4.210383564936169e-15
105.37920476011388,51.92343156413711,10.6,0.13528997801449288,-0.7714906732679205,-6.315575347404253e-15
105.54290690111469,51.71685509585235,10.600000000000001,0.13112918794885475,-0.7755425365293577,-4.210383564936169e-15
105.70531153937429,51.5101111807022,10.600000000000001,0.12708715226375125,-0.7796044328256742,0.0
105.86643347972388,51.3032009071776,10.599999999999998,0.12316330260382141,-0.7836838950760264,0.0
106.02629582223932,51.09612792633551,10.599999999999994,0.11935608061018965,-0.787787616072888,0.0
106.18492982937524,50.88889839663707,10.6,0.11566294751873851,-0.7919214136860184,-8.420767129872338e-15
106.34237474412375,50.68152091480856,10.599999999999998,0.11208039819071788,-0.7960902007254135,-4.210383564936169e-15
106.49867756047206,50.47400643313543,10.599999999999998,0.10860397949481082,-0.8002979595463446,0.0
106.6538927475594,50.26636816360565,10.6,0.10522831295857517,-0.8045477214574179,0.0
106.80808192905116,50.05862146932698,10.599999999999998,0.10194712160609452,-0.8088415509714456,-4.210383564936169e-15
106.96131351935436,49.85078374365214,10.599999999999996,0.09875326089746918,-0.8131805349190149,0.0
107.11366231839594,49.64287427745904,10.599999999999994,0.09563875368417991,-0.8175647764261212,0.0
107.26520906677239,49.43491411504901,10.599999999999996,0.09259482909214603,-0.8219933937401736,-4.210383564936169e-15
107.41603996315679,49.22692589914566,10.599999999999994,0.0896119652412663,-0.8264645238732085,4.210383564936169e-15
107.56624614591817,49.018933705501176,10.599999999999996,0.08667993570617978,-0.8309753310172423,4.210383564936169e-15
107.71592314096802,48.8109628676439,10.599999999999994,0.08378785961779747,-0.8355220196744662,0.0
107.86517027790151,48.60303979233391,10.599999999999993,0.08092425529864819,-0.8400998524342563,0.0
108.01409007654671,48.39519176632871,10.59999999999999,0.07807709731724488,-0.8447031723198642,0.0
108.16278760607413,48.187446755101405,10.599999999999993,0.07523387683738728,-0.8493254296199026,0.0
108.31136981885464,47.97983319419712,10.599999999999993,0.07238166512759392,-0.8539592131133539,0.0
108.45994486128389,47.7723797739597,10.599999999999993,0.06950718008369222,-0.8585962855915825,1.2631150694808506e-14
108.6086213638198,47.56511521840995,10.59999999999999,0.06659685560405773,-0.8632276235765688,1.2631150694808506e-14
108.75750771250712,47.35806805910717,10.59999999999999,0.06363691364213439,-0.8678434611311105,8.420767129872338e-15
108.90671130428807,47.151266404877575,10.599999999999987,0.06061343874483124,-0.8724333376538094,1.6841534259744676e-14
109.05633778842679,46.94473770834559,10.599999999999989,0.05751245486828119,-0.8769861495490586,4.210383564936169e-15
109.20649029640391,46.73850853025444,10.59999999999999,0.054320004244464065,-0.8814902056596927,-4.210383564936169e-15
109.35726866267022,46.53260430261302,10.599999999999987,0.051022228053512864,-0.8859332863472084,1.2631150694808506e-14
109.50876863868542,46.32704909175241,10.599999999999985,0.04760544863735011,-0.8903027061011998,8.420767129872338e-15
109.66108110271036,46.12186536241858,10.599999999999985,0.0440562529709029,-0.8945853795556642,1.2631150694808506e-14
109.81429126786888,45.9170737440668,10.599999999999985,0.040361577087733524,-0.898767890784739,8.420767129872338e-15
109.96847789105213,45.712692800555175,10.599999999999985,0.03650879113780442,-0.9028365657440705,8.420767129872338e-15
110.12371248529998,45.50873880446167,10.599999999999985,0.03248578473651237,-0.9067775477160198,8.420767129872338e-15
110.28005853836731,45.305225517265974,10.599999999999985,0.028281052246409255,-0.9105768756071124,0.0
110.43757074026216,45.10216397664796,10.599999999999982,0.023883777616410362,-0.9142205649342248,4.210383564936169e-15
110.59629422263254,44.89956229215417,10.599999999999985,0.01928391838813187,-0.9176946913218177,0.0
110.75626381297724,44.69742545047345,10.599999999999984,0.014472288465534862,-0.9209854763158685,0.0
110.91750330676257,44.49575513154218,10.599999999999984,0.009440639232603465,-0.9240793753008294,-4.210383564936169e-15
111.0800247606436,44.29454953666726,10.599999999999982,0.0041817385946137375,-0.9269631672839118,4.210383564936169e-15
111.2438278101118,44.093803229811215,10.599999999999984,-0.0013105524880936137,-0.929624046286077,8.420767129872338e-15
111.40889901502278,43.893506993128355,10.599999999999984,-0.007041206408779615,-0.9320497140513714,0.0
