galstreams/tracks/track.st.M92.ibata2024.ecsv
# %ECSV 1.0
# ---
# datatype:
# - {name: ra, unit: deg, datatype: float64}
# - {name: dec, unit: deg, datatype: float64}
# - {name: distance, unit: kpc, datatype: float64}
# - {name: pm_ra_cosdec, unit: mas / yr, datatype: float64}
# - {name: pm_dec, unit: mas / yr, datatype: float64}
# - {name: radial_velocity, unit: km / s, datatype: float64}
# delimiter: ','
# meta: !!omap
# - __serialized_columns__:
#     dec:
#       __class__: astropy.coordinates.angles.Latitude
#       unit: &id001 !astropy.units.Unit {unit: deg}
#       value: !astropy.table.SerializedColumn {name: dec}
#     distance:
#       __class__: astropy.coordinates.distances.Distance
#       unit: !astropy.units.Unit {unit: kpc}
#       value: !astropy.table.SerializedColumn {name: distance}
#     pm_dec:
#       __class__: astropy.units.quantity.Quantity
#       unit: !astropy.units.Unit {unit: mas / yr}
#       value: !astropy.table.SerializedColumn {name: pm_dec}
#     pm_ra_cosdec:
#       __class__: astropy.units.quantity.Quantity
#       unit: !astropy.units.Unit {unit: mas / yr}
#       value: !astropy.table.SerializedColumn {name: pm_ra_cosdec}
#     ra:
#       __class__: astropy.coordinates.angles.Longitude
#       unit: *id001
#       value: !astropy.table.SerializedColumn {name: ra}
#       wrap_angle: !astropy.coordinates.Angle
#         unit: *id001
#         value: 360.0
#     radial_velocity:
#       __class__: astropy.units.quantity.Quantity
#       unit: !astropy.units.Unit {unit: km / s}
#       value: !astropy.table.SerializedColumn {name: radial_velocity}
# schema: astropy-2.0
ra,dec,distance,pm_ra_cosdec,pm_dec,radial_velocity
[from data line 1268]
269.0108819874282,39.94730448245548,0.9999999999999998,-5.591039969205444,1.2649992625841882,-18.652003695743552
269.0222419994594,39.940401931096986,0.9999999999999997,-5.59175532562422,1.266887725346275,-18.529904279984127
269.03359664684325,39.933494032035895,0.9999999999999999,-5.592472999298689,1.2687743065529724,-18.408541322493075
269.0449459288172,39.92658078642271,0.9999999999999998,-5.5931930008741135,1.2706590067889973,-18.287917622651502
269.0562898446222,39.91966219540746,0.9999999999999998,-5.5939153409947435,1.2725418266435657,-18.168035979840617
269.0676283935024,39.912738260139726,0.9999999999999998,-5.59464003030385,1.2744227667103885,-18.048899193441596
269.07896157470503,39.905808981768615,1.0,-5.595367079443697,1.2763018275876619,-17.930510062835584
269.0902893874807,39.898874361442786,1.0,-5.596096499055555,1.2781790098780637,-17.812871387403774
269.10161183108335,39.89193440031044,1.0,-5.596828299779678,1.28005431418875,-17.695985966527324
269.1129289047699,39.88498909951929,1.0,-5.597562492255336,1.2819277411313312,-17.579856599587387
269.1242406078007,39.87803846021663,0.9999999999999998,-5.598299087120777,1.2837992913218876,-17.464486085965177
269.1355469394391,39.87108248354924,0.9999999999999999,-5.599038095013256,1.2856689653809346,-17.349877225041833
269.146847898952,39.864121170663466,0.9999999999999999,-5.599779526569014,1.2875367639334439,-17.236032816198538
269.1581434856093,39.85715452270519,0.9999999999999999,-5.600523392423282,1.2894026876088198,-17.12295565881647
269.1694336986841,39.8501825408198,0.9999999999999998,-5.6012697032102885,1.2912667370408863,-17.01064855227678
269.1807185374527,39.843205226152264,0.9999999999999999,-5.60201846956324,1.293128912867897,-16.899114295960636
269.1919980011948,39.83622257984703,1.0,-5.602769702114332,1.2949892157325182,-16.788355689249244
269.20327208919315,39.82923460304813,0.9999999999999999,-5.603523411494754,1.2968476462818175,-16.678375531523752
269.2145408007337,39.82224129689909,0.9999999999999999,-5.604279608334664,1.2987042051672677,-16.569176622165326
269.22580413510553,39.81524266254296,0.9999999999999999,-5.605038303263216,1.3005588930447216,-16.460761760555144
269.23706209160116,39.80823870112235,0.9999999999999998,-5.605799506908536,1.3024117105744315,-16.353133746074384
269.248314669516,39.801229413779375,0.9999999999999999,-5.606563229897735,1.3042626584210066,-16.2462953781042
269.2595618681489,39.79421480165571,0.9999999999999999,-5.607329482856899,1.306111737253444,-16.14024945602578
269.2708036868017,39.78719486589251,0.9999999999999999,-5.608098276411092,1.3079589477450893,-16.0349987792203
269.2820401247795,39.7801696076305,0.9999999999999999,-5.608869621184351,1.3098042905736496,-15.930546147068883
269.2932711813906,39.77313902800991,0.9999999999999999,-5.609643527799689,1.3116477664211765,-15.826894358952764
269.3044968559465,39.76610312817048,0.9999999999999997,-5.610420006879088,1.3134893759740622,-15.724046214253079
269.31571714776175,39.75906190925152,1.0,-5.611199069043506,1.315329119923026,-15.622004512351012
269.3269320561541,39.75201537239183,1.0,-5.611980724912871,1.3171669989631183,-15.520772052627734
269.3381415804445,39.74496351872973,0.9999999999999999,-5.612764985106072,1.3190030137937048,-15.420351634464398
269.3493457199571,39.73790634940308,1.0,-5.613551860240974,1.3208371651184598,-15.320746057242179
269.36054447401915,39.73084386554924,1.0,-5.614341360934398,1.322669453645364,-15.221958120342276
269.371737841961,39.72377606830512,0.9999999999999999,-5.61513349780214,1.3244998800866927,-15.123990623145822
269.3829258231163,39.71670295880713,0.9999999999999998,-5.615928281458951,1.3263284451590043,-15.02684636503402
269.39410841682167,39.70962453819121,0.9999999999999998,-5.616725722518545,1.3281551495831452,-14.930528145388035
269.40528562241695,39.7025408075928,0.9999999999999999,-5.617525831593598,1.3299799940842303,-14.835038763588999
269.4164574392451,39.695451768146874,1.0,-5.618328619295745,1.331802979391644,-14.740381019018136
269.42762386665237,39.688357420987934,0.9999999999999997,-5.6191340962355785,1.33362410623903,-14.646557711056616
269.4387849039878,39.68125776724999,0.9999999999999998,-5.6199422730226445,1.3354433753642772,-14.553571639085549
269.4499405506039,39.674152808066545,1.0,-5.620753160265449,1.3372607875095266,-14.46142560248616
269.4610908058561,39.66704254457064,0.9999999999999999,-5.621566768571452,1.3390763434211501,-14.370122400639602
269.47223566910304,39.65992697789485,0.9999999999999999,-5.622383108547054,1.3408900438497602,-14.27966483292708
269.4833751397064,39.652806109171216,0.9999999999999999,-5.623202190797626,1.3427018895501763,-14.190055698729704
269.49450921703107,39.64567993953132,0.9999999999999999,-5.624024025927476,1.3445118812814432,-14.101297797428671
269.505637900445,39.63854847010629,0.9999999999999999,-5.624848624539858,1.3463200198068153,-14.013393928405174
269.51676118931914,39.631411702026675,0.9999999999999999,-5.62567599723699,1.3481263058937394,-13.926346891040376
269.52787908302776,39.62426963642263,0.9999999999999999,-5.626506154620017,1.3499307403138574,-13.840159484715416
269.5389915809481,39.617122274423785,0.9999999999999998,-5.627339107289042,1.3517333238430072,-13.754834508811513
269.5500986824605,39.60996961715925,0.9999999999999998,-5.6281748658431034,1.3535340572611938,-13.67037476270979
269.56120038694837,39.6028116657577,0.9999999999999999,-5.629013440880189,1.3553329413526003,-13.586783045791455
269.57229669379825,39.59564842134726,1.0,-5.629854842997223,1.3571299769055687,-13.504062157437682
269.5833876023998,39.588479885055634,0.9999999999999999,-5.630699082790075,1.358925164712609,-13.422214897029608
269.5944731121457,39.58130605800996,1.0,-5.631546170853551,1.3607185055703654,-13.341244063948409
269.60555322243164,39.574126941336914,1.0,-5.632396117781391,1.3625100002796366,-13.26115245757528
269.6166279326565,39.566942536162706,1.0000000000000002,-5.633248934166273,1.3642996496453526,-13.181942877291402
269.62769724222227,39.55975284361301,1.0,-5.634104630599819,1.3660874544765735,-13.103618122477883
269.638761150534,39.552557864813025,1.0,-5.6349632176725715,1.367873415586483,-13.026180992515961
269.6498196569995,39.54535760088744,1.0,-5.635824705974013,1.3696575337923682,-12.949634286786774
269.66087276103,39.53815205296047,1.0,-5.636689106092563,1.371439809915631,-12.873980804671492
269.67192046203974,39.53094122215581,1.0,-5.637556428615562,1.373220244781776,-12.799223345551324
269.6829627594458,39.52372510959667,0.9999999999999999,-5.638426684129286,1.374998839220389,-12.725364708807401
269.69399965266854,39.516503716405765,0.9999999999999999,-5.639299883218936,1.3767755940651503,-12.65240769382088
269.7050311411312,39.50927704370529,0.9999999999999999,-5.6401760364686435,1.3785505101538145,-12.58035509997297
269.7160572242602,39.50204509261697,0.9999999999999999,-5.641055154461464,1.380323588328206,-12.50920972664485
269.7270779014849,39.494807864262,1.0,-5.641937247779384,1.3820948294342128,-12.438974373217649
269.73809317223777,39.487565359761106,1.0,-5.642822327003299,1.3838642343217844,-12.369651839072567
269.7491030359542,39.480317580234484,1.0,-5.643710402713047,1.3856318038449116,-12.301244923590753
269.7601074920726,39.47306452680184,1.0,-5.644601485487374,1.387397538861629,-12.233756426153406
269.7711065400347,39.46580620058238,1.0,-5.645495585903948,1.3891614402340122,-12.167189146141673
269.78210017928484,39.4585426026948,1.0,-5.646392714539364,1.3909235088281564,-12.10154588293675
269.7930884092707,39.451273734257285,1.0,-5.647292881969126,1.3926837455141847,-12.036829435919786
269.8040712294427,39.44399959638755,1.0,-5.648196098767663,1.3944421511662224,-11.973042604471948
269.8150486392545,39.43672019020275,1.0,-5.649102375508318,1.396198726662415,-11.91018818797443
269.8260206381626,39.42943551681959,1.0,-5.650011722763343,1.3979534728848968,-11.84826898580838
269.83698722562673,39.42214557735422,1.0,-5.650924151103916,1.3997063907198024,-11.787287797355008
269.8479484011093,39.414850372922324,1.0,-5.651839671100122,1.4014574810572389,-11.72724742199542
269.858904164076,39.40754990463904,1.0,-5.652758293320953,1.403206744791306,-11.668150659110834
269.86985451399534,39.40024417361904,1.0,-5.653680028334321,1.404954182820062,-11.610000308082432
269.8807994503388,39.39293318097645,1.0,-5.654604886707046,1.406699796045533,-11.552799168291337
269.8917389725811,39.3856169278249,0.9999999999999999,-5.655532879004852,1.4084435853737047,-11.49655003911876
269.90267308019963,39.37829541527749,0.9999999999999999,-5.656464015792373,1.4101855517145099,-11.441255719945854
269.9136017726749,39.37096864444689,0.9999999999999999,-5.6573983076331595,1.4119256959818198,-11.386919010153806
269.9245250494904,39.363636616445135,1.0,-5.658335765089651,1.4136640190934457,-11.333542709123758
269.9354429101326,39.35629933238384,1.0,-5.659276398723206,1.4154005219711288,-11.281129616236917
269.9463553540909,39.34895679337407,1.0,-5.660220219094078,1.4171352055405229,-11.22968253087444
269.95726238085757,39.3416090005264,0.9999999999999999,-5.661167236761435,1.4188680707312007,-11.179204252417499
269.968163989928,39.33425595495086,0.9999999999999999,-5.66211746228333,1.4205991184766422,-11.129697580247221
269.97906018080056,39.32689765775698,1.0,-5.6630709062167375,1.422328349714231,-11.081165313744844
269.98995095297636,39.3195341100538,1.0,-5.664027579117511,1.424055765385234,-11.033610252291522
270.0008363059597,39.3121653129498,1.0,-5.6649874915404235,1.4257813664348122,-10.987035195268387
270.0117162392576,39.30479126755298,0.9999999999999999,-5.66595065403913,1.427505153811999,-10.941442942056668
270.0225907523802,39.2974119749708,1.0,-5.666917077166194,1.4292271284697038,-10.896836292037461
270.0334598448406,39.29002743631021,0.9999999999999999,-5.667886771473067,1.4309472913647026,-10.853218044592033
270.0443235161546,39.28263765267765,0.9999999999999999,-5.668859747510099,1.4326656434576224,-10.81059099910148
270.0551817658411,39.27524262517904,0.9999999999999999,-5.669836015826541,1.4343821857129435,-10.768957954946998
270.0660345934219,39.26784235491976,1.0,-5.6708155869705275,1.4360969190989867,-10.728321711509748
270.0768819984218,39.26043684300471,1.0,-5.6717984714890886,1.437809844587926,-10.688685068170937
270.0877239803684,39.253026090538235,1.0,-5.672784679928152,1.4395209631557386,-10.650050824311675
270.0985605387923,39.24561009862417,1.0,-5.673774222832528,1.4412302757822453,-10.612421779313198
270.1093916732269,39.23818886836583,1.0,-5.674767110745924,1.4429377834510742,-10.57580073255665
270.1202173832087,39.23076240086603,0.9999999999999999,-5.675763354210933,1.4446434871496574,-10.540190483423176
270.1310376682768,39.223330697227,0.9999999999999999,-5.676762963769036,1.4463473878692383,-10.505593831293965
270.14185252797364,39.21589375855052,0.9999999999999999,-5.677765949960596,1.4480494866048501,-10.472013575550214
270.1526619618441,39.20845158593781,1.0,-5.678772323324882,1.4497497843553135,-10.439452515573073
270.1634659694363,39.20100418048956,1.0,-5.679782094400024,1.4514482821232317,-10.407913450743704
270.174264550301,39.19355154330596,1.0,-5.680795273723055,1.453144980914976,-10.377399180443263
270.1850577039921,39.18609367548665,0.9999999999999999,-5.681811871829878,1.4548398817406962,-10.347912504052976
270.1958454300661,39.178630578130765,0.9999999999999999,-5.682831899255293,1.456532985614288,-10.319456220953967
270.2066277280826,39.1711622523369,1.0,-5.683855366532967,1.4582242935534118,-10.292033130527436
270.21740459760406,39.163688699203135,1.0,-5.684882284195465,1.4599138065794683,-10.265646032154548
270.2281760381956,39.156209919827,1.0,-5.68591266277422,1.4616015257175947,-10.240297725216447
270.2389420494255,39.14872591530552,0.9999999999999999,-5.686946512799552,1.463287451996666,-10.215991009094319
270.2497026308647,39.14123668673518,1.0,-5.687983844800655,1.4649715864492783,-10.192728683169348
270.2604577820871,39.13374223521196,1.0,-5.689024669305602,1.4666539301117532,-10.170513546822692
270.2712075026694,39.126242561831276,0.9999999999999999,-5.690068996841347,1.468334484024114,-10.149348399435553
270.28195179219125,39.11873766768802,1.0,-5.691116837933718,1.4700132492300924,-10.129236040389046
270.292690650235,39.111227553876596,1.0,-5.692168203107419,1.4716902267771201,-10.110179269064385
270.3034240763859,39.10371222149081,0.9999999999999998,-5.69322310288603,1.4733654177163182,-10.092180884842726
270.3141520702322,39.09619167162398,1.0,-5.694281547792001,1.4750388231024913,-10.075243687105234
270.3248746313648,39.088665905368885,1.0000000000000002,-5.695343548346663,1.4767104439941212,-10.059370475233091
270.3355917593775,39.08113492381777,1.0000000000000002,-5.696409115070213,1.4783802814533606,-10.044564048607471
270.3463034538669,39.07359872806234,1.0000000000000002,-5.697478258481726,1.4800483365460189,-10.03082720660951
270.35700971443254,39.06605731919378,1.0000000000000002,-5.6985509890991395,1.481714610341578,-10.01816274862045
270.36771054067657,39.058510698302726,1.0000000000000002,-5.699627317439273,1.4833791039131512,-10.006573474021401
270.37840593220426,39.050958866479284,1.0000000000000002,-5.700707254017803,1.485041818337508,-9.996062182193572
270.3890958886234,39.04340182481305,1.0000000000000002,-5.701790809349285,1.4867027546950438,-9.986631672518085
270.3997804095448,39.03583957439303,1.0000000000000002,-5.702877993947141,1.4883619140697886,-9.978284744376147
270.41045949458197,39.02827211630774,1.0000000000000002,-5.703968818323656,1.490019297549398,-9.971024197148935
270.4211331433513,39.020699451645136,1.0,-5.705063292989986,1.4916749062251353,-9.964852830217623
270.4318013554719,39.013121581492676,1.0000000000000002,-5.706161428456151,1.4933287411918752,-9.959773442963321
270.44246413056584,39.00553850693722,1.0000000000000002,-5.707263235231039,1.4949808035481018,-9.955788834767276
270.4531214682578,38.99795022906512,1.0000000000000002,-5.708368723822399,1.496631094395882,-9.952901805010624
270.4637733681752,38.9903567489622,1.0000000000000002,-5.7094779047368505,1.4982796148408757,-9.951115153074534
270.4744198299486,38.98275806771373,1.0000000000000002,-5.710590788479865,1.4999263659923328,-9.9504316783402
270.485060853211,38.975154186404446,1.0000000000000002,-5.711707385555789,1.5015713489630638,-9.950854180188765
270.4956964375983,38.96754510611854,1.0000000000000002,-5.712827706467825,1.5032145648694577,-9.952385458001427
270.50632658274924,38.95993082793967,1.0000000000000002,-5.713951761718035,1.5048560148314576,-9.955028311159323
270.5169512883051,38.95231135295096,1.0000000000000002,-5.715079561807348,1.5064956999725656,-9.958785539043662
270.5275705539103,38.94468668223495,1.0,-5.716211117235549,1.5081336214198324,-9.963659941035575
270.53818437921177,38.9370568168737,1.0000000000000002,-5.717346438501277,1.5097697803038488,-9.969654316516271
270.54879276385924,38.929421757948674,1.0,-5.718485536102044,1.5114041777587341,-9.9767714648669
270.5593957075052,38.92178150654083,1.0000000000000002,-5.719628420534205,1.5130368149221403,-9.985014185468623
270.5699932098049,38.914136063730574,1.0000000000000002,-5.720775102292982,1.5146676929352452,-9.994385277702651
270.58058527041635,38.90648543059773,1.0000000000000002,-5.721925591872456,1.5162968129427246,-10.004887540950074
270.59117188900046,38.89882960822164,1.0000000000000002,-5.7230798997655485,1.517924176092784,-10.016523774592176
270.6017530652206,38.89116859768106,1.0000000000000002,-5.724238036464054,1.5195497835371092,-10.029296778010062
270.61232879874296,38.883502400054226,1.0000000000000002,-5.725400012458614,1.5211736364308934,-10.043209350584902
270.6228990892367,38.87583101641879,1.0000000000000004,-5.726565838238725,1.5227957359328086,-10.058264291697872
270.6334639363734,38.86815444785189,1.0000000000000002,-5.727735524292742,1.5244160832050115,-10.074464400730166
