galstreams/tracks/track.st.M68-Fjorm.ibata2024.ecsv
# %ECSV 1.0
# ---
# datatype:
# - {name: ra, unit: deg, datatype: float64}
# - {name: dec, unit: deg, datatype: float64}
# - {name: distance, unit: kpc, datatype: float64}
# - {name: pm_ra_cosdec, unit: mas / yr, datatype: float64}
# - {name: pm_dec, unit: mas / yr, datatype: float64}
# - {name: radial_velocity, unit: km / s, datatype: float64}
# delimiter: ','
# meta: !!omap
# - __serialized_columns__:
#     dec:
#       __class__: astropy.coordinates.angles.Latitude
#       unit: &id001 !astropy.units.Unit {unit: deg}
#       value: !astropy.table.SerializedColumn {name: dec}
#     distance:
#       __class__: astropy.coordinates.distances.Distance
#       unit: !astropy.units.Unit {unit: kpc}
#       value: !astropy.table.SerializedColumn {name: distance}
#     pm_dec:
#       __class__: astropy.units.quantity.Quantity
#       unit: !astropy.units.Unit {unit: mas / yr}
#       value: !astropy.table.SerializedColumn {name: pm_dec}
#     pm_ra_cosdec:
#       __class__: astropy.units.quantity.Quantity
#       unit: !astropy.units.Unit {unit: mas / yr}
#       value: !astropy.table.SerializedColumn {name: pm_ra_cosdec}
#     ra:
#       __class__: astropy.coordinates.angles.Longitude
#       unit: *id001
#       value: !astropy.table.SerializedColumn {name: ra}
#       wrap_angle: !astropy.coordinates.Angle
#         unit: *id001
#         value: 360.0
#     radial_velocity:
#       __class__: astropy.units.quantity.Quantity
#       unit: !astropy.units.Unit {unit: km / s}
#       value: !astropy.table.SerializedColumn {name: radial_velocity}
# schema: astropy-2.0
ra,dec,distance,pm_ra_cosdec,pm_dec,radial_velocity
[from data line 10124]
275.6507377521499,67.54489688308024,1.0,4.478246246436481,0.925835151587953,-39.10652133752936
275.67737076000185,67.54417730817084,0.9999999999999999,4.47798474993376,0.9232563941528111,-39.11230642731132
275.70400217587064,67.54345280897984,1.0,4.477721486606335,0.9206781003656048,-39.11810164681499
275.730631988129,67.54272338584146,0.9999999999999999,4.477456456650425,0.9181002723085654,-39.12390699860175
275.75726018515365,67.54198903909321,1.0,4.477189660265126,0.9155229120631128,-39.12972248523299
275.7838867553252,67.54124976907573,1.0,4.476921097652406,0.9129460217098129,-39.1355481092701
275.8105116870282,67.54050557613283,1.0,4.476650769017098,0.9103696033284363,-39.141383873274464
275.837134968651,67.5397564606115,0.9999999999999999,4.476378674566913,0.9077936589978877,-39.14722977980746
275.86375658858617,67.5390024228619,0.9999999999999999,4.476104814512421,0.9052181907962296,-39.1530858314305
275.8903765352298,67.53824346323735,0.9999999999999999,4.47582918906706,0.9026432008006999,-39.15895203070497
275.91699479698246,67.53747958209438,0.9999999999999999,4.475551798447133,0.900068691087657,-39.16482838019223
275.9436113622487,67.53671077979264,0.9999999999999999,4.475272642871799,0.8974946637325925,-39.1707148824537
275.9702262194368,67.53593705669496,0.9999999999999999,4.474991722563083,0.8949211208101562,-39.176611540050764
275.99683935695964,67.53515841316737,1.0,4.474709037745872,0.8923480643940938,-39.18251835554479
276.023450763234,67.53437484957898,1.0,4.474424588647905,0.8897754965572786,-39.18843533149718
276.05006042668066,67.53358636630216,0.9999999999999999,4.474138375499773,0.8872034193717107,-39.1943624704693
276.0766683357249,67.53279296371238,0.9999999999999998,4.473850398534919,0.8846318349084794,-39.20029977502258
276.10327447879604,67.5319946421883,1.0,4.473560657989653,0.8820607452377889,-39.20624724771839
276.1298788443277,67.5311914021117,1.0,4.473269154103116,0.8794901524289251,-39.21220489111809
276.1564814207579,67.53038324386759,1.0,4.472975887117307,0.8769200585502661,-39.218172707783104
276.1830821965289,67.52957016784404,0.9999999999999999,4.472680857277076,0.8743504656692731,-39.22415070027479
276.20968116008714,67.52875217443236,0.9999999999999999,4.472384064830102,0.8717813758524899,-39.23013887115457
276.2362782998837,67.52792926402694,0.9999999999999999,4.472085510026915,0.8692127911655154,-39.23613722298383
276.26287360437385,67.5271014370254,1.0,4.471785193120894,0.8666447136730291,-39.24214575832393
276.28946706201737,67.52626869382843,0.9999999999999999,4.47148311436824,0.8640771454387548,-39.24816447973625
276.31605866127865,67.52543103483991,0.9999999999999999,4.471179274028003,0.8615100885254696,-39.25419338978222
276.34264839062627,67.52458846046687,1.0,4.470873672362061,0.8589435449950096,-39.26023249102321
276.36923623853363,67.5237409711195,1.0,4.470566309635134,0.8563775169082293,-39.2662817860206
276.3958221934785,67.52288856721108,1.0,4.470257186114769,0.8538120063250281,-39.27234127733578
276.42240624394316,67.52203124915808,1.0,4.469946302071331,0.8512470153043448,-39.27841096753014
276.4489883784148,67.52116901738009,1.0,4.469633657778036,0.8486825459041127,-39.28449085916506
276.47556858538496,67.52030187229985,0.9999999999999998,4.469319253510899,0.8461186001812955,-39.29058095480196
276.5021468533498,67.51942981434323,0.9999999999999999,4.469003089548776,0.8435551801918728,-39.29668125700219
276.52872317081057,67.51855284393925,1.0,4.468685166173337,0.8409922879908152,-39.302791768327154
276.55529752627285,67.51767096152005,0.9999999999999999,4.4683654836690785,0.8384299256320897,-39.30891249133825
276.58186990824703,67.51678416752091,0.9999999999999999,4.468044042323302,0.8358680951686717,-39.315043428596844
276.60844030524845,67.51589246238024,1.0,4.467720842426135,0.833306798652496,-39.32118458266434
276.6350087057972,67.51499584653958,0.9999999999999999,4.467395884270519,0.8307460381344924,-39.32733595610212
276.661575098418,67.51409432044362,1.0,4.467069168152188,0.8281858156645723,-39.33349755147157
276.68813947164085,67.51318788454013,1.0,4.466740694369718,0.8256261332915797,-39.339669371334075
276.71470181400014,67.51227653928004,0.9999999999999998,4.466410463224456,0.8230669930633696,-39.34585141825104
276.7412621140356,67.51136028511742,1.0,4.46607847502058,0.8205083970267144,-39.35204369478384
276.76782036029175,67.51043912250941,0.9999999999999998,4.465744730065058,0.8179503472273364,-39.35824620349386
276.79437654131806,67.50951305191631,0.9999999999999999,4.465409228667665,0.8153928457099249,-39.3644589469425
276.8209306456691,67.50858207380156,0.9999999999999999,4.46507197114097,0.8128358945180896,-39.37068192769112
276.84748266190434,67.50764618863167,0.9999999999999999,4.464732957800336,0.8102794956943726,-39.37691514830116
276.8740325785884,67.50670539687627,0.9999999999999999,4.464392188963928,0.8077236512802455,-39.383158611333975
276.900580384291,67.50575969900812,1.0,4.464049664952695,0.8051683633161013,-39.38941231935094
276.92712606758704,67.5048090955031,1.0,4.46370538609038,0.8026136338412333,-39.39567627491348
276.95366961705645,67.50385358684021,1.0,4.463359352703513,0.8000594648938617,-39.40195048058292
276.9802110212845,67.5028931735015,0.9999999999999999,4.463011565121412,0.7975058585110881,-39.40823493892071
277.0067502688614,67.50192785597221,0.9999999999999998,4.4626620236761685,0.7949528167289297,-39.41452965248823
277.0332873483829,67.50095763474063,1.0,4.462310728702662,0.7924003415822822,-39.420834623846844
277.0598222484498,67.49998251029815,1.0,4.46195768053855,0.7898484351049277,-39.42714985555796
277.08635495766833,67.49900248313932,1.0,4.461602879524263,0.7872970993295185,-39.433475350182945
277.11288546464993,67.49801755376171,1.0,4.46124632600301,0.7847463362875957,-39.4398111102832
277.1394137580114,67.49702772266608,0.9999999999999998,4.460888020320769,0.7821961480095609,-39.44615713842011
277.1659398263751,67.49603299035618,1.0,4.460527962826283,0.7796465365246621,-39.4525134371551
277.1924636583685,67.49503335733897,0.9999999999999999,4.460166153871067,0.7770975038610204,-39.45888000904948
277.2189852426247,67.49402882412443,1.0,4.459802593809399,0.774549052045606,-39.4652568566647
277.2455045677823,67.49301939122562,0.9999999999999999,4.459437282998319,0.7720011831042108,-39.471643982562135
277.2720216224852,67.49200505915877,0.9999999999999999,4.459070221797629,0.7694538990614865,-39.47804138930316
277.29853639538294,67.4909858284431,1.0,4.458701410569879,0.76690720194091,-39.484449079449156
277.32504887513073,67.48996169960098,0.9999999999999998,4.458330849680392,0.7643610937647711,-39.49086705556154
277.351559050389,67.48893267315788,0.9999999999999999,4.45795853949722,0.7618155765542047,-39.49729532020168
277.37806690982416,67.48789874964228,1.0,4.457584480391181,0.7592706523291377,-39.503733875930976
277.404572442108,67.48685992958582,1.0,4.4572086727358435,0.7567263231083134,-39.51018272531082
277.43107563591803,67.48581621352314,1.0,4.456831116907502,0.754182590909283,-39.51664187090257
277.45757647993753,67.48476760199203,1.0,4.456451813285213,0.7516394577483791,-39.52311131526764
277.4840749628554,67.48371409553332,1.0,4.456070762250767,0.7490969256407438,-39.52959106096741
277.51057107336624,67.48265569469092,0.9999999999999999,4.455687964188683,0.7465549966002998,-39.536081110563266
277.53706480017064,67.48159240001179,1.0,4.4553034194862295,0.744013672639726,-39.54258146661661
277.5635561319747,67.48052421204602,1.0,4.454917128533397,0.7414729557705169,-39.5490921316888
277.59004505749044,67.47945113134668,0.9999999999999999,4.454529091722914,0.7389328480029032,-39.55561310834127
277.6165315654358,67.47837315846999,0.9999999999999999,4.454139309450226,0.7363933513458907,-39.562144399135356
277.64301564453467,67.47729029397519,1.0,4.453747782113511,0.7338544678072378,-39.56868600663249
277.6694972835166,67.47620253842459,1.0,4.453354510113671,0.7313161993934534,-39.57523793339403
277.69597647111726,67.47510989238356,0.9999999999999999,4.452959493854319,0.7287785481097968,-39.58180018198138
277.7224531960781,67.47401235642052,0.9999999999999999,4.452562733741794,0.7262415159602695,-39.58837275495591
277.74892744714685,67.47290993110695,1.0,4.452164230185141,0.7237051049475962,-39.59495565487906
277.7753992130771,67.4718026170174,1.0,4.451763983596127,0.7211693170732274,-39.601548884312145
277.80186848262827,67.47069041472946,0.9999999999999999,4.451361994389218,0.7186341543373591,-39.60815244581659
277.8283352445662,67.4695733248238,0.9999999999999999,4.45095826298159,0.7160996187388906,-39.614766341953796
277.85479948766266,67.46845134788406,0.9999999999999999,4.45055278979313,0.7135657122754133,-39.62139057528511
277.88126120069546,67.467324484497,0.9999999999999999,4.450145575246411,0.7110324369432659,-39.62802514837197
277.9077203724487,67.46619273525238,0.9999999999999998,4.449736619766711,0.708499794737457,-39.63467006377572
277.9341769917127,67.46505610074306,0.9999999999999999,4.449325923782016,0.7059677876516912,-39.64132532405781
277.9606310472838,67.46391458156488,1.0,4.44891348772299,0.7034364176783767,-39.64799093177953
277.98708252796473,67.46276817831675,1.0,4.448499312022991,0.7009056868085941,-39.654666889502366
278.01353142256426,67.4616168916006,1.0000000000000002,4.4480833971180616,0.6983755970321126,-39.661353199787634
278.0399777198977,67.46046072202141,1.0,4.447665743446935,0.6958461503373652,-39.668049865196764
278.0664214087867,67.45929967018718,1.0,4.447246351451024,0.6933173487114423,-39.67475688829113
278.09286247805886,67.45813373670893,0.9999999999999999,4.446825221574416,0.6907891941401223,-39.68147427163212
278.11930091654864,67.45696292220073,1.0,4.446402354263889,0.6882616886078141,-39.68820201778112
278.14573671309654,67.45578722727969,1.0,4.445977749968871,0.6857348340975866,-39.694940129299525
278.1721698565495,67.45460665256587,1.0,4.445551409141477,0.683208632591167,-39.70168860874873
278.1986003357611,67.45342119868246,0.9999999999999999,4.445123332236493,0.6806830860688975,-39.70844745869009
278.2250281395915,67.45223086625558,1.0,4.44469351971136,0.678158196509759,-39.715216681685035
278.25145325690676,67.4510356559144,1.0,4.444261972026179,0.6756339658913837,-39.72199628029493
278.2778756765801,67.44983556829109,0.9999999999999998,4.443828689643726,0.6731103961899989,-39.728786257081154
278.304295387491,67.44863060402088,1.0,4.44339367302941,0.6705874893804644,-39.73558661460513
278.3307123785255,67.44742076374196,0.9999999999999998,4.442956922651314,0.668065247436255,-39.74239735542822
278.3571266385764,67.44620604809555,1.0,4.442518438980164,0.6655436723294317,-39.749218482111786
278.38353815654307,67.44498645772588,1.0,4.442078222489328,0.6630227660306778,-39.756049997217275
278.4099469213313,67.44376199328015,0.9999999999999999,4.441636273654827,0.6605025305092709,-39.76289190330605
278.436352921854,67.44253265540861,1.0,4.441192592955317,0.6579829677330582,-39.76974420293946
278.46275614703046,67.44129844476448,1.0,4.4407471808720995,0.6554640796684992,-39.776606898678956
278.48915658578676,67.44005936200402,1.0,4.440300037889106,0.6529458682806193,-39.7834799930859
278.51555422705593,67.43881540778642,1.0,4.439851164492906,0.6504283355330105,-39.79036348872166
278.5419490597775,67.43756658277388,1.0,4.439400561172687,0.6479114833878468,-39.797257388147656
278.5683410728981,67.43631288763164,1.0,4.438948228420281,0.6453953138058592,-39.80416169392525
278.59473025537085,67.4350543230279,1.0,4.4384941667301225,0.6428798287463469,-39.811076408615854
278.6211165961561,67.43379088963381,1.0,4.438038376599292,0.6403650301671404,-39.818001534780834
278.647500084221,67.43252258812355,0.9999999999999999,4.43758085852746,0.6378509200246398,-39.82493707498159
278.67388070853946,67.43124941917426,0.9999999999999999,4.4371216130169335,0.6353375002737711,-39.831883031779505
278.7002584580923,67.4299713834661,1.0,4.436660640572615,0.6328247728680148,-39.83883940773598
278.72663332186767,67.42868848168214,1.0,4.436197941702033,0.6303127397593613,-39.84580620541238
278.75300528886044,67.42740071450845,0.9999999999999998,4.435733516915304,0.6278014028983345,-39.85278342737011
278.77937434807245,67.42610808263414,1.0,4.435267366725153,0.6252907642339944,-39.85977107617055
278.8057404885127,67.42481058675119,0.9999999999999999,4.434799491646904,0.6227808257139036,-39.8667691543751
278.8321036991973,67.42350822755459,0.9999999999999999,4.434329892198475,0.6202715892841262,-39.873777664545145
278.8584639691494,67.42220100574231,0.9999999999999999,4.43385856890039,0.6177630568892494,-39.880796609242054
278.88482128739923,67.42088892201527,1.0,4.433385522275741,0.6152552304723509,-39.88782599102724
278.91117564298435,67.41957197707734,1.0,4.432910752850217,0.6127481119750011,-39.89486581246207
278.93752702494913,67.41825017163536,1.0000000000000002,4.432434261152091,0.6102417033372682,-39.901916076107966
278.96387542234555,67.41692350639916,1.0,4.431956047712219,0.6077360064977011,-39.90897678452625
278.99022082423255,67.41559198208145,0.9999999999999999,4.431476113064019,0.6052310233933196,-39.91604794027838
279.01656321967647,67.41425559939796,1.0,4.4309944577435045,0.602726755959631,-39.92312954592569
279.04290259775075,67.41291435906732,0.9999999999999999,4.4305110822892395,0.6002232061306003,-39.930221604029626
279.0692389475364,67.41156826181114,1.0,4.4300259872423675,0.597720375838656,-39.93732411715153
279.09557225812154,67.41021730835395,0.9999999999999999,4.429539173146592,0.5952182670146979,-39.944437087852805
279.12190251860164,67.40886149942325,0.9999999999999999,4.429050640548174,0.5927168815880703,-39.951560518694826
279.1482297180797,67.40750083574947,0.9999999999999999,4.428560389995935,0.5902162214865587,-39.95869441223901
279.17455384566586,67.40613531806596,0.9999999999999999,4.428068422041248,0.5877162886364071,-39.965838771046734
279.20087489047813,67.40476494710902,0.9999999999999999,4.427574737238046,0.5852170849622764,-39.97299359767937
279.22719284164145,67.40338972361786,1.0,4.427079336142791,0.5827186123872874,-39.98015889469831
279.2535076882886,67.40200964833467,1.0,4.426582219314511,0.5802208728329679,-39.98733466466495
279.2798194195598,67.40062472200451,1.0,4.426083387314753,0.5777238682192709,-39.99452091014068
279.3061280246025,67.3992349453754,1.0,4.425582840707619,0.5752276004645784,-40.00171763368688
279.3324334925722,67.39784031919827,1.0,4.425080580059741,0.572732071485675,-40.00892483786495
279.35873581263166,67.39644084422697,0.9999999999999999,4.4245766059402705,0.5702372831977449,-40.016142525236255
279.3850349739512,67.39503652121827,0.9999999999999999,4.4240709189208935,0.5677432375144034,-40.0233706983622
279.4113309657089,67.39362735093187,0.9999999999999999,4.423563519575829,0.5652499363476347,-40.03060935980418
279.43762377709055,67.39221333413033,0.9999999999999999,4.423054408481805,0.5627573816078169,-40.03785851212358
279.46391339728933,67.3907944715792,1.0,4.422543586218067,0.5602655752037435,-40.04511815788177
279.4901998155065,67.38937076404689,0.9999999999999999,4.422031053366384,0.5577745190425571,-40.052388299640135
279.51648302095083,67.38794221230467,1.0,4.421516810511023,0.5552842150297908,-40.059668939960105
279.5427630028387,67.3865088171268,1.0,4.42100085823876,0.5527946650693645,-40.066960081403046
279.5690397503945,67.38507057929041,0.9999999999999998,4.420483197138888,0.5503058710635438,-40.07426172653031
279.59531325285036,67.38362749957548,1.0,4.419963827803179,0.5478178349129648,-40.08157387790334
279.6215834994462,67.38217957876495,1.0,4.41944275082592,0.5453305585166235,-40.088896538083475
279.64785047942974,67.3807268176446,1.0,4.418919966803877,0.5428440437718707,-40.096229709632155
279.67411418205666,67.37926921700314,1.0,4.41839547633631,0.5403582925743993,-40.10357339511074
279.7003745965905,67.37780677763216,0.9999999999999999,4.417869280024972,0.5378733068182484,-40.1109275970806
