galstreams/tracks/track.st.LMS-1.malhan2021.ecsv
# %ECSV 0.9
# ---
# datatype:
# - {name: ra, unit: deg, datatype: float64}
# - {name: dec, unit: deg, datatype: float64}
# - {name: distance, unit: kpc, datatype: float64}
# - {name: pm_ra_cosdec, unit: mas / yr, datatype: float64}
# - {name: pm_dec, unit: mas / yr, datatype: float64}
# - {name: radial_velocity, unit: km / s, datatype: float64}
# delimiter: ','
# meta: !!omap
# - __serialized_columns__:
#     dec:
#       __class__: astropy.coordinates.angles.Latitude
#       unit: &id001 !astropy.units.Unit {unit: deg}
#       value: !astropy.table.SerializedColumn {name: dec}
#     distance:
#       __class__: astropy.coordinates.distances.Distance
#       unit: !astropy.units.Unit {unit: kpc}
#       value: !astropy.table.SerializedColumn {name: distance}
#     pm_dec:
#       __class__: astropy.units.quantity.Quantity
#       unit: !astropy.units.Unit {unit: mas / yr}
#       value: !astropy.table.SerializedColumn {name: pm_dec}
#     pm_ra_cosdec:
#       __class__: astropy.units.quantity.Quantity
#       unit: !astropy.units.Unit {unit: mas / yr}
#       value: !astropy.table.SerializedColumn {name: pm_ra_cosdec}
#     ra:
#       __class__: astropy.coordinates.angles.Longitude
#       unit: *id001
#       value: !astropy.table.SerializedColumn {name: ra}
#       wrap_angle: !astropy.coordinates.Angle
#         unit: *id001
#         value: 360.0
#     radial_velocity:
#       __class__: astropy.units.quantity.Quantity
#       unit: !astropy.units.Unit {unit: km / s}
#       value: !astropy.table.SerializedColumn {name: radial_velocity}
# schema: astropy-2.0
ra,dec,distance,pm_ra_cosdec,pm_dec,radial_velocity
[from data line 1167]
205.21208308228245,20.522645884445563,19.000000000000004,-0.389862193744566,-1.1247758344379946,-6.456694337952514
205.22136766055047,20.52786219562427,19.000000000000004,-0.38960642326109063,-1.1249244544823314,-6.54241350500356
205.23065282585262,20.5330780968942,19.0,-0.38935050872992877,-1.125073322100345,-6.6281180312839325
205.23993857778538,20.538293589093335,19.000000000000004,-0.3890944506075056,-1.1252224361603984,-6.713807842854766
205.24922491594873,20.543508673053836,19.000000000000004,-0.38883824934941014,-1.1253717955329319,-6.799482865866551
205.25851183994624,20.54872334960208,19.000000000000007,-0.3885819054103961,-1.1255213990904607,-6.885143026559448
205.26779934938492,20.553937619558624,19.0,-0.3883254192443836,-1.1256712457075753,-6.970788251262801
205.27708744387536,20.559151483738226,19.000000000000004,-0.38806879130445865,-1.1258213342609371,-7.05641846639532
205.28637612303157,20.564364942949844,19.0,-0.38781202204287596,-1.1259716636292818,-7.142033598465222
205.29566538647114,20.569577997996642,19.000000000000004,-0.3875551119110576,-1.1261222326934124,-7.227633574069931
205.30495523381524,20.57479064967606,19.0,-0.38729806135959555,-1.126273040336202,-7.313218319896264
205.31424566468837,20.580002898779703,19.0,-0.3870408708382526,-1.1264240854425915,-7.39878776272026
205.3235366787186,20.58521474609341,19.0,-0.3867835407959611,-1.1265753668995864,-7.484341829407208
205.3328282755375,20.590426192397256,19.0,-0.38652607168082653,-1.126726883596258,-7.569880446911692
205.34212045478006,20.595637238465553,19.000000000000004,-0.38626846394012626,-1.1268786344237398,-7.655403542277528
205.35141321608484,20.60084788506687,19.000000000000004,-0.3860107180203123,-1.1270306182752292,-7.740911042637603
205.3607065590938,20.606058132963994,19.000000000000004,-0.385752834367011,-1.1271828340459806,-7.826402875214142
205.37000048345246,20.611267982914,19.0,-0.38549481342502295,-1.1273352806333106,-7.911878967318369
205.37929498880962,20.616477435668187,19.000000000000004,-0.3852366556383258,-1.1274879569365917,-7.997339246350752
205.38859007481778,20.62168649197215,19.000000000000004,-0.38497836145007536,-1.1276408618572533,-8.082783639800827
205.3978857411327,20.626895152565705,18.999999999999996,-0.3847199313026038,-1.12779399429878,-8.168212075247098
205.40718198741374,20.632103418182982,19.000000000000004,-0.38446136563742267,-1.1279473531667095,-8.253624480357344
205.41647881332355,20.637311289552386,19.000000000000004,-0.38420266489522337,-1.1281009373686315,-8.339020782888184
205.42577621852837,20.642518767396577,19.0,-0.3839438295158779,-1.128254745814187,-8.424400910685389
205.43507420269776,20.647725852432522,19.0,-0.3836848599384397,-1.1284087774150666,-8.50976479168356
205.44437276550485,20.65293254537148,19.000000000000004,-0.38342575660114475,-1.128563031085008,-8.595112353906458
205.45367190662608,20.658138846918998,19.000000000000004,-0.3831665199414115,-1.1287175057397965,-8.680443525466645
205.46297162574132,20.663344757774947,19.0,-0.3829071503958433,-1.1288722002972622,-8.765758234565697
205.47227192253393,20.66855027863348,19.000000000000004,-0.38264764840022747,-1.1290271136772785,-8.851056409494012
205.48157279669064,20.67375541018308,19.0,-0.3823880143895385,-1.129182244801763,-8.936337978630874
205.49087424790162,20.678960153106537,19.000000000000004,-0.38212824879793594,-1.1293375925946725,-9.021602870444495
205.50017627586038,20.684164508080976,19.000000000000004,-0.38186835205876835,-1.1294931559820056,-9.106851013491848
205.50947888026388,20.68936847577783,19.0,-0.3816083246045714,-1.1296489338917968,-9.192082336418734
205.51878206081253,20.694572056862896,19.000000000000004,-0.3813481668670706,-1.1298049252541198,-9.277296767959722
205.52808581721,20.69977525199627,19.0,-0.38108787927718235,-1.1299611290010834,-9.362494236938197
205.5373901491635,20.70497806183244,19.0,-0.3808274622650123,-1.130117544066829,-9.447674672266235
205.54669505638353,20.7101804870202,19.0,-0.3805669162598594,-1.1302741693875338,-9.532838002944674
205.55600053858396,20.7153825282027,19.000000000000004,-0.3803062416902145,-1.1304310039014034,-9.617984158062969
205.5653065954821,20.72058418601748,19.0,-0.380045438983763,-1.1305880465486762,-9.70311306679934
205.57461322679853,20.725785461096418,18.999999999999996,-0.3797845085673836,-1.1307452962716174,-9.788224658420583
205.58392043225737,20.730986354065767,19.0,-0.37952345086715084,-1.1309027520145198,-9.873318862282153
205.59322821158588,20.736186865546145,19.0,-0.3792622663083358,-1.131060412723704,-9.95839560782813
205.60253656451488,20.74138699615257,19.000000000000004,-0.3790009553154059,-1.1312182773475121,-10.043454824591162
205.61184549077842,20.746586746494422,19.0,-0.3787395183120271,-1.1313763448363126,-10.128496442192429
205.6211549901139,20.75178611717547,19.0,-0.37847795572106374,-1.1315346141424936,-10.213520390341623
205.6304650622621,20.7569851087939,19.000000000000004,-0.3782162679645801,-1.1316930842204647,-10.298526598837046
205.63977570696716,20.76218372194228,19.000000000000004,-0.3779544554638409,-1.1318517540266537,-10.383514997565468
205.64908692397654,20.767381957207576,19.0,-0.3776925186393124,-1.1320106225195075,-10.468485516502048
205.65839871304098,20.77257981517117,19.0,-0.37743045791066265,-1.1321696886594879,-10.553438085710445
205.66771107391457,20.777777296408857,19.000000000000004,-0.37716827369676315,-1.1323289514090722,-10.638372635342709
205.6770240063548,20.78297440149086,19.000000000000004,-0.3769059664156892,-1.1324884097327512,-10.723289095639373
205.6863375101223,20.788171130981816,19.0,-0.3766435364847212,-1.1326480625970288,-10.808187396929242
205.69565158498128,20.793367485440797,19.0,-0.37638098432034617,-1.1328079089704182,-10.893067469629582
205.70496623069891,20.798563465421267,19.000000000000004,-0.37611831033825494,-1.1329679478234427,-10.97792924424586
205.714281447046,20.803759071471237,19.000000000000004,-0.375855514953349,-1.1331281781286335,-11.062772651372018
205.72359723379648,20.808954304133064,19.0,-0.3755925985797367,-1.1332885988605288,-11.147597621690098
205.7329135907276,20.814149163943576,19.0,-0.37532956163073505,-1.133449208995672,-11.232404085970545
205.7422305176199,20.81934365143407,19.0,-0.3750664045188721,-1.1336100075126099,-11.317191975071998
205.75154801425717,20.8245377671303,19.000000000000004,-0.3748031276558865,-1.1337709933918925,-11.401961219941347
205.7608660804266,20.829731511552474,19.0,-0.3745397314527283,-1.1339321656160706,-11.486711751613608
205.7701847159185,20.83492488521529,19.000000000000004,-0.3742762163195611,-1.1340935231696951,-11.571443501212025
205.7795039205266,20.840117888627894,19.0,-0.3740125826657611,-1.1342550650393146,-11.656156399947985
205.78882369404775,20.84531052229393,19.000000000000004,-0.3737488308999191,-1.134416790213475,-11.740850379120968
205.79814403628217,20.850502786711523,19.0,-0.3734849614298422,-1.1345786976827186,-11.82552537011862
205.80746494703337,20.8556946823733,19.0,-0.37322097466255233,-1.1347407864395809,-11.910181304416634
205.81678642610794,20.86088620976636,19.0,-0.3729568710042884,-1.1349030554785908,-11.994818113578779
205.8261084733159,20.8660773693723,19.0,-0.37269265086050823,-1.1350655037962685,-12.079435729256813
205.83543108847041,20.871268161667263,19.0,-0.37242831463588744,-1.1352281303911247,-12.164034083190577
205.84475427138796,20.87645858712186,19.000000000000004,-0.3721638627343218,-1.135390934263658,-12.248613107207841
205.85407802188814,20.881648646201246,19.0,-0.37189929555892753,-1.1355539144163553,-12.333172733224377
205.8634023397939,20.886838339365067,19.000000000000004,-0.37163461351204186,-1.1357170698536891,-12.417712893243962
205.8727272249314,20.892027667067516,19.000000000000004,-0.3713698169952241,-1.1358803995821165,-12.50223351935815
205.88205267712988,20.897216629757313,19.0,-0.371104906409257,-1.1360439026100781,-12.58673454374651
205.89137869622198,20.90240522787772,19.0,-0.37083988215414715,-1.1362075779479952,-12.671215898676467
205.90070528204353,20.907593461866515,19.0,-0.3705747446291261,-1.1363714246082712,-12.755677516503312
205.91003243443342,20.912781332156058,18.999999999999996,-0.37030949423265025,-1.1365354416052875,-12.840119329670086
205.91936015323392,20.917968839173234,19.000000000000004,-0.37004413136240355,-1.1366996279554034,-12.924541270707811
205.92868843829038,20.923155983339488,19.000000000000007,-0.36977865641529706,-1.1368639826769553,-13.0089432722351
205.93801728945138,20.928342765070834,19.000000000000004,-0.3695130697874699,-1.1370285047902533,-13.093325266958486
205.94734670656874,20.93352918477785,19.000000000000004,-0.36924737187429013,-1.1371931933175818,-13.177687187672142
205.9566766894974,20.93871524286568,19.000000000000004,-0.36898156307035623,-1.1373580472831972,-13.262028967258018
205.9660072380955,20.94390093973405,19.0,-0.3687156437694973,-1.1375230657133273,-13.346350538685721
205.9753383522244,20.94908627577726,19.000000000000004,-0.3684496143647744,-1.1376882476361678,-13.430651835012599
205.98467003174858,20.954271251384206,19.000000000000004,-0.368183475248481,-1.1378535920818842,-13.51493278938354
205.99400227653567,20.959455866938384,19.0,-0.36791722681214384,-1.1380190980826081,-13.599193335031195
206.00333508645656,20.964640122817855,19.000000000000004,-0.36765086944652414,-1.1381847646724355,-13.683433405275702
206.01266846138518,20.969824019395308,19.0,-0.36738440354161883,-1.1383505908874278,-13.767652933524838
206.0220024011987,20.975007557038037,19.0,-0.3671178294866599,-1.1385165757656077,-13.85185185327395
206.03133690577744,20.980190736107946,19.000000000000004,-0.3668511476701169,-1.1386827183469594,-13.93603009810593
206.0406719750048,20.98537355696155,19.0,-0.3665843584796973,-1.1388490176734278,-14.020187601691145
206.05000760876737,20.99055601994999,19.0,-0.36631746230234663,-1.1390154727889148,-14.104324297787441
206.05934380695487,20.99573812541904,19.000000000000004,-0.36605045952425075,-1.1391820827392796,-14.188440120240202
206.06868056946018,21.000919873709094,19.0,-0.36578335053083516,-1.1393488465723383,-14.272535002982242
206.07801789617923,21.00610126515519,19.0,-0.36551613570676644,-1.1395157633378594,-14.356608880033749
206.08735578701115,21.011282300087014,19.000000000000004,-0.36524881543595444,-1.139682832087566,-14.440661685502347
206.09669424185807,21.016462978828876,19.000000000000004,-0.3649813901015506,-1.1398500518751313,-14.524693353583045
206.10603326062548,21.021643301699797,18.999999999999996,-0.3647138600859519,-1.1400174217561805,-14.60870381855822
206.11537284322176,21.026823269013406,19.0,-0.3644462257707982,-1.1401849407882847,-14.69269301479754
206.12471298955845,21.032002881077986,19.0,-0.36417848753697635,-1.1403526080309643,-14.776660876758006
206.1340536995502,21.037182138196524,19.0,-0.3639106457646186,-1.1405204225456864,-14.860607338983922
206.14339497311474,21.04236104066666,18.999999999999996,-0.363642700833105,-1.1406883833958608,-14.94453233610683
206.15273681017297,21.04753958878072,19.0,-0.3633746531210638,-1.1408564896468407,-15.028435802845548
206.16207921064873,21.052717782825706,19.000000000000004,-0.3631065030063722,-1.141024740365923,-15.112317674006126
206.1714221744691,21.05789562308332,19.000000000000004,-0.36283825086615756,-1.1411931346223434,-15.196177884481706
206.18076570156416,21.063073109829947,19.000000000000004,-0.36256989707679765,-1.1413616714872774,-15.280016369252749
206.19010979186703,21.068250243336678,19.000000000000004,-0.362301442013922,-1.141530350033838,-15.36383306338678
206.19945444531393,21.07342702386929,19.0,-0.3620328860524124,-1.1416991693370746,-15.447627902038484
206.20879966184424,21.078603451688302,19.0,-0.36176422956640475,-1.1418681284739707,-15.531400820449605
206.21814544140028,21.08377952704891,19.000000000000004,-0.36149547292928774,-1.1420372265234442,-15.61515175394904
206.2274917839274,21.08895525020107,19.0,-0.36122661651370724,-1.142206462566346,-15.698880637952703
206.23683868937417,21.094130621389425,19.0,-0.3609576606915632,-1.1423758356854568,-15.78258740796357
206.24618615769202,21.099305640853373,19.0,-0.3606886058340132,-1.1425453449654857,-15.86627199957168
206.25553418883555,21.104480308827025,19.0,-0.36041945231147265,-1.1427149894930722,-15.9499343484539
206.26488278276233,21.109654625539246,19.0,-0.3601502004936149,-1.1428847683567804,-16.03357439037425
206.27423193943298,21.11482859121364,19.0,-0.35988085074937354,-1.143054680647101,-16.117192061183594
206.28358165881116,21.120002206068573,19.0,-0.3596114034469412,-1.143224725456448,-16.200787296819787
206.29293194086358,21.125175470317153,19.000000000000004,-0.35934185895377346,-1.1433949018791585,-16.284360033307536
206.3022827855599,21.13034838416724,19.000000000000004,-0.35907221763658603,-1.1435652090114898,-16.367910206758435
206.31163419287282,21.135520947821494,19.0,-0.35880247986135894,-1.1437356459516204,-16.45143775337097
206.32098616277813,21.14069316147731,19.0,-0.358532645993335,-1.1439062117996446,-16.53494260943041
206.3303386952545,21.14586502532686,19.000000000000004,-0.35826271639702195,-1.1440769056575764,-16.618424711308894
206.33969179028372,21.151036539557122,19.000000000000004,-0.35799269143619306,-1.1442477266293447,-16.701883995465305
206.3490454478505,21.156207704349832,19.0,-0.3577225714738881,-1.1444186738207922,-16.785320398445265
206.35839966794256,21.161378519881538,19.0,-0.3574523568724133,-1.1445897463396746,-16.86873385688126
206.3677544505506,21.16654898632358,19.0,-0.3571820479933438,-1.1447609432956587,-16.952124307492355
206.37710979566833,21.171719103842086,19.0,-0.35691164519752294,-1.1449322638003223,-17.035491687084438
206.38646570329243,21.176888872597996,19.000000000000004,-0.3566411488450648,-1.1451037069671508,-17.118835932549914
206.39582217342257,21.182058292747083,19.0,-0.356370559295353,-1.1452752719115387,-17.202156980868086
206.40517920606138,21.18722736443989,19.000000000000004,-0.35609987690704314,-1.145446957750784,-17.285454769104618
206.4145368012144,21.19239608782183,19.0,-0.35582910203806317,-1.145618763604092,-17.368729234411948
206.42389495889023,21.19756446303311,19.0,-0.3555582350456147,-1.145790688592569,-17.45198031402906
206.43325367910035,21.202732490208792,19.0,-0.3552872762861724,-1.1459627318392245,-17.5352079452815
206.44261296185925,21.207900169478748,19.000000000000004,-0.3550162261154867,-1.1461348924689667,-17.61841206558132
206.45197280718435,21.213067500967718,19.0,-0.35474508488858425,-1.146307169608605,-17.701592612427188
206.46133321509595,21.21823448479528,19.0,-0.35447385295976674,-1.1464795623868465,-17.78474952340413
206.47069418561736,21.223401121075856,19.0,-0.354202530682615,-1.146652069934292,-17.867882736183713
206.48005571877485,21.228567409918732,19.0,-0.35393111840998787,-1.1468246913834392,-17.950992188523983
206.48941781459754,21.233733351428057,19.0,-0.3536596164940229,-1.1469974258686793,-18.034077818269402
206.49878047311756,21.23889894570285,19.0,-0.35338802528613816,-1.1471702725262958,-18.117139563350772
206.5081436943698,21.24406419283698,19.000000000000004,-0.3531163451370323,-1.1473432304944615,-18.200177361785325
206.51750747839236,21.249229092919254,19.0,-0.3528445763966874,-1.1475162989132406,-18.283191151676668
206.52687182522595,21.2543936460333,19.000000000000004,-0.3525727194143662,-1.147689476924584,-18.366180871214702
206.53623673491438,21.25955785225766,19.0,-0.3523007745386164,-1.147862763672329,-18.449146458675653
206.54560220750423,21.264721711665764,19.0,-0.3520287421172684,-1.1480361583021992,-18.53208785242205
206.55496824304512,21.26988522432594,19.0,-0.3517566224974405,-1.148209659961802,-18.615004990902687
206.56433484158944,21.27504839030142,19.0,-0.3514844160255347,-1.1483832678006263,-18.69789781265261
206.57370200319255,21.280211209650354,19.000000000000004,-0.3512121230472419,-1.148556980970042,-18.78076625629306
