galstreams/tracks/track.st.New-9.ibata2024.ecsv
# %ECSV 1.0
# ---
# datatype:
# - {name: ra, unit: deg, datatype: float64}
# - {name: dec, unit: deg, datatype: float64}
# - {name: distance, unit: kpc, datatype: float64}
# - {name: pm_ra_cosdec, unit: mas / yr, datatype: float64}
# - {name: pm_dec, unit: mas / yr, datatype: float64}
# - {name: radial_velocity, unit: km / s, datatype: float64}
# delimiter: ','
# meta: !!omap
# - __serialized_columns__:
#     dec:
#       __class__: astropy.coordinates.angles.Latitude
#       unit: &id001 !astropy.units.Unit {unit: deg}
#       value: !astropy.table.SerializedColumn {name: dec}
#     distance:
#       __class__: astropy.coordinates.distances.Distance
#       unit: !astropy.units.Unit {unit: kpc}
#       value: !astropy.table.SerializedColumn {name: distance}
#     pm_dec:
#       __class__: astropy.units.quantity.Quantity
#       unit: !astropy.units.Unit {unit: mas / yr}
#       value: !astropy.table.SerializedColumn {name: pm_dec}
#     pm_ra_cosdec:
#       __class__: astropy.units.quantity.Quantity
#       unit: !astropy.units.Unit {unit: mas / yr}
#       value: !astropy.table.SerializedColumn {name: pm_ra_cosdec}
#     ra:
#       __class__: astropy.coordinates.angles.Longitude
#       unit: *id001
#       value: !astropy.table.SerializedColumn {name: ra}
#       wrap_angle: !astropy.coordinates.Angle
#         unit: *id001
#         value: 360.0
#     radial_velocity:
#       __class__: astropy.units.quantity.Quantity
#       unit: !astropy.units.Unit {unit: km / s}
#       value: !astropy.table.SerializedColumn {name: radial_velocity}
# schema: astropy-2.0
ra,dec,distance,pm_ra_cosdec,pm_dec,radial_velocity
[from data line 435]
144.89273606882804,29.94368762813866,1.0000000000000004,10.674463817226961,-6.684759062564387,109.26453439901327
144.9081376307346,29.94626507343206,1.0000000000000004,10.671440883209943,-6.686043022545798,109.08783446719237
144.92354186454912,29.948843032490217,1.0000000000000004,10.66842034429384,-6.687327568921712,108.91178281185371
144.93894858036532,29.951421266109826,1.0000000000000007,10.66540224953607,-6.688612631733768,108.73639028546332
144.95435758810754,29.95399953517705,1.0000000000000007,10.662386648044485,-6.6898981410430896,108.56166774048732
144.9697686975306,29.956577600667682,1.0000000000000002,10.659373588977402,-6.691184026930321,108.38762602939173
144.98518171822008,29.959155223647127,1.0000000000000004,10.656363121543608,-6.692470219495569,108.21427600464271
145.000596459592,29.961732165270497,1.0000000000000004,10.65335529500239,-6.6937566488584785,108.04162851870623
145.01601273089315,29.964308186782613,1.0000000000000004,10.650350158663551,-6.6950432451581605,107.86969442404848
145.03143034120083,29.96688304951803,1.0000000000000004,10.647347761887382,-6.696329938553196,107.69848457313545
145.04684909942324,29.969456514901147,1.0000000000000004,10.644348154084685,-6.6976166592216595,107.52800981843325
145.06226881429924,29.972028344446123,1.0000000000000004,10.641351384716781,-6.6989033373611,107.35828101240793
145.07768929439845,29.974598299757044,1.0000000000000002,10.638357503295524,-6.700189903188529,107.1893090075256
145.09311034812154,29.977166142527814,1.0000000000000004,10.635366559383208,-6.701476286940435,107.02110465625235
145.10853178370004,29.979731634542283,1.0000000000000004,10.632378602592665,-6.702762418872774,106.85367881105422
145.1239534091966,29.982294537674218,1.0000000000000004,10.629393682587192,-6.7040482292609695,106.68704232439727
145.13937503250503,29.98485461388735,1.0000000000000007,10.626411849080526,-6.705333648399924,106.52120604874762
145.15479646135037,29.987411625235342,1.0000000000000004,10.623433151836867,-6.706618606603993,106.35618083657134
145.1702175032891,29.989965333861846,1.0000000000000007,10.620457640670804,-6.707903034206998,106.19197754033446
145.18563796570925,29.992515502000508,1.0000000000000004,10.617485365447333,-6.70918686156225,106.02860701250304
145.20105765583045,29.99506189197494,1.0000000000000007,10.61451637608177,-6.710470019042511,105.86608010554329
145.21647638070417,29.997604266198795,1.0000000000000007,10.611550722539782,-6.711752437040032,105.70440767192113
145.2318939472138,30.00014238717569,1.0000000000000004,10.6085884548373,-6.713034045966543,105.54360056410276
145.24731016207488,30.002676017499226,1.0000000000000004,10.60562962304049,-6.714314776253236,105.38366963455417
145.26272483183527,30.005204919853025,1.0000000000000007,10.602674277265717,-6.715594558350796,105.22462573574144
145.27813776287528,30.007728857010697,1.0000000000000009,10.599722467679499,-6.716873322729418,105.06647972013072
145.29354876140792,30.010247591835785,1.0000000000000007,10.596774244498427,-6.7181509998787545,104.90924244018795
145.30895763347905,30.01276088728182,1.0000000000000007,10.593829657989147,-6.719427520307982,104.75292474837937
145.32436418496766,30.01526850639229,1.0000000000000007,10.590888758468262,-6.720702814545774,104.59753749717096
145.339768221586,30.01777021230057,1.0000000000000007,10.58795159630233,-6.721976813140316,104.44309153902879
145.35516954887996,30.020265768229976,1.0000000000000007,10.585018221907692,-6.723249446659311,104.28959772641899
145.37056797222905,30.02275493749366,1.0000000000000007,10.582088685750549,-6.724520645689981,104.13706691180754
145.385963296847,30.025237483494656,1.0000000000000009,10.579163038346728,-6.725790340839094,103.98550994766069
145.40135532778174,30.027713169725796,1.0000000000000007,10.576241330261755,-6.727058462732947,103.8349376864443
145.41674386991576,30.0301817597697,1.0000000000000009,10.573323612110649,-6.728324942017381,103.6853609806246
145.43212872796641,30.03264301729873,1.0000000000000007,10.570409934557937,-6.729589709357811,103.5367906826676
145.44750970648622,30.03509670607496,1.0000000000000007,10.567500348317514,-6.730852695439217,103.38923764503943
145.4628866098631,30.03754258995013,1.0000000000000007,10.564594904152523,-6.732113830966144,103.24271272020607
145.4782592423207,30.039980432865573,1.0000000000000007,10.561693652875348,-6.73337304666273,103.09722676063366
145.4936274079187,30.042409998852204,1.0000000000000007,10.55879664534747,-6.734630273272713,102.95279061878831
145.50899091055325,30.044831052030453,1.0000000000000007,10.555903932479321,-6.7358854415594465,102.80941514713602
145.52434955395717,30.0472433566102,1.0000000000000009,10.553015565230258,-6.737138482305873,102.6671111981429
145.53970314170036,30.049646676890738,1.0000000000000007,10.5501315946084,-6.738389326314622,102.52588962427505
145.55505147719015,30.052040777260654,1.0000000000000007,10.547252071670535,-6.739637904407913,102.38576127799847
145.57039436367162,30.054425422197852,1.0000000000000009,10.544377047522003,-6.740884147427643,102.24673701177939
145.58573160422807,30.05680037626944,1.0000000000000007,10.5415065733166,-6.742127986235389,102.10882767808364
145.60106300178134,30.059165404131623,1.0000000000000007,10.538640700256385,-6.7433693517123885,101.97204412937751
145.6163883590922,30.06152027052969,1.0000000000000007,10.53577947959164,-6.744608174759596,101.83639721812703
145.63170747876077,30.063864740297916,1.0000000000000007,10.53292296262066,-6.745844386297661,101.70189779679824
145.647020163227,30.066198578359458,1.0000000000000007,10.530071200689699,-6.747077917266962,101.56855671785716
145.66232621477093,30.0685215497263,1.0000000000000009,10.527224245192766,-6.7483086986276195,101.43638483376999
145.6776254355133,30.070833419499138,1.0000000000000007,10.524382147571517,-6.749536661359494,101.30539299700274
145.6929176274159,30.073133952867348,1.0000000000000007,10.52154495931509,-6.750761736462238,101.1755920600215
145.70820259228205,30.07542291510879,1.0000000000000007,10.518712731959987,-6.751983854955249,101.04699287529232
145.72348013175707,30.07770007158985,1.0000000000000007,10.515885517089899,-6.753202947877774,100.91960629528134
145.73875004732867,30.07996518776518,1.0000000000000009,10.513063366335542,-6.754418946288825,100.7934431724545
145.75401214032763,30.082218029177763,1.0000000000000007,10.51024633137452,-6.7556317812673,100.66851435927795
145.76926621192808,30.08445836145865,1.0000000000000007,10.507434463931146,-6.75684138391189,100.54483070821789
145.7845120631481,30.086685950326988,1.0000000000000007,10.504627815776294,-6.758047685341193,100.4224030717402
145.79974949485026,30.088900561589778,1.0000000000000009,10.5018264387272,-6.759250616693666,100.3012423023111
145.81497830774205,30.091101961141877,1.0000000000000007,10.499030384647329,-6.760450109127681,100.18135925239659
145.83019830237657,30.0932899149658,1.0000000000000007,10.496239705446126,-6.76164609382152,100.06276477446274
145.84540927915285,30.09546418913163,1.0000000000000007,10.493454453078929,-6.7628385019733965,99.94546972097565
145.86061103831662,30.097624549796894,1.0000000000000007,10.490674679546725,-6.764027264801491,99.8294849444014
145.87580337996076,30.099770763206408,1.0000000000000004,10.48790043689593,-6.765212313543951,99.7148212972061
145.89098610402584,30.101902595692184,1.0000000000000007,10.48513177721829,-6.766393579458908,99.60148963185576
145.9061590103008,30.104019813673244,1.0000000000000007,10.482368752650615,-6.7675709938245,99.48950080081643
145.9213218984235,30.106122183655533,1.0000000000000007,10.47961141537458,-6.768744487938918,99.37886565655431
145.93647456788133,30.108209472231778,1.0000000000000009,10.476859817616546,-6.769913993120373,99.26959505153536
145.95161681801173,30.110281446081256,1.0000000000000007,10.47411401164738,-6.771079440707167,99.1616998382257
145.96674844800302,30.11233787196978,1.0000000000000009,10.471374049782128,-6.7722407620576766,99.05519086909139
145.98186925689473,30.11437851674941,1.0000000000000007,10.468639984379976,-6.773397888550389,98.95007899659855
145.99697904357862,30.116403147358415,1.0000000000000009,10.465911867843861,-6.774550751583916,98.84637507321322
146.01207760679895,30.11841153082103,1.0000000000000007,10.46318975262037,-6.775699282577027,98.74408995140145
146.0271647451535,30.12040343424735,1.0000000000000007,10.46047369119943,-6.776843412968653,98.6432344836294
146.04224025709385,30.122378624833107,1.0000000000000007,10.457763736114137,-6.777983074217904,98.54381952236304
146.05730394092643,30.124336869859594,1.0000000000000007,10.455059939940512,-6.779118197804131,98.4458559200685
146.07235559481305,30.126277936693356,1.0000000000000007,10.452362355297218,-6.780248715226884,98.34935452921191
146.08739501677152,30.12820159278615,1.0000000000000007,10.449671034845395,-6.781374558005982,98.25432620225922
146.10242200467653,30.130107605674706,1.0000000000000009,10.446986031288336,-6.782495657681515,98.16078179167658
146.1174363562603,30.131995742980504,1.0000000000000009,10.444307397371286,-6.783611945813866,98.06873214993007
146.13243786911323,30.133865772409674,1.000000000000001,10.441635185881209,-6.784723353983734,97.97818812948579
146.14742634068475,30.13571746175275,1.0000000000000009,10.438969449646473,-6.7858298137921675,97.88916058280977
146.16240156828408,30.13755057888449,1.0000000000000009,10.436310241536624,-6.786931256860561,97.80166036236805
146.17736334908093,30.139364891763673,1.0000000000000009,10.433657614462115,-6.788027614830699,97.71569832062677
146.19231148010627,30.14116016843293,1.0000000000000009,10.431011621374065,-6.789118819364771,97.63128531005201
146.20724575825318,30.142936177018488,1.0000000000000007,10.428372315263935,-6.790204802145384,97.54843218310981
146.22216598027757,30.14469268573001,1.0000000000000009,10.425739749163299,-6.791285494875611,97.46714979226628
146.23707194279905,30.14642946286039,1.0000000000000009,10.423113976143537,-6.792360829278991,97.38744898998748
146.2519634423016,30.148146276785486,1.0000000000000007,10.420495049315603,-6.793430737099554,97.30934062873946
146.26684027513457,30.149842895963953,1.0000000000000009,10.41788302182965,-6.794495150101837,97.23283556098829
146.28170223751354,30.151519088937007,1.0000000000000009,10.415277946874816,-6.795554000070942,97.15794463920011
146.29654912552093,30.153174624328177,1.0000000000000009,10.412679877678896,-6.79660721881251,97.08467871584097
146.31138073510695,30.154809270843153,1.0000000000000009,10.410088867508087,-6.797654738152783,97.01304864337689
146.32619686209063,30.15642279726944,1.0000000000000009,10.4075049696666,-6.798696489938603,96.943065274274
146.34099730216047,30.158014972476245,1.0000000000000009,10.404928237496438,-6.799732406037452,96.87473946099834
146.3557818508755,30.159585565414147,1.0000000000000009,10.402358724377052,-6.800762418337461,96.80808205601606
146.37055030366596,30.16113434511491,1.0000000000000007,10.399796483725032,-6.801786458747445,96.74310391179313
146.38530245583445,30.162661080691187,1.000000000000001,10.397241568993794,-6.802804459196906,96.67981588079579
146.40003810255666,30.16416554133635,1.0000000000000009,10.394694033673268,-6.803816351636092,96.61822881548991
146.41475703888233,30.165647496324148,1.0000000000000009,10.392153931289542,-6.804822068035978,96.55835356834166
146.42945905973636,30.167106715008526,1.0000000000000009,10.389621315404547,-6.8058215403883295,96.50020099181715
146.4441439599194,30.16854296682334,1.0000000000000009,10.387096239615786,-6.806814700705697,96.44378193838239
146.45881153410912,30.16995602128205,1.000000000000001,10.384578757555888,-6.807801481021453,96.38910726050355
146.4734615768611,30.17134564797755,1.000000000000001,10.382068922892358,-6.808781813389812,96.33618781064662
146.48809388260963,30.172711616581797,1.0000000000000009,10.379566789327205,-6.809755629885855,96.28503444127769
146.50270824566897,30.174053696845608,1.0000000000000009,10.377072410596572,-6.810722862605537,96.23565800486284
146.51730446023407,30.175371658598365,1.0000000000000009,10.374585840470434,-6.811683443665762,96.18806935386816
146.53188232038184,30.176665271747712,1.0000000000000009,10.372107132752191,-6.812637305204337,96.14227934075971
146.54644162007193,30.177934306279298,1.0000000000000009,10.369636341278342,-6.813584379380039,96.09829881800356
146.56098215314788,30.179178532256493,1.0000000000000007,10.367173519918145,-6.8145245983726435,96.0561386380658
146.57550371333812,30.180397719820075,1.0000000000000009,10.36471872257316,-6.815457894382913,96.01580965341255
146.59000609425706,30.181591639187918,1.0000000000000009,10.362272003177013,-6.816384199632644,95.97732271650983
146.60448908940606,30.182760060654797,1.0000000000000009,10.35983341569491,-6.817303446364711,95.94068867982368
146.61895249217451,30.18390275459193,1.0000000000000009,10.35740301412331,-6.81821556684304,95.90591839582025
146.63339609584102,30.18501949144682,1.0000000000000009,10.354980852489534,-6.819120493352684,95.87302271696556
146.64781969357438,30.18611004174282,1.0000000000000009,10.352566984851384,-6.820018158199789,95.84201249572577
146.66222307843464,30.18717417607893,1.0000000000000009,10.350161465296752,-6.820908493711681,95.81289858456685
146.6766060433743,30.188211665129437,1.0000000000000009,10.347764347943228,-6.821791432236854,95.78569183595496
146.6909683812394,30.18922227964354,1.0000000000000009,10.345375686937718,-6.822666906144983,95.76040310235611
146.7053098847706,30.190205790445134,1.0000000000000009,10.342995536456005,-6.82353484782698,95.7370432362364
146.7196303466044,30.191161968432404,1.0000000000000009,10.340623950702392,-6.824395189695,95.71562309006195
146.7339295592741,30.19209058457751,1.0000000000000009,10.338260983909269,-6.8252478641824545,95.69615351629878
146.74820731521123,30.19299140992628,1.000000000000001,10.335906690336707,-6.826092803744059,95.67864536741297
146.76246340674652,30.193864215597866,1.0000000000000009,10.333561124272023,-6.8269299408558375,95.66310949587057
146.77669762611106,30.194708772784345,1.0000000000000009,10.33122434002943,-6.827759208015148,95.64955675413773
146.79090976543765,30.19552485275047,1.000000000000001,10.328896391949494,-6.828580537740715,95.63799799468052
146.80509961676174,30.19631222683325,1.0000000000000009,10.326577334398875,-6.8293938625726565,95.62844406996497
146.8192669720229,30.197070666441626,1.0000000000000009,10.32426722176971,-6.830199115072482,95.62090583245711
146.83341162306584,30.1977999430561,1.0000000000000009,10.321966108479318,-6.830996227823136,95.61539413462313
146.84753336164175,30.19849982822842,1.000000000000001,10.319674048969723,-6.831785133429037,95.61191982892909
146.86163197940948,30.19917009358115,1.0000000000000009,10.317391097707187,-6.832565764516053,95.61049376784094
146.87570726793678,30.19981051080733,1.0000000000000009,10.315117309181794,-6.833338053731564,95.61112680382489
146.8897590187015,30.200420851670152,1.0000000000000009,10.312852737906988,-6.834101933744484,95.61382978934694
146.9037870230931,30.20100088800253,1.0000000000000009,10.310597438419125,-6.834857337245271,95.61861357687327
146.91779107241348,30.20155039170673,1.000000000000001,10.308351465277026,-6.835604196945926,95.62548901886977
146.9317709578787,30.202069134754012,1.0000000000000009,10.306114873061508,-6.836342445580086,95.63446696780272
146.9457264706201,30.202556889184233,1.0000000000000009,10.303887716374906,-6.837072015902973,95.64555827613809
146.9596574016854,30.203013427105464,1.0000000000000009,10.301670049840633,-6.837792840691462,95.65877379634192
146.97356354204044,30.20343852069358,1.0000000000000009,10.299461928102701,-6.838504852744075,95.67412438088034
146.9874446825701,30.2038319421919,1.0000000000000009,10.297263405825246,-6.83920798488103,95.69162088221944
