galstreams/tracks/track.st.New-1.ibata2024.ecsv
# %ECSV 1.0
# ---
# datatype:
# - {name: ra, unit: deg, datatype: float64}
# - {name: dec, unit: deg, datatype: float64}
# - {name: distance, unit: kpc, datatype: float64}
# - {name: pm_ra_cosdec, unit: mas / yr, datatype: float64}
# - {name: pm_dec, unit: mas / yr, datatype: float64}
# - {name: radial_velocity, unit: km / s, datatype: float64}
# delimiter: ','
# meta: !!omap
# - __serialized_columns__:
#     dec:
#       __class__: astropy.coordinates.angles.Latitude
#       unit: &id001 !astropy.units.Unit {unit: deg}
#       value: !astropy.table.SerializedColumn {name: dec}
#     distance:
#       __class__: astropy.coordinates.distances.Distance
#       unit: !astropy.units.Unit {unit: kpc}
#       value: !astropy.table.SerializedColumn {name: distance}
#     pm_dec:
#       __class__: astropy.units.quantity.Quantity
#       unit: !astropy.units.Unit {unit: mas / yr}
#       value: !astropy.table.SerializedColumn {name: pm_dec}
#     pm_ra_cosdec:
#       __class__: astropy.units.quantity.Quantity
#       unit: !astropy.units.Unit {unit: mas / yr}
#       value: !astropy.table.SerializedColumn {name: pm_ra_cosdec}
#     ra:
#       __class__: astropy.coordinates.angles.Longitude
#       unit: *id001
#       value: !astropy.table.SerializedColumn {name: ra}
#       wrap_angle: !astropy.coordinates.Angle
#         unit: *id001
#         value: 360.0
#     radial_velocity:
#       __class__: astropy.units.quantity.Quantity
#       unit: !astropy.units.Unit {unit: km / s}
#       value: !astropy.table.SerializedColumn {name: radial_velocity}
# schema: astropy-2.0
ra,dec,distance,pm_ra_cosdec,pm_dec,radial_velocity
[from data line 1150]
26.818747957658683,-46.68793366288378,0.999999999999999,2.1685378855560455,1.7565805560354697,46.36398460599193
26.81936523501776,-46.69792424880433,0.9999999999999989,2.168433285950059,1.7566362006732028,46.39426195969089
26.819982172707288,-46.70791484516454,0.9999999999999989,2.168328516533321,1.75669149717233,46.42468612750893
26.820598772006928,-46.717905451936595,0.9999999999999989,2.168223578196921,1.756746446798946,46.45525682075342
26.82121503419722,-46.72789606909245,0.999999999999999,2.1681184718318636,1.7568010508192344,46.48597375073172
26.8218309605596,-46.73788669660423,0.9999999999999989,2.1680131983290605,1.7568553104994482,46.51683662875116
26.822446552376334,-46.74787733444385,0.9999999999999989,2.167907758579347,1.756909227105914,46.54784516611913
26.823061810930596,-46.75786798258322,0.9999999999999989,2.1678021534734624,1.756962801905031,46.57899907414297
26.823676737506418,-46.76785864099438,0.999999999999999,2.1676963839020633,1.7570160361632734,46.61029806413
26.824291333388718,-46.77784930964918,0.9999999999999989,2.16759045075572,1.7570689311471952,46.64174184738761
26.82490559986328,-46.78783998851939,0.9999999999999989,2.167484354924918,1.7571214881234152,46.67333013522313
26.82551953821678,-46.797830677577,0.999999999999999,2.1673780973000496,1.7571737083586356,46.70506263894393
26.826133149736766,-46.80782137679365,0.999999999999999,2.1672716787714266,1.7572255931196201,46.73693906985737
26.826746435711687,-46.81781208614127,0.999999999999999,2.1671651002292736,1.7572771436732264,46.768959139270784
26.827359397430836,-46.82780280559152,0.999999999999999,2.167058362563727,1.7573283612863664,46.801122558491514
26.82797203618442,-46.83779353511606,0.9999999999999989,2.1669514666648397,1.7573792472260354,46.83342903882693
26.82858435326352,-46.847784274686674,0.999999999999999,2.166844413422573,1.757429802759301,46.86587829158439
26.829196349960117,-46.857775024274915,0.9999999999999988,2.1667372037268082,1.7574800291533093,46.898470028071245
26.829808027567058,-46.867765783852484,0.9999999999999989,2.166629838467335,1.7575299276752716,46.931203959594825
26.830419387378093,-46.87775655339094,0.9999999999999988,2.166522318533863,1.7575794995924792,46.964079797462524
26.831030430687864,-46.88774733286176,0.9999999999999989,2.1664146448160073,1.7576287461722986,46.99709725298165
26.831641158791893,-46.8977381222366,0.9999999999999989,2.1663068182033065,1.7576776686821676,47.03025603745961
26.832251572986607,-46.90772892148689,0.999999999999999,2.166198839585202,1.7577262683895967,47.06355586220371
26.83286167456931,-46.91771973058404,0.9999999999999989,2.1660907098510607,1.757774546562172,47.096996438521295
26.833471464838222,-46.927710549499615,0.9999999999999989,2.1659824298901547,1.7578225044675566,47.13057747771976
26.834080945092445,-46.937701378204856,0.9999999999999989,2.1658740005916757,1.7578701433734807,47.16429869110643
26.834690116631982,-46.9476922166713,0.9999999999999991,2.1657654228447254,1.7579174645477558,47.19815978998867
26.835298980757738,-46.95768306487021,0.9999999999999989,2.1656566975383216,1.75796446925826,47.232160485673816
26.83590753877152,-46.967673922772846,0.9999999999999988,2.165547825561395,1.7580111587729519,47.26630048946926
26.83651579197602,-46.97766479035059,0.9999999999999991,2.1654388078027926,1.7580575343598612,47.30057951268233
26.837123741674848,-46.9876556675746,0.9999999999999989,2.1653296451512762,1.7581035972870893,47.33499726662035
26.837731389172525,-46.9976465544162,0.9999999999999988,2.1652203384955144,1.758149348822819,47.369553462590694
26.838338735774453,-47.007637450846524,0.9999999999999989,2.1651108887241,1.7581947902352963,47.404247811900746
26.838945782786958,-47.017628356836674,0.999999999999999,2.1650012967255323,1.7582399227928462,47.43908002585783
26.839552531517274,-47.027619272357896,0.999999999999999,2.1648915633882306,1.7582847477638701,47.474049815769284
26.840158983273536,-47.037610197381234,0.9999999999999989,2.1647816896005243,1.7583292664168413,47.5091568929425
26.840765139364784,-47.0476011318777,0.9999999999999991,2.1646716762506615,1.758373480020305,47.544400968684805
26.84137100110099,-47.057592075818434,0.9999999999999991,2.1645615242267993,1.7584173898428803,47.579781754303546
26.841976569793022,-47.067583029174344,0.999999999999999,2.1644512344170113,1.758460997153266,47.61529896110609
26.842581846752662,-47.07757399191651,0.9999999999999989,2.1643408077092894,1.7585043032202234,47.65095230039981
26.843186833292627,-47.08756496401585,0.999999999999999,2.1642302449915323,1.7585473093126005,47.68674148349201
26.843791530726506,-47.0975559454432,0.9999999999999989,2.1641195471515613,1.758590016699312,47.722666221690055
26.844395940368866,-47.107546936169555,0.9999999999999989,2.1640087150771077,1.7586324266493438,47.75872622630134
26.845000063535146,-47.11753793616567,0.9999999999999988,2.163897749655817,1.7586745404317616,47.79492120863317
26.845603901541708,-47.12752894540249,0.9999999999999989,2.1637866517752524,1.7587163593157014,47.831250879992936
26.846207455705883,-47.13751996385076,0.9999999999999989,2.1636754223228847,1.7587578845703735,47.86771495168796
26.84681072734586,-47.14751099148117,0.9999999999999989,2.1635640621861114,1.7587991174650641,47.904313135025596
26.84741371778079,-47.15750202826457,0.999999999999999,2.1634525722522344,1.7588400592691231,47.94104514131323
26.84801642833076,-47.16749307417163,0.9999999999999989,2.1633409534084724,1.7588807112519973,47.97791068185816
26.848618860316737,-47.17748412917297,0.9999999999999989,2.1632292065419607,1.7589210746831832,48.01490946796779
26.849221015060667,-47.18747519323933,0.9999999999999989,2.1631173325397506,1.758961150832258,48.05204121094946
26.84982289388539,-47.19746626634122,0.9999999999999989,2.163005332288803,1.759000940968881,48.08930562211051
26.850424498114702,-47.207457348449346,0.9999999999999989,2.1628932066759976,1.7590404463627713,48.126702412758306
26.85102582907332,-47.2174484395342,0.9999999999999989,2.162780956588128,1.7590796682837349,48.164231294200185
26.851626888086866,-47.22743953956625,0.999999999999999,2.1626685829119046,1.759118608001641,48.20189197774352
26.85222767648196,-47.237430648516124,0.9999999999999988,2.162556086533949,1.759157266786442,48.23968417469562
26.852828195586095,-47.247421766354144,0.9999999999999989,2.1624434683407983,1.7591956459081572,48.27760759636391
26.85342844672774,-47.2574128930509,0.999999999999999,2.162330729218909,1.7592337466368821,48.31566195405569
26.85402843123629,-47.26740402857669,0.9999999999999988,2.162217870054646,1.7592715702427846,48.353846959078304
26.85462815044207,-47.277395172901876,0.999999999999999,2.1621048917342938,1.7593091179961053,48.39216232273915
26.85522760567637,-47.28738632599691,0.9999999999999988,2.16199179514405,1.759346391167166,48.43060775634557
26.85582679827139,-47.29737748783198,0.9999999999999989,2.161878581170027,1.7593833910263497,48.46918297120488
26.856425729560314,-47.3073686583775,0.9999999999999989,2.161765250698256,1.7594201188441225,48.50788767862448
26.85702440087723,-47.31735983760366,0.999999999999999,2.161651804614675,1.7594565758910221,48.54672158991168
26.857622813557192,-47.32735102548064,0.999999999999999,2.1615382438051456,1.759492763437656,48.585684416373866
26.8582209689362,-47.337342221978744,0.9999999999999991,2.16142456915544,1.7595286827547127,48.624775869318356
26.85881886835122,-47.34733342706807,0.9999999999999989,2.161310781551249,1.7595643351129464,48.66399566005255
26.859416513140136,-47.35732464071873,0.9999999999999988,2.1611968818781717,1.7595997217831894,48.70334349988375
26.860013904641804,-47.367315862900924,0.999999999999999,2.1610828710217267,1.7596348440363494,48.74281910011937
26.860611044196016,-47.37730709358462,0.999999999999999,2.160968749867353,1.7596697031434037,48.78242217206669
26.861207933143557,-47.387298332739974,0.999999999999999,2.160854519300395,1.7597043003754003,48.82215242703313
26.861804572826113,-47.39728958033696,0.9999999999999989,2.16074018020612,1.7597386370034744,48.86200957632599
26.86240096458636,-47.40728083634549,0.999999999999999,2.160625733469705,1.7597727142988129,48.90199333125267
26.862997109767946,-47.41727210073568,0.9999999999999988,2.1605111799762455,1.7598065335327044,48.94210340312047
26.863593009715434,-47.42726337347729,0.9999999999999988,2.1603965206107514,1.759840095976485,48.98233950323679
26.864188665774396,-47.437254654540375,0.9999999999999989,2.160281756258148,1.7598734029015803,49.02270134290896
26.864784079291315,-47.447245943894714,0.9999999999999989,2.1601668878032756,1.7599064555794781,49.063188633444334
26.865379251613682,-47.457237241510114,0.9999999999999989,2.1600519161308926,1.759939255281754,49.10380108615026
26.865974184089954,-47.467228547356505,0.9999999999999989,2.1599368421256626,1.759971803280048,49.14453841233412
26.8665688780695,-47.47721986140359,0.9999999999999989,2.1598216666721832,1.7600041008460705,49.18540032330324
26.867163334902717,-47.48721118362107,0.999999999999999,2.1597063906549465,1.7600361492516132,49.22638653036497
26.86775755594094,-47.497202513978785,0.999999999999999,2.1595910149583766,1.7600679497685379,49.26749674482667
26.868351542536487,-47.50719385244631,0.9999999999999988,2.1594755404668002,1.760099503668786,49.30873067799568
26.868945296042632,-47.51718519899344,0.999999999999999,2.1593599680644697,1.76013081222436,49.3500880411794
26.869538817813638,-47.52717655358971,0.9999999999999989,2.15924429863555,1.760161876707345,49.39156854568514
26.87013210920472,-47.5371679162047,0.999999999999999,2.1591285330641155,1.7601926983898997,49.43317190282025
26.870725171572122,-47.54715928680809,0.999999999999999,2.159012672234163,1.760223278544255,49.47489782389211
26.871318006272997,-47.55715066536932,0.9999999999999988,2.158896717029601,1.760253618442717,49.516746020208046
26.871910614665513,-47.567142051857985,0.999999999999999,2.1587806683342574,1.760283719357659,49.55871620307542
26.872502998108818,-47.577133446243536,0.999999999999999,2.1586645270318687,1.7603135825615315,49.60080808380158
26.873095157963032,-47.587124848495385,0.9999999999999989,2.1585482940060943,1.7603432093268694,49.64302137369393
26.873687095589244,-47.59711625858305,0.9999999999999989,2.15843197014051,1.760372600926262,49.68535578405975
26.874278812349566,-47.607107676475884,0.9999999999999987,2.1583155563185965,1.7604017586323888,49.72781102620642
26.874870309607058,-47.61709910214319,0.9999999999999989,2.158199053423758,1.760430683717992,49.770386811441284
26.875461588725795,-47.62709053555443,0.9999999999999989,2.158082462339315,1.7604593774558959,49.813082851071734
26.876052651070804,-47.63708197667878,0.9999999999999989,2.157965783948501,1.7604878411189926,49.85589885640509
26.876643498008143,-47.647073425485644,0.9999999999999989,2.1578490191344653,1.760516075980246,49.89883453874869
26.87723413090482,-47.65706488194422,0.999999999999999,2.1577321687802744,1.7605440833127046,49.94188960940991
26.877824551128874,-47.66705634602367,0.9999999999999988,2.157615233768907,1.7605718643894788,49.98506377969611
26.878414760049314,-47.677047817693285,0.999999999999999,2.1574982149832604,1.7605994204837545,50.02835676091463
26.87900475903614,-47.68703929692213,0.9999999999999989,2.1573811133061476,1.7606267528688049,50.07176826437282
26.879594549460364,-47.69703078367943,0.9999999999999988,2.1572639296202953,1.7606538628179553,50.11529800137805
26.88018413269399,-47.70702227793426,0.9999999999999988,2.1571466648083457,1.7606807516046228,50.15894568323763
26.880773510110004,-47.7170137796556,0.9999999999999989,2.1570293197528607,1.7607074205022855,50.20271102125896
26.881362683082425,-47.72700528881264,0.9999999999999989,2.1569118953363104,1.7607338707845095,50.246593726749396
26.881951652986263,-47.736996805374346,0.9999999999999989,2.156794392441089,1.7607601037249223,50.29059351101625
26.882540421197486,-47.7469883293096,0.999999999999999,2.156676811949503,1.7607861205972242,50.33471008536689
26.883128989093137,-47.756979860587506,0.9999999999999989,2.1565591547437686,1.760811922675198,50.3789431611087
26.88371735805123,-47.76697139917687,0.999999999999999,2.156441421706028,1.760837511232702,50.423292449548995
26.884305529450774,-47.7769629450467,0.9999999999999989,2.156323613718333,1.760862887543655,50.46775766199514
26.884893504671822,-47.78695449816581,0.9999999999999989,2.156205731662651,1.7608880528820645,50.512338509754485
26.885481285095388,-47.79694605850298,0.999999999999999,2.156087776420867,1.7609130085219986,50.55703470413439
26.88606887210355,-47.806937626027135,0.999999999999999,2.1559697488747784,1.7609377557376078,50.60184595644221
26.886656267079374,-47.81692920070696,0.9999999999999988,2.155851649906105,1.76096229580312,50.64677197798527
26.887243471406922,-47.82692078251128,0.9999999999999988,2.1557334803964765,1.7609866299928223,50.69181248007096
26.88783048647131,-47.83691237140879,0.999999999999999,2.1556152412274385,1.7610107595810929,50.73696717400662
26.888417313658636,-47.84690396736812,0.999999999999999,2.155496933280456,1.7610346858423709,50.78223577109959
26.889003954356042,-47.85689557035805,0.9999999999999989,2.1553785574369053,1.7610584100511764,50.827617982657245
26.88959040995168,-47.86688718034709,0.9999999999999989,2.155260114578082,1.7610819334821004,50.873113519986916
26.890176681834724,-47.87687879730396,0.9999999999999991,2.155141605585193,1.7611052574098078,50.91872209439597
26.890762771395362,-47.886870421197195,0.999999999999999,2.1550230313393675,1.7611283831090407,50.96444341719174
26.891348680024823,-47.89686205199528,0.999999999999999,2.1549043927216474,1.761151311854615,51.010277199681624
26.891934409115354,-47.90685368966682,0.9999999999999989,2.154785690612984,1.761174044921412,51.05622315317294
26.892519960060223,-47.91684533418029,0.9999999999999989,2.154666925894254,1.7611965835844003,51.102280988973014
26.89310533425373,-47.92683698550405,0.9999999999999988,2.1545480994462456,1.7612189291186109,51.14845041838925
26.893690533091203,-47.93682864360666,0.9999999999999989,2.154429212149662,1.761241082799157,51.194731152728984
26.894275557969014,-47.94682030845643,0.9999999999999988,2.1543102648851247,1.7612630459012202,51.24112290329957
26.894860410284558,-47.95681198002182,0.9999999999999988,2.1541912585331655,1.7612848197000615,51.287625381408354
26.895445091436258,-47.96680365827112,0.9999999999999988,2.154072193974241,1.7613064054710135,51.33423829836268
26.896029602823575,-47.97679534317258,0.9999999999999988,2.1539530720887115,1.7613278044894791,51.38096136546993
26.896613945847015,-47.986787034694615,0.9999999999999989,2.1538338937568646,1.7613490180309386,51.427794294037426
26.897198121908136,-47.99677873280536,0.9999999999999988,2.1537146598588945,1.761370047370951,51.47473679537254
26.897782132409493,-48.00677043747315,0.9999999999999989,2.1535953712749194,1.7613908937851432,51.52178858078261
26.898365978754722,-48.016762148666125,0.9999999999999989,2.153476028884966,1.7614115585492156,51.568949361575015
26.898949662348475,-48.0267538663524,0.9999999999999988,2.153356633568983,1.7614320429389503,51.61621884905709
26.89953318459648,-48.036745590500246,0.999999999999999,2.1532371862068254,1.7614523482301987,51.66359675453619
26.90011654690548,-48.046737321077686,0.9999999999999988,2.1531176876782747,1.7614724756988842,51.71108278931963
26.90069975068326,-48.05672905805276,0.9999999999999989,2.152998138863023,1.7614924266210057,51.75867666471485
26.901282797338705,-48.06672080139363,0.9999999999999989,2.1528785406406756,1.761512202272641,51.806378092029135
26.901865688281696,-48.076712551068205,0.9999999999999988,2.152758893890757,1.7615318039299348,51.85418678256985
26.90244842492318,-48.086704307044585,0.9999999999999988,2.1526391994927065,1.7615512328691123,51.90210244764435
