galstreams/tracks/track.st.M92.thomas2020.ecsv
# %ECSV 0.9
# ---
# datatype:
# - {name: ra, unit: deg, datatype: float64}
# - {name: dec, unit: deg, datatype: float64}
# - {name: distance, unit: kpc, datatype: float64}
# - {name: pm_ra_cosdec, unit: mas / yr, datatype: float64}
# - {name: pm_dec, unit: mas / yr, datatype: float64}
# - {name: radial_velocity, unit: km / s, datatype: float64}
# delimiter: ','
# meta: !!omap
# - __serialized_columns__:
#     dec:
#       __class__: astropy.coordinates.angles.Latitude
#       unit: &id001 !astropy.units.Unit {unit: deg}
#       value: !astropy.table.SerializedColumn {name: dec}
#     distance:
#       __class__: astropy.coordinates.distances.Distance
#       unit: !astropy.units.Unit {unit: kpc}
#       value: !astropy.table.SerializedColumn {name: distance}
#     pm_dec:
#       __class__: astropy.units.quantity.Quantity
#       unit: !astropy.units.Unit {unit: mas / yr}
#       value: !astropy.table.SerializedColumn {name: pm_dec}
#     pm_ra_cosdec:
#       __class__: astropy.units.quantity.Quantity
#       unit: !astropy.units.Unit {unit: mas / yr}
#       value: !astropy.table.SerializedColumn {name: pm_ra_cosdec}
#     ra:
#       __class__: astropy.coordinates.angles.Longitude
#       unit: *id001
#       value: !astropy.table.SerializedColumn {name: ra}
#       wrap_angle: !astropy.coordinates.Angle
#         unit: *id001
#         value: 360.0
#     radial_velocity:
#       __class__: astropy.units.quantity.Quantity
#       unit: !astropy.units.Unit {unit: km / s}
#       value: !astropy.table.SerializedColumn {name: radial_velocity}
# schema: astropy-2.0
ra,dec,distance,pm_ra_cosdec,pm_dec,radial_velocity
[from data line 731]
260.27423094476524,42.99815314694787,8.299999999999997,0.0,0.0,0.0
260.2879063785251,42.99763969080005,8.299999999999997,0.0,0.0,0.0
260.3015798772559,42.997113896901666,8.299999999999995,0.0,0.0,0.0
260.3152514346525,42.99657577545276,8.299999999999997,0.0,0.0,0.0
260.3289210444199,42.996025336644834,8.299999999999997,0.0,0.0,0.0
260.3425887002733,42.995462590660914,8.299999999999997,0.0,0.0,0.0
260.356254395938,42.994887547675496,8.299999999999997,0.0,0.0,0.0
260.3699181251493,42.9943002178546,8.299999999999997,0.0,0.0,0.0
260.3835798816529,42.9937006113558,8.299999999999997,0.0,0.0,0.0
260.39723965920444,42.993088738328176,8.299999999999997,0.0,0.0,0.0
260.4108974515698,42.992464608912364,8.299999999999997,0.0,0.0,0.0
260.424553252525,42.991828233240554,8.299999999999997,0.0,0.0,0.0
260.43820705585614,42.99117962143654,8.299999999999995,0.0,0.0,0.0
260.4518588553595,42.990518783615634,8.299999999999999,0.0,0.0,0.0
260.4655086448416,42.9898457298848,8.299999999999997,0.0,0.0,0.0
260.47915641811886,42.98916047034254,8.299999999999997,0.0,0.0,0.0
260.4928021690181,42.98846301507904,8.299999999999995,0.0,0.0,0.0
260.50644589137625,42.987753374176066,8.299999999999997,0.0,0.0,0.0
260.52008757904025,42.98703155770701,8.299999999999999,0.0,0.0,0.0
260.53372722586727,42.98629757573695,8.299999999999997,0.0,0.0,0.0
260.5473648257246,42.98555143832257,8.299999999999997,0.0,0.0,0.0
260.5610003724898,42.98479315551225,8.299999999999999,0.0,0.0,0.0
260.57463386005037,42.98402273734604,8.299999999999995,0.0,0.0,0.0
260.5882652823042,42.983240193855686,8.299999999999995,0.0,0.0,0.0
260.6018946331591,42.98244553506461,8.299999999999997,0.0,0.0,0.0
260.6155219065331,42.98163877098798,8.299999999999997,0.0,0.0,0.0
260.62914709635453,42.98081991163264,8.299999999999997,0.0,0.0,0.0
260.6427701965618,42.979988966997205,8.299999999999999,0.0,0.0,0.0
260.65639120110325,42.97914594707199,8.299999999999997,0.0,0.0,0.0
260.67001010393767,42.978290861839106,8.299999999999997,0.0,0.0,0.0
260.6836268990339,42.97742372127241,8.299999999999997,0.0,0.0,0.0
260.69724158037087,42.9765445353375,8.299999999999997,0.0,0.0,0.0
260.7108541419377,42.97565331399181,8.299999999999999,0.0,0.0,0.0
260.7244645777337,42.97475006718455,8.299999999999997,0.0,0.0,0.0
260.73807288176835,42.97383480485672,8.299999999999995,0.0,0.0,0.0
260.75167904806113,42.97290753694117,8.299999999999997,0.0,0.0,0.0
260.76528307064183,42.97196827336254,8.299999999999997,0.0,0.0,0.0
260.77888494355034,42.97101702403734,8.299999999999997,0.0,0.0,0.0
260.79248466083675,42.9700537988739,8.299999999999997,0.0,0.0,0.0
260.8060822165612,42.96907860777244,8.299999999999997,0.0,0.0,0.0
260.819677604794,42.96809146062503,8.299999999999999,0.0,0.0,0.0
260.8332708196158,42.96709236731564,8.299999999999997,0.0,0.0,0.0
260.846861855117,42.966081337720105,8.299999999999997,0.0,0.0,0.0
260.8604507053987,42.96505838170621,8.299999999999997,0.0,0.0,0.0
260.8740373645716,42.96402350913358,8.299999999999997,0.0,0.0,0.0
260.88762182675697,42.96297672985385,8.299999999999995,0.0,0.0,0.0
260.90120408608607,42.961918053710505,8.299999999999999,0.0,0.0,0.0
260.9147841367002,42.960847490539074,8.299999999999999,0.0,0.0,0.0
260.9283619727509,42.95976505016695,8.299999999999997,0.0,0.0,0.0
260.94193758840004,42.958670742413545,8.299999999999997,0.0,0.0,0.0
260.9555109778193,42.95756457709026,8.299999999999997,0.0,0.0,0.0
260.9690821351908,42.95644656400043,8.299999999999997,0.0,0.0,0.0
260.9826510547066,42.95531671293945,8.299999999999997,0.0,0.0,0.0
260.9962177305691,42.954175033694696,8.299999999999995,0.0,0.0,0.0
261.00978215699064,42.95302153604556,8.299999999999997,0.0,0.0,0.0
261.0233443281939,42.95185622976351,8.299999999999999,0.0,0.0,0.0
261.0369042384115,42.950679124611995,8.299999999999999,0.0,0.0,0.0
261.0504618818866,42.949490230346555,8.299999999999997,0.0,0.0,0.0
261.0640172528719,42.948289556714805,8.299999999999999,0.0,0.0,0.0
261.0775703456307,42.94707711345641,8.299999999999999,0.0,0.0,0.0
261.09112115443634,42.94585291030314,8.299999999999999,0.0,0.0,0.0
261.1046696735723,42.94461695697884,8.299999999999999,0.0,0.0,0.0
261.11821589733205,42.94336926319951,8.299999999999997,0.0,0.0,0.0
261.1317598200195,42.94210983867321,8.299999999999997,0.0,0.0,0.0
261.1453014359484,42.94083869310018,8.299999999999995,0.0,0.0,0.0
261.15884073944284,42.93955583617278,8.299999999999997,0.0,0.0,0.0
261.17237772483685,42.93826127757551,8.299999999999997,0.0,0.0,0.0
261.1859123864749,42.93695502698505,8.299999999999997,0.0,0.0,0.0
261.1994447187113,42.935637094070266,8.299999999999999,0.0,0.0,0.0
261.21297471591066,42.934307488492166,8.299999999999997,0.0,0.0,0.0
261.22650237244767,42.932966219903996,8.299999999999997,0.0,0.0,0.0
261.24002768270714,42.93161329795119,8.299999999999997,0.0,0.0,0.0
261.253550641084,42.93024873227139,8.299999999999997,0.0,0.0,0.0
261.2670712419835,42.92887253249449,8.299999999999999,0.0,0.0,0.0
261.28058947982066,42.927484708242595,8.299999999999997,0.0,0.0,0.0
261.2941053490209,42.92608526913008,8.299999999999997,0.0,0.0,0.0
261.3076188440198,42.92467422476356,8.299999999999999,0.0,0.0,0.0
261.32112995926286,42.923251584741955,8.299999999999995,0.0,0.0,0.0
261.3346386892058,42.92181735865645,8.299999999999997,0.0,0.0,0.0
261.3481450283145,42.920371556090494,8.299999999999997,0.0,0.0,0.0
261.36164897106494,42.91891418661989,8.299999999999995,0.0,0.0,0.0
261.37515051194316,42.917445259812716,8.299999999999997,0.0,0.0,0.0
261.38864964544547,42.915964785229384,8.299999999999997,0.0,0.0,0.0
261.40214636607817,42.91447277242266,8.299999999999999,0.0,0.0,0.0
261.4156406683577,42.91296923093764,8.299999999999997,0.0,0.0,0.0
261.42913254681054,42.91145417031179,8.299999999999997,0.0,0.0,0.0
261.44262199597347,42.90992760007494,8.299999999999999,0.0,0.0,0.0
261.4561090103933,42.90838952974928,8.299999999999997,0.0,0.0,0.0
261.4695935846268,42.906839968849425,8.299999999999997,0.0,0.0,0.0
261.4830757132411,42.905278926882374,8.299999999999997,0.0,0.0,0.0
261.4965553908132,42.90370641334753,8.299999999999997,0.0,0.0,0.0
261.51003261193046,42.902122437736736,8.299999999999997,0.0,0.0,0.0
261.52350737119014,42.90052700953425,8.299999999999999,0.0,0.0,0.0
261.5369796631997,42.89892013821681,8.299999999999997,0.0,0.0,0.0
261.5504494825766,42.89730183325355,8.299999999999999,0.0,0.0,0.0
261.5639168239485,42.89567210410614,8.299999999999995,0.0,0.0,0.0
261.5773816819531,42.894030960228676,8.299999999999997,0.0,0.0,0.0
261.5908440512383,42.89237841106777,8.299999999999999,0.0,0.0,0.0
261.60430392646197,42.890714466062505,8.299999999999997,0.0,0.0,0.0
261.6177613022921,42.88903913464453,8.299999999999999,0.0,0.0,0.0
261.63121617340676,42.88735242623794,8.299999999999997,0.0,0.0,0.0
261.6446685344942,42.885654350259415,8.299999999999997,0.0,0.0,0.0
261.6581183802527,42.88394491611816,8.299999999999999,0.0,0.0,0.0
261.6715657053905,42.88222413321594,8.299999999999999,0.0,0.0,0.0
261.6850105046262,42.880492010947094,8.299999999999999,0.0,0.0,0.0
261.69845277268814,42.8787485586985,8.299999999999997,0.0,0.0,0.0
261.71189250431513,42.876993785849656,8.299999999999997,0.0,0.0,0.0
261.7253296942556,42.875227701772644,8.299999999999995,0.0,0.0,0.0
261.73876433726855,42.873450315832166,8.299999999999997,0.0,0.0,0.0
261.7521964281226,42.87166163738553,8.299999999999997,0.0,0.0,0.0
261.7656259615967,42.86986167578267,8.299999999999997,0.0,0.0,0.0
261.7790529324799,42.86805044036618,8.299999999999999,0.0,0.0,0.0
261.79247733557105,42.866227940471305,8.299999999999997,0.0,0.0,0.0
261.80589916567936,42.86439418542592,8.299999999999997,0.0,0.0,0.0
261.819318417624,42.8625491845506,8.299999999999999,0.0,0.0,0.0
261.83273508623404,42.86069294715862,8.299999999999997,0.0,0.0,0.0
261.8461491663489,42.85882548255592,8.299999999999997,0.0,0.0,0.0
261.8595606528177,42.85694680004116,8.299999999999997,0.0,0.0,0.0
261.8729695405001,42.85505690890571,8.299999999999999,0.0,0.0,0.0
261.88637582426526,42.85315581843367,8.299999999999999,0.0,0.0,0.0
261.8997794989928,42.851243537901894,8.299999999999999,0.0,0.0,0.0
261.91318055957214,42.849320076579986,8.299999999999999,0.0,0.0,0.0
261.9265790009029,42.84738544373027,8.299999999999999,0.0,0.0,0.0
261.9399748178946,42.845439648607886,8.299999999999999,0.0,0.0,0.0
261.953368005467,42.84348270046075,8.299999999999999,0.0,0.0,0.0
261.9667585585496,42.84151460852956,8.299999999999999,0.0,0.0,0.0
261.98014647208225,42.8395353820478,8.299999999999999,0.0,0.0,0.0
261.9935317410147,42.83754503024183,8.3,0.0,0.0,0.0
262.00691436030655,42.83554356233078,8.299999999999999,0.0,0.0,0.0
262.0202943249277,42.833530987526636,8.299999999999999,0.0,0.0,0.0
262.03367162985796,42.831507315034244,8.299999999999999,0.0,0.0,0.0
262.0470462700871,42.829472554051286,8.299999999999999,0.0,0.0,0.0
262.060418240615,42.827426713768325,8.299999999999999,0.0,0.0,0.0
262.07378753645156,42.82536980336882,8.299999999999999,0.0,0.0,0.0
262.08715415261656,42.82330183202911,8.299999999999999,0.0,0.0,0.0
262.10051808413994,42.82122280891843,8.3,0.0,0.0,0.0
262.1138793260616,42.819132743198935,8.299999999999999,0.0,0.0,0.0
262.1272378734314,42.817031644025704,8.299999999999999,0.0,0.0,0.0
262.14059372130924,42.814919520546766,8.299999999999999,0.0,0.0,0.0
262.15394686476503,42.81279638190308,8.299999999999999,0.0,0.0,0.0
262.1672972988786,42.81066223722855,8.299999999999999,0.0,0.0,0.0
262.1806450187399,42.80851709565009,8.299999999999999,0.0,0.0,0.0
262.1939900194488,42.80636096628756,8.299999999999999,0.0,0.0,0.0
262.20733229611506,42.80419385825384,8.299999999999999,0.0,0.0,0.0
262.22067184385855,42.80201578065478,8.3,0.0,0.0,0.0
262.23400865780917,42.79982674258924,8.3,0.0,0.0,0.0
262.2473427331067,42.79762675314916,8.299999999999999,0.0,0.0,0.0
262.26067406490074,42.79541582141943,8.299999999999999,0.0,0.0,0.0
262.27400264835126,42.79319395647807,8.299999999999999,0.0,0.0,0.0
262.28732847862784,42.7909611673961,8.3,0.0,0.0,0.0
262.30065155091023,42.788717463237624,8.299999999999999,0.0,0.0,0.0
262.31397186038794,42.78646285305983,8.299999999999999,0.0,0.0,0.0
262.32728940226076,42.784197345913,8.299999999999999,0.0,0.0,0.0
262.34060417173805,42.78192095084049,8.299999999999999,0.0,0.0,0.0
262.35391616403945,42.77963367687881,8.3,0.0,0.0,0.0
262.3672253743944,42.777335533057546,8.299999999999999,0.0,0.0,0.0
262.3805317980422,42.77502652839945,8.299999999999999,0.0,0.0,0.0
262.3938354302324,42.77270667192041,8.299999999999999,0.0,0.0,0.0
262.4071362662241,42.77037597262948,8.299999999999999,0.0,0.0,0.0
262.42043430128655,42.76803443952886,8.299999999999997,0.0,0.0,0.0
262.43372953069905,42.76568208161393,8.299999999999999,0.0,0.0,0.0
262.4470219497505,42.76331890787328,8.3,0.0,0.0,0.0
262.46031155374,42.760944927288676,8.299999999999999,0.0,0.0,0.0
262.47359833797657,42.758560148835116,8.299999999999999,0.0,0.0,0.0
262.48688229777895,42.756164581480796,8.299999999999999,0.0,0.0,0.0
262.50016342847596,42.75375823418716,8.299999999999999,0.0,0.0,0.0
262.5134417254063,42.75134111590891,8.299999999999999,0.0,0.0,0.0
262.5267171839186,42.74891323559395,8.299999999999997,0.0,0.0,0.0
262.5399897993713,42.74647460218352,8.299999999999999,0.0,0.0,0.0
262.5532595671328,42.74402522461207,8.299999999999999,0.0,0.0,0.0
262.5665264825815,42.74156511180743,8.299999999999999,0.0,0.0,0.0
262.5797905411056,42.7390942726906,8.299999999999999,0.0,0.0,0.0
262.5930517381031,42.73661271617599,8.299999999999999,0.0,0.0,0.0
262.60631006898205,42.73412045117129,8.3,0.0,0.0,0.0
262.61956552916035,42.73161748657755,8.299999999999999,0.0,0.0,0.0
262.6328181140658,42.72910383128912,8.3,0.0,0.0,0.0
262.64606781913585,42.726579494193764,8.299999999999999,0.0,0.0,0.0
262.65931463981815,42.724044484172545,8.299999999999999,0.0,0.0,0.0
262.6725585715701,42.72149881009993,8.299999999999999,0.0,0.0,0.0
262.6857996098589,42.71894248084381,8.299999999999999,0.0,0.0,0.0
262.6990377501616,42.71637550526541,8.299999999999999,0.0,0.0,0.0
262.7122729879653,42.71379789221941,8.299999999999999,0.0,0.0,0.0
262.7255053187668,42.711209650553876,8.299999999999999,0.0,0.0,0.0
262.7387347380727,42.70861078911035,8.3,0.0,0.0,0.0
262.7519612413996,42.70600131672377,8.299999999999999,0.0,0.0,0.0
262.76518482427383,42.70338124222258,8.299999999999999,0.0,0.0,0.0
262.7784054822317,42.700750574428625,8.299999999999999,0.0,0.0,0.0
262.79162321081907,42.698109322157265,8.299999999999999,0.0,0.0,0.0
262.804838005592,42.695457494217344,8.299999999999999,0.0,0.0,0.0
262.8180498621162,42.6927950994112,8.299999999999999,0.0,0.0,0.0
262.83125877596706,42.69012214653467,8.3,0.0,0.0,0.0
262.8444647427301,42.68743864437713,8.299999999999999,0.0,0.0,0.0
262.8576677580005,42.684744601721476,8.299999999999999,0.0,0.0,0.0
262.87086781738316,42.68204002734415,8.299999999999999,0.0,0.0,0.0
262.88406491649295,42.67932493001514,8.299999999999997,0.0,0.0,0.0
262.8972590509544,42.67659931849799,8.3,0.0,0.0,0.0
262.91045021640207,42.67386320154986,8.299999999999999,0.0,0.0,0.0
262.92363840848003,42.671116587921425,8.299999999999999,0.0,0.0,0.0
262.9368236228423,42.66835948635704,8.299999999999999,0.0,0.0,0.0
262.9500058551528,42.66559190559463,8.299999999999999,0.0,0.0,0.0
262.963185101085,42.66281385436571,8.3,0.0,0.0,0.0
262.97636135632234,42.660025341395475,8.299999999999999,0.0,0.0,0.0
262.9895346165579,42.657226375402736,8.299999999999999,0.0,0.0,0.0
263.0027048774945,42.65441696509997,8.299999999999999,0.0,0.0,0.0
263.01587213484504,42.65159711919329,8.3,0.0,0.0,0.0
263.02903638433185,42.64876684638253,8.299999999999999,0.0,0.0,0.0
263.04219762168714,42.64592615536116,8.299999999999999,0.0,0.0,0.0
263.05535584265283,42.64307505481639,8.299999999999999,0.0,0.0,0.0
263.06851104298073,42.64021355342912,8.299999999999999,0.0,0.0,0.0
263.0816632184323,42.63734165987396,8.299999999999999,0.0,0.0,0.0
263.09481236477876,42.63445938281927,8.299999999999999,0.0,0.0,0.0
263.107958477801,42.63156673092715,8.3,0.0,0.0,0.0
263.1211015532897,42.62866371285343,8.299999999999997,0.0,0.0,0.0
263.1342415870453,42.62575033724773,8.299999999999999,0.0,0.0,0.0
263.147378574878,42.622826612753435,8.3,0.0,0.0,0.0
263.1605125126077,42.619892548007705,8.3,0.0,0.0,0.0
263.17364339606377,42.61694815164152,8.299999999999999,0.0,0.0,0.0
263.1867712210858,42.61399343227968,8.299999999999997,0.0,0.0,0.0
263.1998959835226,42.611028398540725,8.299999999999999,0.0,0.0,0.0
263.21301767923296,42.60805305903714,8.3,0.0,0.0,0.0
263.2261363040853,42.605067422375164,8.3,0.0,0.0,0.0
263.2392518539577,42.60207149715494,8.299999999999999,0.0,0.0,0.0
263.2523643247379,42.59906529197043,8.3,0.0,0.0,0.0
263.26547371232357,42.596048815409524,8.299999999999999,0.0,0.0,0.0
263.27858001262183,42.593022076053956,8.299999999999999,0.0,0.0,0.0
263.2916832215494,42.58998508247939,8.3,0.0,0.0,0.0
263.304783335033,42.58693784325536,8.299999999999999,0.0,0.0,0.0
263.31788034900865,42.58388036694536,8.299999999999999,0.0,0.0,0.0
263.3309742594223,42.58081266210679,8.3,0.0,0.0,0.0
263.34406506222956,42.577734737291,8.299999999999999,0.0,0.0,0.0
263.35715275339544,42.574646601043305,8.3,0.0,0.0,0.0
263.37023732889486,42.57154826190297,8.299999999999999,0.0,0.0,0.0
263.38331878471223,42.568439728403234,8.299999999999999,0.0,0.0,0.0
263.3963971168418,42.565321009071326,8.299999999999997,0.0,0.0,0.0
263.40947232128724,42.5621921124285,8.299999999999997,0.0,0.0,0.0
263.42254439406184,42.55905304698995,8.299999999999999,0.0,0.0,0.0
263.43561333118885,42.555903821264984,8.299999999999999,0.0,0.0,0.0
263.44867912870075,42.55274444375685,8.3,0.0,0.0,0.0
263.46174178263976,42.549574922962925,8.299999999999999,0.0,0.0,0.0
263.4748012890579,42.54639526737458,8.299999999999999,0.0,0.0,0.0
263.4878576440165,42.54320548547726,8.299999999999999,0.0,0.0,0.0
263.5009108435868,42.5400055857505,8.3,0.0,0.0,0.0
263.51396088384934,42.53679557666793,8.299999999999997,0.0,0.0,0.0
263.5270077608945,42.53357546669726,8.299999999999999,0.0,0.0,0.0
