galstreams/tracks/track.st.Cetus.yam2013.ecsv
# %ECSV 0.9
# ---
# datatype:
# - {name: ra, unit: deg, datatype: float64}
# - {name: dec, unit: deg, datatype: float64}
# - {name: distance, unit: kpc, datatype: float64}
# - {name: pm_ra_cosdec, unit: mas / yr, datatype: float64}
# - {name: pm_dec, unit: mas / yr, datatype: float64}
# - {name: radial_velocity, unit: km / s, datatype: float64}
# delimiter: ','
# meta: !!omap
# - __serialized_columns__:
#     dec:
#       __class__: astropy.coordinates.angles.Latitude
#       unit: &id001 !astropy.units.Unit {unit: deg}
#       value: !astropy.table.SerializedColumn {name: dec}
#     distance:
#       __class__: astropy.coordinates.distances.Distance
#       unit: !astropy.units.Unit {unit: kpc}
#       value: !astropy.table.SerializedColumn {name: distance}
#     pm_dec:
#       __class__: astropy.units.quantity.Quantity
#       unit: !astropy.units.Unit {unit: mas / yr}
#       value: !astropy.table.SerializedColumn {name: pm_dec}
#     pm_ra_cosdec:
#       __class__: astropy.units.quantity.Quantity
#       unit: !astropy.units.Unit {unit: mas / yr}
#       value: !astropy.table.SerializedColumn {name: pm_ra_cosdec}
#     ra:
#       __class__: astropy.coordinates.angles.Longitude
#       unit: *id001
#       value: !astropy.table.SerializedColumn {name: ra}
#       wrap_angle: !astropy.coordinates.Angle
#         unit: *id001
#         value: 360.0
#     radial_velocity:
#       __class__: astropy.units.quantity.Quantity
#       unit: !astropy.units.Unit {unit: km / s}
#       value: !astropy.table.SerializedColumn {name: radial_velocity}
# schema: astropy-2.0
ra,dec,distance,pm_ra_cosdec,pm_dec,radial_velocity
20.008469246906103,-4.119747000087538,27.176725991527462,-1.6653345369377348e-16,-4.163336342344337e-16,-86.47542588532065
20.060966781232157,-3.9775849653986795,27.235870946807882,-1.942890293094024e-16,-4.510281037539698e-16,-86.93712373196684
20.113572856132016,-3.8354738766175047,27.294350973093344,-1.1102230246251564e-16,-3.8163916471489756e-16,-87.39778602251877
20.16628704352109,-3.693413400551273,27.352171204774255,-1.3877787807814457e-16,-3.677613769070831e-16,-87.85741088752606
20.219108919183974,-3.5514032054337354,27.409336776241023,-1.6653345369377348e-16,-3.400058012914542e-16,-88.31599645753835
20.272038062736957,-3.409442960920746,27.465852821884052,-8.326672684688674e-17,-3.469446951953614e-16,-88.77354086310524
20.325074057590996,-3.267532338085668,27.521724476093755,-1.942890293094024e-16,-3.3306690738754696e-16,-89.23004223477628
20.378216490915232,-3.1256710094145683,27.57695687326054,-8.326672684688674e-17,-3.2612801348363973e-16,-89.68549870310123
20.431464953600926,-2.9838586488011876,27.63155514777481,-1.3877787807814457e-16,-3.5388358909926865e-16,-90.13990839862956
20.48481904022589,-2.842094931541765,27.68552443402697,-1.942890293094024e-16,-2.636779683484747e-16,-90.59326945191094
20.538278349019404,-2.700379534329591,27.73886986640745,-8.326672684688674e-17,-2.8449465006019636e-16,-91.04557999349504
20.59184248182748,-2.5587121352494493,27.79159657930661,-2.7755575615628914e-17,-2.498001805406602e-16,-91.49683815393136
20.64551104407875,-2.4170924137717735,27.84370970711491,-1.1102230246251565e-16,-2.185751579730777e-16,-91.94704206376963
20.69928364475064,-2.275520050746691,27.895214384222726,-2.7755575615628914e-17,-1.97758476261356e-16,-92.39618985355938
20.75315989633605,-2.133994728397811,27.94611574502047,-2.7755575615628914e-17,-1.734723475976807e-16,-92.84427965385028
20.807139414810457,-1.9925161303158867,27.996418923898553,-5.551115123125783e-17,-2.2898349882893854e-16,-93.29130959519195
20.861221819599447,-1.8510839414522189,28.046129055247388,-1.1102230246251565e-16,-2.3245294578089215e-16,-93.73727780813394
20.915406733546625,-1.7096978481119496,28.09525127345737,-2.775557561562891e-17,-1.9081958235744878e-16,-94.18218242322592
20.969693782881997,-1.5683575379471122,28.143790712918925,-5.551115123125783e-17,-1.6653345369377348e-16,-94.62602157101752
21.024082597190706,-1.4270626999495462,28.191752508022432,0.0,-1.942890293094024e-16,-95.06879338205826
21.078572809382226,-1.285813024443529,28.239141793158318,2.7755575615628914e-17,-1.457167719820518e-16,-95.51049598689785
21.133164055659808,-1.1446082030785438,28.285963702716995,-2.775557561562891e-17,-1.5612511283791264e-16,-95.95112751608589
21.187855975490578,-1.0034479288213214,28.33222337108886,-2.7755575615628914e-17,-1.5092094240998222e-16,-96.39068610017199
21.24264821157574,-0.8623318959482299,28.377925932664322,-5.551115123125782e-17,-1.7520707107365752e-16,-96.82916986970575
21.29754040982133,-0.7212598000372413,28.42307652183379,-1.1102230246251565e-16,-9.8879238130678e-17,-97.26657695523674
21.3525322193093,-0.5802313379597753,28.467680272987668,-5.551115123125783e-17,-1.1449174941446927e-16,-97.70290548731468
21.407623292268905,-0.43924620787237634,28.511742320516365,-2.7755575615628914e-17,-1.4311468676808659e-16,-98.13815359648913
21.46281328404858,-0.2983041092082025,28.555267798810284,-5.551115123125782e-17,-1.3270634591222574e-16,-98.57231941330969
21.518101853088073,-0.1574047426684038,28.598261842259852,-2.7755575615628914e-17,-5.984795992119984e-17,-99.00540106832601
21.573488660890956,-0.016547810213268736,28.640729585255453,0.0,-6.217899459204368e-17,-99.43739669208769
21.628973371997528,0.12426698494673066,28.68267616218751,0.0,-8.977193988179977e-17,-99.86830441514432
21.684555653957986,0.2650399383601129,28.724106707446413,0.0,-8.760353553682876e-17,-100.29812236804557
21.740235177305994,0.40577134434365075,28.765026355422588,5.551115123125782e-17,-6.938893903907228e-17,-100.72684868134098
21.79601161553258,0.5464614959918448,28.80544024050644,-5.551115123125783e-17,-1.0234868508263162e-16,-101.15448148558025
21.851884645060366,0.6871106851865487,28.84535349708836,0.0,-6.245004513516506e-17,-101.58101891131291
21.907853945218047,0.827719202606708,28.88477125955878,-1.1102230246251564e-16,-4.163336342344337e-17,-102.00645908908865
21.96391919821533,0.9682873377382821,28.923698662308084,-5.551115123125783e-17,-7.806255641895632e-17,-102.43080014945707
22.02008008911808,1.1088153788843285,28.96214083972668,-5.551115123125783e-17,-2.2551405187698492e-17,-102.85404022296771
22.07633630582382,1.249303613175187,29.000102926205003,0.0,-5.898059818321144e-17,-103.2761774401703
22.13268753903755,1.3897523265788645,29.037590056133432,0.0,-5.898059818321144e-17,-103.6972099316144
22.18913348224784,1.530161803911524,29.074607363902384,-5.551115123125782e-17,-5.551115123125783e-17,-104.11713582784958
22.245673831703265,1.6705323288481404,29.111159983902276,5.551115123125782e-17,-2.7755575615628914e-17,-104.53595325942551
22.30230828638909,1.8108641839332853,29.147253050523503,0.0,-2.42861286636753e-17,-104.95366035689183
22.3590365480043,1.9511576505920525,29.182891698156467,-1.6653345369377348e-16,-4.5102810375396984e-17,-105.37025525079808
22.4158583209389,2.0914130091411374,29.218081061191594,0.0,-4.163336342344337e-17,-105.78573607169393
22.472773312251462,2.23163053880003,29.25282627401928,5.551115123125783e-17,-3.122502256758253e-17,-106.200100950129
22.529781231647018,2.3718105177023587,29.287132471029924,5.551115123125783e-17,-3.469446951953614e-17,-106.61334801665286
22.586881791455216,2.5119532229073664,29.32100478661396,5.551115123125783e-17,-1.3877787807814457e-17,-107.02547540181517
22.64407470660872,2.6520589304114957,29.35444835516177,-5.551115123125783e-17,-4.85722573273506e-17,-107.43648123616553
22.701359694621914,2.792127915160153,29.38746831106377,0.0,-2.7755575615628914e-17,-107.84636365025352
22.758736475569865,2.9321604510595467,29.420069788710368,0.0,-3.469446951953614e-17,-108.2551207746288
22.816204772067554,3.072156810988698,29.452257922491974,-1.1102230246251565e-16,0.0,-108.66275073984097
22.873764309249392,3.2121172668115365,29.48403784679899,0.0,-1.3877787807814457e-17,-109.06925167643966
22.931414814748933,3.3520420893891556,29.51541469602183,1.1102230246251565e-16,0.0,-109.47462171497449
22.989156018678905,3.49193154859217,29.546393604550882,5.551115123125783e-17,3.469446951953614e-17,-109.878858985995
23.046987653611506,3.6317859133131978,29.576979706776587,-5.551115123125783e-17,-2.0816681711721685e-17,-110.28196162005094
23.104909454558893,3.77160545147947,29.607178137089324,1.1102230246251564e-16,-2.0816681711721685e-17,-110.68392774769178
23.16292115895392,3.9113904300655458,29.636994029879514,5.551115123125783e-17,1.3877787807814457e-17,-111.0847554994672
23.22102250663122,4.051141115106146,29.666432519537558,0.0,-6.938893903907228e-18,-111.48444300592686
23.279213239808406,4.190857771709171,29.695498740453875,0.0,-2.0816681711721685e-17,-111.8829883976203
23.33749310306755,4.330540664068541,29.724197827018845,5.551115123125783e-17,-6.938893903907228e-18,-112.2803898050972
23.395861843336974,4.470190055477702,29.752534913622902,-5.551115123125783e-17,-6.938893903907228e-18,-112.67664535890711
23.45431920987318,4.609806208342695,29.78051513465645,0.0,-1.3877787807814457e-17,-113.07175318959968
23.512864954243064,4.749389384195609,29.808143624509892,5.551115123125782e-17,-2.7755575615628914e-17,-113.46571142772454
23.571498830306318,4.888939843708082,29.835425517573633,1.1102230246251565e-16,-1.3877787807814457e-17,-113.8585182038313
23.630220594198104,5.028457846704912,29.86236594823809,5.551115123125782e-17,-2.7755575615628914e-17,-114.25017164846957
23.689030004311938,5.167943652177777,29.88897005089365,5.551115123125783e-17,0.0,-114.64066989218891
23.74792682128279,5.307397518299042,29.915242959930744,0.0,-4.163336342344337e-17,-115.03001106553906
23.806910807970397,5.446819702435683,29.941189809739754,0.0,-1.3877787807814457e-17,-115.41819329906949
23.865981729442822,5.5862104611633105,29.966815734711115,-5.551115123125783e-17,-2.7755575615628914e-17,-115.8052147233299
23.925139352960194,5.725570050280277,29.992125869235224,0.0,-2.7755575615628914e-17,-116.19107346886989
23.98438344795869,5.864898724821897,30.01712534770247,5.551115123125783e-17,0.0,-116.57576766623909
24.043713786034704,6.004196739074753,30.041819304503292,-1.1102230246251565e-16,-4.163336342344337e-17,-116.95929544598711
24.103130140929267,6.14346434659111,30.06621287402808,0.0,1.3877787807814457e-17,-117.34165493866352
24.16263228851261,6.2827018002033945,30.09031119066723,-5.551115123125783e-17,-4.163336342344337e-17,-117.72284427481796
24.222220006769003,6.421909352038795,30.114119388811176,5.551115123125783e-17,0.0,-118.10286158500011
24.28189307578172,6.561087253533939,30.13764260285031,-1.1102230246251565e-16,-1.3877787807814457e-17,-118.48170499975951
24.341651277718306,6.700235755449656,30.16088596717504,-5.551115123125783e-17,-2.7755575615628914e-17,-118.85937264964579
24.401494396815938,6.839355107885828,30.183854616175775,-5.551115123125783e-17,-1.3877787807814457e-17,-119.23586266520856
24.46142221936705,6.978445560296332,30.206553684242913,5.551115123125783e-17,1.3877787807814457e-17,-119.61117317699747
24.521434533705147,7.117507361504066,30.228988305766887,5.551115123125783e-17,1.3877787807814457e-17,-119.9853023155621
24.58153113019079,7.256540759716041,30.25116361513808,5.551115123125783e-17,-6.938893903907228e-17,-120.35824821145209
24.641711801197786,7.395546002538588,30.2730847467469,-5.551115123125783e-17,-1.3877787807814457e-17,-120.73000899521703
24.701976341099595,7.5345233369926055,30.294756834983772,0.0,-4.163336342344337e-17,-121.10058279740655
24.762324546255876,7.6734730095289105,30.31618501423909,0.0,-5.551115123125783e-17,-121.46996774857027
24.822756214999238,7.8123952660436675,30.33737441890327,0.0,-2.7755575615628914e-17,-121.8381619792578
24.88327114762224,7.951290351893873,30.358330183366704,-5.551115123125783e-17,-2.7755575615628914e-17,-122.20516362001871
24.943869146364463,8.090158511912941,30.379057442019814,-1.1102230246251564e-16,-2.7755575615628914e-17,-122.5709708014027
25.004550015399868,8.228999990426338,30.399561329253,-1.6653345369377348e-16,-1.3877787807814457e-17,-122.93558165395933
25.06531356082428,8.367815031267291,30.419846979456675,-5.551115123125783e-17,-6.938893903907228e-17,-123.29899430823824
25.126159590643038,8.506603877792612,30.439919527021246,5.551115123125783e-17,-2.7755575615628914e-17,-123.661206894789
25.18708791475893,8.645366772898493,30.459784106337114,-1.1102230246251565e-16,-2.7755575615628914e-17,-124.02221754416131
25.248098344960148,8.784103959036479,30.479445851794686,-1.1102230246251564e-16,-5.551115123125783e-17,-124.38202438690467
25.309190694908548,8.92281567822943,30.498909897784383,-1.1102230246251565e-16,-5.551115123125783e-17,-124.74062555356878
25.370364780128043,9.061502172087582,30.518181378696596,5.551115123125783e-17,0.0,-125.09801917470328
25.43162041799314,9.200163681824653,30.537265428921742,0.0,-8.326672684688674e-17,-125.45420338085769
25.492957427717723,9.338800448274089,30.55616718285023,-1.1102230246251565e-16,-8.326672684688674e-17,-125.8091763025817
25.554375630343852,9.477412711905028,30.57489177487245,0.0,-8.326672684688674e-17,-126.16293607042488
25.6158748487311,9.616000712839167,30.593444339378834,5.551115123125783e-17,-5.551115123125783e-17,-126.51548081493688
25.677454907545435,9.754564690866399,30.611830010759782,0.0,-8.326672684688674e-17,-126.8668086666673
25.73911563324897,9.893104885461767,30.63005392340569,-5.551115123125783e-17,-8.326672684688674e-17,-127.21691775616576
25.80085685408944,10.031621535801756,30.64812121170697,-5.551115123125783e-17,-5.551115123125783e-17,-127.56580621398186
25.862678400089873,10.170114880780732,30.666037010054044,-1.6653345369377348e-16,-1.1102230246251565e-16,-127.91347217066522
25.92458010303865,10.30858515902761,30.6838064528373,-1.1102230246251565e-16,-5.551115123125783e-17,-128.25991375676546
25.986561796479517,10.447032608922436,30.701434674447153,-5.551115123125782e-17,-5.551115123125783e-17,-128.6051291028322
26.04862331570186,10.585457468613077,30.718926809274006,-5.551115123125783e-17,-5.551115123125783e-17,-128.9491163394151
26.110764497731125,10.723859976031928,30.73628799170828,-1.1102230246251565e-16,-8.326672684688674e-17,-129.29187359706367
26.172985181319422,10.862240368912682,30.75352335614037,-5.551115123125782e-17,-8.326672684688674e-17,-129.63339900632758
26.23528520693623,11.000598884807147,30.77063803696068,-5.551115123125782e-17,-1.1102230246251565e-16,-129.97369069775644
26.297664416759336,11.13893576110209,30.787637168559634,5.551115123125783e-17,-8.326672684688674e-17,-130.3127468018999
26.360122654665886,11.277251235036148,30.804525885327624,-1.6653345369377348e-16,-1.3877787807814457e-16,-130.65056544930752
26.422659766223642,11.41554554371676,30.82130932165506,0.0,-1.1102230246251565e-16,-130.987144770529
26.485275598682325,11.553818924137143,30.837992611932368,-5.551115123125783e-17,-1.1102230246251565e-16,-131.32248289611385
26.547970000965215,11.692071613193331,30.854580890549922,-1.1102230246251565e-16,-1.3877787807814457e-16,-131.65657795661173
26.61074282366082,11.830303847701195,30.87107929189816,-1.6653345369377348e-16,-1.942890293094024e-16,-131.98942808257226
26.673593919014763,11.968515864413583,30.88749295036746,-5.551115123125783e-17,-1.1102230246251565e-16,-132.32103140454504
26.73652314092178,12.106707900037389,30.903827000348258,0.0,-2.7755575615628914e-17,-132.65138605307973
26.79953034491793,12.244880191250763,30.920086576230943,-5.551115123125783e-17,-1.1102230246251565e-16,-132.98049015872587
26.86261538817292,12.383032974720292,30.936276812405936,-1.6653345369377348e-16,-1.1102230246251565e-16,-133.30834185203318
26.925778129482605,12.521166487118194,30.95240284326363,-1.1102230246251565e-16,-1.1102230246251565e-16,-133.63493926355116
26.989018429261627,12.659280965139605,30.96846980319445,-1.6653345369377348e-16,-1.942890293094024e-16,-133.9602805238295
27.05233614953621,12.79737664551984,30.98448282658879,-1.6653345369377348e-16,-1.6653345369377348e-16,-134.28436376341782
27.11573115393716,12.93545376505171,31.000447047837053,-1.1102230246251565e-16,-1.3877787807814457e-16,-134.6071871128657
27.179203307692934,13.073512560602845,31.016367601329655,-5.551115123125783e-17,-1.3877787807814457e-16,-134.92874870272271
27.242752477622947,13.211553269133056,31.032249621456998,0.0,-1.3877787807814457e-16,-135.2490466635386
27.306378532130985,13.349576127711726,31.0480982426095,0.0,-8.326672684688674e-17,-135.5680791258628
27.370081341198762,13.487581373535175,31.063918599177565,-1.6653345369377348e-16,-8.326672684688674e-17,-135.8858442202451
27.433860776379703,13.625569243944124,31.079715825551595,-1.6653345369377348e-16,-1.942890293094024e-16,-136.20234007723502
27.497716710792787,13.763539976441116,31.095495056121997,-1.1102230246251565e-16,-1.1102230246251565e-16,-136.51756482738224
27.561649019116594,13.901493808707956,31.11126142527918,-1.1102230246251565e-16,-5.551115123125783e-17,-136.83151660123636
27.62565757758354,14.03943097862322,31.12702006741356,-5.551115123125783e-17,-1.6653345369377348e-16,-137.1441935293469
27.68974226397415,14.177351724279715,31.142776116915524,-5.551115123125782e-17,-8.326672684688674e-17,-137.45559374226355
27.753902957611647,14.315256284001997,31.1585347081755,-5.551115123125783e-17,-5.551115123125783e-17,-137.76571537053593
27.818139539356537,14.453144896363865,31.174300975583893,-1.6653345369377348e-16,-1.942890293094024e-16,-138.07455654471366
27.882451891601477,14.59101780020593,31.19008005353109,-1.1102230246251564e-16,-1.3877787807814457e-16,-138.3821153953463
27.946839898266184,14.728875234653094,31.205877076407525,-5.551115123125782e-17,-1.3877787807814457e-16,-138.68839005298358
