galstreams/tracks/track.st.Pal5.pricewhelan2019.ecsv
# %ECSV 0.9
# ---
# datatype:
# - {name: ra, unit: deg, datatype: float64}
# - {name: dec, unit: deg, datatype: float64}
# - {name: distance, unit: kpc, datatype: float64}
# - {name: pm_ra_cosdec, unit: mas / yr, datatype: float64}
# - {name: pm_dec, unit: mas / yr, datatype: float64}
# - {name: radial_velocity, unit: km / s, datatype: float64}
# delimiter: ','
# meta: !!omap
# - __serialized_columns__:
#     dec:
#       __class__: astropy.coordinates.angles.Latitude
#       unit: &id001 !astropy.units.Unit {unit: deg}
#       value: !astropy.table.SerializedColumn {name: dec}
#     distance:
#       __class__: astropy.coordinates.distances.Distance
#       unit: !astropy.units.Unit {unit: kpc}
#       value: !astropy.table.SerializedColumn {name: distance}
#     pm_dec:
#       __class__: astropy.units.quantity.Quantity
#       unit: !astropy.units.Unit {unit: mas / yr}
#       value: !astropy.table.SerializedColumn {name: pm_dec}
#     pm_ra_cosdec:
#       __class__: astropy.units.quantity.Quantity
#       unit: !astropy.units.Unit {unit: mas / yr}
#       value: !astropy.table.SerializedColumn {name: pm_ra_cosdec}
#     ra:
#       __class__: astropy.coordinates.angles.Longitude
#       unit: *id001
#       value: !astropy.table.SerializedColumn {name: ra}
#       wrap_angle: !astropy.coordinates.Angle
#         unit: *id001
#         value: 360.0
#     radial_velocity:
#       __class__: astropy.units.quantity.Quantity
#       unit: !astropy.units.Unit {unit: km / s}
#       value: !astropy.table.SerializedColumn {name: radial_velocity}
# schema: astropy-2.0
ra,dec,distance,pm_ra_cosdec,pm_dec,radial_velocity
[from data line 1563]
228.4284836937106,-0.8301877999194883,20.362044502095387,-2.770191777898558,-2.7313989529958844,999.000022107385
228.42156630491806,-0.8378606869205958,20.35999141727878,-2.7703012500026163,-2.7319325969237642,999.0000221070886
228.4146356011023,-0.8455134858004902,20.35793706628287,-2.7704103351452667,-2.732466609740406,999.0000221067904
228.40769149281215,-0.8531460616455357,20.355881449107667,-2.770519033664232,-2.73300099112107,999.0000221064896
228.40073389534624,-0.8607582867149158,20.353824565753165,-2.7706273458956736,-2.7335357407428282,999.0000221061863
228.39376272879528,-0.8683500405040352,20.351766416219355,-2.7707352721740457,-2.7340708582847593,999.0000221058807
228.3867779180823,-0.8759212098053328,20.34970700050626,-2.7708428128318787,-2.7346063434281485,999.0000221055731
228.37977939300103,-0.8834716887664681,20.34764631861386,-2.770949968199567,-2.735142195856686,999.0000221052627
228.3727670882529,-0.8910013789458541,20.345584370542163,-2.7710567386052047,-2.735678415256667,999.0000221049504
228.36574094348197,-0.8985101893654773,20.343521156291168,-2.7711631243743695,-2.7362150013171767,999.0000221046354
228.35870090330812,-0.9059980365609833,20.34145667586087,-2.771269125829935,-2.7367519537302947,999.000022104318
228.35164691735835,-0.913464844628985,20.33939092925127,-2.7713747432918883,-2.737289272191281,999.000022103998
228.34457894029637,-0.9209105452715529,20.337323916462374,-2.7714799770771186,-2.737826956398772,999.0000221036756
228.33749693185015,-0.928335077837872,20.33525563749418,-2.7715848274992543,-2.7383650060549654,999.0000221033513
228.3304008568376,-0.935738389363,20.333186092346676,-2.7716892948684553,-2.738903420865814,999.0000221030247
228.32329068519036,-0.9431204346037213,20.331115281019876,-2.7717933794912453,-2.739442200541201,999.0000221026949
228.31616639197554,-0.950481176071453,20.32904320351378,-2.771897081670288,-2.739981344795137,999.000022102363
228.3090279574157,-0.9578205840621666,20.326969859828377,-2.7720004017042736,-2.740520853345932,999.0000221020285
228.30187536690653,-0.9651386366833122,20.324895249963678,-2.7721033398876678,-2.7410607259163786,999.000022101692
228.29470861103277,-0.9724353198776989,20.32281937391967,-2.7722058965105796,-2.74160096223393,999.0000221013534
228.28752768558203,-0.9797106274443085,20.320742231696364,-2.772308071858562,-2.7421415620308696,999.0000221010121
228.2803325915565,-0.9869645610560271,20.318663823293758,-2.772409866212462,-2.7426825250444904,999.0000221006678
228.27312333518253,-0.9941971302742441,20.31658414871185,-2.7725112798482145,-2.7432238510172606,999.0000221003221
228.26589992791853,-1.0014083525603283,20.314503207950647,-2.7726123130367153,-2.7437655396969878,999.0000220999732
228.25866238646017,-1.008598253283923,20.312421001010133,-2.772712966043623,-2.744307590836987,999.000022099622
228.25141073274386,-1.0157668657280603,20.31033752789033,-2.772813239129206,-2.7448500041962394,999.0000220992687
228.2441449939482,-1.0229142310910702,20.30825278859122,-2.772913132548193,-2.7453927795395496,999.000022098913
228.23686520249282,-1.0300403984852495,20.30616678311281,-2.773012646549599,-2.7459359166377006,999.0000220985546
228.22957139603557,-1.0371454249323009,20.304079511455104,-2.773111781376595,-2.7464794152676073,999.0000220981943
228.22226361746715,-1.0442293753554954,20.301990973618096,-2.773210537266319,-2.747023275212459,999.0000220978314
228.21494191490407,-1.0512923225685593,20.299901169601792,-2.7733089144497827,-2.7475674962618655,999.0000220974662
228.20760634167868,-1.0583343472612672,20.297810099406185,-2.773406913151659,-2.748112078212002,999.0000220970991
228.20025695632782,-1.0653555379817217,20.29571776303128,-2.7735045335902213,-2.748657020865741,999.0000220967289
228.19289382257855,-1.0723559911153253,20.293624160477073,-2.773601775977125,-2.7492023240327876,999.000022096357
228.1855170093323,-1.079335810860408,20.291529291743576,-2.7736986405173436,-2.7497479875298056,999.0000220959824
228.1781265906463,-1.0862951092005233,20.289433156830782,-2.7737951274089916,-2.7502940111805523,999.0000220956061
228.17072264571308,-1.0932340058733963,20.287335755738685,-2.773891236843229,-2.75084039481599,999.0000220952273
228.1633052588378,-1.100152628336506,20.285237088467298,-2.773986969004117,-2.7513871382744073,999.0000220948459
228.1558745194129,-1.1070511117293325,20.283137155016615,-2.774082324068513,-2.7519342414015355,999.0000220944626
228.14843052189119,-1.1139295988322124,20.281035955386635,-2.7741773022059535,-2.75248170405065,999.0000220940768
228.14097336575614,-1.120788240021857,20.27893348957736,-2.774271903578538,-2.753029526082688,999.000022093689
228.1335031554903,-1.1276271932234747,20.276829757588793,-2.7743661283408403,-2.7535777073663303,999.0000220932988
228.12602000054127,-1.1344466238595616,20.274724759420934,-2.774459976639795,-2.7541262477781223,999.0000220929068
228.11852401528546,-1.1412467047952979,20.272618495073775,-2.7745534486145815,-2.7546751472025437,999.0000220925127
228.11101531898993,-1.1480276162806042,20.270510964547338,-2.7746465443965715,-2.7552244055321027,999.0000220921162
228.10349403577143,-1.1547895458888502,20.2684021678416,-2.774739264109209,-2.7557740226674308,999.0000220917178
228.09596029455392,-1.1615326884521848,20.266292104956577,-2.7748316078679442,-2.7563239985173404,999.0000220913165
228.0884142290232,-1.1682572459935703,20.264180775892257,-2.7749235757801336,-2.75687433299892,999.0000220909144
228.08085597757983,-1.1749634276554493,20.26206818064866,-2.7750151679449835,-2.7574250260375806,999.0000220905097
228.07328568328958,-1.1816514496251194,20.25995431922577,-2.775106384453473,-2.7579760775671427,999.000022090103
228.06570349383188,-1.1883215350568008,20.257839191623596,-2.7751972253882884,-2.7585274875298817,999.0000220896942
228.05810956144586,-1.1949739139903968,20.25572279784213,-2.7752876908237556,-2.7590792558765864,999.0000220892837
228.05050404287445,-1.201608823267009,20.253605137881383,-2.7753777808257922,-2.7596313825666066,999.0000220888708
228.04288709930623,-1.208226506441169,20.25148621174135,-2.7754674954518594,-2.7601838675679082,999.0000220884566
228.03525889631499,-1.2148272136898532,20.24936601942204,-2.7755568347508803,-2.760736710857099,999.0000220880403
228.02761960379752,-1.221411201718285,20.247244560923445,-2.7756457987632626,-2.7612899124194774,999.000022087622
228.01996939590882,-1.2279787336625194,20.24512183624557,-2.775734387520793,-2.7618434722490552,999.0000220872016
228.01230845099568,-1.2345300789888982,20.242997845388423,-2.7758226010466447,-2.7623973903485863,999.00002208678
228.0046369515278,-1.2410655133903268,20.240872588351984,-2.7759104393553353,-2.7629516667295917,999.0000220863562
227.99695508402706,-1.2475853186794557,20.238746065136272,-2.7759979024527057,-2.763506301412363,999.0000220859312
227.98926303899464,-1.254089782678788,20.236618275741282,-2.7760849903359013,-2.7640612944259906,999.0000220855038
227.9815610108363,-1.2605791991076967,20.234489220167024,-2.7761717029933615,-2.7646166458083536,999.000022085075
227.97384919778526,-1.267053867466466,20.232358898413487,-2.776258040404812,-2.765172355606136,999.0000220846445
227.96612780182363,-1.2735140929173028,20.230227310480686,-2.776344002541244,-2.7657284238748105,999.0000220842124
227.9583970286015,-1.2799601861624252,20.228094456368602,-2.776429589364945,-2.766284850678638,999.0000220837787
227.95065708735413,-1.2863924633192336,20.225960336077247,-2.7765148008294727,-2.766841636090652,999.0000220833437
227.94290819081752,-1.2928112457925844,20.223824949606634,-2.77659963687969,-2.7673987801926363,999.0000220829068
227.9351505551417,-1.2992168601442675,20.221688296956746,-2.776684097451766,-2.767956283075109,999.0000220824684
227.92738439980246,-1.305609637959651,20.219550378127593,-2.776768182473212,-2.7685141448372907,999.000022082029
227.9196099475113,-1.3119899157116073,20.217411193119176,-2.7768518918628837,-2.7690723655870677,999.0000220815878
227.91182742412323,-1.318358034621735,20.215270741931498,-2.776935225531027,-2.769630945440962,999.0000220811451
227.90403705854314,-1.3247143405189017,20.21312902456455,-2.777018183379323,-2.7701898845240844,999.0000220807015
227.89623908263047,-1.331059183695218,20.210986041018344,-2.777100765300889,-2.7707491829700834,999.0000220802563
227.88843373110194,-1.3373929187594205,20.20884179129288,-2.777182971180382,-2.7713088409211024,999.0000220798096
227.8806212414327,-1.3437159044877753,20.206696275388165,-2.7772648008939798,-2.7718688585277103,999.000022079362
227.87280185375607,-1.3500285036725328,20.20454949330418,-2.777346254309494,-2.772429235948855,999.0000220789129
227.8649758107615,-1.3563310829679656,20.202401445040948,-2.7774273312864035,-2.77298997335178,999.000022078463
227.8571433575909,-1.3626240127341014,20.20025213059846,-2.7775080316758998,-2.7735510709119664,999.0000220780116
227.84930474173373,-1.368907666878151,20.19810154997672,-2.7775883553210057,-2.7741125288130535,999.0000220775592
227.84146021292028,-1.3751824226937306,20.195949703175724,-2.7776683020565773,-2.7746743472467545,999.0000220771058
227.833610023014,-1.3814486606979373,20.193796590195486,-2.777747871709461,-2.775236526412776,999.0000220766515
227.8257544259019,-1.3877067644663044,20.191642211035997,-2.777827064098513,-2.775799066518724,999.0000220761959
227.817893677384,-1.3939571204657593,20.189486565697262,-2.7779058790347073,-2.776361967780019,999.0000220757395
227.81002803506138,-1.4002001178855956,20.187329654179283,-2.7779843163212354,-2.776925230419786,999.0000220752822
227.8021577582228,-1.4064361484665615,20.185171476482058,-2.7780623757535983,-2.77748885466876,999.0000220748238
227.79428310773037,-1.4126656063281329,20.18301203260559,-2.7781400571196846,-2.7780528407651732,999.0000220743649
227.786404345904,-1.4188888877940027,20.18085132254988,-2.7782173601999105,-2.778617188954647,999.0000220739048
227.77852173640463,-1.4251063912159272,20.17868934631494,-2.778294284767312,-2.779181899490079,999.0000220734444
227.77063554411637,-1.4313185167959301,20.17652610390076,-2.778370830587642,-2.7797469726315143,999.0000220729831
227.76274603502785,-1.4375256664069904,20.17436159530734,-2.7784469974195125,-2.780312408646027,999.0000220725212
227.75485347611246,-1.4437282434122785,20.172195820534686,-2.778522785014509,-2.780878207807596,999.0000220720583
227.74695813520756,-1.4499266524829906,20.1700287795828,-2.7785981931173023,-2.781444370396957,999.0000220715953
227.7390602808931,-1.4561212994149149,20.16786047245169,-2.7786732214658065,-2.782010896701489,999.0000220711311
227.73116018236925,-1.4623125909437438,20.165690899141342,-2.778747869791274,-2.7825777870150517,999.000022070667
227.7232581093333,-1.4685009345592754,20.16352005965177,-2.778822137818485,-2.783145041637857,999.0000220702021
227.71535433185596,-1.4746867383185556,20.161347953982965,-2.7788960252658383,-2.78371266087631,999.0000220697368
227.7074491202568,-1.4808704106580277,20.159174582134945,-2.7789695318455254,-2.784280645042863,999.0000220692712
227.69954274497945,-1.4870523602048338,20.1569999441077,-2.779042657263679,-2.7848489944558596,999.0000220688047
227.69163547646593,-1.4932329955872852,20.15482403990123,-2.779115401220526,-2.785417709439373,999.0000220683382
227.6837275850308,-1.4994127252446372,20.15264686951554,-2.7791877634105333,-2.785986790323039,999.0000220678714
227.6758193407345,-1.5055919572362504,20.15046843295063,-2.779259743522579,-2.786556237441903,999.0000220674049
227.667911013257,-1.5117710990501936,20.148288730206513,-2.779331341240127,-2.7871260511362292,999.0000220669377
227.66000287177044,-1.5179505574114458,20.146107761283176,-2.7794025562413682,-2.787696231751348,999.00002206647
227.65209518481197,-1.5241307380897093,20.143925526180613,-2.7794733881994236,-2.7882667796374654,999.0000220660021
227.6441882201564,-1.5303120457069936,20.141742024898853,-2.779543836782505,-2.7888376951494824,999.000022065535
227.63628224468857,-1.536494883545039,20.13955725743788,-2.779613901654087,-2.789408978646822,999.0000220650672
227.62837752427583,-1.5426796533526559,20.137371223797693,-2.779683582473106,-2.7899806304932304,999.0000220645996
227.62047432364048,-1.5488667551531168,20.1351839239783,-2.77975287889414,-2.7905526510565943,999.0000220641317
227.6125729062323,-1.5550565870516557,20.132995357979695,-2.779821790567578,-2.791125040708744,999.000022063664
227.60467353410127,-1.5612495450432025,20.130805525801893,-2.7798903171398486,-2.791697799825262,999.0000220631966
227.5967764677705,-1.5674460228204519,20.12861442744489,-2.779958458253602,-2.7922709287852796,999.0000220627289
227.58888196610937,-1.5736464115823219,20.126422062908684,-2.7800262135478797,-2.7928444279712736,999.0000220622617
227.58099028620703,-1.5798510998429751,20.124228432193274,-2.7800935826583566,-2.79341829776887,999.0000220617947
227.57310168324656,-1.586060473241426,20.122033535298666,-2.7801605652175274,-2.7939925385666253,999.0000220613279
227.5652164103792,-1.5922749143518966,20.119837372224865,-2.7802271608549174,-2.7945671507558307,999.000022060861
227.55733471859946,-1.5984948024949952,20.11763994297187,-2.7802933691972807,-2.7951421347302827,999.0000220603948
227.54945685662065,-1.6047205135498024,20.115441247539675,-2.7803591898688294,-2.795717490886086,999.0000220599288
227.54158307075124,-1.6109524197670206,20.113241285928286,-2.7804246224914433,-2.79629321962142,999.0000220594633
227.53371360477195,-1.6171908895832232,20.11104005813771,-2.7804896666848853,-2.796869321336332,999.0000220589981
227.52584869981348,-1.623436287436366,20.108837564167946,-2.7805543220670224,-2.7974457964325037,999.000022058533
227.5179885942354,-1.6296889735826314,20.10663380401899,-2.7806185882540446,-2.7980226453130435,999.0000220580689
227.51013352350583,-1.63594930391471,20.10442877769085,-2.7806824648607082,-2.79859986838224,999.000022057605
227.50228372008223,-1.6422176297816482,20.102222485183514,-2.7807459515005424,-2.7991774660453514,999.0000220571415
227.49443941329315,-1.6484942978103299,20.100014926497003,-2.780809047786076,-2.7997554387083667,999.0000220566791
227.48660082922146,-1.6547796497287324,20.097806101631306,-2.7808717533291003,-2.8003337867777756,999.000022056217
227.4787681905883,-1.661074022191046,20.095596010586426,-2.780934067740865,-2.8009125106603365,999.0000220557552
227.47094171663898,-1.6673777466047444,20.09338465336237,-2.7809959906323316,-2.801491610762839,999.0000220552944
227.46312162302965,-1.6736911489597563,20.091172029959125,-2.7810575216144224,-2.802071087491874,999.0000220548343
227.45530812171583,-1.6800145496597825,20.08895814037671,-2.781118660298227,-2.802650941253583,999.0000220543748
227.4475014208423,-1.6863482633559224,20.086742984615118,-2.7811794062952733,-2.803231172453435,999.0000220539159
227.43970172463452,-1.6926925987826795,20.084526562674345,-2.781239759217761,-2.8038117814959733,999.0000220534581
227.43190923329183,-1.6990478585964446,20.082308874554403,-2.781299718678792,-2.8043927687845787,999.000022053001
227.42412414288225,-1.705414339216598,20.080089920255286,-2.7813592842926247,-2.8049741347212285,999.0000220525445
227.41634664523917,-1.7117923306692833,20.077869699776986,-2.781418455674932,-2.805555879706252,999.0000220520891
227.4085769278599,-1.7181821164340016,20.07564821311953,-2.781477232443024,-2.80613800413808,999.0000220516342
227.40081517380597,-1.7245839732931127,20.073425460282895,-2.781535614216115,-2.8067205084130156,999.0000220511807
227.39306156160558,-1.7309981711843156,20.07120144126709,-2.7815936006155595,-2.8073033929249704,999.0000220507277
227.38531626515822,-1.7374249730562743,20.068976156072118,-2.781651191265112,-2.8078866580652297,999.0000220502757
227.37757945364112,-1.7438646347274118,20.06674960469798,-2.781708385791168,-2.808470304222205,999.0000220498246
