galstreams/tracks/track.st.Cetus-Palca.thomas2021.ecsv
# %ECSV 1.0
# ---
# datatype:
# - {name: ra, unit: deg, datatype: float64}
# - {name: dec, unit: deg, datatype: float64}
# - {name: distance, unit: kpc, datatype: float64}
# - {name: pm_ra_cosdec, unit: mas / yr, datatype: float64}
# - {name: pm_dec, unit: mas / yr, datatype: float64}
# - {name: radial_velocity, unit: km / s, datatype: float64}
# delimiter: ','
# meta: !!omap
# - __serialized_columns__:
#     dec:
#       __class__: astropy.coordinates.angles.Latitude
#       unit: &id001 !astropy.units.Unit {unit: deg}
#       value: !astropy.table.SerializedColumn {name: dec}
#     distance:
#       __class__: astropy.coordinates.distances.Distance
#       unit: !astropy.units.Unit {unit: kpc}
#       value: !astropy.table.SerializedColumn {name: distance}
#     pm_dec:
#       __class__: astropy.units.quantity.Quantity
#       unit: !astropy.units.Unit {unit: mas / yr}
#       value: !astropy.table.SerializedColumn {name: pm_dec}
#     pm_ra_cosdec:
#       __class__: astropy.units.quantity.Quantity
#       unit: !astropy.units.Unit {unit: mas / yr}
#       value: !astropy.table.SerializedColumn {name: pm_ra_cosdec}
#     ra:
#       __class__: astropy.coordinates.angles.Longitude
#       unit: *id001
#       value: !astropy.table.SerializedColumn {name: ra}
#       wrap_angle: !astropy.coordinates.Angle
#         unit: *id001
#         value: 360.0
#     radial_velocity:
#       __class__: astropy.units.quantity.Quantity
#       unit: !astropy.units.Unit {unit: km / s}
#       value: !astropy.table.SerializedColumn {name: radial_velocity}
# schema: astropy-2.0
ra,dec,distance,pm_ra_cosdec,pm_dec,radial_velocity
[from data line 2316]
18.697429709163334,7.688940398218332,31.5726375853029,0.7113323196119178,-0.374350052269509,1.3683746586042549e-14
18.699768255843058,7.67946259340352,31.574180433677906,0.7113211779859068,-0.3745307343374327,1.1578554803574466e-14
18.702106720393857,7.669984852640816,31.57572278274957,0.711310058448211,-0.37471132561303017,-1.1578554803574466e-14
18.704445102890443,7.6605071758904755,31.57726463260086,0.7112989610037754,-0.37489182610889343,4.210383564936169e-15
18.706783403407496,7.651029563112757,31.578805983314684,0.7112878856575435,-0.3750722358376129,6.315575347404253e-15
18.7091216220197,7.641552014267936,31.580346834974044,0.7112768324144525,-0.3752525548117769,2.1051917824680845e-15
18.71145975880172,7.632074529316293,31.58188718766187,0.7112658012794368,-0.37543278304397243,1.2631150694808506e-14
18.713797813828215,7.622597108218095,31.583427041461125,0.7112547922574275,-0.37561292054678547,1.1578554803574466e-14
18.71613578717383,7.61311975093363,31.584966396454735,0.7112438053533515,-0.37579296733280004,2.8420089063319142e-14
18.71847367891319,7.603642457423222,31.58650525272569,0.7112328405721319,-0.3759729234145989,9.47336302110638e-15
18.720811489120933,7.594165227647129,31.588043610356916,0.711221897918688,-0.3761527888047634,9.47336302110638e-15
18.72314921787167,7.584688061565697,31.589581469431383,0.7112109773979347,-0.3763325635158733,1.1578554803574466e-14
18.725486865239986,7.575210959139209,31.59111883003203,0.7112000790147848,-0.37651224756050655,2.5262301389617013e-14
18.72782443130049,7.565733920328004,31.59265569224182,0.7111892027741453,-0.3766918409512403,7.368171238638296e-15
18.73016191612774,7.55625694509238,31.594192056143697,0.7111783486809211,-0.37687134370064973,1.7894130150978717e-14
18.732499319796325,7.546780033392704,31.59572792182062,0.7111675167400118,-0.37705075582130837,1.3683746586042549e-14
18.73483664238079,7.537303185189288,31.59726328935555,0.7111567069563142,-0.3772300773257889,1.0525958912340423e-14
18.737173883955673,7.527826400442493,31.59879815883143,0.711145919334721,-0.3774093082266622,4.210383564936169e-15
18.739511044595528,7.518349679112646,31.600332530331194,0.7111351538801218,-0.37758844853649776,2.6314897280851057e-14
18.741848124374854,7.508873021160127,31.60186640393783,0.7111244105974008,-0.3777674982678627,7.368171238638296e-15
18.744185123368194,7.499396426545283,31.603399779734268,0.7111136894914402,-0.3779464574333243,2.315710960714893e-14
18.746522041650014,7.4899198952284864,31.604932657803474,0.7111029905671166,-0.3781253260454468,0.0
18.74885887929483,7.480443427170114,31.606465038228393,0.7110923138293047,-0.3783041041167939,1.0525958912340423e-15
18.751195636377112,7.470967022330546,31.60799692109198,0.7110816592828739,-0.37848279165992765,1.473634247727659e-14
18.753532312971327,7.461490680670156,31.609528306477188,0.7110710269326905,-0.3786613886874083,1.1578554803574466e-14
18.75586890915194,7.452014402149361,31.611059194466968,0.7110604167836172,-0.3788398952117946,9.47336302110638e-15
18.758205424993385,7.442538186728546,31.612589585144278,0.7110498288405124,-0.3790183112456443,-5.2629794561702115e-15
18.760541860570115,7.43306203436812,31.614119478592055,0.711039263108231,-0.37919663680151344,1.3683746586042549e-14
18.76287821595654,7.423585945028501,31.615648874893278,0.7110287195916235,-0.37937487189195634,8.420767129872338e-15
18.765214491227074,7.41410991867009,31.61717777413088,0.7110181982955383,-0.3795530165295259,1.894672604221276e-14
18.76755068645613,7.404633955253319,31.61870617638783,0.7110076992248174,-0.37973107072677337,1.0525958912340423e-15
18.769886801718098,7.395158054738624,31.62023408174705,0.710997222384302,-0.37990903449624935,6.315575347404253e-15
18.772222837087355,7.385682217086448,31.62176149029153,0.7109867677788266,-0.38008690785050214,1.7894130150978717e-14
18.77455879263827,7.37620644225721,31.623288402104198,0.7109763354132239,-0.3802646908020785,8.420767129872338e-15
18.776894668445212,7.366730730211384,31.624814817268017,0.7109659252923225,-0.38044238336352426,1.9999321933446802e-14
18.779230464582525,7.357255080909414,31.62634073586595,0.7109555374209462,-0.3806199855473831,1.2631150694808506e-14
18.781566181124546,7.347779494311755,31.627866157980925,0.7109451718039159,-0.38079749736619806,1.0525958912340423e-15
18.783901818145605,7.33830397037889,31.629391083695904,0.7109348284460489,-0.3809749188325095,1.3683746586042549e-14
18.786237375720024,7.328828509071282,31.630915513093854,0.7109245073521583,-0.38115224995885755,2.947268495455318e-14
18.78857285392209,7.3193531103494145,31.63243944625772,0.7109142085270526,-0.38132949075777994,9.47336302110638e-15
18.790908252826117,7.309877774173782,31.63396288327044,0.7109039319755388,-0.3815066412418135,1.6841534259744676e-14
18.79324357250639,7.300402500504861,31.63548582421499,0.7108936777024173,-0.3816837014234929,1.2631150694808506e-14
18.795578813037178,7.290927289303163,31.637008269174306,0.7108834457124871,-0.3818606713153519,1.2631150694808506e-14
18.797913974492744,7.281452140529193,31.638530218231352,0.7108732360105413,-0.38203755092992236,1.1578554803574466e-14
18.800249056947337,7.271977054143451,31.640051671469074,0.7108630486013714,-0.38221434027973517,1.6841534259744676e-14
18.802584060475212,7.262502030106469,31.64157262897043,0.7108528834897635,-0.3823910393773195,1.9999321933446802e-14
18.804918985150593,7.253027068378765,31.643093090818375,0.7108427406805004,-0.38256764823520223,1.473634247727659e-14
18.807253831047696,7.24355216892087,31.644613057095835,0.7108326201783615,-0.3827441668659102,1.0525958912340423e-14
18.809588598240744,7.2340773316933245,31.646132527885804,0.7108225219881217,-0.3829205952819675,1.6841534259744676e-14
18.81192328680392,7.224602556656657,31.647651503271213,0.7108124461145523,-0.3830969334958972,8.420767129872338e-15
18.81425789681144,7.215127843771436,31.649169983335018,0.7108023925624217,-0.3832731815202211,5.2629794561702115e-15
18.81659242833746,7.2056531929982075,31.650687968160163,0.7107923613364934,-0.38344933936745906,1.6841534259744676e-14
18.818926881456164,7.196178604297534,31.652205457829616,0.7107823524415272,-0.38362540705012976,1.9999321933446802e-14
18.821261256241698,7.1867040776299795,31.653722452426315,0.7107723658822798,-0.3838013845807501,-2.1051917824680845e-15
18.823595552768218,7.177229612956128,31.65523895203323,0.7107624016635036,-0.38397727197183606,1.3683746586042549e-14
18.82592977110986,7.167755210236549,31.65675495673329,0.7107524597899479,-0.3841530692359015,1.6841534259744676e-14
18.82826391134074,7.158280869431842,31.658270466609473,0.7107425402663569,-0.3843287763854584,7.368171238638296e-15
18.830597973535,7.148806590502593,31.659785481744727,0.7107326430974722,-0.38450439343301823,3.1577876737021266e-15
18.832931957766714,7.139332373409398,31.661300002222,0.7107227682880307,-0.38467992039109083,-7.368171238638296e-15
18.835265864110006,7.1298582181128625,31.662814028124238,0.710712915842767,-0.38485535727218395,8.420767129872338e-15
18.837599692638946,7.120384124573615,31.6643275595344,0.7107030857664102,-0.3850307040888039,-1.0525958912340423e-15
18.839933443427615,7.110910092752251,31.66584059653544,0.7106932780636867,-0.38520596085345626,9.47336302110638e-15
18.842267116550072,7.101436122609425,31.667353139210313,0.7106834927393183,-0.38538112757864385,-7.368171238638296e-15
18.84460071208039,7.091962214105726,31.66886518764196,0.7106737297980245,-0.38555620427686926,1.0525958912340423e-14
18.846934230092586,7.0824883672018295,31.670376741913348,0.7106639892445189,-0.3857311909606327,0.0
18.849267670660712,7.0730145818583585,31.671887802107424,0.7106542710835132,-0.38590608764243356,1.473634247727659e-14
18.85160103385879,7.063540858035973,31.67339836830714,0.7106445753197141,-0.38608089433476883,6.315575347404253e-15
18.853934319760825,7.054067195695323,31.674908440595452,0.7106349019578253,-0.38625561105013473,1.7894130150978717e-14
18.856267528440824,7.044593594797078,31.676418019055316,0.7106252510025458,-0.38643023780102553,1.2631150694808506e-14
18.858600659972787,7.035120055301897,31.677927103769665,0.7106156224585725,-0.38660477459993453,2.2104513715914887e-14
18.860933714430693,7.025646577170467,31.67943569482148,0.7106060163305962,-0.3867792214593529,1.894672604221276e-14
18.863266691888505,7.016173160363461,31.6809437922937,0.7105964326233059,-0.3869535783917707,-3.1577876737021266e-15
18.865599592420196,7.00669980484157,31.682451396269276,0.7105868713413859,-0.38712784540967643,6.315575347404253e-15
18.867932416099723,6.997226510565492,31.68395850683116,0.7105773324895169,-0.38730202252555695,1.1578554803574466e-14
18.87026516300102,6.987753277495917,31.68546512406231,0.7105678160723757,-0.3874761097518976,1.6841534259744676e-14
18.872597833198018,6.978280105593566,31.686971248045676,0.7105583220946357,-0.3876501071011823,1.7894130150978717e-14
18.874930426764646,6.96880699481914,31.688476878864215,0.7105488505609658,-0.3878240145858936,6.315575347404253e-15
18.877262943774806,6.959333945133373,31.689982016600883,0.710539401476032,-0.3879978322185122,1.1578554803574466e-14
18.87959538430241,6.949860956496978,31.69148666133862,0.7105299748444958,-0.3881715600115171,2.1051917824680845e-15
18.881927748421344,6.940388028870689,31.69299081316038,0.7105205706710154,-0.38834519797738704,1.1578554803574466e-14
18.884260036205497,6.9309151622152525,31.694494472149128,0.710511188960245,-0.38851874612859766,4.210383564936169e-15
18.886592247728736,6.921442356491406,31.695997638387812,0.7105018297168348,-0.388692204477624,5.2629794561702115e-15
18.888924383064914,6.911969611659914,31.69750031195938,0.7104924929454318,-0.38886557303693914,1.0525958912340423e-14
18.891256442287897,6.902496927681516,31.69900249294679,0.7104831786506788,-0.3890388518190153,8.420767129872338e-15
18.89358842547152,6.893024304516988,31.700504181432986,0.7104738868372149,-0.38921204083632255,-4.210383564936169e-15
18.895920332689617,6.88355174212709,31.702005377500942,0.7104646175096755,-0.3893851401013292,8.420767129872338e-15
18.89825216401601,6.874079240472627,31.703506081233588,0.7104553706726922,-0.38955814962650315,8.420767129872338e-15
18.90058391952451,6.8646067995143385,31.705006292713882,0.7104461463308925,-0.3897310694243098,1.5788938368510635e-14
18.902915599288928,6.85513441921306,31.70650601202479,0.7104369444889008,-0.38990389950721355,1.894672604221276e-14
18.90524720338304,6.845662099529552,31.708005239249246,0.7104277651513371,-0.3900766398876767,2.2104513715914887e-14
18.90757873188063,6.836189840424642,31.709503974470216,0.7104186083228179,-0.3902492905781606,1.0525958912340423e-15
18.90991018485549,6.826717641859122,31.71100221777065,0.7104094740079561,-0.39042185159112514,1.473634247727659e-14
18.91224156238136,6.817245503793817,31.7124999692335,0.71040036221136,-0.390594322939028,1.2631150694808506e-14
18.914572864532005,6.807773426189543,31.71399722894172,0.7103912729376353,-0.39076670463432606,2.1051917824680845e-15
18.916904091381173,6.7983014090071325,31.715493996978257,0.7103822061913833,-0.3909389966894743,2.2104513715914887e-14
18.919235243002586,6.788829452207422,31.716990273426077,0.7103731619772017,-0.3911111991169265,1.894672604221276e-14
18.921566319469964,6.779357555751241,31.718486058368118,0.7103641402996836,-0.39128331192913435,1.0525958912340423e-14
18.923897320857044,6.769885719599453,31.71998135188734,0.7103551411634195,-0.39145533513854847,1.5788938368510635e-14
18.9262282472375,6.760413943712899,31.7214761540667,0.710346164572996,-0.391627268757618,-1.0525958912340423e-15
18.928559098685053,6.75094222805244,31.722970464989135,0.7103372105329955,-0.39179911279879054,3.1577876737021266e-15
18.930889875273373,6.741470572578962,31.724464284737614,0.7103282790479963,-0.39197086727451164,2.7367493172085098e-14
18.93322057707613,6.731998977253318,31.72595761339509,0.7103193701225732,-0.3921425321972259,1.9999321933446802e-14
18.935551204167,6.7225274420363865,31.727450451044515,0.710310483761298,-0.39231410757937596,0.0
18.937881756619642,6.713055966889069,31.728942797768823,0.7103016199687378,-0.39248559343340383,2.1051917824680845e-15
18.94021223450769,6.703584551772241,31.73043465365099,0.7102927787494561,-0.39265698977174884,7.368171238638296e-15
18.942542637904786,6.694113196646817,31.73192601877396,0.7102839601080129,-0.3928282966068494,1.3683746586042549e-14
18.944872966884557,6.684641901473691,31.73341689322069,0.7102751640489643,-0.3929995139511424,-1.3683746586042549e-14
18.94720322152063,6.675170666213778,31.734907277074115,0.710266390576862,-0.39317064181706324,1.0525958912340423e-14
18.949533401886594,6.665699490827983,31.736397170417217,0.7102576396962558,-0.39334168021704535,3.0525280845787224e-14
18.95186350805605,6.656228375277267,31.737886573332926,0.7102489114116892,-0.3935126291635211,8.420767129872338e-15
18.954193540102597,6.646757319522526,31.739375485904212,0.7102402057277035,-0.39368348866892106,4.210383564936169e-15
18.95652349809981,6.637286323524708,31.740863908214006,0.7102315226488365,-0.3938542587456745,1.1578554803574466e-14
18.95885338212125,6.627815387244765,31.74235184034528,0.7102228621796212,-0.39402493940620914,8.420767129872338e-15
18.961183192240497,6.6183445106436425,31.743839282380982,0.7102142243245871,-0.3941955306629507,-8.420767129872338e-15
18.96351292853108,6.608873693682287,31.745326234404057,0.7102056090882606,-0.3943660325283245,1.5788938368510635e-14
18.965842591066547,6.599402936321676,31.746812696497468,0.7101970164751633,-0.39453644501475277,-1.0525958912340423e-15
18.96817217992043,6.589932238522772,31.74829866874417,0.7101884464898137,-0.39470676813465716,0.0
18.970501695166256,6.580461600246555,31.749784151227104,0.7101798991367266,-0.394877001900458,6.315575347404253e-15
18.97283113687754,6.570991021454003,31.751269144029227,0.7101713744204129,-0.39504714632457366,1.9999321933446802e-14
18.975160505127768,6.561520502106101,31.752753647233494,0.7101628723453796,-0.3952172014194209,1.473634247727659e-14
18.977489799990444,6.552050042163867,31.75423766092285,0.7101543929161294,-0.39538716719741523,1.9999321933446802e-14
18.979819021539058,6.5425796415882775,31.75572118518027,0.7101459361371621,-0.3955570436709702,4.210383564936169e-15
18.982148169847076,6.5331093003403575,31.7572042200887,0.7101375020129737,-0.3957268308524983,2.6314897280851057e-14
18.98447724498796,6.523639018381121,31.758686765731063,0.7101290905480563,-0.39589652875441056,4.210383564936169e-15
18.98680624703519,6.514168795671573,31.76016882219034,0.7101207017468978,-0.396066137389116,1.2631150694808506e-14
18.989135176062188,6.504698632172753,31.761650389549477,0.7101123356139827,-0.3962356567690224,2.315710960714893e-14
18.991464032142403,6.495228527845707,31.763131467891437,0.7101039921537915,-0.39640508690653564,2.2104513715914887e-14
18.99379281534925,6.485758482651462,31.764612057299157,0.7100956713708015,-0.39657442781406066,3.1577876737021266e-15
18.996121525756173,6.47628849655106,31.7660921578556,0.7100873732694852,-0.3967436795040005,8.420767129872338e-15
18.998450163436562,6.466818569505572,31.767571769643705,0.7100790978543129,-0.3969128419887567,1.7894130150978717e-14
19.00077872846383,6.457348701476039,31.76905089274644,0.7100708451297494,-0.3970819152807295,2.8420089063319142e-14
19.003107220911357,6.447878892423563,31.770529527246758,0.7100626151002567,-0.39725089939231684,1.3683746586042549e-14
19.005435640852532,6.438409142309171,31.772007673227606,0.710054407770293,-0.39741979433591623,6.315575347404253e-15
19.007763988360725,6.428939451093972,31.773485330771933,0.7100462231443122,-0.3975886001239227,3.1577876737021266e-15
19.010092263509307,6.419469818739049,31.774962499962697,0.7100380612267659,-0.3977573167687305,1.473634247727659e-14
19.01242046637163,6.4100002452055,31.776439180882868,0.7100299220220995,-0.39792594428273137,2.6314897280851057e-14
