galstreams/tracks/track.st.Gaia-6.ibata2021.ecsv
# %ECSV 0.9
# ---
# datatype:
# - {name: ra, unit: deg, datatype: float64}
# - {name: dec, unit: deg, datatype: float64}
# - {name: distance, unit: kpc, datatype: float64}
# - {name: pm_ra_cosdec, unit: mas / yr, datatype: float64}
# - {name: pm_dec, unit: mas / yr, datatype: float64}
# - {name: radial_velocity, unit: km / s, datatype: float64}
# delimiter: ','
# meta: !!omap
# - __serialized_columns__:
#     dec:
#       __class__: astropy.coordinates.angles.Latitude
#       unit: &id001 !astropy.units.Unit {unit: deg}
#       value: !astropy.table.SerializedColumn {name: dec}
#     distance:
#       __class__: astropy.coordinates.distances.Distance
#       unit: !astropy.units.Unit {unit: kpc}
#       value: !astropy.table.SerializedColumn {name: distance}
#     pm_dec:
#       __class__: astropy.units.quantity.Quantity
#       unit: !astropy.units.Unit {unit: mas / yr}
#       value: !astropy.table.SerializedColumn {name: pm_dec}
#     pm_ra_cosdec:
#       __class__: astropy.units.quantity.Quantity
#       unit: !astropy.units.Unit {unit: mas / yr}
#       value: !astropy.table.SerializedColumn {name: pm_ra_cosdec}
#     ra:
#       __class__: astropy.coordinates.angles.Longitude
#       unit: *id001
#       value: !astropy.table.SerializedColumn {name: ra}
#       wrap_angle: !astropy.coordinates.Angle
#         unit: *id001
#         value: 360.0
#     radial_velocity:
#       __class__: astropy.units.quantity.Quantity
#       unit: !astropy.units.Unit {unit: km / s}
#       value: !astropy.table.SerializedColumn {name: radial_velocity}
# schema: astropy-2.0
ra,dec,distance,pm_ra_cosdec,pm_dec,radial_velocity
[from data line 417]
208.3492747151884,28.268028488386744,8.101417401653649,-8.60885256730608,-9.496474649576879,3.705137537143829e-13
208.35777252665252,28.27466544777915,8.100871665471372,-8.608178067082992,-9.49432247606014,1.6841534259744677e-13
208.366270656666,28.281302575819424,8.10032814219418,-8.607505247498779,-9.492169510359748,1.6841534259744677e-13
208.37476910683193,28.287939871275317,8.099786831236742,-8.606834104782703,-9.490015752342533,3.3683068519489354e-13
208.38326787875363,28.29457733291441,8.099247732013731,-8.606164635163967,-9.487861201876086,1.6841534259744677e-13
208.3917669740343,28.30121495950392,8.098710843939823,-8.605496834871728,-9.485705858828819,1.6841534259744677e-13
208.40026639427734,28.307852749810785,8.09817616642969,-8.6048307001351,-9.483549723069924,6.73661370389787e-14
208.408766141086,28.314490702601596,8.097643698898006,-8.604166227183143,-9.481392794469391,2.3578147963642546e-13
208.41726621606387,28.321128816642734,8.097113440759443,-8.603503412244878,-9.479235072898,1.347322740779574e-13
208.42576662081424,28.327767090700092,8.096585391428677,-8.602842251549266,-9.477076558227344,2.020984111169361e-13
208.43426735694067,28.334405523539445,8.096059550320378,-8.60218274132523,-9.474917250329792,2.020984111169361e-13
208.44276842604668,28.341044113926163,8.095535916849219,-8.601524877801639,-9.472757149078532,2.020984111169361e-13
208.4512698297359,28.347682860625344,8.095014490429877,-8.600868657207318,-9.47059625434753,2.020984111169361e-13
208.459771569612,28.354321762401767,8.094495270477022,-8.600214075771046,-9.468434566011561,2.3578147963642546e-13
208.46827364727864,28.36096081801995,8.09397825640533,-8.599561129721547,-9.466272083946192,3.031476166754042e-13
208.47677606433948,28.367600026243988,8.093463447629475,-8.598909815287497,-9.464108808027799,2.3578147963642546e-13
208.48527882239836,28.37423938583777,8.092950843564124,-8.598260128697532,-9.461944738133559,2.020984111169361e-13
208.4937819230591,28.380878895564866,8.092440443623953,-8.597612066180236,-9.45977987414144,6.73661370389787e-14
208.50228536792548,28.387518554188514,8.091932247223642,-8.596965623964135,-9.457614215930214,2.694645481559148e-13
208.51078915860154,28.39415836047166,8.091426253777854,-8.59632079827773,-9.45544776337946,1.6841534259744677e-13
208.5192932966912,28.400798313176978,8.090922462701272,-8.59567758534945,-9.45328051636955,2.3578147963642546e-13
208.52779778379835,28.40743841106671,8.090420873408563,-8.595035981407683,-9.451112474781679,3.031476166754042e-13
208.53630262152717,28.414078652902916,8.089921485314402,-8.594395982680773,-9.44894363849782,1.1789073981821273e-13
208.54480781148163,28.420719037447306,8.089424297833462,-8.59375758539701,-9.44677400740077,1.515738083377021e-13
208.55331335526597,28.427359563461277,8.088929310380417,-8.593120785784647,-9.444603581374121,2.694645481559148e-13
208.56181925448433,28.434000229705973,8.088436522369939,-8.59248558007187,-9.442432360302266,2.8630608241565947e-13
208.5703255107409,28.440641034942097,8.087945933216703,-8.591851964486828,-9.440260344070424,2.1893994537668078e-13
208.57883212563993,28.447281977930157,8.087457542335382,-8.59121993525762,-9.4380875325646,2.694645481559148e-13
208.58733910078578,28.453923057430316,8.08697134914065,-8.590589488612297,-9.435913925671617,3.536722194546382e-13
208.5958464377828,28.460564272202454,8.086487353047177,-8.589960620778864,-9.433739523279101,2.5262301389617017e-13
208.60435413823535,28.467205621006098,8.086005553469638,-8.589333327985265,-9.431564325275492,2.8630608241565947e-13
208.61286220374794,28.473847102600537,8.085525949822706,-8.588707606459408,-9.429388331550026,2.1893994537668078e-13
208.62137063592496,28.480488715744617,8.08504854152106,-8.588083452429144,-9.427211541992754,2.3578147963642546e-13
208.629879436371,28.487130459197,8.084573327979367,-8.587460862122283,-9.42503395649456,1.8525687685719145e-13
208.6383886066906,28.493772331715988,8.084100308612298,-8.586839831766582,-9.422855574947109,1.1789073981821273e-13
208.64689814848836,28.50041433205959,8.083629482834532,-8.586220357589742,-9.420676397242886,1.6841534259744677e-13
208.65540806336898,28.507056458985492,8.083160850060741,-8.585602435819421,-9.418496423275188,2.8630608241565947e-13
208.6639183529372,28.513698711251102,8.082694409705594,-8.584986062683246,-9.41631565293813,2.5262301389617017e-13
208.6724290187977,28.520341087613428,8.082230161183771,-8.584371234408755,-9.41413408612663,1.515738083377021e-13
208.68094006255524,28.526983586829246,8.081768103909942,-8.583757947223468,-9.411951722736436,2.020984111169361e-13
208.68945148581471,28.533626207655008,8.08130823729878,-8.58314619735485,-9.409768562664095,2.3578147963642546e-13
208.69796329018098,28.540268948846855,8.08085056076496,-8.582535981030306,-9.407584605806967,1.0104920555846805e-13
208.7064754772589,28.54691180916059,8.080395073723153,-8.581927294477204,-9.405399852063248,2.694645481559148e-13
208.71498804865357,28.55355478735179,8.079941775588033,-8.581320133922864,-9.403214301331918,1.1789073981821273e-13
208.72350100596984,28.560197882175547,8.079490665774275,-8.580714495594536,-9.401027953512806,2.5262301389617017e-13
208.73201435081285,28.56684109238681,8.07904174369655,-8.58011037571945,-9.398840808506545,2.1893994537668078e-13
208.7405280847876,28.57348441674014,8.078595008769533,-8.579507770524758,-9.396652866214577,3.031476166754042e-13
208.74904220949932,28.580127853989797,8.078150460407894,-8.578906676237589,-9.394464126539175,2.694645481559148e-13
208.7575567265531,28.586771402889745,8.077708098026314,-8.578307089084996,-9.392274589383417,2.1893994537668078e-13
208.76607163755426,28.593415062193646,8.077267921039455,-8.577709005294015,-9.390084254651226,2.3578147963642546e-13
208.77458694410794,28.600058830654742,8.076829928862004,-8.577112421091588,-9.387893122247313,2.3578147963642546e-13
208.7831026478195,28.606702707026088,8.07639412090862,-8.576517332704654,-9.385701192077239,2.5262301389617017e-13
208.79161875029422,28.61334669006039,8.075960496593986,-8.575923736360068,-9.383508464047367,2.5262301389617017e-13
208.80013525313754,28.619990778510015,8.075529055332773,-8.575331628284651,-9.38131493806489,2.694645481559148e-13
208.80865215795487,28.626634971127046,8.075099796539654,-8.574741004705174,-9.379120614037818,2.3578147963642546e-13
208.81716946635171,28.633279266663262,8.0746727196293,-8.574151861848357,-9.376925491874989,2.694645481559148e-13
208.8256871799335,28.639923663870043,8.074247824016387,-8.573564195940865,-9.37472957148607,1.515738083377021e-13
208.8342053003058,28.64656816149855,8.073825109115589,-8.572978003209311,-9.372532852781543,2.8630608241565947e-13
208.84272382907417,28.65321275829958,8.073404574341577,-8.572393279880274,-9.37033533567272,2.3578147963642546e-13
208.85124276784435,28.65985745302364,8.072986219109026,-8.571810022180264,-9.368137020071726,2.5262301389617017e-13
208.8597621182219,28.666502244420936,8.072570042832607,-8.57122822633575,-9.365937905891535,2.1893994537668078e-13
208.86828188181263,28.67314713124134,8.072156044926995,-8.57064788857316,-9.363737993045934,3.536722194546382e-13
208.87680206022222,28.679792112234352,8.071744224806865,-8.57006900511885,-9.361537281449536,1.6841534259744677e-13
208.88532265505646,28.68643718614923,8.071334581886887,-8.56949157219914,-9.35933577101779,1.6841534259744677e-13
208.89384366792117,28.693082351734905,8.070927115581737,-8.568915586040303,-9.357133461666967,2.1893994537668078e-13
208.9023651004223,28.699727607739984,8.070521825306086,-8.56834104286855,-9.354930353314165,1.8525687685719145e-13
208.91088695416573,28.706372952912798,8.07011871047461,-8.567767938910054,-9.35272644587732,2.1893994537668078e-13
208.9194092307574,28.713018386001227,8.06971777050198,-8.567196270390925,-9.350521739275194,2.3578147963642546e-13
208.9279319318033,28.719663905752977,8.069319004802868,-8.566626033537238,-9.348316233427386,1.6841534259744677e-13
208.93645505890947,28.726309510915396,8.068922412791952,-8.566057224574994,-9.346109928254315,2.020984111169361e-13
208.94497861368203,28.732955200235494,8.068527993883901,-8.565489839730173,-9.343902823677242,2.1893994537668078e-13
208.953502597727,28.739600972460003,8.068135747493388,-8.564923875228684,-9.341694919618256,1.347322740779574e-13
208.9620270126507,28.746246826335323,8.067745673035093,-8.56435932729639,-9.339486216000275,1.515738083377021e-13
208.97055186005912,28.752892760607466,8.067357769923682,-8.563796192159103,-9.337276712747071,2.5262301389617017e-13
208.97907714155863,28.75953877402222,8.06697203757383,-8.56323446604259,-9.33506640978323,1.0104920555846805e-13
208.98760285875548,28.76618486532503,8.066588475400213,-8.56267414517256,-9.332855307034183,1.6841534259744677e-13
208.99612901325594,28.772831033261003,8.0662070828175,-8.562115225774674,-9.33064340442619,2.3578147963642546e-13
209.0046556066664,28.77947727657495,8.06582785924037,-8.561557704074547,-9.328430701886358,2.020984111169361e-13
209.0131826405933,28.786123594011393,8.065450804083492,-8.561001576297732,-9.326217199342619,2.5262301389617017e-13
209.02171011664296,28.792769984314422,8.06507591676154,-8.560446838669742,-9.324002896723751,1.8525687685719145e-13
209.03023803642193,28.799416446227927,8.064703196689187,-8.559893487416034,-9.321787793959372,1.515738083377021e-13
209.0387664015367,28.80606297849541,8.064332643281107,-8.559341518762015,-9.319571890979933,1.515738083377021e-13
209.04729521359374,28.812709579860112,8.063964255951975,-8.558790928933036,-9.317355187716734,2.1893994537668078e-13
209.0558244741998,28.819356249064903,8.06359803411646,-8.558241714154411,-9.315137684101899,1.8525687685719145e-13
209.06435418496142,28.82600298485241,8.06323397718924,-8.557693870651395,-9.312919380068408,1.347322740779574e-13
209.07288434748517,28.832649785964783,8.062872084584985,-8.557147394649178,-9.310700275550081,3.031476166754042e-13
209.08141496337785,28.839296651144014,8.06251235571837,-8.556602282372918,-9.30848037048157,2.3578147963642546e-13
209.08994603424622,28.8459435791317,8.062154790004069,-8.556058530047716,-9.306259664798379,2.1893994537668078e-13
209.098477561697,28.85259056866915,8.06179938685675,-8.555516133898628,-9.30403815843686,1.6841534259744677e-13
209.10700954733701,28.859237618497314,8.061446145691097,-8.55497509015064,-9.30181585133419,2.1893994537668078e-13
209.1155419927732,28.865884727356892,8.06109506592177,-8.554435395028708,-9.299592743428406,1.515738083377021e-13
209.12407489961228,28.872531893988146,8.060746146963451,-8.553897044757717,-9.297368834658393,2.5262301389617017e-13
209.13260826946131,28.879179117131102,8.060399388230811,-8.553360035562521,-9.295144124963876,2.694645481559148e-13
209.1411421039272,28.885826395525466,8.060054789138528,-8.552824363667904,-9.292918614285417,2.694645481559148e-13
209.149676404617,28.8924737279106,8.059712349101268,-8.552290025298612,-9.290692302564446,2.5262301389617017e-13
209.1582111731377,28.899121113025554,8.059372067533705,-8.551757016679337,-9.288465189743231,3.031476166754042e-13
209.16674641109643,28.90576854960909,8.059033943850517,-8.551225334034719,-9.286237275764876,2.1893994537668078e-13
209.17528212010026,28.912416036399527,8.058697977466375,-8.550694973589325,-9.284008560573344,2.1893994537668078e-13
209.18381830175633,28.919063572134995,8.05836416779595,-8.550165931567712,-9.281779044113469,2.020984111169361e-13
209.19235495767185,28.925711155553234,8.058032514253918,-8.549638204194354,-9.279548726330898,2.020984111169361e-13
209.20089208945402,28.9323587853917,8.057703016254955,-8.549111787693679,-9.277317607172154,1.515738083377021e-13
209.20942969871015,28.939006460387503,8.057375673213725,-8.548586678290075,-9.275085686584603,2.020984111169361e-13
209.21796778704757,28.94565417927747,8.057050484544911,-8.548062872207868,-9.272852964516463,5.0524602779234026e-14
209.22650635607346,28.952301940797994,8.056727449663185,-8.547540365671324,-9.270619440916807,1.6841534259744677e-13
209.2350454073953,28.95894974368525,8.056406567983215,-8.547019154904676,-9.268385115735562,2.1893994537668078e-13
209.24358494262046,28.96559758667507,8.056087838919678,-8.5464992361321,-9.266149988923512,2.5262301389617017e-13
209.25212496335644,28.97224546850295,8.055771261887246,-8.545980605577702,-9.26391406043228,1.1789073981821273e-13
209.26066547121067,28.978893387904105,8.055456836300595,-8.545463259465567,-9.26167733021437,2.8630608241565947e-13
209.26920646779064,28.98554134361331,8.055144561574394,-8.5449471940197,-9.259439798223124,2.3578147963642546e-13
209.2777479547039,28.992189334365133,8.054834437123317,-8.544432405464072,-9.257201464412752,1.6841534259744677e-13
209.28628993355807,28.998837358893763,8.054526462362043,-8.543918890022587,-9.254962328738305,2.5262301389617017e-13
209.29483240596073,29.005485415933094,8.054220636705239,-8.543406643919113,-9.252722391155704,1.347322740779574e-13
209.30337537351954,29.012133504216674,8.05391695956758,-8.542895663377452,-9.250481651621731,3.031476166754042e-13
209.3119188378423,29.01878162247778,8.05361543036374,-8.542385944621369,-9.248240110094015,1.1789073981821273e-13
209.32046280053655,29.02542976944922,8.053316048508393,-8.54187748387456,-9.245997766531069,1.8525687685719145e-13
209.32900726321014,29.03207794386364,8.053018813416209,-8.541370277360674,-9.243754620892236,1.6841534259744677e-13
209.33755222747084,29.038726144453275,8.052723724501865,-8.54086432130331,-9.241510673137746,2.8630608241565947e-13
209.34609769492647,29.04537436995005,8.052430781180034,-8.540359611926025,-9.239265923228672,2.3578147963642546e-13
209.35464366718494,29.052022619085584,8.052139982865386,-8.539856145452301,-9.23702037112696,1.8525687685719145e-13
209.36319014585416,29.058670890591188,8.051851328972598,-8.539353918105592,-9.234774016795416,1.347322740779574e-13
209.37173713254194,29.06531918319773,8.051564818916342,-8.538852926109275,-9.232526860197716,1.6841534259744677e-13
209.38028462885632,29.07196749563587,8.051280452111289,-8.53835316568669,-9.23027890129839,2.1893994537668078e-13
209.38883263640528,29.078615826635925,8.050998227972118,-8.537854633061126,-9.22803014006284,1.8525687685719145e-13
209.39738115679688,29.085264174927854,8.050718145913494,-8.537357324455813,-9.225780576457339,2.694645481559148e-13
209.40593019163916,29.09191253924131,8.0504402053501,-8.536861236093927,-9.22353021044901,1.6841534259744677e-13
209.41447974254027,29.098560918305633,8.050164405696602,-8.5363663641986,-9.221279042005847,1.515738083377021e-13
209.42302981110822,29.10520931084976,8.049890746367673,-8.535872704992903,-9.219027071096743,2.020984111169361e-13
209.43158039895127,29.111857715602373,8.049619226777992,-8.535380254699852,-9.21677429769141,1.1789073981821273e-13
209.44013150767756,29.118506131291824,8.049349846342233,-8.534889009542416,-9.214520721760469,1.8525687685719145e-13
209.44868313889538,29.125154556646113,8.049082604475059,-8.534398965743526,-9.212266343275388,1.515738083377021e-13
209.45723529421292,29.13180299039293,8.048817500591152,-8.533910119526025,-9.210011162208517,1.347322740779574e-13
209.46578797523858,29.138451431259647,8.048554534105186,-8.533422467112736,-9.20775517853306,2.1893994537668078e-13
209.47434118358055,29.145099877973237,8.048293704431828,-8.532936004726404,-9.205498392223122,2.3578147963642546e-13
209.48289492084731,29.151748329260414,8.048035010985757,-8.532450728589748,-9.203240803253657,1.1789073981821273e-13
209.49144918864715,29.158396783847554,8.047778453181643,-8.531966634925407,-9.200982411600506,2.694645481559148e-13
209.50000398858856,29.165045240460696,8.04752403043416,-8.531483719955983,-9.198723217240364,1.8525687685719145e-13
209.50855932227998,29.171693697825535,8.04727174215798,-8.531001979904023,-9.196463220150822,2.1893994537668078e-13
