galstreams/tracks/track.st.NGC5466.grillmair2006.ecsv
# %ECSV 0.9
# ---
# datatype:
# - {name: ra, unit: deg, datatype: float64}
# - {name: dec, unit: deg, datatype: float64}
# - {name: distance, unit: kpc, datatype: float64}
# - {name: pm_ra_cosdec, unit: mas / yr, datatype: float64}
# - {name: pm_dec, unit: mas / yr, datatype: float64}
# - {name: radial_velocity, unit: km / s, datatype: float64}
# delimiter: ','
# meta: !!omap
# - __serialized_columns__:
#     dec:
#       __class__: astropy.coordinates.angles.Latitude
#       unit: &id001 !astropy.units.Unit {unit: deg}
#       value: !astropy.table.SerializedColumn {name: dec}
#     distance:
#       __class__: astropy.coordinates.distances.Distance
#       unit: !astropy.units.Unit {unit: kpc}
#       value: !astropy.table.SerializedColumn {name: distance}
#     pm_dec:
#       __class__: astropy.units.quantity.Quantity
#       unit: !astropy.units.Unit {unit: mas / yr}
#       value: !astropy.table.SerializedColumn {name: pm_dec}
#     pm_ra_cosdec:
#       __class__: astropy.units.quantity.Quantity
#       unit: !astropy.units.Unit {unit: mas / yr}
#       value: !astropy.table.SerializedColumn {name: pm_ra_cosdec}
#     ra:
#       __class__: astropy.coordinates.angles.Longitude
#       unit: *id001
#       value: !astropy.table.SerializedColumn {name: ra}
#       wrap_angle: !astropy.coordinates.Angle
#         unit: *id001
#         value: 360.0
#     radial_velocity:
#       __class__: astropy.units.quantity.Quantity
#       unit: !astropy.units.Unit {unit: km / s}
#       value: !astropy.table.SerializedColumn {name: radial_velocity}
# schema: astropy-2.0
ra,dec,distance,pm_ra_cosdec,pm_dec,radial_velocity
[from data line 2597]
202.9557912150826,32.84587652263374,16.600000000000005,0.0,0.0,0.0
202.94533619552033,32.85065879030463,16.600000000000005,0.0,0.0,0.0
202.93487997933448,32.855440081036235,16.600000000000005,0.0,0.0,0.0
202.92442256614459,32.86022039411981,16.600000000000005,0.0,0.0,0.0
202.91396395557086,32.86499972884717,16.600000000000005,0.0,0.0,0.0
202.90350414723432,32.86977808451069,16.60000000000001,0.0,0.0,0.0
202.89304314075673,32.874555460403315,16.60000000000001,0.0,0.0,0.0
202.88258093576064,32.87933185581855,16.600000000000005,0.0,0.0,0.0
202.87211753186932,32.88410727005044,16.600000000000005,0.0,0.0,0.0
202.86165292870683,32.888881702393604,16.60000000000001,0.0,0.0,0.0
202.85118712589792,32.893655152143225,16.600000000000005,0.0,0.0,0.0
202.8407201230682,32.898427618595036,16.600000000000005,0.0,0.0,0.0
202.83025191984396,32.90319910104532,16.60000000000001,0.0,0.0,0.0
202.8197825158523,32.90796959879093,16.60000000000001,0.0,0.0,0.0
202.809311910721,32.912739111129284,16.600000000000005,0.0,0.0,0.0
202.79884010407866,32.91750763735834,16.60000000000001,0.0,0.0,0.0
202.7883670955547,32.92227517677663,16.600000000000005,0.0,0.0,0.0
202.77789288477908,32.927041728683236,16.60000000000001,0.0,0.0,0.0
202.76741747138274,32.931807292377805,16.60000000000001,0.0,0.0,0.0
202.7569408549973,32.93657186716051,16.600000000000005,0.0,0.0,0.0
202.7464630352551,32.94133545233213,16.60000000000001,0.0,0.0,0.0
202.73598401178924,32.946098047193985,16.60000000000001,0.0,0.0,0.0
202.72550378423364,32.950859651047914,16.60000000000001,0.0,0.0,0.0
202.71502235222286,32.955620263196344,16.600000000000005,0.0,0.0,0.0
202.70453971539237,32.960379882942306,16.600000000000005,0.0,0.0,0.0
202.69405587337823,32.96513850958929,16.60000000000001,0.0,0.0,0.0
202.68357082581738,32.969896142441385,16.600000000000005,0.0,0.0,0.0
202.67308457234748,32.97465278080326,16.600000000000005,0.0,0.0,0.0
202.66259711260687,32.97940842398012,16.60000000000001,0.0,0.0,0.0
202.6521084462348,32.984163071277735,16.60000000000001,0.0,0.0,0.0
202.64161857287104,32.988916722002394,16.600000000000005,0.0,0.0,0.0
202.6311274921564,32.99366937546098,16.600000000000005,0.0,0.0,0.0
202.6206352037322,32.998421030960934,16.60000000000001,0.0,0.0,0.0
202.61014170724062,33.003171687810216,16.600000000000005,0.0,0.0,0.0
202.59964700232462,33.00792134531737,16.600000000000005,0.0,0.0,0.0
202.58915108862783,33.01267000279148,16.60000000000001,0.0,0.0,0.0
202.5786539657947,33.017417659542204,16.600000000000005,0.0,0.0,0.0
202.56815563347035,33.02216431487972,16.60000000000001,0.0,0.0,0.0
202.5576560913008,33.02690996811478,16.600000000000005,0.0,0.0,0.0
202.54715533893267,33.03165461855871,16.600000000000012,0.0,0.0,0.0
202.53665337601342,33.03639826552335,16.60000000000001,0.0,0.0,0.0
202.52615020219116,33.04114090832111,16.600000000000005,0.0,0.0,0.0
202.51564581711494,33.04588254626496,16.60000000000001,0.0,0.0,0.0
202.50514022043433,33.050623178668424,16.600000000000005,0.0,0.0,0.0
202.49463341179984,33.055362804845565,16.600000000000005,0.0,0.0,0.0
202.4841253908626,33.060101424111004,16.60000000000001,0.0,0.0,0.0
202.47361615727465,33.06483903577991,16.600000000000005,0.0,0.0,0.0
202.46310571068852,33.06957563916802,16.600000000000005,0.0,0.0,0.0
202.45259405075774,33.07431123359161,16.60000000000001,0.0,0.0,0.0
202.44208117713652,33.079045818367504,16.60000000000001,0.0,0.0,0.0
202.43156708947967,33.08377939281309,16.600000000000005,0.0,0.0,0.0
202.42105178744302,33.08851195624629,16.60000000000001,0.0,0.0,0.0
202.41053527068289,33.093243507985605,16.60000000000001,0.0,0.0,0.0
202.4000175388565,33.097974047350064,16.60000000000001,0.0,0.0,0.0
202.38949859162182,33.102703573659255,16.60000000000001,0.0,0.0,0.0
202.37897842863745,33.10743208623329,16.600000000000005,0.0,0.0,0.0
202.36845704956286,33.1121595843929,16.600000000000005,0.0,0.0,0.0
202.3579344540582,33.11688606745927,16.600000000000005,0.0,0.0,0.0
202.3474106417844,33.12161153475424,16.60000000000001,0.0,0.0,0.0
202.33688561240314,33.126335985600114,16.60000000000001,0.0,0.0,0.0
202.32635936557682,33.131059419319776,16.600000000000005,0.0,0.0,0.0
202.3158319009686,33.13578183523668,16.60000000000001,0.0,0.0,0.0
202.3053032182424,33.14050323267479,16.600000000000005,0.0,0.0,0.0
202.2947733170628,33.145223610958666,16.600000000000005,0.0,0.0,0.0
202.28424219709532,33.14994296941338,16.600000000000005,0.0,0.0,0.0
202.27370985800604,33.154661307364556,16.600000000000005,0.0,0.0,0.0
202.26317629946183,33.15937862413837,16.600000000000005,0.0,0.0,0.0
202.2526415211304,33.16409491906159,16.60000000000001,0.0,0.0,0.0
202.2421055226801,33.168810191461446,16.600000000000005,0.0,0.0,0.0
202.23156830378005,33.17352444066578,16.600000000000005,0.0,0.0,0.0
202.2210298641001,33.178237666002985,16.600000000000005,0.0,0.0,0.0
202.2104902033109,33.182949866801934,16.60000000000001,0.0,0.0,0.0
202.19994932108386,33.187661042392136,16.600000000000005,0.0,0.0,0.0
202.189407217091,33.19237119210359,16.600000000000005,0.0,0.0,0.0
202.17886389100522,33.197080315266874,16.600000000000005,0.0,0.0,0.0
202.1683193425001,33.201788411213066,16.60000000000001,0.0,0.0,0.0
202.15777357124998,33.20649547927384,16.60000000000001,0.0,0.0,0.0
202.14722657692997,33.21120151878141,16.600000000000005,0.0,0.0,0.0
202.1366783592159,33.2159065290685,16.600000000000005,0.0,0.0,0.0
202.12612891778426,33.22061050946842,16.60000000000001,0.0,0.0,0.0
202.11557825231245,33.225313459315004,16.60000000000001,0.0,0.0,0.0
202.1050263624785,33.23001537794265,16.60000000000001,0.0,0.0,0.0
202.09447324796122,33.23471626468626,16.600000000000005,0.0,0.0,0.0
202.0839189084401,33.239416118881344,16.60000000000001,0.0,0.0,0.0
202.0733633435955,33.244114939863906,16.600000000000005,0.0,0.0,0.0
202.06280655310837,33.24881272697052,16.60000000000001,0.0,0.0,0.0
202.05224853666056,33.253509479538295,16.600000000000005,0.0,0.0,0.0
202.0416892939345,33.258205196904875,16.600000000000005,0.0,0.0,0.0
202.03112882461346,33.26289987840849,16.60000000000001,0.0,0.0,0.0
202.02056712838146,33.26759352338786,16.600000000000005,0.0,0.0,0.0
202.0100042049232,33.27228613118228,16.600000000000005,0.0,0.0,0.0
201.99944005392416,33.276977701131585,16.600000000000005,0.0,0.0,0.0
201.98887467507058,33.28166823257615,16.60000000000001,0.0,0.0,0.0
201.9783080680494,33.286357724856906,16.600000000000005,0.0,0.0,0.0
201.96774023254824,33.291046177315295,16.600000000000005,0.0,0.0,0.0
201.95717116825563,33.29573358929335,16.60000000000001,0.0,0.0,0.0
201.9466008748607,33.3004199601336,16.600000000000005,0.0,0.0,0.0
201.9360293520534,33.30510528917914,16.600000000000005,0.0,0.0,0.0
201.9254565995243,33.309789575773614,16.600000000000005,0.0,0.0,0.0
201.91488261696483,33.31447281926119,16.60000000000001,0.0,0.0,0.0
201.90430740406714,33.319155018986585,16.60000000000001,0.0,0.0,0.0
201.8937309605241,33.323836174295074,16.600000000000005,0.0,0.0,0.0
201.88315328602928,33.32851628453246,16.60000000000001,0.0,0.0,0.0
201.87257438027703,33.33319534904507,16.600000000000005,0.0,0.0,0.0
201.86199424296245,33.33787336717981,16.600000000000005,0.0,0.0,0.0
201.85141287378136,33.34255033828409,16.60000000000001,0.0,0.0,0.0
201.84083027243028,33.34722626170588,16.600000000000005,0.0,0.0,0.0
201.83024643860654,33.35190113679369,16.60000000000001,0.0,0.0,0.0
201.81966137200814,33.35657496289659,16.60000000000001,0.0,0.0,0.0
201.80907507233385,33.36124773936415,16.60000000000001,0.0,0.0,0.0
201.7984875392832,33.36591946554651,16.60000000000001,0.0,0.0,0.0
201.78789877255642,33.370590140794334,16.60000000000001,0.0,0.0,0.0
201.77730877185448,33.375259764458846,16.60000000000001,0.0,0.0,0.0
201.7667175368791,33.37992833589178,16.600000000000012,0.0,0.0,0.0
201.75612506733268,33.38459585444544,16.60000000000001,0.0,0.0,0.0
201.74553136291848,33.38926231947264,16.600000000000012,0.0,0.0,0.0
201.73493642334037,33.39392773032675,16.60000000000001,0.0,0.0,0.0
201.72434024830304,33.398592086361695,16.60000000000001,0.0,0.0,0.0
201.7137428375118,33.403255386931924,16.60000000000001,0.0,0.0,0.0
201.70314419067287,33.407917631392394,16.60000000000001,0.0,0.0,0.0
201.69254430749302,33.41257881909865,16.60000000000001,0.0,0.0,0.0
201.68194318767993,33.417238949406745,16.60000000000001,0.0,0.0,0.0
201.67134083094186,33.4218980216733,16.600000000000012,0.0,0.0,0.0
201.66073723698787,33.42655603525542,16.60000000000001,0.0,0.0,0.0
201.65013240552778,33.4312129895108,16.60000000000001,0.0,0.0,0.0
201.63952633627213,33.435868883797646,16.600000000000012,0.0,0.0,0.0
201.6289190289321,33.44052371747472,16.600000000000012,0.0,0.0,0.0
201.61831048321977,33.445177489901305,16.60000000000001,0.0,0.0,0.0
201.60770069884782,33.44983020043721,16.600000000000012,0.0,0.0,0.0
201.59708967552973,33.45448184844281,16.600000000000012,0.0,0.0,0.0
201.5864774129797,33.45913243327902,16.600000000000012,0.0,0.0,0.0
201.57586391091257,33.46378195430724,16.60000000000001,0.0,0.0,0.0
201.5652491690441,33.468430410889454,16.60000000000001,0.0,0.0,0.0
201.55463318709062,33.47307780238817,16.600000000000012,0.0,0.0,0.0
201.54401596476924,33.47772412816643,16.60000000000001,0.0,0.0,0.0
201.53339750179782,33.48236938758782,16.60000000000001,0.0,0.0,0.0
201.52277779789495,33.487013580016445,16.60000000000001,0.0,0.0,0.0
201.5121568527799,33.49165670481696,16.60000000000001,0.0,0.0,0.0
201.50153466617274,33.49629876135453,16.600000000000012,0.0,0.0,0.0
201.49091123779425,33.500939748994895,16.600000000000012,0.0,0.0,0.0
201.4802865673659,33.50557966710429,16.600000000000012,0.0,0.0,0.0
201.46966065460995,33.51021851504953,16.60000000000001,0.0,0.0,0.0
201.45903349924936,33.51485629219791,16.600000000000012,0.0,0.0,0.0
201.44840510100778,33.519492997917304,16.60000000000001,0.0,0.0,0.0
201.43777545960964,33.5241286315761,16.600000000000012,0.0,0.0,0.0
201.42714457478013,33.52876319254319,16.600000000000012,0.0,0.0,0.0
201.41651244624504,33.53339668018808,16.60000000000001,0.0,0.0,0.0
201.40587907373106,33.53802909388073,16.600000000000012,0.0,0.0,0.0
201.3952444569655,33.54266043299168,16.60000000000001,0.0,0.0,0.0
201.38460859567638,33.547290696891984,16.600000000000012,0.0,0.0,0.0
201.37397148959255,33.55191988495322,16.600000000000012,0.0,0.0,0.0
201.36333313844347,33.55654799654752,16.600000000000012,0.0,0.0,0.0
201.3526935419594,33.56117503104754,16.600000000000012,0.0,0.0,0.0
201.34205269987132,33.56580098782648,16.600000000000012,0.0,0.0,0.0
201.33141061191094,33.570425866258034,16.600000000000012,0.0,0.0,0.0
201.32076727781066,33.57504966571646,16.60000000000001,0.0,0.0,0.0
201.31012269730363,33.57967238557656,16.600000000000012,0.0,0.0,0.0
201.29947687012378,33.58429402521362,16.60000000000001,0.0,0.0,0.0
201.28882979600564,33.58891458400352,16.60000000000001,0.0,0.0,0.0
201.27818147468457,33.5935340613226,16.60000000000001,0.0,0.0,0.0
201.26753190589662,33.59815245654779,16.60000000000001,0.0,0.0,0.0
201.25688108937857,33.60276976905653,16.600000000000012,0.0,0.0,0.0
201.24622902486794,33.60738599822679,16.600000000000012,0.0,0.0,0.0
201.23557571210296,33.61200114343705,16.600000000000012,0.0,0.0,0.0
201.22492115082252,33.61661520406636,16.60000000000001,0.0,0.0,0.0
201.21426534076645,33.621228179494274,16.60000000000001,0.0,0.0,0.0
201.20360828167497,33.62584006910089,16.60000000000001,0.0,0.0,0.0
201.19294997328936,33.63045087226682,16.60000000000001,0.0,0.0,0.0
201.1822904153514,33.635060588373214,16.600000000000012,0.0,0.0,0.0
201.17162960760365,33.63966921680174,16.60000000000001,0.0,0.0,0.0
201.16096754978946,33.64427675693462,16.60000000000001,0.0,0.0,0.0
201.15030424165283,33.648883208154594,16.600000000000012,0.0,0.0,0.0
201.1396396829385,33.65348856984491,16.60000000000001,0.0,0.0,0.0
201.12897387339194,33.65809284138937,16.600000000000012,0.0,0.0,0.0
201.11830681275936,33.66269602217229,16.600000000000012,0.0,0.0,0.0
201.10763850078763,33.66729811157854,16.600000000000012,0.0,0.0,0.0
201.0969689372244,33.67189910899347,16.600000000000012,0.0,0.0,0.0
201.0862981218181,33.67649901380302,16.60000000000001,0.0,0.0,0.0
201.0756260543177,33.681097825393586,16.60000000000001,0.0,0.0,0.0
201.06495273447305,33.68569554315216,16.600000000000012,0.0,0.0,0.0
201.05427816203468,33.69029216646621,16.600000000000012,0.0,0.0,0.0
201.04360233675382,33.69488769472376,16.600000000000012,0.0,0.0,0.0
201.03292525838248,33.69948212731334,16.60000000000001,0.0,0.0,0.0
201.02224692667323,33.70407546362404,16.600000000000012,0.0,0.0,0.0
201.0115673413796,33.70866770304543,16.60000000000001,0.0,0.0,0.0
201.00088650225564,33.71325884496765,16.60000000000001,0.0,0.0,0.0
200.99020440905622,33.71784888878133,16.60000000000001,0.0,0.0,0.0
200.9795210615369,33.72243783387768,16.60000000000001,0.0,0.0,0.0
200.96883645945394,33.727025679648364,16.60000000000001,0.0,0.0,0.0
200.95815060256436,33.731612425485615,16.60000000000001,0.0,0.0,0.0
200.94746349062592,33.73619807078218,16.60000000000001,0.0,0.0,0.0
200.936775123397,33.74078261493134,16.600000000000012,0.0,0.0,0.0
200.9260855006368,33.74536605732689,16.60000000000001,0.0,0.0,0.0
200.91539462210517,33.74994839736317,16.600000000000012,0.0,0.0,0.0
200.9047024875627,33.75452963443501,16.60000000000001,0.0,0.0,0.0
200.89400909677076,33.75910976793779,16.600000000000012,0.0,0.0,0.0
200.88331444949134,33.763688797267406,16.600000000000012,0.0,0.0,0.0
200.87261854548717,33.76826672182029,16.600000000000012,0.0,0.0,0.0
200.8619213845217,33.772843540993385,16.600000000000012,0.0,0.0,0.0
200.8512229663592,33.77741925418415,16.60000000000001,0.0,0.0,0.0
200.84052329076448,33.78199386079058,16.60000000000001,0.0,0.0,0.0
200.82982235750322,33.78656736021121,16.60000000000001,0.0,0.0,0.0
200.8191201663417,33.791139751845044,16.600000000000012,0.0,0.0,0.0
200.80841671704698,33.795711035091685,16.60000000000001,0.0,0.0,0.0
200.79771200938688,33.80028120935119,16.600000000000012,0.0,0.0,0.0
200.7870060431298,33.80485027402418,16.600000000000012,0.0,0.0,0.0
200.77629881804498,33.809418228511774,16.60000000000001,0.0,0.0,0.0
200.76559033390228,33.81398507221563,16.600000000000012,0.0,0.0,0.0
200.7548805904724,33.81855080453792,16.600000000000012,0.0,0.0,0.0
200.7441695875266,33.82311542488135,16.600000000000012,0.0,0.0,0.0
200.73345732483705,33.82767893264912,16.60000000000001,0.0,0.0,0.0
200.72274380217638,33.83224132724498,16.60000000000001,0.0,0.0,0.0
200.71202901931815,33.836802608073185,16.60000000000001,0.0,0.0,0.0
200.70131297603658,33.841362774538524,16.60000000000001,0.0,0.0,0.0
200.69059567210647,33.845921826046286,16.600000000000012,0.0,0.0,0.0
200.67987710730355,33.8504797620023,16.60000000000001,0.0,0.0,0.0
200.66915728140413,33.85503658181292,16.600000000000012,0.0,0.0,0.0
200.6584361941852,33.85959228488499,16.60000000000001,0.0,0.0,0.0
200.64771384542462,33.8641468706259,16.600000000000012,0.0,0.0,0.0
200.63699023490076,33.86870033844356,16.60000000000001,0.0,0.0,0.0
200.6262653623929,33.87325268774639,16.600000000000012,0.0,0.0,0.0
200.61553922768087,33.87780391794332,16.60000000000001,0.0,0.0,0.0
200.60481183054532,33.88235402844382,16.600000000000012,0.0,0.0,0.0
200.59408317076756,33.886903018657875,16.600000000000012,0.0,0.0,0.0
200.5833532481296,33.89145088799598,16.600000000000012,0.0,0.0,0.0
200.5726220624142,33.89599763586917,16.60000000000001,0.0,0.0,0.0
200.56188961340484,33.90054326168895,16.60000000000001,0.0,0.0,0.0
200.55115590088565,33.905087764867396,16.600000000000012,0.0,0.0,0.0
200.54042092464152,33.90963114481709,16.60000000000001,0.0,0.0,0.0
200.529684684458,33.9141734009511,16.60000000000001,0.0,0.0,0.0
200.51894718012144,33.918714532683055,16.600000000000012,0.0,0.0,0.0
200.5082084114188,33.92325453942707,16.600000000000012,0.0,0.0,0.0
200.49746837813782,33.9277934205978,16.60000000000001,0.0,0.0,0.0
200.48672708006694,33.9323311756104,16.60000000000001,0.0,0.0,0.0
200.47598451699523,33.93686780388055,16.600000000000012,0.0,0.0,0.0
200.46524068871258,33.94140330482445,16.60000000000001,0.0,0.0,0.0
