galstreams/tracks/track.st.LMS-1.malhan2021.ecsv
# %ECSV 0.9
# ---
# datatype:
# - {name: ra, unit: deg, datatype: float64}
# - {name: dec, unit: deg, datatype: float64}
# - {name: distance, unit: kpc, datatype: float64}
# - {name: pm_ra_cosdec, unit: mas / yr, datatype: float64}
# - {name: pm_dec, unit: mas / yr, datatype: float64}
# - {name: radial_velocity, unit: km / s, datatype: float64}
# delimiter: ','
# meta: !!omap
# - __serialized_columns__:
#     dec:
#       __class__: astropy.coordinates.angles.Latitude
#       unit: &id001 !astropy.units.Unit {unit: deg}
#       value: !astropy.table.SerializedColumn {name: dec}
#     distance:
#       __class__: astropy.coordinates.distances.Distance
#       unit: !astropy.units.Unit {unit: kpc}
#       value: !astropy.table.SerializedColumn {name: distance}
#     pm_dec:
#       __class__: astropy.units.quantity.Quantity
#       unit: !astropy.units.Unit {unit: mas / yr}
#       value: !astropy.table.SerializedColumn {name: pm_dec}
#     pm_ra_cosdec:
#       __class__: astropy.units.quantity.Quantity
#       unit: !astropy.units.Unit {unit: mas / yr}
#       value: !astropy.table.SerializedColumn {name: pm_ra_cosdec}
#     ra:
#       __class__: astropy.coordinates.angles.Longitude
#       unit: *id001
#       value: !astropy.table.SerializedColumn {name: ra}
#       wrap_angle: !astropy.coordinates.Angle
#         unit: *id001
#         value: 360.0
#     radial_velocity:
#       __class__: astropy.units.quantity.Quantity
#       unit: !astropy.units.Unit {unit: km / s}
#       value: !astropy.table.SerializedColumn {name: radial_velocity}
# schema: astropy-2.0
ra,dec,distance,pm_ra_cosdec,pm_dec,radial_velocity
[from data line 2703]
220.42349581506767,27.585491834615343,19.000000000000004,0.0323984036009419,-1.3436122249740716,-95.34885857090806
220.43431604451962,27.58878730606009,19.000000000000007,0.03265426830039711,-1.343734305507722,-95.37359980270037
220.44513777734298,27.592080047965347,19.000000000000007,0.03291008923567795,-1.3438564892122509,-95.39830459081435
220.45596101355858,27.59537005876175,19.00000000000001,0.03316586636860483,-1.343978776448143,-95.42297297195032
220.46678575318484,27.59865733688308,19.00000000000001,0.03342159966088232,-1.344101167575673,-95.44760498286331
220.47761199623775,27.60194188076631,19.000000000000007,0.03367728907409906,-1.3442236629549014,-95.47220066036282
220.4884397427308,27.60522368885164,19.00000000000001,0.0339329345697264,-1.3443462629456704,-95.49676004131302
220.499268992675,27.608502759582414,19.00000000000001,0.03418853610911818,-1.3444689679076078,-95.52128316263261
220.510099746079,27.61177909140523,19.000000000000007,0.03444409365351239,-1.3445917782001224,-95.5457700612947
220.52093200294897,27.615052682769857,19.00000000000001,0.0346996071640292,-1.3447146941824009,-95.5702207743269
220.5317657632886,27.618323532129317,19.00000000000001,0.034955076601671686,-1.344837716213409,-95.5946353388113
220.5426010270991,27.62159163793983,19.000000000000007,0.035210501927324445,-1.3449608446518886,-95.61901379188443
220.55343779437928,27.624856998660867,19.000000000000007,0.035465883101755774,-1.345084079856355,-95.64335617073722
220.56427606512545,27.62811961275514,19.00000000000001,0.035721220085614125,-1.3452074221850971,-95.66766251261504
220.57511583933146,27.63137947868859,19.00000000000001,0.03597651283943154,-1.3453308719961758,-95.6919328548176
220.58595711698874,27.634636594930424,19.00000000000001,0.036231761323620854,-1.3454544296474207,-95.71616723469887
220.59679989808618,27.63789095995313,19.00000000000001,0.03648696549847674,-1.3455780954964283,-95.74036568966726
220.60764418261027,27.641142572232415,19.000000000000007,0.036742125324175035,-1.3457018699005638,-95.76452825718549
220.61848997054497,27.644391430247307,19.00000000000001,0.036997240760772765,-1.3458257532169542,-95.7886549747704
220.62933726187183,27.647637532480086,19.00000000000001,0.03725231176820837,-1.3459497458024918,-95.81274587999322
220.64018605656983,27.650880877416352,19.000000000000007,0.037507338306300014,-1.3460738480138288,-95.83680101047942
220.6510363546156,27.65412146354496,19.00000000000001,0.03776232033474752,-1.3461980602073775,-95.86082040390866
220.6618881559832,27.657359289358094,19.000000000000007,0.03801725781313148,-1.346322382739308,-95.88480409801467
220.67274146064423,27.660594353351247,19.00000000000001,0.03827215070091147,-1.3464468159655465,-95.90875213058554
220.6835962685678,27.66382665402323,19.00000000000001,0.03852699895742864,-1.3465713602417748,-95.93266453946332
220.6944525797206,27.66705618987615,19.000000000000007,0.03878180254190286,-1.3466960159234271,-95.95654136254431
220.70531039406674,27.670282959415484,19.00000000000001,0.039036561413435006,-1.3468207833656884,-95.98038263777887
220.71616971156791,27.67350696115003,19.000000000000007,0.03929127553100478,-1.3469456629234937,-96.00418840317137
220.72703053218328,27.67672819359191,19.00000000000001,0.03954594485347168,-1.347070654951527,-96.02795869678033
220.73789285586952,27.679946655256643,19.00000000000001,0.039800569339574265,-1.347195759804217,-96.05169355671823
220.74875668258085,27.683162344663057,19.000000000000004,0.04005514894793105,-1.3473209778357405,-96.07539302115156
220.75962201226898,27.68637526033338,19.00000000000001,0.04030968363703824,-1.3474463094000104,-96.09905712830083
220.77048884488306,27.6895854007932,19.00000000000001,0.040564173365272016,-1.3475717548506891,-96.12268591644046
220.7813571803698,27.692792764571482,19.00000000000001,0.040818618090886966,-1.3476973145411746,-96.14627942389883
220.79222701867346,27.69599735020058,19.00000000000001,0.041073017772015497,-1.3478229888246023,-96.16983768905826
220.80309835973569,27.699199156216256,19.00000000000001,0.04132737236666989,-1.3479487780538466,-96.19336075035498
220.81397120349573,27.702398181157637,19.00000000000001,0.041581681832738804,-1.3480746825815146,-96.21684864627893
220.8248455498902,27.705594423567298,19.00000000000001,0.04183594612799035,-1.3482007027599479,-96.24030141537416
220.8357213988533,27.708787881991192,19.00000000000001,0.04209016521006989,-1.3483268389412184,-96.26371909623828
220.84659875031676,27.711978554978728,19.00000000000001,0.04234433903650067,-1.3484530914771282,-96.28710172752284
220.8574776042097,27.71516644108271,19.000000000000004,0.04259846756468372,-1.3485794607192096,-96.31044934793319
220.86835796045875,27.718351538859412,19.000000000000007,0.042852550751896895,-1.348705947018717,-96.33376199622838
220.8792398189881,27.72153384686851,19.00000000000001,0.04310658855529634,-1.348832550726633,-96.35703971122119
220.89012317971932,27.72471336367317,19.00000000000001,0.043360580931914555,-1.3489592721936636,-96.38028253177812
220.90100804257153,27.727890087839995,19.000000000000007,0.04361452783866107,-1.3490861117702342,-96.4034904968194
220.9118944074613,27.731064017939037,19.00000000000001,0.04386842923232251,-1.349213069806491,-96.42666364531883
220.9227822743027,27.734235152543853,19.00000000000001,0.04412228506956223,-1.3493401466522992,-96.44980201630398
220.93367164300722,27.73740349023145,19.00000000000001,0.044376095306919494,-1.349467342657239,-96.47290564885591
220.9445625134839,27.74056902958232,19.000000000000007,0.04462985990081131,-1.349594658170607,-96.49597458210934
220.95545488563926,27.743731769180457,19.000000000000007,0.044883578807529606,-1.349722093541413,-96.51900885525262
220.96634875937718,27.746891707613365,19.00000000000001,0.04513725198324289,-1.3498496491183758,-96.54200850752756
220.9772441345991,27.75004884347202,19.00000000000001,0.045390879383995775,-1.3499773252499274,-96.5649735782295
220.98814101120396,27.753203175350958,19.000000000000007,0.04564446096570873,-1.3501051222842062,-96.58790410670737
220.99903938908804,27.75635470184817,19.00000000000001,0.045897996684177184,-1.350233040569058,-96.61080013236347
221.00993926814522,27.75950342156524,19.00000000000001,0.04615148649507367,-1.3503610804520327,-96.63366169465367
221.02084064826676,27.762649333107234,19.00000000000001,0.0464049303539443,-1.3504892422803842,-96.65648883308718
221.0317435293414,27.765792435082798,19.000000000000007,0.04665832821621188,-1.3506175264010682,-96.67928158722673
221.0426479112554,27.768932726104104,19.00000000000001,0.04691168003717355,-1.350745933160738,-96.70203999668837
221.05355379389226,27.772070204786875,19.000000000000007,0.04716498577200123,-1.3508744629057492,-96.72476410114152
221.06446117713327,27.775204869750404,19.00000000000001,0.047418245375742685,-1.351003115982151,-96.74745394030892
221.07537006085693,27.778336719617574,19.00000000000001,0.0476714588033198,-1.3511318927356875,-96.77010955396679
221.08628044493926,27.781465753014785,19.00000000000001,0.04792462600952857,-1.3512607935117984,-96.79273098194442
221.09719232925374,27.78459196857209,19.000000000000007,0.048177746949040895,-1.3513898186556133,-96.81531826412461
221.1081057136713,27.787715364923077,19.00000000000001,0.04843082157640119,-1.3515189685119504,-96.83787144044325
221.1190205980603,27.790835940704973,19.00000000000001,0.04868384984602936,-1.3516482434253203,-96.8603905508895
221.12993698228655,27.793953694558578,19.000000000000007,0.04893683171221885,-1.351777643739917,-96.8828756355058
221.14085486621335,27.79706862512831,19.000000000000007,0.04918976712913728,-1.3519071697996203,-96.90532673438766
221.1517742497014,27.800180731062213,19.00000000000001,0.04944265605082582,-1.352036821947992,-96.92774388768389
221.16269513260877,27.80329001101195,19.00000000000001,0.04969549843119958,-1.3521666005282789,-96.95012713559632
221.17361751479115,27.806396463632822,19.000000000000007,0.049948294224047035,-1.3522965058834056,-96.97247651837999
221.1845413961015,27.809500087583768,19.00000000000001,0.050201043383029886,-1.3524265383559733,-96.99479207634302
221.19546677639028,27.812600881527363,19.00000000000001,0.05045374586168358,-1.352556698288264,-97.01707384984658
221.20639365550545,27.81569884412985,19.000000000000007,0.05070640161341672,-1.3526869860222317,-97.03932187930491
221.21732203329225,27.81879397406113,19.00000000000001,0.050959010591510645,-1.3528174018995038,-97.06153620518526
221.2282519095935,27.821886269994746,19.00000000000001,0.05121157274911958,-1.3529479462613818,-97.08371686800787
221.23918328424932,27.824975730607953,19.00000000000001,0.05146408803927097,-1.3530786194488336,-97.10586390834604
221.2501161570974,27.82806235458167,19.000000000000004,0.05171655641486511,-1.3532094218024995,-97.12797736682593
221.2610505279728,27.831146140600506,19.00000000000001,0.05196897782867352,-1.3533403536626816,-97.15005728412679
221.27198639670794,27.834227087352765,19.00000000000001,0.0522213522333424,-1.3534714153693521,-97.1721037009806
221.28292376313271,27.837305193530447,19.00000000000001,0.05247367958138807,-1.3536026072621439,-97.19411665817232
221.29386262707445,27.84038045782928,19.000000000000004,0.05272595982520081,-1.3537339296803519,-97.21609619653985
221.30480298835792,27.843452878948682,19.00000000000001,0.052978192917042005,-1.35386538296293,-97.23804235697382
221.31574484680522,27.846522455591828,19.00000000000001,0.05323037880904516,-1.3539969674484926,-97.25995518041775
221.32668820223597,27.849589186465593,19.000000000000007,0.05348251745321608,-1.3541286834753101,-97.28183470786794
221.33763305446712,27.85265307028061,19.000000000000007,0.053734608801431716,-1.3542605313813063,-97.30368098037353
221.34857940331312,27.855714105751257,19.00000000000001,0.053986652805441376,-1.3543925115040605,-97.3254940390363
221.35952724858578,27.858772291595653,19.000000000000014,0.0542386494168654,-1.3545246241808024,-97.34727392501091
221.3704765900943,27.86182762653568,19.000000000000007,0.054490598587195765,-1.3546568697484134,-97.36902067950454
221.38142742764535,27.864880109296973,19.000000000000007,0.05474250026779601,-1.3547892485434208,-97.3907343437773
221.392379761043,27.867929738608982,19.00000000000001,0.05499435440990094,-1.3549217609019997,-97.4124149591417
221.40333359008866,27.870976513204898,19.000000000000007,0.05524616096461518,-1.3550544071599717,-97.43406256696318
221.41428891458122,27.874020431821716,19.00000000000001,0.055497919882916635,-1.355187187652799,-97.45567720865955
221.42524573431695,27.877061493200213,19.00000000000001,0.055749631115651954,-1.3553201027155881,-97.47725892570136
221.43620404908953,27.880099696084987,19.00000000000001,0.05600129461354003,-1.3554531526830842,-97.49880775961165
221.44716385868998,27.883135039224435,19.00000000000001,0.056252910327169975,-1.355586337889671,-97.52032375196619
221.45812516290678,27.88616752137077,19.00000000000001,0.056504478207001115,-1.355719658669369,-97.54180694439304
221.46908796152587,27.889197141280018,19.00000000000001,0.05675599820336433,-1.3558531153558335,-97.56325737857291
221.48005225433045,27.892223897712057,19.000000000000007,0.057007470266459644,-1.3559867082823542,-97.58467509623898
221.4910180411012,27.895247789430588,19.00000000000001,0.057258894346358113,-1.3561204377818505,-97.6060601391768
221.50198532161622,27.898268815203146,19.00000000000001,0.057510270393001606,-1.3562543041868746,-97.62741254922454
221.51295409565088,27.90128697380115,19.000000000000007,0.05776159835620007,-1.3563883078296048,-97.64873236827268
221.5239243629781,27.904302263999853,19.00000000000001,0.05801287818563586,-1.3565224490418464,-97.67001963826401
221.53489612336807,27.907314684578367,19.000000000000007,0.05826410983085978,-1.3566567281550308,-97.69127440119381
221.54586937658843,27.910324234319692,19.00000000000001,0.05851529324129298,-1.3567911455002117,-97.71249669910974
221.55684412240416,27.91333091201071,19.00000000000001,0.058766428366225976,-1.3569257014080662,-97.7336865741117
221.56782036057766,27.91633471644219,19.00000000000001,0.05901751515481945,-1.3570603962088885,-97.7548440683519
221.57879809086873,27.919335646408772,19.000000000000007,0.059268553556103415,-1.3571952302325945,-97.77596922403478
221.58977731303455,27.92233370070904,19.00000000000001,0.05951954351897712,-1.3573302038087127,-97.7970620834173
221.6007580268296,27.925328878145436,19.000000000000007,0.05977048499220952,-1.3574653172663924,-97.81812268880829
221.61174023200587,27.928321177524346,19.00000000000001,0.06002137792443877,-1.3576005709343901,-97.83915108256899
221.6227239283126,27.931310597656086,19.000000000000014,0.06027222226417183,-1.357735965141078,-97.86014730711287
221.63370911549652,27.934297137354886,19.000000000000007,0.06052301795978551,-1.3578715002144377,-97.88111140490545
221.64469579330168,27.937280795438905,19.00000000000001,0.06077376495952522,-1.358007176482058,-97.9020434184645
221.65568396146946,27.940261570730282,19.00000000000001,0.06102446321150535,-1.3581429942711347,-97.92294339035979
221.66667361973876,27.943239462055065,19.00000000000001,0.061275112663708775,-1.3582789539084685,-97.94381136321333
221.6776647678457,27.946214468243284,19.00000000000001,0.06152571326398815,-1.3584150557204655,-97.96464737969904
221.68865740552383,27.949186588128924,19.000000000000007,0.06177626496006403,-1.358551300033131,-97.98545148254313
221.69965153250408,27.952155820549944,19.000000000000007,0.062026767699525344,-1.3586876871720706,-98.00622371452357
221.7106471485147,27.955122164348307,19.00000000000001,0.06227722142983048,-1.3588242174624887,-98.02696411847059
221.72164425328145,27.958085618369918,19.00000000000001,0.06252762609830612,-1.358960891229188,-98.04767273726618
221.73264284652726,27.961046181464706,19.00000000000001,0.06277798165214626,-1.3590977087965617,-98.06834961384442
221.74364292797256,27.964003852486595,19.000000000000007,0.06302828803841498,-1.3592346704886025,-98.08899479119137
221.75464449733505,27.966958630293522,19.000000000000007,0.06327854520404236,-1.3593717766288889,-98.10960831234489
221.7656475543299,27.969910513747415,19.00000000000001,0.06352875309582909,-1.3595090275405928,-98.13019022039481
221.77665209866953,27.97285950171425,19.00000000000001,0.06377891166044203,-1.3596464235464745,-98.1507405584828
221.78765813006382,27.975805593064045,19.000000000000007,0.06402902084441695,-1.3597839649688785,-98.17125936980244
221.79866564821995,27.978748786670806,19.00000000000001,0.06427908059415782,-1.3599216521297366,-98.19174669759904
221.80967465284243,27.981689081412615,19.00000000000001,0.06452909085593533,-1.3600594853505634,-98.21220258516979
221.82068514363326,27.98462647617162,19.000000000000007,0.06477905157588931,-1.3601974649524542,-98.23262707586366
221.83169712029158,27.98756096983399,19.00000000000001,0.06502896270002664,-1.3603355912560846,-98.25302021308133
221.8427105825141,27.990492561289983,19.000000000000007,0.06527882417422146,-1.3604738645817092,-98.27338204027521
221.85372552999473,27.993421249433922,19.00000000000001,0.06552863594421676,-1.3606122852491582,-98.29371260094955
221.8647419624248,27.996347033164213,19.00000000000001,0.06577839795562221,-1.360750853577838,-98.3140119386601
221.87575987949296,27.999269911383333,19.000000000000007,0.06602811015391474,-1.3608895698867274,-98.33428009701444
221.8867792808853,28.00218988299789,19.00000000000001,0.06627777248443945,-1.3610284344943762,-98.35451711967174
221.8978001662851,28.005106946918552,19.00000000000001,0.06652738489240816,-1.3611674477189057,-98.37472305034272
221.90882253537308,28.00802110206012,19.000000000000007,0.0667769473229001,-1.361306609878004,-98.39489793278985
221.91984638782736,28.010932347341488,19.00000000000001,0.06702645972086234,-1.3614459212889267,-98.41504181082698
221.93087172332326,28.0138406816857,19.000000000000007,0.06727592203110846,-1.3615853822684945,-98.43515472831973
