galstreams/tracks/track.st.NGC6397.ibata2021.ecsv
# %ECSV 1.0
# ---
# datatype:
# - {name: ra, unit: deg, datatype: float64}
# - {name: dec, unit: deg, datatype: float64}
# - {name: distance, unit: kpc, datatype: float64}
# - {name: pm_ra_cosdec, unit: mas / yr, datatype: float64}
# - {name: pm_dec, unit: mas / yr, datatype: float64}
# - {name: radial_velocity, unit: km / s, datatype: float64}
# delimiter: ','
# meta: !!omap
# - __serialized_columns__:
#     dec:
#       __class__: astropy.coordinates.angles.Latitude
#       unit: &id001 !astropy.units.Unit {unit: deg}
#       value: !astropy.table.SerializedColumn {name: dec}
#     distance:
#       __class__: astropy.coordinates.distances.Distance
#       unit: !astropy.units.Unit {unit: kpc}
#       value: !astropy.table.SerializedColumn {name: distance}
#     pm_dec:
#       __class__: astropy.units.quantity.Quantity
#       unit: !astropy.units.Unit {unit: mas / yr}
#       value: !astropy.table.SerializedColumn {name: pm_dec}
#     pm_ra_cosdec:
#       __class__: astropy.units.quantity.Quantity
#       unit: !astropy.units.Unit {unit: mas / yr}
#       value: !astropy.table.SerializedColumn {name: pm_ra_cosdec}
#     ra:
#       __class__: astropy.coordinates.angles.Longitude
#       unit: *id001
#       value: !astropy.table.SerializedColumn {name: ra}
#       wrap_angle: !astropy.coordinates.Angle
#         unit: *id001
#         value: 360.0
#     radial_velocity:
#       __class__: astropy.units.quantity.Quantity
#       unit: !astropy.units.Unit {unit: km / s}
#       value: !astropy.table.SerializedColumn {name: radial_velocity}
# schema: astropy-2.0
ra,dec,distance,pm_ra_cosdec,pm_dec,radial_velocity
[from data line 568]
267.9147612852903,-53.66094132546161,2.486624557655821,3.65962790627836,-17.173794301436615,-0.08276409093627024
267.93164141897887,-53.66121743383855,2.4867534019953115,3.662118540631557,-17.171156441230327,-0.11098595241346153
267.9485200436775,-53.661497336906955,2.4868821234416703,3.6646076161497385,-17.16851788424293,-0.1389842514830846
267.96539716830017,-53.661781022959914,2.487010722132702,3.6670951374553598,-17.16587863384941,-0.16675919987145152
267.9822728017417,-53.66206848028705,2.487139198206211,3.6695811091682646,-17.1632386934219,-0.19431100930479017
267.9991469528773,-53.66235969717434,2.4872675518000014,3.6720655359055714,-17.16059806632978,-0.2216398915094631
268.0160196305624,-53.662654661904256,2.4873957830518783,3.674548422281671,-17.157956755939555,-0.24874605821179918
268.0328908436335,-53.66295336275573,2.4875238920996448,3.6770297729083756,-17.155314765614953,-0.2756297211380768
268.049760600907,-53.663255788004165,2.4876518790811057,3.679509592394709,-17.15267209871689,-0.30229109201462495
268.06662891118026,-53.663561925921414,2.487779744134065,3.681987885347058,-17.15002875860349,-0.32873038256770504
268.083495783231,-53.66387176477584,2.4879074873963276,3.6844646563691756,-17.147384748630046,-0.35494780452373026
268.10036122581755,-53.66418529283229,2.488035109005698,3.6869399100620877,-17.144740072149077,-0.380943569608861
268.1172252476785,-53.6645024983521,2.4881626090999793,3.6894136510241324,-17.14209473251031,-0.4067178895494599
268.1340878575334,-53.664823369593115,2.4882899878169753,3.691885883851061,-17.139448733060675,-0.4322709760719569
268.1509490640821,-53.665147894809685,2.4884172452944924,3.6943566131358807,-17.136802077144313,-0.4576030409025125
268.1678088760051,-53.66547606225271,2.488544381670334,3.696825843469004,-17.134154768102587,-0.4827142957674893
268.18466730196343,-53.665807860169586,2.4886713970823027,3.6992935794381387,-17.131506809274075,-0.5076049523931825
268.2015243505985,-53.666143276804256,2.4887982916682057,3.701759825628331,-17.128858203994582,-0.5322752225058872
268.2183800305327,-53.666482300397206,2.488925065565846,3.704224586622011,-17.126208955597146,-0.556725317831983
268.23523435036884,-53.666824919185466,2.489051718913027,3.7066878669989585,-17.123559067412003,-0.5809554500976976
268.2520873186899,-53.66717112140264,2.489178251847554,3.7091496713362337,-17.12090854276667,-0.6049658310293263
268.2689389440602,-53.667520895278855,2.4893046645072303,3.711610004208357,-17.118257384985846,-0.6287566723533159
268.2857892350242,-53.667874229040876,2.489430957029861,3.714068870187153,-17.115605597391514,-0.6523281857958774
268.30263820010674,-53.66823111091199,2.489557129553251,3.7165262738417546,-17.112953183302878,-0.6756805830832385
268.319485847814,-53.6685915291121,2.489683182215203,3.718982219738791,-17.110300146036387,-0.6988140759418631
268.3363321866321,-53.66895547185768,2.489809115153521,3.7214367124421215,-17.107646488905736,-0.7217288760979452
268.3531772250281,-53.66932292736184,2.4899349285060124,3.72388975651306,-17.104992215221877,-0.7444251952779147
268.3700209714497,-53.66969388383428,2.4900606224104775,3.7263413565102694,-17.10233732829301,-0.7669032452079322
268.38686343432494,-53.6700683294813,2.4901861970047223,3.72879151698973,-17.099681831424622,-0.7891632376143939
268.40370462206295,-53.670446252505876,2.4903116524265534,3.7312402425049114,-17.097025727919384,-0.8112053842235614
268.4205445430531,-53.67082764110754,2.490436988813772,3.7336875376065617,-17.09436902107733,-0.8330298967618477
268.4373832056656,-53.67121248348253,2.490562206304182,3.73613340684285,-17.091711714195696,-0.8546369869554301
268.4542206182514,-53.671600767823676,2.490687305035589,3.7385778547593462,-17.08905381056899,-0.8760268665307556
268.4710567891418,-53.67199248232052,2.490812285145798,3.741020885898966,-17.086395313489028,-0.8971997472139508
268.48789172664925,-53.67238761515923,2.490937146772613,3.743462504802072,-17.083736226244856,-0.9181558407314626
268.50472543906636,-53.67278615452264,2.4910618900538366,3.745902716006367,-17.081076552122838,-0.9388953588095356
268.5215579346666,-53.67318808859024,2.491186515127275,3.7483415240469276,-17.078416294406605,-0.9594185131745662
268.5383892217044,-53.67359340553824,2.4913110221307315,3.7507789334563357,-17.075755456377056,-0.9797255155527483
268.55521930841445,-53.674002093539556,2.4914354112020103,3.7532149487644593,-17.073094041312405,-0.999816577670428
268.57204820301223,-53.67441414076373,2.4915596824789157,3.7556495744986025,-17.070432052488158,-1.0196919112539844
268.5888759136942,-53.67482953537707,2.491683836099252,3.758082815183516,-17.067769493177078,-1.0393517280297297
268.6057024486372,-53.6752482655426,2.4918078722008246,3.760514675341316,-17.065106366649253,-1.058796239723774
268.62252781599886,-53.67567031941997,2.4919317909214365,3.7629451594915144,-17.062442676172076,-1.0780256580626648
268.63935202391764,-53.67609568516571,2.492055592398892,3.765374272151098,-17.059778425010215,-1.097040194772546
268.65617508051247,-53.676524350932944,2.4921792767709956,3.7678020178343945,-17.057113616425685,-1.1158400615798139
268.6729969938832,-53.67695630487162,2.4923028441755526,3.7702284010531972,-17.05444825367776,-1.1344254702107297
268.6898177721104,-53.67739153512838,2.492426294750365,3.7726534263167233,-17.051782340023077,-1.152796632391707
268.70663742325524,-53.67783002984666,2.492549628633239,3.7750770981315593,-17.049115878715526,-1.1709537598488553
268.72345595535967,-53.678271777166664,2.4926728459619785,3.777499421001777,-17.046448873006373,-1.1888970643087058
268.7402733764464,-53.678716765225325,2.492795946874388,3.7799203994288333,-17.043781326144174,-1.2066267574974865
268.7570896945188,-53.67916498215638,2.4929189315082705,3.7823400379116254,-17.041113241374813,-1.2241430511413744
268.77390491756114,-53.679616416090354,2.4930418000014303,3.784758340946521,-17.0384446219415,-1.24144615696685
268.7907190535383,-53.68007105515456,2.4931645524916735,3.787175313027249,-17.03577547108477,-1.2585362867001415
268.80753211039587,-53.68052888747309,2.493287189116803,3.7895909586450225,-17.033105792042498,-1.2754136520675945
268.8243440960604,-53.68098990116688,2.493409710014624,3.7920052822885033,-17.030435588049883,-1.2920784647954702
268.8411550184388,-53.681454084353625,2.4935321153229397,3.794418288443742,-17.02776486233948,-1.3085309366101316
268.85796488541945,-53.68192142514791,2.4936544051795555,3.796829981594319,-17.025093618141145,-1.3247712792378399
268.8747737048707,-53.68239191166109,2.4937765797222746,3.7992403662211642,-17.022421858682122,-1.3407997044048907
268.891581484642,-53.68286553200137,2.493898639088902,3.801649446802695,-17.01974958718698,-1.356616423837663
268.90838823256377,-53.68334227427382,2.49402058341724,3.8040572278148215,-17.017076806877643,-1.3722216492624524
268.92519395644695,-53.68382212658033,2.4941424128450964,3.806463713730844,-17.01440352097335,-1.3876155924055034
268.9419986640832,-53.68430507701965,2.4942641275102733,3.8088689090215264,-17.011729732690764,-1.4027984649932121
268.9588023632453,-53.68479111368742,2.4943857275505747,3.8112728181551554,-17.00905544524384,-1.4177704787518233
268.97560506168657,-53.68528022467612,2.494507213103806,3.813675445597411,-17.006380661843913,-1.4325318454075988
268.99240676714084,-53.68577239807511,2.4946285843077702,3.8160767958114006,-17.003705385699725,-1.4470827766869852
269.00920748732347,-53.68626762197067,2.494749841300273,3.8184768732578305,-17.00102962001729,-1.4614234843161091
269.0260072299299,-53.68676588444592,2.494870984219118,3.82087568239473,-16.99835336800008,-1.4755541800215186
269.04280600263684,-53.68726717358093,2.4949920132021086,3.8232732276776984,-16.995676632848884,-1.4894750755293404
269.0596038131015,-53.68777147745264,2.495112928387051,3.825669513559756,-16.992999417761887,-1.5031863825658867
269.076400668962,-53.68827878413489,2.495233729911748,3.8280645444913755,-16.990321725934642,-1.5166883128575703
269.0931965778373,-53.68878908169852,2.495354417914004,3.8304583249205897,-16.98764356056008,-1.5299810781306193
269.1099915473273,-53.68930235821122,2.4954749925316237,3.8328508592928356,-16.984964924828525,-1.5430648901113626
269.12678558501227,-53.68981860173762,2.4955954539024114,3.835242152051024,-16.982285821927668,-1.5559399605260953
269.14357869845384,-53.69033780033933,2.495715802164171,3.837632207635613,-16.9796062550426,-1.56860650110118
269.1603708951941,-53.69085994207489,2.495836037454707,3.8400210304844955,-16.976926227355783,-1.5810647235628446
269.177162182756,-53.6913850149998,2.495956159911824,3.8424086250330456,-16.974245742047103,-1.593314839637418
269.19395256864345,-53.691913007166505,2.4960761696733247,3.8447949957141665,-16.971564802293813,-1.6053570610512962
269.210742060341,-53.69244390662444,2.496196066877016,3.8471801469581934,-16.968883411270575,-1.617191599530657
269.22753066531436,-53.69297770142002,2.4963158516607,3.849564083193042,-16.96620157214944,-1.62881866680193
269.24431839100976,-53.69351437959664,2.496435524162182,3.8519468088440334,-16.963519288099885,-1.64023847459136
269.2611052448542,-53.694053929194666,2.4965550845192657,3.8543283283340295,-16.96083656228877,-1.6514512346251748
269.2778912342559,-53.69459633825151,2.4966745328697555,3.8567086460834,-16.958153397880366,-1.662457158629855
269.2946763666036,-53.695141594801534,2.496793869351457,3.859087766509994,-16.955469798036365,-1.6732564583315779
269.31146064926685,-53.69568968687613,2.4969130941021715,3.8614656940291376,-16.952785765915873,-1.6838493454567396
269.32824408959635,-53.696240602503764,2.4970322072597058,3.863842433053756,-16.950101304675403,-1.6942360317315681
269.3450266949234,-53.69679432970984,2.497151208961864,3.866217987994191,-16.94741641746888,-1.7044167288824597
269.36180847256,-53.69735085651684,2.4972700993464496,3.868592363258299,-16.944731107447666,-1.7143916486357431
269.37858942979955,-53.69791017094433,2.4973888785512663,3.8709655632515343,-16.94204537776054,-1.7241610027175114
269.3953695739157,-53.69847226100885,2.4975075467141203,3.873337592376764,-16.939359231553706,-1.7337250028542959
269.4121489121634,-53.699037114724035,2.4976261039728143,3.8757084550344434,-16.93667267197079,-1.743083860772257
269.42892745177807,-53.69960472010056,2.497744550465153,3.878078155622497,-16.933985702152867,-1.7522377881978917
269.44570519997626,-53.7001750651462,2.497862886328941,3.880446698536371,-16.931298325238437,-1.7611869968572935
269.4624821639553,-53.70074813786578,2.4979811117019817,3.8828140881690847,-16.92861054436343,-1.7699316984769426
269.4792583508935,-53.701323926261225,2.49809922672208,3.885180328911147,-16.92592236266122,-1.7784721047830334
269.49603376794965,-53.70190241833154,2.4982172315270406,3.887545425150553,-16.923233783262624,-1.786808427501861
269.51280842226384,-53.702483602072824,2.4983351262546662,3.889909381272906,-16.920544809295897,-1.794940878359855
269.5295823209568,-53.7030674654783,2.498452911042764,3.8922722016612727,-16.917855443886747,-1.8028696690832609
269.54635547113025,-53.703653996538264,2.498570586029135,3.89463389069632,-16.915165690158336,-1.810595011398373
269.56312787986667,-53.70424318324019,2.498688151351585,3.8969944527561764,-16.912475551231253,-1.8181171170315042
269.5798995542293,-53.7048350135686,2.4988056071479186,3.8993538922165265,-16.90978503022358,-1.8254361977089997
269.5966705012626,-53.705429475505234,2.4989229535559385,3.9017122134506366,-16.907094130250826,-1.8325524651570706
269.6134407279917,-53.706026557028906,2.4990401907134516,3.9040694208292765,-16.904402854425943,-1.8394661311021132
269.63021024142233,-53.70662624611558,2.4991573187582605,3.9064255187207175,-16.901711205859407,-1.846177407270507
269.6469790485417,-53.70722853073842,2.4992743378281683,3.9087805114908836,-16.899019187659093,-1.8526865053883954
269.66374715631747,-53.70783339886773,2.4993912480609826,3.9111344035031506,-16.89632680293037,-1.8589936371821751
269.6805145716981,-53.708440838470935,2.4995080495945046,3.9134871991184377,-16.89363405477609,-1.8650990143781072
269.6972813016133,-53.709050837512706,2.4996247425665397,3.9158389026952993,-16.890940946296542,-1.8710028487025376
269.7140473529733,-53.70966338395484,2.499741327114892,3.9181895185897457,-16.88824748058952,-1.876705351881829
269.73081273266956,-53.71027846575636,2.499857803377366,3.92053905115543,-16.885553660750272,-1.8822067356421923
269.74757744757414,-53.71089607087346,2.499974171491766,3.9228875047434966,-16.882859489871528,-1.8875072117099563
269.76434150453997,-53.71151618725954,2.500090431595896,3.925234883702634,-16.880164971043513,-1.89260699181145
269.78110491040115,-53.71213880286522,2.50020658382756,3.9275811923791544,-16.877470107353933,-1.8975062876730528
269.7978676719725,-53.71276390563832,2.500322628324564,3.9299264351168994,-16.87477490188795,-1.9022053110209423
269.8146297960495,-53.7133914835239,2.5004385652247105,3.932270616257229,-16.87207935772827,-1.9067042735814468
269.8313912894088,-53.71402152446423,2.5005543946658033,3.934613740139154,-16.86938347795503,-1.9110033870809968
269.8481521588081,-53.71465401639884,2.500670116785649,3.936955811099195,-16.86668726564589,-1.9151028632457525
269.86491241098537,-53.71528894726449,2.5007857317220497,3.9392968334714187,-16.863990723876014,-1.9190029138020934
269.8816720526601,-53.71592630499519,2.50090123961281,3.9416368115875344,-16.861293855718042,-1.922703750476382
269.8984310905323,-53.71656607752221,2.501016640595736,3.9439757497767465,-16.858596664242132,-1.9262055849947957
269.91518953128315,-53.717208252774086,2.50113193480863,3.9463136523659164,-16.855899152515917,-1.9295086290837478
269.93194738157445,-53.71785281867662,2.5012471223892967,3.948650523679411,-16.853201323604573,-1.932613094469533
269.9487046480489,-53.718499763152884,2.5013622034755403,3.950986368039166,-16.85050318057076,-1.9355191928784639
269.9654613373304,-53.71914907412328,2.5014771782051657,3.9533211897647917,-16.847804726474642,-1.9382271360367345
269.98221745602336,-53.719800739505466,2.501592046715977,3.9556549931733613,-16.845105964373907,-1.9407371356707577
269.9989730107132,-53.720454747214355,2.5017068091457775,3.9579877825795866,-16.842406897323773,-1.9430494035068961
270.0157280079665,-53.72111108516226,2.5018214656323727,3.9603195622957914,-16.83970752837692,-1.945164151271361
270.03248245433036,-53.72176974125876,2.5019360163135675,3.96265033663183,-16.83700786058359,-1.947081590690481
270.04923635633287,-53.72243070341072,2.5020504613271637,3.964980109895157,-16.83430789699156,-1.9488019334905853
270.06598972048323,-53.72309395952241,2.5021648008109674,3.967308886390862,-16.831607640646094,-1.9503253913979521
270.0827425532712,-53.72375949749535,2.502279034902782,3.9696366704215507,-16.82890709458999,-1.9516521761389607
270.0994948611678,-53.72442730522848,2.502393163740413,3.9719634662875003,-16.82620626186359,-1.9527824994397718
270.1162466506245,-53.72509737061801,2.502507187461663,3.9742892782865167,-16.823505145504747,-1.9537165730269164
270.132997928074,-53.72576968155756,2.5026211062043378,3.976614110714027,-16.820803748548855,-1.9544546086264873
270.14974869992994,-53.72644422593809,2.5027349201062408,3.9789379678630947,-16.818102074028843,-1.9549968179649149
270.16649897258645,-53.72712099164794,2.5028486293051766,3.9812608540243066,-16.815400124975184,-1.9553434127684266
270.1832487524189,-53.727799966572796,2.5029622339389492,3.9835827734858746,-16.812697904415884,-1.9554946047634358
270.1999980457835,-53.72848113859576,2.503075734145363,3.9859037305336775,-16.80999541537647,-1.9554506056761534
270.2167468590174,-53.72916449559731,2.503189130062223,3.988223729451136,-16.807292660880037,-1.9552116272329925
270.2334951984383,-53.72985002545531,2.503302421827332,3.9905427745192537,-16.80458964394724,-1.9547778811601642
270.2502430703451,-53.73053771604504,2.5034156095784956,3.9928608700167114,-16.801886367596243,-1.9541495791839973
