galstreams/tracks/track.st.AAU-ATLAS.ibata2021.ecsv
# %ECSV 1.0
# ---
# datatype:
# - {name: ra, unit: deg, datatype: float64}
# - {name: dec, unit: deg, datatype: float64}
# - {name: distance, unit: kpc, datatype: float64}
# - {name: pm_ra_cosdec, unit: mas / yr, datatype: float64}
# - {name: pm_dec, unit: mas / yr, datatype: float64}
# - {name: radial_velocity, unit: km / s, datatype: float64}
# delimiter: ','
# meta: !!omap
# - __serialized_columns__:
#     dec:
#       __class__: astropy.coordinates.angles.Latitude
#       unit: &id001 !astropy.units.Unit {unit: deg}
#       value: !astropy.table.SerializedColumn {name: dec}
#     distance:
#       __class__: astropy.coordinates.distances.Distance
#       unit: !astropy.units.Unit {unit: kpc}
#       value: !astropy.table.SerializedColumn {name: distance}
#     pm_dec:
#       __class__: astropy.units.quantity.Quantity
#       unit: !astropy.units.Unit {unit: mas / yr}
#       value: !astropy.table.SerializedColumn {name: pm_dec}
#     pm_ra_cosdec:
#       __class__: astropy.units.quantity.Quantity
#       unit: !astropy.units.Unit {unit: mas / yr}
#       value: !astropy.table.SerializedColumn {name: pm_ra_cosdec}
#     ra:
#       __class__: astropy.coordinates.angles.Longitude
#       unit: *id001
#       value: !astropy.table.SerializedColumn {name: ra}
#       wrap_angle: !astropy.coordinates.Angle
#         unit: *id001
#         value: 360.0
#     radial_velocity:
#       __class__: astropy.units.quantity.Quantity
#       unit: !astropy.units.Unit {unit: km / s}
#       value: !astropy.table.SerializedColumn {name: radial_velocity}
# schema: astropy-2.0
ra,dec,distance,pm_ra_cosdec,pm_dec,radial_velocity
[from data line 1510]
31.83590630290289,-33.59460732497274,24.089226370711035,0.11746271856050744,-0.7303850767305398,-41.91763757099026
31.846498459114326,-33.59935067385997,24.081822211815997,0.11794496648842848,-0.7305141328609552,-41.807185138477465
31.857093302648433,-33.60409111465338,24.074388426548683,0.11842791218904347,-0.7306434044332122,-41.69658054616839
31.86769083571857,-33.60882864328483,24.066924974267653,0.11891155641252363,-0.7307728908819269,-41.58582366020017
31.878291060535975,-33.61356325568515,24.0594318143315,0.11939589990892913,-0.7309025916412201,-41.47491434670989
31.88889397930981,-33.61829494778416,24.0519089060988,0.11988094342821096,-0.7310325061447174,-41.36385247183471
31.89949959424711,-33.62302371551054,24.044356208928136,0.12036668772020884,-0.7311626338255481,-41.252637901711786
31.910107907552813,-33.62774955479201,24.036773682178087,0.12085313353465174,-0.7312929741163459,-41.141270502478214
31.920718921429746,-33.6324724615552,24.029161285207234,0.12134028162115784,-0.7314235264492471,-41.02975014027114
31.931332638078615,-33.637192431725694,24.021518977374168,0.12182813272923373,-0.7315542902558914,-40.91807668122769
31.941949059698,-33.64190946122806,24.013846718037463,0.12231668760827405,-0.731685264967421,-40.80624999148494
31.952568188484378,-33.64662354598575,24.006144466555696,0.12280594700756176,-0.7318164500144804,-40.694269937180096
31.96319002663207,-33.651334681921234,23.998412182287456,0.12329591167626774,-0.7319478448272161,-40.582136384450244
31.973814576333297,-33.656042864955886,23.99064982459132,0.12378658236344947,-0.7320794488352751,-40.469849199432566
31.98444183977813,-33.66074809101006,23.98285735282587,0.12427795981805281,-0.7322112614678062,-40.357408248264086
31.995071819154482,-33.66545035600305,23.9750347263497,0.12477004478890885,-0.7323432821534587,-40.244813397082034
32.00570451664817,-33.670149655853095,23.967181904521375,0.12526283802473673,-0.7324755103203822,-40.13206451202348
32.01633993444286,-33.67484598647737,23.959298846699475,0.12575634027414073,-0.7326079453962255,-40.019161459225586
32.02697807472001,-33.67953934379204,23.951385512242588,0.12625055228561174,-0.7327405868081375,-39.90610410482546
32.037618939659,-33.68422972371218,23.943441860509303,0.12674547480752557,-0.7328734339827658,-39.792892314960234
32.048262531437004,-33.68891712215182,23.93546785085818,0.1272411085881444,-0.7330064863462569,-39.67952595576705
32.05890885222907,-33.69360153502395,23.927463442647827,0.12773745437561418,-0.7331397433242547,-39.56600489338303
32.06955790420805,-33.698282958240505,23.919428595236802,0.12823451291796678,-0.7332732043419026,-39.45232899394529
32.080209689544645,-33.70296138771237,23.911363267983713,0.12873228496311756,-0.7334068688238398,-39.338498123590966
32.09086421040742,-33.70763681934936,23.90326742024711,0.12923077125886642,-0.7335407361942035,-39.224512148457194
32.10152146896269,-33.712309249060255,23.89514101138559,0.1297299725528974,-0.7336748058766274,-39.11037093468108
32.112181467374654,-33.716978672752774,23.886984000757735,0.13022988959277704,-0.7338090772942412,-38.99607434839977
32.12284420780532,-33.72164508633358,23.87879634772213,0.13073052312595643,-0.7339435498696703,-38.881622255750415
32.133509692414485,-33.72630848570828,23.870578011637345,0.13123187389976834,-0.7340782230250367,-38.76701452287012
32.14417792335977,-33.73096886678146,23.862328951861976,0.13173394266142865,-0.7342130961819565,-38.65225101589601
32.1548489027966,-33.7356262254566,23.854049127754585,0.13223673015803553,-0.7343481687615409,-38.5373316009652
32.16552263287825,-33.740280557636154,23.845738498673775,0.13274023713656993,-0.7344834401843948,-38.42225614421484
32.17619911575571,-33.744931859221516,23.837397023978106,0.13324446434389237,-0.7346189098706184,-38.30702451178206
32.18687835357782,-33.74958012611303,23.829024663026185,0.13374941252674663,-0.7347545772398038,-38.19163656980402
32.19756034849121,-33.754225354209986,23.820621375176565,0.13425508243175735,-0.7348904417110376,-38.07609218441777
32.20824510264028,-33.75886753941059,23.812187119787847,0.13476147480542877,-0.7350265027028979,-37.96039122176048
32.21893261816724,-33.76350667761202,23.803721856218612,0.13526859039414665,-0.7351627596334563,-37.84453354796931
32.22962289721207,-33.768142764710426,23.795225543827424,0.13577642994417652,-0.7352992119202761,-37.72851902918133
32.24031594191249,-33.77277579660082,23.786698141972884,0.13628499420166346,-0.7354358589804114,-37.612347531533715
32.251011754404075,-33.777405769177236,23.77813961001356,0.13679428391263246,-0.7355727002304083,-37.49601892116357
32.261710336820094,-33.7820326783326,23.769549907308043,0.1373042998229873,-0.7357097350863036,-37.37953306420803
32.27241169129163,-33.78665651995882,23.760928993214915,0.13781504267851147,-0.7358469629636242,-37.26288982680424
32.2831158199475,-33.791277289946706,23.752276827092746,0.13832651322486558,-0.7359843832773876,-37.14608907508931
32.29382272491429,-33.79589498418604,23.74359336830012,0.13883871220758992,-0.7361219954420999,-37.029130675200335
32.30453240831635,-33.80050959856554,23.734878576195626,0.13935164037210154,-0.7362597988717573,-36.9120144932745
32.315244872275755,-33.80512112897286,23.72613241013785,0.13986529846369566,-0.7363977929798443,-36.79474039544891
32.32596011891238,-33.80972957129459,23.717354829485362,0.14037968722754515,-0.7365359771793346,-36.67730824786072
32.33667815034377,-33.81433492141629,23.708545793596738,0.1408948074086989,-0.7366743508826895,-36.559717916646974
32.34739896868527,-33.81893717522241,23.699705261830577,0.1414106597520832,-0.7368129135018577,-36.44196926794493
32.35812257604994,-33.82353632859638,23.69083319354545,0.14192724500250015,-0.7369516644482752,-36.32406216789163
32.36884897454857,-33.82813237742057,23.681929548099937,0.14244456390462854,-0.7370906031328659,-36.205996482624215
32.379578166289676,-33.83272531757627,23.672994284852624,0.1429626172030222,-0.7372297289660388,-36.0877720782798
32.390310153379524,-33.83731514494374,23.66402736316209,0.14348140564211043,-0.73736904135769,-35.96938882099556
32.401044937922066,-33.841901855402135,23.65502874238692,0.1440009299661979,-0.7375085397172012,-35.850846576908594
32.411782522019,-33.84648544482958,23.645998381885686,0.14452119091946367,-0.7376482234534386,-35.73214521215602
32.42252290776971,-33.851065909103156,23.636936241016972,0.14504218924596096,-0.737788091974755,-35.61328459287498
32.433266097271314,-33.85564324409882,23.627842279139376,0.14556392568961823,-0.7379281446889856,-35.4942645852026
32.444012092618635,-33.86021744569155,23.61871645561146,0.1460864009942362,-0.738068381003452,-35.375085055276
32.45476089590416,-33.86478850975518,23.609558729791818,0.1466096159034893,-0.7382088003249575,-35.2557458692324
32.46551250921815,-33.86935643216256,23.60036906103901,0.14713357116092607,-0.738349402059791,-35.136246893208764
32.476266934648486,-33.87392120878542,23.59114740871164,0.14765826750996716,-0.7384901856137225,-35.016587993342306
32.48702417428078,-33.878482835494445,23.58189373216829,0.14818370569390515,-0.7386311503920056,-34.89676903577019
32.497784230198306,-33.883041308159264,23.57260799076753,0.1487098864559052,-0.7387722957993754,-34.77678988662952
32.50854710448205,-33.88759662264844,23.56329014386794,0.14923681053900437,-0.7389136212400502,-34.65665041205739
32.51931279921066,-33.89214877482948,23.553940150828105,0.14976447868611126,-0.7390551261177283,-34.53635047819093
32.53008131646047,-33.896697760568806,23.54455797100661,0.15029289164000517,-0.7391968098355903,-34.41588995116732
32.540852658305454,-33.901243575731804,23.535143563762038,0.15082205014333594,-0.7393386717962964,-34.29526869712366
32.551626826817305,-33.90578621618277,23.52569688845296,0.15135195493862494,-0.7394807114019877,-34.17448658219708
32.56240382406533,-33.910325677784954,23.516217904437966,0.15188260676826262,-0.7396229280542853,-34.053543472524694
32.57318365211654,-33.91486195640054,23.506706571075632,0.15241400637450933,-0.7397653211542896,-33.93243923424364
32.583966313035575,-33.91939504789063,23.497162847724546,0.1529461544994958,-0.73990789010258,-33.81117373349105
32.594751808884716,-33.923924948115285,23.487586693743292,0.15347905188522026,-0.7400506342992148,-33.68974683640408
32.60554014172395,-33.928451652933504,23.477978068490426,0.1540126992735516,-0.7401935531437316,-33.56815840911978
32.61633131361083,-33.93297515820317,23.46833693132456,0.15454709740622516,-0.7403366460351442,-33.44640831777537
32.62712532660063,-33.93749545978118,23.458663241604267,0.1550822470248464,-0.7404799123719451,-33.32449642850792
32.63792218274617,-33.9420125535233,23.448956958688118,0.15561814887088687,-0.7406233515521043,-33.20242260745459
32.64872188409799,-33.946526435284255,23.439218041934705,0.15615480368568646,-0.7407669629730679,-33.08018672075247
32.65952443270422,-33.951037100917695,23.429446450702613,0.15669221221045157,-0.7409107460317588,-32.95778863453875
32.670329830610605,-33.95554454627622,23.41964214435041,0.15723037518625627,-0.741054700124576,-32.835228214950526
32.681138079860546,-33.960048767211354,23.409805082236684,0.1577692933540401,-0.7411988246473942,-32.712505328124905
32.69194918249502,-33.964549759573565,23.39993522372001,0.15830896745460887,-0.7413431189955633,-32.58961984019899
32.70276314055265,-33.96904751921222,23.390032528158983,0.15884939822863434,-0.741487582563908,-32.466571617310024
32.71357995606966,-33.97354204197565,23.38009695491218,0.15939058641665357,-0.7416322147467278,-32.343360525595045
32.724399631079876,-33.97803332371111,23.370128463338173,0.15993253275906855,-0.7417770149377965,-32.21998643119121
32.73522216761472,-33.9825213602648,23.36012701279555,0.16047523799614627,-0.7419219825303609,-32.09644920023561
32.74604756770324,-33.98700614748183,23.350092562642892,0.16101870286801784,-0.7420671169171427,-31.97274869886541
32.75687583337205,-33.991487681206245,23.34002507223878,0.16156292811467787,-0.7422124174903344,-31.84888479321771
32.76770696664535,-33.99596595728103,23.3299245009418,0.16210791447598571,-0.7423578836416029,-31.7248573494297
32.778540969544956,-34.0004409715481,23.31979080811053,0.16265366269166293,-0.7425035147620872,-31.60066623363847
32.789377844090254,-34.00491271984831,23.309623953103543,0.1632001735012952,-0.7426493102423972,-31.47631131198113
32.80021759229819,-34.00938119802142,23.29942389527943,0.1637474476443293,-0.7427952694726154,-31.35179245059484
32.8110602161833,-34.01384640190614,23.289190593996775,0.16429548586007547,-0.7429413918422942,-31.227109515616732
32.821905717757716,-34.018308327340115,23.27892400861415,0.16484428888770583,-0.7430876767404578,-31.102262373183898
32.8327540990311,-34.022766970159914,23.268624098490143,0.1653938574662535,-0.7432341235556004,-30.977250889433463
32.84360536201068,-34.02722232620103,23.258290822983337,0.16594419233461286,-0.743380731675686,-30.85207493050261
32.85445950870127,-34.03167439129787,23.2479241414523,0.16649529423153994,-0.7435275004881482,-30.7267343625284
32.8653165411052,-34.036123161283825,23.237524013255637,0.16704716389565005,-0.7436744293798896,-30.601229051648026
32.8761764612224,-34.04056863199115,23.2270903977519,0.1675998020654194,-0.7438215177372827,-30.475558863998597
32.88703927105031,-34.0450107992511,23.216623254299698,0.168153209479184,-0.743968764946167,-30.349723665717203
32.8979049725839,-34.04944965889378,23.206122542257596,0.16870738687513903,-0.7441161703918511,-30.223723322941044
32.90877356781575,-34.05388520674828,23.19558822098418,0.16926233499133897,-0.7442637334591105,-30.09755770180721
32.919645058735895,-34.05831743864259,23.185020249838033,0.1698180545656972,-0.7444114535321888,-29.971226668452797
32.93051944733194,-34.06274635040366,23.174418588177733,0.17037454633598453,-0.7445593299947961,-29.84473008901499
32.94139673558904,-34.06717193785734,23.16378319536185,0.1709318110398318,-0.744707362230109,-29.718067829630808
32.95227692548982,-34.0715941968284,23.15311403074899,0.1714898494147249,-0.7448555496207705,-29.591239756437528
32.963160019014445,-34.07601312314056,23.14241105369773,0.17204866219800857,-0.745003891548889,-29.46424573557226
32.974046018140626,-34.08042871261649,23.131674223566637,0.1726082501268845,-0.745152387396039,-29.337085633172013
32.98493492484356,-34.084840961077724,23.120903499714295,0.17316861393841096,-0.7453010365432597,-29.209759315374022
32.99582674109594,-34.08924986434476,23.110098841499294,0.17372975436950172,-0.7454498383710545,-29.082266648315404
33.00672146886798,-34.09365541823704,23.099260208280214,0.1742916721569269,-0.7455987922593919,-28.954607498133225
33.017619110127406,-34.0980576185729,23.088387559415633,0.17485436803731233,-0.7457478975877039,-28.826781730964687
33.02851966683942,-34.102456461169616,23.07748085426412,0.17541784274713873,-0.7458971537348864,-28.698789212946835
33.03942314096671,-34.10685194184339,23.06654005218429,0.17598209702274137,-0.7460465600792973,-28.570629810216886
33.05032953446947,-34.11124405640935,23.05556511253469,0.17654713160031,-0.7461961159987592,-28.442303388911938
33.061238849305376,-34.11563280068157,23.044555994673917,0.17711294721588877,-0.7463458208705553,-28.313809815169105
33.07215108742956,-34.12001817047299,23.033512657960554,0.17767954460537502,-0.7464956740714326,-28.185148955125534
33.08306625079467,-34.12440016159554,23.022435061753175,0.17824692450452007,-0.746645674977598,-28.05632067491835
33.09398434135078,-34.128778769860055,23.011323165410364,0.17881508764892728,-0.7467958229647207,-27.927324840684665
33.104905361045496,-34.13315399107628,23.000176928290703,0.17938403477405332,-0.746946117407931,-27.79816131856161
33.1158293118238,-34.13752582105289,22.988996309752782,0.17995376661520676,-0.7470965576818187,-27.66882997468634
33.126756195628225,-34.14189425559751,22.977781269155166,0.1805242839075481,-0.7472471431604354,-27.539330675195906
33.13768601439869,-34.146259290516646,22.96653176585645,0.1810955873860891,-0.7473978732172912,-27.40966328622756
33.14861877007259,-34.15062092161577,22.955247759215208,0.18166767778569262,-0.7475487472253557,-27.27982767391835
33.15955446458479,-34.154979144699254,22.94392920859002,0.1822405558410725,-0.7476997645570588,-27.14982370440545
33.170493099867564,-34.159333955570396,22.932576073339472,0.1828142222867926,-0.7478509245842875,-27.019651243825912
33.18143467785065,-34.163685350031436,22.921188312822146,0.18338867785726723,-0.7480022266783881,-26.889310158316935
33.19237920046122,-34.16803332388351,22.909765886396624,0.1839639232867598,-0.7481536702101642,-26.75880031401563
33.20332666962385,-34.1723778729267,22.89830875342148,0.18453995930938336,-0.7483052545498783,-26.628121577059126
33.214277087260584,-34.176718992960005,22.8868168732553,0.18511678665909925,-0.7484569790672484,-26.4972738135845
33.22523045529085,-34.18105667978132,22.875290205256672,0.18569440606971782,-0.7486088431314504,-26.36625688972897
33.23618677563154,-34.18539092918752,22.863728708784162,0.18627281827489728,-0.7487608461111166,-26.235070671629625
33.24714605019692,-34.18972173697436,22.85213234319637,0.18685202400814369,-0.748912987374335,-26.10371502542356
33.258108280898675,-34.19404909893651,22.840501067851864,0.18743202400280973,-0.7490652662886497,-25.97218981724798
33.26907346964593,-34.198373010867606,22.828834842109227,0.18801281899209665,-0.7492176822210601,-25.840494913239944
33.280041618345194,-34.20269346856017,22.817133625327042,0.18859440970905098,-0.7493702345380208,-25.708630179536602
33.29101272890035,-34.20701046780565,22.805397376863898,0.1891767968865653,-0.7495229226054402,-25.576595482275096
33.3019868032127,-34.211324004394434,22.79362605607836,0.18975998125737908,-0.7496757457886825,-25.444390687592485
33.31296384318095,-34.21563407411581,22.78181962232902,0.19034396355407615,-0.7498287034525637,-25.31201566162601
