galstreams/tracks/track.st.Gaia-1.ibata2021.ecsv
# %ECSV 0.9
# ---
# datatype:
# - {name: ra, unit: deg, datatype: float64}
# - {name: dec, unit: deg, datatype: float64}
# - {name: distance, unit: kpc, datatype: float64}
# - {name: pm_ra_cosdec, unit: mas / yr, datatype: float64}
# - {name: pm_dec, unit: mas / yr, datatype: float64}
# - {name: radial_velocity, unit: km / s, datatype: float64}
# delimiter: ','
# meta: !!omap
# - __serialized_columns__:
#     dec:
#       __class__: astropy.coordinates.angles.Latitude
#       unit: &id001 !astropy.units.Unit {unit: deg}
#       value: !astropy.table.SerializedColumn {name: dec}
#     distance:
#       __class__: astropy.coordinates.distances.Distance
#       unit: !astropy.units.Unit {unit: kpc}
#       value: !astropy.table.SerializedColumn {name: distance}
#     pm_dec:
#       __class__: astropy.units.quantity.Quantity
#       unit: !astropy.units.Unit {unit: mas / yr}
#       value: !astropy.table.SerializedColumn {name: pm_dec}
#     pm_ra_cosdec:
#       __class__: astropy.units.quantity.Quantity
#       unit: !astropy.units.Unit {unit: mas / yr}
#       value: !astropy.table.SerializedColumn {name: pm_ra_cosdec}
#     ra:
#       __class__: astropy.coordinates.angles.Longitude
#       unit: *id001
#       value: !astropy.table.SerializedColumn {name: ra}
#       wrap_angle: !astropy.coordinates.Angle
#         unit: *id001
#         value: 360.0
#     radial_velocity:
#       __class__: astropy.units.quantity.Quantity
#       unit: !astropy.units.Unit {unit: km / s}
#       value: !astropy.table.SerializedColumn {name: radial_velocity}
# schema: astropy-2.0
ra,dec,distance,pm_ra_cosdec,pm_dec,radial_velocity
[from data line 1487]
191.68767294422182,-8.438934673447996,5.102424894203048,-14.409931017445967,-19.854952129289458,1.6841534259744677e-13
191.6935046912519,-8.43076312199276,5.102473483313738,-14.411349432919376,-19.856752784288982,2.694645481559148e-13
191.6993364985789,-8.422591702399329,5.102521891187904,-14.412767748480722,-19.858552165721356,1.0946997268834039e-13
191.70516836618805,-8.414420414560936,5.102570117536713,-14.41418596411247,-19.860350273491505,2.2736071250655313e-13
191.7110002940645,-8.406249258371032,5.10261816207133,-14.415604079796987,-19.862147107504377,2.442022467662978e-13
191.71683228219348,-8.398078233722904,5.102666024502924,-14.417022095516527,-19.863942667664954,1.5999457546757442e-13
191.72266433056018,-8.389907340510005,5.102713704542665,-14.418440011253237,-19.86573695387821,1.6841534259744677e-13
191.7284964391497,-8.38173657862582,5.102761201901715,-14.419857826989164,-19.867529966049172,2.020984111169361e-13
191.7343286079473,-8.373565947963714,5.102808516291247,-14.421275542706201,-19.86932170408285,1.1789073981821273e-13
191.7401608369381,-8.36539544841727,5.102855647422425,-14.422693158386192,-19.871112167884295,1.6841534259744677e-13
191.74599312610732,-8.357225079879923,5.102902595006418,-14.424110674010826,-19.87290135735858,1.347322740779574e-13
191.75182547544014,-8.349054842245252,5.102949358754393,-14.425528089561698,-19.87468927241078,1.8525687685719145e-13
191.75765788492168,-8.340884735406878,5.102995938377517,-14.42694540502031,-19.876475912946013,2.2736071250655313e-13
191.7634903545372,-8.332714759258312,5.1030423335869575,-14.428362620368008,-19.878261278869385,2.1893994537668078e-13
191.76932288427182,-8.324544913693268,5.103088544093883,-14.429779735586074,-19.880045370086062,2.442022467662978e-13
191.7751554741107,-8.316375198605304,5.103134569609461,-14.431196750655651,-19.881828186501185,2.1051917824680845e-13
191.78098812403908,-8.308205613888157,5.103180409844856,-14.432613665557797,-19.88360972801996,1.768361097273191e-13
191.78682083404203,-8.30003615943557,5.103226064511239,-14.434030480273425,-19.88538999454757,1.0104920555846805e-13
191.79265360410483,-8.291866835141187,5.103271533319776,-14.43544719478337,-19.88716898598925,1.0104920555846805e-13
191.79848643421252,-8.283697640898868,5.103316815981635,-14.43686380906834,-19.88894670225023,1.347322740779574e-13
191.8043193243504,-8.275528576602305,5.103361912207981,-14.43828032310893,-19.890723143235785,2.610437810260425e-13
191.81015227450354,-8.267359642145358,5.103406821709984,-14.439696736885637,-19.89249830885118,2.442022467662978e-13
191.81598528465716,-8.259190837421919,5.10345154419881,-14.441113050378844,-19.894272199001726,9.262843842859572e-14
191.8218183547964,-8.25102216232576,5.103496079385629,-14.442529263568806,-19.896044813592734,1.9367764398706378e-13
191.8276514849064,-8.242853616750875,5.103540426981606,-14.443945376435689,-19.897816152529554,9.262843842859572e-14
191.83348467497237,-8.234685200591095,5.103584586697909,-14.445361388959546,-19.899586215717537,1.9367764398706378e-13
191.83931792497947,-8.226516913740411,5.103628558245704,-14.446777301120306,-19.901355003062065,1.0946997268834039e-13
191.84515123491278,-8.218348756092855,5.1036723413361615,-14.4481931128978,-19.90312251446854,2.2736071250655313e-13
191.8509846047576,-8.21018072754233,5.103715935680446,-14.449608824271742,-19.904888749842378,1.0946997268834039e-13
191.8568180344989,-8.202012827982964,5.103759340989729,-14.45102443522172,-19.906653709088996,2.2736071250655313e-13
191.86265152412201,-8.193845057308717,5.1038025569751735,-14.452439945727251,-19.908417392113886,1.768361097273191e-13
191.86848507361205,-8.18567741541373,5.1038455833479475,-14.453855355767715,-19.910179798822515,1.9367764398706378e-13
191.87431868295405,-8.17750990219215,5.1038884198192225,-14.455270665322363,-19.91194092912036,2.1893994537668078e-13
191.88015235213334,-8.169342517538025,5.10393106610016,-14.456685874370372,-19.913700782912965,1.9367764398706378e-13
191.88598608113494,-8.161175261345614,5.103973521901933,-14.458100982890796,-19.91545936010585,2.020984111169361e-13
191.89181986994407,-8.153008133509017,5.1040157869357055,-14.459515990862553,-19.91721666060458,1.4315304120782974e-13
191.89765371854588,-8.144841133922496,5.104057860912644,-14.460930898264495,-19.91897268431474,1.6841534259744677e-13
191.90348762692545,-8.136674262480344,5.10409974354392,-14.462345705075315,-19.9207274311419,1.4315304120782974e-13
191.90932159506804,-8.128507519076742,5.104141434540698,-14.463760411273633,-19.92248090099171,1.9367764398706378e-13
191.9151556229587,-8.12034090360603,5.104182933614145,-14.465175016837938,-19.92423309376979,1.8525687685719145e-13
191.9209897105826,-8.112174415962578,5.104224240475432,-14.466589521746604,-19.92598400938178,1.9367764398706378e-13
191.92682385792494,-8.104008056040648,5.104265354835722,-14.468003925977918,-19.927733647733398,1.0946997268834039e-13
191.93265806497075,-8.09584182373471,5.1043062764061835,-14.469418229510035,-19.929482008730314,1.515738083377021e-13
191.93849233170533,-8.087675718939078,5.104347004897988,-14.470832432320988,-19.931229092278237,1.1789073981821273e-13
191.9443266581137,-8.079509741548224,5.104387540022299,-14.472246534388729,-19.93297489828292,1.1789073981821273e-13
191.95016104418102,-8.071343891456657,5.104427881490284,-14.473660535691081,-19.934719426650126,1.347322740779574e-13
191.95599548989247,-8.063178168558762,5.104468029013113,-14.475074436205752,-19.936462677285604,2.1051917824680845e-13
191.96182999523316,-8.055012572749154,5.104507982301948,-14.476488235910358,-19.93820465009519,2.020984111169361e-13
191.96766456018827,-8.046847103922266,5.104547741067964,-14.477901934782372,-19.93994534498467,2.1893994537668078e-13
191.9734991847429,-8.038681761972713,5.104587305022322,-14.479315532799186,-19.941684761859896,1.0946997268834039e-13
191.97933386888218,-8.03051654679513,5.104626673876193,-14.480729029938065,-19.943422900626732,9.262843842859572e-14
191.98516861259125,-8.02235145828404,5.104665847340743,-14.48214242617616,-19.945159761191043,1.0946997268834039e-13
191.99100341585526,-8.014186496334178,5.104704825127141,-14.48355572149052,-19.946895343458735,1.5999457546757442e-13
191.99683827865934,-8.006021660840123,5.104743606946553,-14.484968915858076,-19.94862964733573,1.5999457546757442e-13
192.00267320098865,-7.997856951696617,5.104782192510145,-14.486382009255651,-19.950362672727962,1.5999457546757442e-13
192.00850818282822,-7.989692368798426,5.104820581529086,-14.487795001659961,-19.952094419541396,1.9367764398706378e-13
192.01434322416333,-7.981527912040203,5.104858773714546,-14.489207893047581,-19.95382488768201,2.020984111169361e-13
192.02017832497899,-7.973363581316819,5.104896768777689,-14.490620683395019,-19.9555540770558,1.0946997268834039e-13
192.0260134852604,-7.965199376522978,5.104934566429683,-14.492033372678637,-19.95728198756879,1.4315304120782974e-13
192.03184870499263,-7.957035297553558,5.104972166381698,-14.493445960874691,-19.959008619127015,1.5999457546757442e-13
192.03768398416082,-7.9488713443034555,5.105009568344896,-14.494858447959357,-19.960733971636564,1.9367764398706378e-13
192.04351932275017,-7.940707516667456,5.10504677203045,-14.496270833908644,-19.962458045003494,1.347322740779574e-13
192.0493547207457,-7.932543814540558,5.105083777149524,-14.497683118698488,-19.96418083913391,1.9367764398706378e-13
192.05519017813265,-7.924380237817604,5.105120583413287,-14.499095302304703,-19.96590235393395,1.1789073981821273e-13
192.06102569489602,-7.916216786393593,5.105157190532907,-14.500507384702992,-19.967622589309734,1.515738083377021e-13
192.066861271021,-7.908053460163559,5.105193598219549,-14.501919365868938,-19.969341545167442,2.1893994537668078e-13
192.07269690649272,-7.899890259022416,5.105229806184383,-14.503331245778018,-19.971059221413256,1.0104920555846805e-13
192.07853260129625,-7.891727182865292,5.105265814138575,-14.50474302440561,-19.972775617953392,1.8525687685719145e-13
192.08436835541676,-7.883564231587164,5.105301621793292,-14.506154701726953,-19.974490734694065,2.020984111169361e-13
192.09020416883936,-7.875401405083156,5.105337228859705,-14.507566277717185,-19.976204571541526,1.9367764398706378e-13
192.09604004154914,-7.867238703248436,5.105372635048977,-14.508977752351349,-19.97791712840204,2.1051917824680845e-13
192.10187597353126,-7.859076125978047,5.105407840072277,-14.510389125604345,-19.979628405181902,1.2631150694808508e-13
192.1077119647708,-7.850913673167249,5.105442843640773,-14.511800397450981,-19.98133840178741,9.262843842859572e-14
192.1135480152529,-7.842751344711141,5.105477645465632,-14.513211567865959,-19.98304711812491,1.2631150694808508e-13
192.11938412496266,-7.834589140504993,5.10551224525802,-14.51462263682384,-19.984754554100746,1.347322740779574e-13
192.12522029388515,-7.826427060444083,5.105546642729108,-14.516033604299098,-19.98646070962128,2.2736071250655313e-13
192.1310565220056,-7.818265104423596,5.10558083759006,-14.517444470266083,-19.98816558459292,1.1789073981821273e-13
192.136892809309,-7.810103272338925,5.105614829552046,-14.518855234699043,-19.98986917892207,1.8525687685719145e-13
192.14272915578053,-7.801941564085289,5.10564861832623,-14.5202658975721,-19.99157149251517,2.2736071250655313e-13
192.14856556140532,-7.793779979558085,5.105682203623784,-14.521676458859263,-19.993272525278666,1.0946997268834039e-13
192.15440202616836,-7.785618518652735,5.105715585155871,-14.523086918534455,-19.994972277119047,1.5999457546757442e-13
192.1602385500549,-7.777457181264542,5.105748762633663,-14.524497276571445,-19.9966707479428,1.515738083377021e-13
192.16607513305,-7.769295967288979,5.105781735768322,-14.52590753294392,-19.998367937656457,1.5999457546757442e-13
192.17191177513868,-7.761134876621541,5.105814504271021,-14.527317687625441,-20.000063846166533,2.1893994537668078e-13
192.1777484763062,-7.752973909157613,5.105847067852924,-14.528727740589462,-20.001758473379613,2.1893994537668078e-13
192.18358523653754,-7.7448130647927895,5.1058794262252,-14.53013769180932,-20.003451819202258,1.1789073981821273e-13
192.18942205581786,-7.736652343422505,5.105911579099014,-14.531547541258245,-20.005143883541088,2.020984111169361e-13
192.19525893413228,-7.728491744942359,5.105943526185537,-14.532957288909344,-20.00683466630271,1.0946997268834039e-13
192.2010958714658,-7.720331269247978,5.105975267195932,-14.534366934735626,-20.008524167393784,2.442022467662978e-13
192.20693286780366,-7.712170916234867,5.106006801841373,-14.53577647870996,-20.01021238672096,2.1893994537668078e-13
192.2127699231309,-7.704010685798759,5.10603812983302,-14.537185920805143,-20.011899324190935,1.0104920555846805e-13
192.2186070374326,-7.695850577835213,5.106069250882044,-14.538595260993823,-20.013584979710416,1.768361097273191e-13
192.2244442106939,-7.68769059223995,5.1061001646996145,-14.540004499248546,-20.01526935318613,2.1893994537668078e-13
192.2302814428998,-7.679530728908735,5.1061308709968944,-14.541413635541767,-20.016952444524843,2.2736071250655313e-13
192.23611873403559,-7.671370987737197,5.106161369485055,-14.54282266984577,-20.018634253633287,1.1789073981821273e-13
192.24195608408615,-7.6632113686211945,5.106191659875261,-14.544231602132797,-20.0203147804183,1.4315304120782974e-13
192.2477934930367,-7.655051871456411,5.106221741878684,-14.54564043237492,-20.021994024786654,2.5262301389617017e-13
192.25363096087236,-7.646892496138707,5.106251615206486,-14.547049160544143,-20.023671986645226,1.6841534259744677e-13
192.25946848757812,-7.638733242563959,5.106281279569838,-14.54845778661232,-20.025348665900847,1.9367764398706378e-13
192.2653060731392,-7.630574110627939,5.106310734679906,-14.549866310551206,-20.0270240624604,1.2631150694808508e-13
192.27114371754053,-7.622415100226623,5.1063399802478555,-14.551274732332452,-20.0286981762308,1.8525687685719145e-13
192.27698142076736,-7.6142562112558245,5.106369015984859,-14.55268305192758,-20.030371007118937,1.5999457546757442e-13
192.2828191828047,-7.60609744361153,5.106397841602081,-14.554091269308003,-20.03204255503178,2.1893994537668078e-13
192.28865700363764,-7.5979387971897445,5.106426456810688,-14.555499384445026,-20.03371281987628,1.0104920555846805e-13
192.29449488325128,-7.589780271886362,5.10645486132185,-14.556907397309837,-20.035381801559424,2.442022467662978e-13
192.30033282163075,-7.58162186759749,5.1064830548467315,-14.558315307873514,-20.037049499988225,1.0946997268834039e-13
192.30617081876107,-7.573463584219069,5.106511037096503,-14.55972311610701,-20.0387159150697,1.9367764398706378e-13
192.3120088746274,-7.565305421647208,5.1065388077823295,-14.561130821981175,-20.04038104671091,1.768361097273191e-13
192.31784698921476,-7.557147379778045,5.106566366615379,-14.562538425466753,-20.042044894818932,1.1789073981821273e-13
192.32368516250827,-7.548989458507594,5.106593713306821,-14.563945926534345,-20.043707459300837,1.0104920555846805e-13
192.32952339449298,-7.540831657732092,5.106620847567818,-14.565353325154476,-20.045368740063765,1.515738083377021e-13
192.33536168515403,-7.532673977347601,5.106647769109544,-14.566760621297519,-20.04702873701483,2.020984111169361e-13
192.3412000344765,-7.524516417250363,5.1066744776431605,-14.568167814933775,-20.048687450061205,9.262843842859572e-14
192.34703844244538,-7.516358977336638,5.106700972879838,-14.569574906033393,-20.050344879110067,1.6841534259744677e-13
192.35287690904585,-7.508201657502563,5.106727254530747,-14.570981894566426,-20.05200102406861,2.1893994537668078e-13
192.35871543426296,-7.500044457644503,5.106753322307048,-14.572388780502818,-20.05365588484407,1.515738083377021e-13
192.36455401808183,-7.49188737765865,5.106779175919913,-14.57379556381239,-20.055309461343683,1.347322740779574e-13
192.37039266048748,-7.483730417441368,5.1068048150805065,-14.575202244464846,-20.056961753474717,1.2631150694808508e-13
192.376231361465,-7.475573576889039,5.106830239499998,-14.576608822429789,-20.058612761144467,2.020984111169361e-13
192.3820701209995,-7.467416855897934,5.106855448889555,-14.578015297676695,-20.060262484260228,1.8525687685719145e-13
192.387908939076,-7.459260254364531,5.106880442960347,-14.57942167017493,-20.061910922729346,1.515738083377021e-13
192.39374781567963,-7.451103772185159,5.106905221423535,-14.580827939893755,-20.063558076459177,2.020984111169361e-13
192.3995867507955,-7.442947409256295,5.106929783990293,-14.582234106802298,-20.065203945357087,1.2631150694808508e-13
192.40542574440857,-7.434791165474453,5.106954130371785,-14.583640170869598,-20.066848529330475,1.2631150694808508e-13
192.411264796504,-7.426635040736033,5.106978260279179,-14.585046132064555,-20.068491828286774,1.0104920555846805e-13
192.4171039070669,-7.418479034937587,5.107002173423644,-14.586451990355965,-20.070133842133416,1.9367764398706378e-13
192.4229430760822,-7.410323147975701,5.107025869516346,-14.587857745712512,-20.071774570777848,1.8525687685719145e-13
192.42878230353512,-7.402167379746849,5.107049348268451,-14.589263398102771,-20.073414014127593,1.515738083377021e-13
192.43462158941065,-7.394011730147708,5.10707260939113,-14.59066894749519,-20.075052172090132,1.768361097273191e-13
192.44046093369388,-7.3858561990748,5.107095652595548,-14.5920743938581,-20.076689044572994,2.442022467662978e-13
192.44630033636992,-7.377700786424855,5.107118477592873,-14.593479737159745,-20.078324631483756,1.6841534259744677e-13
192.45213979742377,-7.369545492094441,5.107141084094271,-14.594884977368226,-20.079958932729973,1.5999457546757442e-13
192.45797931684058,-7.36139031598029,5.107163471810913,-14.596290114451525,-20.081591948219238,1.347322740779574e-13
192.4638188946053,-7.353235257979168,5.107185640453962,-14.597695148377552,-20.083223677859188,2.1051917824680845e-13
192.46965853070316,-7.34508031798771,5.10720758973459,-14.599100079114047,-20.08485412155743,1.515738083377021e-13
