galstreams/tracks/track.Phoenix.balbinot2016.ecsv
# %ECSV 0.9
# ---
# datatype:
# - {name: sc.ra, unit: deg, datatype: float64}
# - {name: sc.dec, unit: deg, datatype: float64}
# - {name: sc.distance, unit: kpc, datatype: float64}
# - {name: width, datatype: float64}
# meta: !!omap
# - __serialized_columns__:
#     sc:
#       __class__: astropy.coordinates.sky_coordinate.SkyCoord
#       dec: !astropy.table.SerializedColumn
#         __class__: astropy.coordinates.angles.Latitude
#         unit: &id001 !astropy.units.Unit {unit: deg}
#         value: !astropy.table.SerializedColumn {name: sc.dec}
#       distance: !astropy.table.SerializedColumn
#         __class__: astropy.coordinates.distances.Distance
#         unit: !astropy.units.Unit {unit: kpc}
#         value: !astropy.table.SerializedColumn {name: sc.distance}
#       frame: icrs
#       ra: !astropy.table.SerializedColumn
#         __class__: astropy.coordinates.angles.Longitude
#         unit: *id001
#         value: !astropy.table.SerializedColumn {name: sc.ra}
#         wrap_angle: !astropy.coordinates.Angle
#           unit: *id001
#           value: 360.0
#       representation_type: spherical
# schema: astropy-2.0
sc.ra sc.dec sc.distance width
[from data line 669]
24.118942011180135 -50.762123279124665 17.5 0.18
24.12424912200299 -50.752703698460145 17.5 0.18
24.129554097241126 -50.74328387704176 17.5 0.18
24.13485693841538 -50.7338638150471 17.5 0.18
24.14015764704535 -50.72444351265364 17.5 0.18
24.14545622464921 -50.715022970038646 17.5 0.18
24.15075267274385 -50.7056021873792 17.5 0.18
24.156046992844804 -50.69618116485227 17.5 0.18
24.16133918646629 -50.686759902634634 17.5 0.18
24.16662925512119 -50.67733840090291 17.5 0.18
24.17191720032105 -50.66791665983356 17.5 0.18
24.17720302357611 -50.658494679602875 17.5 0.18
24.18248672639524 -50.64907246038697 17.5 0.18
24.187768310286046 -50.639650002361826 17.5 0.18
24.193047776754767 -50.630227305703244 17.5 0.18
24.198325127306337 -50.62080437058687 17.5 0.18
24.20360036344438 -50.61138119718819 17.5 0.18
24.20887348667115 -50.601957785682515 17.5 0.18
24.214144498487652 -50.592534136245 17.5 0.18
24.21941340039355 -50.58311024905064 17.5 0.18
24.224680193887156 -50.57368612427426 17.5 0.18
24.22994488046553 -50.56426176209057 17.5 0.18
24.235207461624373 -50.55483716267404 17.5 0.18
24.24046793885811 -50.54541232619904 17.5 0.18
24.24572631365983 -50.53598725283975 17.5 0.18
24.250982587521317 -50.52656194277021 17.5 0.18
24.25623676193308 -50.5171363961643 17.5 0.18
24.261488838384274 -50.507710613195684 17.5 0.18
24.266738818362793 -50.49828459403797 17.5 0.18
24.2719867033552 -50.48885833886451 17.5 0.18
24.277232494846785 -50.47943184784855 17.5 0.18
24.282476194321518 -50.47000512116315 17.5 0.18
24.28771780326206 -50.460578158981214 17.5 0.18
24.292957323149814 -50.45115096147554 17.5 0.18
24.29819475546484 -50.441723528818656 17.5 0.18
24.303430101685954 -50.43229586118305 17.5 0.18
24.308663363290638 -50.42286795874097 17.5 0.18
24.313894541755104 -50.41343982166455 17.5 0.18
24.319123638554284 -50.40401145012573 17.5 0.18
24.32435065516178 -50.39458284429634 17.5 0.18
24.32957559304996 -50.38515400434801 17.5 0.18
24.33479845368986 -50.375724930452215 17.5 0.18
24.340019238551257 -50.3662956227803 17.5 0.18
24.345237949102646 -50.356866081503426 17.5 0.18
24.350454586811225 -50.34743630679262 17.5 0.18
24.355669153142937 -50.33800629881874 17.5 0.18
24.360881649562415 -50.32857605775248 17.5 0.18
24.366092077533054 -50.3191455837644 17.5 0.18
24.371300438516915 -50.30971487702487 17.5 0.18
24.376506733974825 -50.30028393770411 17.5 0.18
24.381710965366363 -50.290852765972254 17.5 0.18
24.386913134149736 -50.28142136199915 17.5 0.18
24.392113241782003 -50.271989725954604 17.5 0.18
24.397311289718896 -50.26255785800824 17.5 0.18
24.402507279414845 -50.253125758329475 17.5 0.18
24.40770121232307 -50.243693427087635 17.5 0.18
24.41289308989551 -50.23426086445185 17.5 0.18
24.41808291358283 -50.224828070591116 17.5 0.18
24.42327068483441 -50.215395045674256 17.5 0.18
24.42845640509843 -50.20596178986995 17.5 0.18
24.433640075821746 -50.19652830334676 17.5 0.18
24.438821698449985 -50.18709458627303 17.5 0.18
24.44400127442754 -50.177660638816974 17.5 0.18
24.4491788051975 -50.168226461146645 17.5 0.18
24.454354292201714 -50.15879205343 17.5 0.18
24.459527736880815 -50.149357415834764 17.5 0.18
24.46469914067411 -50.139922548528524 17.5 0.18
24.46986850501973 -50.130487451678775 17.5 0.18
24.47503583135452 -50.12105212545279 17.5 0.18
24.480201121114067 -50.111616570017716 17.5 0.18
24.48536437573275 -50.10218078554055 17.5 0.18
24.49052559664365 -50.09274477218813 17.5 0.18
24.495684785278648 -50.083308530127155 17.5 0.18
24.500841943068362 -50.073872059524135 17.5 0.18
24.50599707144216 -50.06443536054549 17.5 0.18
24.511150171828202 -50.054998433357426 17.5 0.18
24.516301245653377 -50.04556127812605 17.5 0.18
24.521450294343325 -50.036123895017255 17.5 0.18
24.526597319322498 -50.026686284196856 17.5 0.18
24.531742322014082 -50.01724844583046 17.5 0.18
24.536885303840023 -50.00781038008356 17.5 0.18
24.542026266221058 -49.998372087121474 17.5 0.18
24.54716521057665 -49.98893356710937 17.5 0.18
24.552302138325096 -49.97949482021231 17.5 0.18
24.55743705088341 -49.970055846595116 17.5 0.18
24.562569949667388 -49.96061664642254 17.5 0.18
24.56770083609164 -49.951177219859176 17.5 0.18
24.572829711569486 -49.94173756706941 17.5 0.18
24.577956577513074 -49.93229768821755 17.5 0.18
24.583081435333305 -49.92285758346773 17.5 0.18
24.58820428643987 -49.913417252983905 17.5 0.18
24.59332513224123 -49.90397669692991 17.5 0.18
24.598443974144626 -49.89453591546942 17.5 0.18
24.603560813556125 -49.885094908765986 17.5 0.18
24.608675651880496 -49.875653676982985 17.5 0.18
24.613788490521383 -49.86621222028364 17.5 0.18
24.618899330881135 -49.85677053883106 17.5 0.18
24.624008174360938 -49.84732863278815 17.5 0.18
24.629115022360768 -49.83788650231773 17.5 0.18
24.634219876279356 -49.82844414758243 17.5 0.18
24.639322737514266 -49.81900156874477 17.5 0.18
24.644423607461842 -49.809558765967076 17.5 0.18
24.64952248751721 -49.80011573941154 17.5 0.18
24.654619379074283 -49.790672489240244 17.5 0.18
24.659714283525805 -49.781229015615075 17.5 0.18
24.664807202263283 -49.7717853186978 17.5 0.18
24.669898136677052 -49.76234139865003 17.5 0.18
24.674987088156236 -49.75289725563325 17.5 0.18
24.680074058088746 -49.743452889808765 17.5 0.18
24.685159047861326 -49.73400830133775 17.5 0.18
24.69024205885949 -49.72456349038126 17.5 0.18
24.695323092467575 -49.71511845710016 17.5 0.18
24.700402150068747 -49.70567320165518 17.5 0.18
24.705479233044922 -49.69622772420691 17.5 0.18
24.710554342776895 -49.68678202491585 17.5 0.18
24.715627480644216 -49.677336103942245 17.5 0.18
24.720698648025277 -49.66788996144627 17.5 0.18
24.725767846297273 -49.65844359758796 17.5 0.18
24.730835076836197 -49.648997012527154 17.5 0.18
24.7359003410169 -49.63955020642359 17.5 0.18
24.740963640213007 -49.63010317943686 17.5 0.18
24.74602497579698 -49.620655931726404 17.5 0.18
24.751084349140108 -49.611208463451476 17.5 0.18
24.756141761612476 -49.60176077477126 17.5 0.18
24.76119721458301 -49.592312865844754 17.5 0.18
24.76625070941946 -49.58286473683082 17.5 0.18
24.771302247488375 -49.573416387888166 17.5 0.18
24.776351830155164 -49.56396781917539 17.5 0.18
24.78139945878406 -49.5545190308509 17.5 0.18
24.786445134738067 -49.545070023073 17.5 0.18
24.791488859379108 -49.53562079599984 17.5 0.18
24.796530634067853 -49.526171349789394 17.5 0.18
24.801570460163852 -49.51672168459957 17.5 0.18
24.806608339025477 -49.50727180058808 17.5 0.18
24.811644272009943 -49.497821697912464 17.5 0.18
24.81667826047327 -49.48837137673019 17.5 0.18
24.821710305770342 -49.478920837198544 17.5 0.18
24.82674040925487 -49.469470079474696 17.5 0.18
24.831768572279405 -49.460019103715645 17.5 0.18
24.836794796195324 -49.45056791007825 17.5 0.18
24.84181908235289 -49.441116498719246 17.5 0.18
24.846841432101158 -49.431664869795235 17.5 0.18
24.851861846788037 -49.422213023462646 17.5 0.18
24.856880327760294 -49.41276095987781 17.5 0.18
24.861896876363563 -49.40330867919688 17.5 0.18
24.86691149394227 -49.39385618157586 17.5 0.18
24.87192418183973 -49.384403467170685 17.5 0.18
24.87693494139809 -49.374950536137064 17.5 0.18
24.881943773958362 -49.365497388630615 17.5 0.18
24.8869506808604 -49.35604402480682 17.5 0.18
24.8919556634429 -49.34659044482098 17.5 0.18
24.896958723043447 -49.3371366488283 17.5 0.18
24.901959860998456 -49.32768263698381 17.5 0.18
24.90695907864318 -49.31822840944243 17.5 0.18
24.91195637731177 -49.30877396635897 17.5 0.18
24.91695175833722 -49.299319307888005 17.5 0.18
24.921945223051377 -49.28986443418405 17.5 0.18
24.926936772784956 -49.28040934540145 17.5 0.18
24.931926408867525 -49.27095404169445 17.5 0.18
24.936914132627535 -49.2614985232171 17.5 0.18
24.94189994539229 -49.25204279012337 17.5 0.18
24.946883848487953 -49.24258684256703 17.5 0.18
24.951865843239563 -49.23313068070177 17.5 0.18
24.956845930971042 -49.2236743046811 17.5 0.18
24.961824113005154 -49.214217714658425 17.5 0.18
24.96680039066354 -49.204760910786995 17.5 0.18
24.971774765266744 -49.19530389321991 17.5 0.18
24.976747238134127 -49.18584666211019 17.5 0.18
24.981717810583973 -49.17638921761062 17.5 0.18
24.986686483933426 -49.16693155987396 17.5 0.18
24.991653259498488 -49.157473689052736 17.5 0.18
24.996618138594087 -49.14801560529941 17.5 0.18
25.001581122533967 -49.13855730876628 17.5 0.18
25.006542212630798 -49.12909879960549 17.5 0.18
25.011501410196114 -49.11964007796907 17.5 0.18
25.01645871654034 -49.11018114400891 17.5 0.18
25.021414132972772 -49.10072199787678 17.5 0.18
25.02636766080161 -49.09126263972427 17.5 0.18
25.031319301333912 -49.08180306970287 17.5 0.18
25.03626905587564 -49.07234328796395 17.5 0.18
25.041216925731664 -49.062883294658704 17.5 0.18
25.04616291220571 -49.053423089938214 17.5 0.18
25.051107016600387 -49.04396267395344 17.5 0.18
25.056049240217252 -49.03450204685516 17.5 0.18
25.060989584356697 -49.02504120879407 17.5 0.18
25.06592805031803 -49.015580159920695 17.5 0.18
25.07086463939946 -49.006118900385474 17.5 0.18
25.07579935289807 -48.99665743033864 17.5 0.18
25.080732192109892 -48.98719574993036 17.5 0.18
25.085663158329794 -48.97773385931061 17.5 0.18
25.090592252851586 -48.96827175862931 17.5 0.18
25.09551947696794 -48.95880944803613 17.5 0.18
25.10044483197047 -48.949346927680736 17.5 0.18
25.10536831914967 -48.93988419771258 17.5 0.18
25.110289939794956 -48.930421258281 17.5 0.18
25.115209695194633 -48.9209581095352 17.5 0.18
25.120127586635913 -48.91149475162425 17.5 0.18
25.125043615404927 -48.902031184697094 17.5 0.18
25.12995778278671 -48.89256740890254 17.5 0.18
25.13487009006519 -48.88310342438929 17.5 0.18
25.139780538523233 -48.87363923130585 17.5 0.18
25.144689129442607 -48.86417482980067 17.5 0.18
25.14959586410399 -48.854710220021985 17.5 0.18
25.154500743786983 -48.84524540211799 17.5 0.18
25.159403769770073 -48.83578037623669 17.5 0.18
25.16430494333069 -48.82631514252594 17.5 0.18
25.16920426574522 -48.81684970113355 17.5 0.18
25.17410173828887 -48.807384052207105 17.5 0.18
25.17899736223584 -48.797918195894106 17.5 0.18
25.183891138859252 -48.78845213234192 17.5 0.18
25.188783069431118 -48.77898586169779 17.5 0.18
25.193673155222392 -48.76951938410882 17.5 0.18
25.198561397502925 -48.76005269972195 17.5 0.18
25.203447797541568 -48.75058580868406 17.5 0.18
25.208332356605993 -48.74111871114182 17.5 0.18
25.21321507596288 -48.73165140724186 17.5 0.18
25.218095956877796 -48.7221838971306 17.5 0.18
25.22297500061527 -48.71271618095437 17.5 0.18
25.227852208438744 -48.70324825885936 17.5 0.18
25.23272758161058 -48.693780130991634 17.5 0.18
25.237601121392096 -48.68431179749714 17.5 0.18
25.242472829043532 -48.67484325852167 17.5 0.18
25.24734270582407 -48.6653745142109 17.5 0.18
25.252210752991836 -48.65590556471037 17.5 0.18
25.257076971803855 -48.646436410165535 17.5 0.18
25.26194136351614 -48.63696705072165 17.5 0.18
25.266803929383617 -48.62749748652389 17.5 0.18
25.27166467066016 -48.61802771771729 17.5 0.18
25.27652358859858 -48.60855774444675 17.5 0.18
25.28138068445063 -48.599087566857065 17.5 0.18
25.286235959467028 -48.58961718509287 17.5 0.18
25.291089414897396 -48.58014659929868 17.5 0.18
25.29594105199034 -48.57067580961892 17.5 0.18
25.300790871993414 -48.56120481619782 17.5 0.18
25.305638876153093 -48.55173361917955 17.5 0.18
25.310485065714815 -48.542262218708125 17.5 0.18
25.315329441922973 -48.532790614927414 17.5 0.18
25.320172006020897 -48.5233188079812 17.5 0.18
25.325012759250907 -48.51384679801308 17.5 0.18
25.329851702854224 -48.504374585166595 17.5 0.18
25.334688838071056 -48.49490216958511 17.5 0.18
25.33952416614058 -48.48542955141188 17.5 0.18
25.344357688300892 -48.47595673079006 17.5 0.18
25.349189405789076 -48.46648370786261 17.5 0.18
25.354019319841182 -48.457010482772425 17.5 0.18
25.358847431692162 -48.44753705566225 17.5 0.18
25.363673742576 -48.43806342667473 17.5 0.18
25.36849825372561 -48.42858959595235 17.5 0.18
25.37332096637287 -48.41911556363748 17.5 0.18
25.37814188174863 -48.409641329872386 17.5 0.18
25.382961001082695 -48.40016689479917 17.5 0.18
25.387778325603858 -48.390692258559866 17.5 0.18
25.392593856539843 -48.3812174212963 17.5 0.18
25.39740759511737 -48.37174238315026 17.5 0.18
25.402219542562136 -48.362267144263356 17.5 0.18
25.4070297000988 -48.35279170477711 17.5 0.18
25.41183806895099 -48.34331606483287 17.5 0.18
25.416644650341276 -48.3338402245719 17.5 0.18
25.42144944549126 -48.32436418413534 17.5 0.18
25.426252455621487 -48.31488794366418 17.5 0.18
25.431053681951482 -48.30541150329931 17.5 0.18
25.435853125699744 -48.29593486318149 17.5 0.18
25.440650788083772 -48.28645802345137 17.5 0.18
25.445446670320006 -48.27698098424941 17.5 0.18
25.450240773623893 -48.26750374571606 17.5 0.18
25.455033099209874 -48.25802630799156 17.5 0.18
25.459823648291337 -48.24854867121603 17.5 0.18
25.464612422080663 -48.239070835529525 17.5 0.18
25.469399421789248 -48.22959280107193 17.5 0.18
25.474184648627432 -48.22011456798302 17.5 0.18
25.47896810380457 -48.21063613640243 17.5 0.18
25.483749788529 -48.20115750646972 17.5 0.18
25.488529704008034 -48.19167867832429 17.5 0.18
25.493307851447998 -48.1821996521054 17.5 0.18
25.498084232054165 -48.17272042795225 17.5 0.18
25.502858847030858 -48.16324100600388 17.5 0.18
25.507631697581363 -48.15376138639919 17.5 0.18
25.512402784907955 -48.144281569276984 17.5 0.18
25.5171721102119 -48.134801554775954 17.5 0.18
25.52193967469349 -48.125321343034656 17.5 0.18
25.526705479551975 -48.115840934191525 17.5 0.18
25.53146952598564 -48.106360328384866 17.5 0.18
25.536231815191744 -48.09687952575289 17.5 0.18
25.540992348366544 -48.08739852643366 17.5 0.18
25.54575112670532 -48.07791733056512 17.5 0.18
25.550508151402326 -48.06843593828514 17.5 0.18
25.55526342365084 -48.0589543497314 17.5 0.18
25.56001694464316 -48.04947256504151 17.5 0.18
25.564768715570537 -48.03999058435292 17.5 0.18
25.569518737623266 -48.03050840780302 17.5 0.18
25.574267011990667 -48.021026035529026 17.5 0.18
25.579013539861 -48.011543467668034 17.5 0.18
25.583758322421616 -48.00206070435708 17.5 0.18
25.588501360858807 -47.992577745733 17.5 0.18
25.59324265635793 -47.98309459193257 17.5 0.18
25.59798221010333 -47.97361124309242 17.5 0.18
25.60272002327833 -47.96412769934906 17.5 0.18
25.60745609706534 -47.954643960838936 17.5 0.18
25.61219043264574 -47.94516002769826 17.5 0.18
25.616923031199942 -47.93567590006324 17.5 0.18
25.621653893907347 -47.92619157806992 17.5 0.18
25.626383021946396 -47.91670706185421 17.5 0.18
25.631110416494575 -47.90722235155191 17.5 0.18
25.63583607872834 -47.897737447298745 17.5 0.18
25.640560009823194 -47.88825234923023 17.5 0.18
25.64528221095366 -47.87876705748187 17.5 0.18
25.6500026832933 -47.86928157218898 17.5 0.18
25.654721428014653 -47.859795893486776 17.5 0.18
25.659438446289347 -47.850310021510374 17.5 0.18
25.664153739287986 -47.84082395639475 17.5 0.18
25.66886730818022 -47.83133769827476 17.5 0.18
25.673579154134732 -47.82185124728517 17.5 0.18
25.678289278319216 -47.8123646035606 17.5 0.18
25.68299768190042 -47.80287776723558 17.5 0.18
25.6877043660441 -47.7933907384445 17.5 0.18
25.692409331915055 -47.78390351732163 17.5 0.18
25.697112580677132 -47.77441610400116 17.5 0.18
25.701814113493192 -47.76492849861713 17.5 0.18
25.70651393152512 -47.75544070130348 17.5 0.18
25.711212035933883 -47.745952712194025 17.5 0.18
25.715908427879445 -47.736464531422456 17.5 0.18
25.72060310852081 -47.72697615912238 17.5 0.18
25.725296079016015 -47.71748759542725 17.5 0.18
25.72998734052219 -47.707998840470424 17.5 0.18
25.734676894195438 -47.69850989438515 17.5 0.18
25.739364741190943 -47.689020757304554 17.5 0.18
25.74405088266293 -47.67953142936164 17.5 0.18
25.74873531976463 -47.67004191068928 17.5 0.18
25.753418053648385 -47.66055220142029 17.5 0.18
25.75809908546554 -47.65106230168733 17.5 0.18
25.762778416366466 -47.64157221162294 17.5 0.18
25.767456047500644 -47.63208193135956 17.5 0.18
25.772131980016542 -47.6225914610295 17.5 0.18
25.77680621506172 -47.613100800764975 17.5 0.18
