galstreams/tracks/track.st.Hrid.ibata2021.ecsv
# %ECSV 1.0
# ---
# datatype:
# - {name: ra, unit: deg, datatype: float64}
# - {name: dec, unit: deg, datatype: float64}
# - {name: distance, unit: kpc, datatype: float64}
# - {name: pm_ra_cosdec, unit: mas / yr, datatype: float64}
# - {name: pm_dec, unit: mas / yr, datatype: float64}
# - {name: radial_velocity, unit: km / s, datatype: float64}
# delimiter: ','
# meta: !!omap
# - __serialized_columns__:
#     dec:
#       __class__: astropy.coordinates.angles.Latitude
#       unit: &id001 !astropy.units.Unit {unit: deg}
#       value: !astropy.table.SerializedColumn {name: dec}
#     distance:
#       __class__: astropy.coordinates.distances.Distance
#       unit: !astropy.units.Unit {unit: kpc}
#       value: !astropy.table.SerializedColumn {name: distance}
#     pm_dec:
#       __class__: astropy.units.quantity.Quantity
#       unit: !astropy.units.Unit {unit: mas / yr}
#       value: !astropy.table.SerializedColumn {name: pm_dec}
#     pm_ra_cosdec:
#       __class__: astropy.units.quantity.Quantity
#       unit: !astropy.units.Unit {unit: mas / yr}
#       value: !astropy.table.SerializedColumn {name: pm_ra_cosdec}
#     ra:
#       __class__: astropy.coordinates.angles.Longitude
#       unit: *id001
#       value: !astropy.table.SerializedColumn {name: ra}
#       wrap_angle: !astropy.coordinates.Angle
#         unit: *id001
#         value: 360.0
#     radial_velocity:
#       __class__: astropy.units.quantity.Quantity
#       unit: !astropy.units.Unit {unit: km / s}
#       value: !astropy.table.SerializedColumn {name: radial_velocity}
# schema: astropy-2.0
ra,dec,distance,pm_ra_cosdec,pm_dec,radial_velocity
[from data line 1992]
280.1593841762233,35.06611752019089,3.109324089975756,-6.020601445488643,20.56597455203243,-269.78668040382814
280.16007646200427,35.076108063639836,3.109310839054379,-6.0203406792554,20.56852052139361,-269.7303878393832
280.1607687398683,35.086098609920676,3.1092976459344426,-6.0200796662156435,20.57106530875354,-269.67407795286016
280.16146100996644,35.09608915902969,3.1092845106452076,-6.0198184063807085,20.573608913954338,-269.61775075666327
280.1621532724498,35.106079710963186,3.109271433215935,-6.019556899761978,20.57615133683812,-269.5614062631973
280.1628455274694,35.11607026571728,3.109258413675886,-6.019295146370754,20.578692577247043,-269.50504448486646
280.1635377751765,35.12606082328832,3.109245452054321,-6.019033146218325,20.58123263502325,-269.4486654340757
280.1642300157223,35.136051383672424,3.1092325483805006,-6.018770899315944,20.583771510008905,-269.3922691232292
280.16492224925815,35.14604194686588,3.109219702683685,-6.018508405674824,20.586309202046174,-269.3358555647316
280.1656144759354,35.15603251286495,3.109206914993136,-6.018245665306164,20.588845710977225,-269.27942477098753
280.16630669590546,35.16602308166577,3.1091941853381146,-6.017982678221146,20.591381036644243,-269.22297675440154
280.1669989093198,35.17601365326466,3.10918151374788,-6.017719444430906,20.59391517888942,-269.1665115273779
280.16769111633005,35.18600422765776,3.1091689002516945,-6.017455963946497,20.596448137554987,-269.1100291023214
280.16838331708783,35.195994804841334,3.1091563448788184,-6.017192236779029,20.59897991248314,-269.0535294916363
280.16907551174484,35.205985384811626,3.1091438476585136,-6.016928262939503,20.60151050351608,-268.99701270772744
280.1697677004527,35.215975967564766,3.109131408620038,-6.0166640424389755,20.604039910496084,-268.9404787629994
280.1704598833634,35.22596655309703,3.1091190277926555,-6.0163995752884025,20.606568133265352,-268.88392766985646
280.1711520606287,35.23595714140468,3.1091067052056234,-6.0161348614986965,20.60909517166616,-268.82735944070316
280.17184423240053,35.24594773248382,3.1090944408882066,-6.015869901080822,20.61162102554075,-268.7707740879441
280.17253639883097,35.255938326330785,3.109082234869662,-6.01560469404563,20.614145694731413,-268.7141716239837
280.173228560072,35.26592892294163,3.1090700871792536,-6.015339240403978,20.616669179080397,-268.65755206122674
280.17392071627586,35.27591952231265,3.1090579978462403,-6.015073540166666,20.619191478430025,-268.60091541207765
280.1746128675946,35.28591012444011,3.109045966899883,-6.014807593344515,20.62171259262256,-268.5442616889408
280.17530501418054,35.29590072932008,3.1090339943694434,-6.014541399948274,20.624232521500325,-268.487590904221
280.17599715618604,35.30589133694884,3.109022080284181,-6.0142749599886605,20.626751264905646,-268.4309030703224
280.17668929376345,35.315881947322616,3.1090102246733577,-6.014008273476365,20.62926882268082,-268.37419819965
280.1773814270652,35.32587256043753,3.1089984275662332,-6.013741340422056,20.63178519466822,-268.31747630460796
280.1780735562439,35.335863176289855,3.1089866889920694,-6.013474160836353,20.634300380710137,-268.260737397601
280.178765681452,35.34585379487571,3.108975008980127,-6.013206734729864,20.63681438064896,-268.2039814910336
280.1794578028422,35.355844416191324,3.1089633875596654,-6.012939062113145,20.639327194327052,-268.1472085973101
280.18014992056715,35.36583504023294,3.1089518247599472,-6.012671142996745,20.641838821586767,-268.0904187288353
280.1808420347797,35.37582566699663,3.1089403206102317,-6.012402977391171,20.644349262270495,-268.0336118980137
280.18153414563267,35.38581629647873,3.1089288751397794,-6.012134565306884,20.646858516220632,-267.9767881172498
280.1822262532789,35.39580692867528,3.108917488377853,-6.011865906754324,20.64936658327956,-267.91994739894795
280.1829183578714,35.40579756358252,3.1089061603537127,-6.011597001743902,20.651873463289693,-267.86308975551293
280.1836104595632,35.415788201196705,3.1088948910966185,-6.011327850285973,20.65437915609346,-267.80621519934925
280.1843025585074,35.42577884151389,3.1088836806358304,-6.011058452390942,20.656883661533275,-267.74932374286124
280.1849946548572,35.43576948453038,3.1088725290006103,-6.010788808069033,20.65938697945159,-267.6924153984536
280.18568674876565,35.445760130242235,3.1088614362202205,-6.010518917330602,20.661889109690822,-267.6354901785309
280.1863788403862,35.45575077864567,3.108850402323919,-6.010248780185853,20.66439005209344,-267.5785480954976
280.18707092987216,35.46574142973696,3.108839427340967,-6.009978396645045,20.66688980650193,-267.521589161758
280.18776301737694,35.47573208351209,3.108828511300628,-6.009707766718315,20.66938837275874,-267.46461338971716
280.188455103054,35.485722739967365,3.1088176542321597,-6.0094368904158335,20.671885750706362,-267.4076207917791
280.189147187057,35.49571339909896,3.108806856164823,-6.009165767747725,20.67438194018728,-267.3506113803486
280.18983926953945,35.50570406090294,3.108796117127881,-6.008894398724065,20.67687694104401,-267.29358516783026
280.1905313506551,35.515694725375596,3.1087854371505927,-6.008622783354911,20.67937075311905,-267.2365421666284
280.1912234305576,35.52568539251296,3.108774816262219,-6.008350921650314,20.68186337625493,-267.1794823891477
280.19191550940076,35.53567606231127,3.108764254492021,-6.008078813620247,20.68435481029417,-267.1224058477925
280.1926075873386,35.54566673476672,3.10875375186926,-6.007806459274652,20.68684505507931,-267.06531255496753
280.193299664525,35.55565740987537,3.1087433084231955,-6.007533858623448,20.689334110452908,-267.0082025230773
280.1939917411139,35.56564808763342,3.108732924183089,-6.007261011676562,20.691821976257522,-266.95107576452637
280.19468381725943,35.575638768037095,3.1087225991782024,-6.006987918443855,20.694308652335696,-266.8939322917192
280.1953758931158,35.585629451082426,3.108712333437794,-6.0067145789351235,20.696794138530034,-266.8367721170601
280.1960679688371,35.595620136765675,3.1087021269911266,-6.006440993160176,20.69927843468311,-266.77959525295415
280.1967600445776,35.605610825082884,3.1086919798674595,-6.006167161128793,20.701761540637523,-266.7224017118052
280.1974521204918,35.61560151603025,3.108681892096055,-6.00589308285067,20.704243456235872,-266.6651915060185
280.19814419673395,35.62559220960399,3.1086718637061725,-6.005618758335549,20.70672418132077,-266.6079646479981
280.19883627345865,35.635582905800106,3.108661894727073,-6.005344187593049,20.709203715734855,-266.55072115014855
280.1995283508203,35.645573604614874,3.1086519851880188,-6.00506937063285,20.71168205932074,-266.49346102487453
280.2002204289736,35.65556430604431,3.1086421351182687,-6.004794307464532,20.714159211921082,-266.43618428458063
280.20091250807326,35.665555010084624,3.108632344547085,-6.004518998097622,20.716635173378524,-266.3788909416712
280.20160458827394,35.67554571673199,3.108622613503727,-6.004243442541731,20.719109943535727,-266.32158100855094
280.20229666973046,35.68553642598244,3.108612942017457,-6.003967640806306,20.721583522235363,-266.26425449762405
280.2029887525978,35.69552713783222,3.108603330117535,-6.003691592900804,20.724055909320114,-266.2069114212955
280.2036808370308,35.70551785227734,3.1085937778332213,-6.003415298834705,20.726527104632662,-266.14955179196966
280.20437292318445,35.71550856931399,3.108584285193778,-6.00313875861739,20.72899710801572,-266.09217562205095
280.2050650112139,35.72549928893836,3.108574852228464,-6.002861972258239,20.731465919311987,-266.0347829239439
280.2057571012743,35.73549001114647,3.1085654789665416,-6.0025849397665745,20.73393353836417,-265.97737371005303
280.2064491935208,35.74548073593446,3.1085561654372706,-6.002307661151688,20.73639996501502,-265.9199479927832
280.20714128810874,35.755471463298534,3.108546911669913,-6.002030136422899,20.738865199107252,-265.86250578453866
280.20783338519345,35.76546219323471,3.1085377176937286,-6.001752365589394,20.74132924048362,-265.8050470977239
280.20852548493036,35.7754529257392,3.1085285835379777,-6.001474348660377,20.74379208898688,-265.7475719447435
280.209217587475,35.78544366080802,3.108519509231923,-6.001196085645055,20.74625374445979,-265.69008033800213
280.20990969298276,35.795434398437344,3.108510494804823,-6.000917576552548,20.74871420674513,-265.63257228990403
280.21060180160947,35.80542513862333,3.10850154028594,-6.00063882139193,20.75117347568569,-265.575047812854
280.2112939135107,35.81541588136196,3.1084926457045343,-6.000359820172315,20.75363155112425,-265.51750691925656
280.21198602884215,35.82540662664943,3.1084838110898665,-6.000080572902746,20.75608843290361,-265.459949621516
280.21267814775985,35.83539737448188,3.108475036471198,-5.99980107959217,20.758544120866596,-265.4023759320373
280.21337027041955,35.84538812485533,3.1084663218777884,-5.9995213402496015,20.760998614856025,-265.34478586322433
280.21406239697717,35.855378877765965,3.108457667338899,-5.999241354883968,20.763451914714725,-265.2871794274823
280.21475452758887,35.86536963320979,3.1084490728837917,-5.998961123504173,20.765904020285525,-265.2295566372153
280.21544666241067,35.87536039118295,3.1084405385417266,-5.9986806461190785,20.768354931411285,-265.1719175048282
280.21613880159885,35.88535115168162,3.108432064341963,-5.998399922737518,20.770804647934877,-265.1142620427251
280.2168309453095,35.89534191470176,3.108423650313764,-5.998118953368315,20.773253169699153,-265.0565902633108
280.21752309369896,35.90533268023958,3.1084152964863883,-5.997837738020217,20.77570049654699,-264.9989021789898
280.21821524692365,35.91532344829108,3.1084070028890984,-5.997556276701966,20.778146628321288,-264.9411978021668
280.21890740514004,35.925314218852385,3.108398769551154,-5.997274569422278,20.780591564864917,-264.8834771452459
280.2195995685046,35.93530499191964,3.108390596501816,-5.996992616189784,20.78303530602082,-264.8257402206321
280.2202917371739,35.94529576748883,3.1083824837703458,-5.996710417013148,20.785477851631892,-264.76798704072957
280.22098391130464,35.95528654555614,3.108374431386003,-5.996427971900973,20.787919201541065,-264.710217617943
280.22167609105355,35.96527732611756,3.1083664393780492,-5.9961452808617945,20.790359355591264,-264.65243196467696
280.2223682765774,35.9752681091692,3.108358507775745,-5.99586234390417,20.792798313625447,-264.5946300933358
280.2230604680331,35.985258894707215,3.1083506366083524,-5.995579161036561,20.795236075486557,-264.53681201632446
280.2237526655775,35.99524968272756,3.1083428259051296,-5.995295732267475,20.797672641017563,-264.4789777460469
280.2244448693676,36.00524047322637,3.1083350756953405,-5.995012057605345,20.80010801006143,-264.4211272949081
280.2251370795605,36.01523126619978,3.1083273860082423,-5.994728137058519,20.80254218246115,-264.3632606753125
280.22582929631346,36.02522206164373,3.1083197568730987,-5.994443970635392,20.80497515805971,-264.30537789966445
280.22652151978355,36.03521285955442,3.1083121883191693,-5.994159558344286,20.80740693670012,-264.2474789803687
280.22721375012804,36.04520365992781,3.1083046803757144,-5.993874900193501,20.809837518225372,-264.1895639298295
280.2279059875044,36.055194462759985,3.1082972330719962,-5.99358999619126,20.812266902478502,-264.1316327604518
280.22859823207,36.06518526804712,3.108289846437274,-5.993304846345843,20.814695089302546,-264.07368548463967
280.2292904839823,36.075176075785116,3.1082825205008104,-5.993019450665391,20.817122078540518,-264.01572211479794
280.2299827433989,36.08516688597011,3.108275255291864,-5.992733809158087,20.819547870035485,-263.9577426633311
280.2306750104775,36.09515769859821,3.108268050839696,-5.992447921832022,20.821972463630512,-263.8997471426438
280.2313672853757,36.10514851366538,3.1082609071735683,-5.992161788695332,20.824395859168654,-263.8417355651401
280.2320595682514,36.115139331167754,3.1082538243227407,-5.991875409756007,20.826818056493,-263.78370794322507
280.23275185926224,36.12513015110129,3.108246802316475,-5.991588785022138,20.829239055446617,-263.725664289303
280.23344415856633,36.13512097346209,3.1082398411840306,-5.991301914501658,20.831658855872625,-263.6676046157783
280.2341364663216,36.145111798246276,3.1082329409546694,-5.991014798202514,20.83407745761412,-263.60952893505583
280.2348287826861,36.15510262544975,3.108226101657652,-5.990727436132638,20.836494860514215,-263.5514372595397
280.23552110781804,36.16509345506869,3.1082193233222393,-5.990439828299898,20.83891106441603,-263.49332960163485
280.2362134418755,36.17508428709903,3.108212605977691,-5.990151974712162,20.84132606916272,-263.4352059737457
280.2369057850169,36.18507512153685,3.1082059496532692,-5.989863875377193,20.843739874597418,-263.37706638827643
280.2375981374005,36.19506595837825,3.1081993543782334,-5.989575530302812,20.846152480563276,-263.3189108576321
280.23829049918464,36.205056797619164,3.1081928201818454,-5.989286939496756,20.848563886903452,-263.2607393942169
280.23898287052793,36.21504763925574,3.108186347093366,-5.988998102966696,20.850974093461137,-263.20255201043557
280.23967525158895,36.225038483283875,3.1081799351420556,-5.98870902072034,20.853383100079498,-263.14434871869247
280.2403676425263,36.23502932969968,3.1081735843571736,-5.9884196927653,20.855790906601733,-263.08612953139203
280.2410600434987,36.24502017849923,3.1081672947679837,-5.988130119109154,20.858197512871044,-263.02789446093925
280.2417524546648,36.25501102967844,3.1081610664037447,-5.987840299759548,20.86060291873064,-262.96964351973816
280.24244487618364,36.265001883233396,3.108154899293718,-5.987550234723929,20.863007124023746,-262.9113767201935
280.2431373082141,36.274992739160176,3.108148793467164,-5.987259924009817,20.865410128593595,-262.8530940747098
280.24382975091515,36.28498359745468,3.1081427489533424,-5.986969367624684,20.867811932283434,-262.7947955956916
280.24452220444584,36.29497445811306,3.108136765781517,-5.986678565575946,20.870212534936478,-262.73648129554334
280.2452146689653,36.30496532113119,3.108130843980946,-5.9863875178710275,20.872611936396027,-262.6781511866697
280.2459071446328,36.31495618650517,3.108124983580891,-5.986096224517221,20.87501013650533,-262.6198052814752
280.24659963160764,36.32494705423105,3.1081191846106133,-5.9858046855218845,20.877407135107674,-262.5614435923642
280.24729213004906,36.334937924304754,3.1081134470993717,-5.985512900892305,20.87980293204634,-262.50306613174126
280.24798464011667,36.34492879672237,3.10810777107643,-5.9852208706357075,20.882197527164625,-262.44467291201113
280.2486771619698,36.35491967147982,3.108102156571047,-5.984928594759343,20.88459092030585,-262.38626394557804
280.24936969576817,36.36491054857314,3.1080966036124833,-5.984636073270335,20.886983111313324,-262.3278392448469
280.2500622416714,36.37490142799843,3.108091112230001,-5.9843433061758615,20.889374100030366,-262.2693988222218
280.2507547998391,36.384892309751535,3.1080856824528587,-5.984050293483044,20.891763886300318,-262.2109426901075
280.25144737043126,36.394883193828534,3.1080803143103193,-5.9837570351989084,20.894152469966535,-262.15247086090864
280.25213995360764,36.40487408022548,3.1080750078316433,-5.983463531330529,20.896539850872365,-262.0939833470295
280.25283254952825,36.414864968938254,3.1080697630460903,-5.983169781884893,20.898926028861172,-262.03548016087495
280.25352515835294,36.42485585996295,3.108064579982922,-5.9828757868689895,20.901311003776335,-261.9769613148491
280.2542177802421,36.43484675329547,3.1080594586713985,-5.982581546289682,20.90369477546123,-261.9184268213569
280.25491041535554,36.44483764893184,3.1080543991407814,-5.982287060153942,20.906077343759268,-261.85987669280246
280.25560306385387,36.45482854686811,3.108049401420332,-5.981992328468549,20.908458708513827,-261.8013109415907
280.25629572589713,36.464819447100155,3.108044465539309,-5.9816973512403955,20.91083886956836,-261.7427295801259
280.25698840164586,36.47481034962408,3.1080395915269747,-5.981402128476217,20.91321782676625,-261.68413262081265
