galstreams/tracks/track.st.Molonglo.grillmair2017b.ecsv
# %ECSV 0.9
# ---
# datatype:
# - {name: ra, unit: deg, datatype: float64}
# - {name: dec, unit: deg, datatype: float64}
# - {name: distance, unit: kpc, datatype: float64}
# - {name: pm_ra_cosdec, unit: mas / yr, datatype: float64}
# - {name: pm_dec, unit: mas / yr, datatype: float64}
# - {name: radial_velocity, unit: km / s, datatype: float64}
# delimiter: ','
# meta: !!omap
# - __serialized_columns__:
#     dec:
#       __class__: astropy.coordinates.angles.Latitude
#       unit: &id001 !astropy.units.Unit {unit: deg}
#       value: !astropy.table.SerializedColumn {name: dec}
#     distance:
#       __class__: astropy.coordinates.distances.Distance
#       unit: !astropy.units.Unit {unit: kpc}
#       value: !astropy.table.SerializedColumn {name: distance}
#     pm_dec:
#       __class__: astropy.units.quantity.Quantity
#       unit: !astropy.units.Unit {unit: mas / yr}
#       value: !astropy.table.SerializedColumn {name: pm_dec}
#     pm_ra_cosdec:
#       __class__: astropy.units.quantity.Quantity
#       unit: !astropy.units.Unit {unit: mas / yr}
#       value: !astropy.table.SerializedColumn {name: pm_ra_cosdec}
#     ra:
#       __class__: astropy.coordinates.angles.Longitude
#       unit: *id001
#       value: !astropy.table.SerializedColumn {name: ra}
#       wrap_angle: !astropy.coordinates.Angle
#         unit: *id001
#         value: 360.0
#     radial_velocity:
#       __class__: astropy.units.quantity.Quantity
#       unit: !astropy.units.Unit {unit: km / s}
#       value: !astropy.table.SerializedColumn {name: radial_velocity}
# schema: astropy-2.0
ra,dec,distance,pm_ra_cosdec,pm_dec,radial_velocity
[from data line 237]
8.188048079229763,-23.072817519287558,19.999999999999996,0.0,0.0,0.0
8.179406792844567,-23.06674651525302,20.000000000000004,0.0,0.0,0.0
8.170766228208931,-23.060675110328937,20.0,0.0,0.0,0.0
8.162126385424077,-23.054603304275986,20.0,0.0,0.0,0.0
8.153487264591272,-23.04853109685492,20.0,0.0,0.0,0.0
8.14484886581178,-23.042458487826476,19.999999999999993,0.0,0.0,0.0
8.136211189187057,-23.036385476951537,19.999999999999996,0.0,0.0,0.0
8.127574234818473,-23.030312063990927,19.999999999999996,0.0,0.0,0.0
8.118938002807484,-23.024238248705554,19.999999999999996,0.0,0.0,0.0
8.110302493255592,-23.018164030856344,20.0,0.0,0.0,0.0
8.101667706264355,-23.012089410204293,20.0,0.0,0.0,0.0
8.093033641935321,-23.006014386510376,19.999999999999993,0.0,0.0,0.0
8.084400300370241,-22.99993895953572,19.999999999999996,0.0,0.0,0.0
8.075767681670758,-22.993863129041408,19.999999999999996,0.0,0.0,0.0
8.067135785938618,-22.987786894788563,20.0,0.0,0.0,0.0
8.058504613275607,-22.98171025653837,19.999999999999996,0.0,0.0,0.0
8.049874163783517,-22.975633214052024,19.999999999999993,0.0,0.0,0.0
8.041244437564329,-22.969555767090853,20.0,0.0,0.0,0.0
8.032615434719927,-22.96347791541612,19.999999999999993,0.0,0.0,0.0
8.023987155352291,-22.95739965878917,19.999999999999996,0.0,0.0,0.0
8.015359599563444,-22.951320996971393,19.999999999999996,0.0,0.0,0.0
8.006732767455416,-22.945241929724165,19.999999999999993,0.0,0.0,0.0
7.998106659130419,-22.93916245680903,19.999999999999993,0.0,0.0,0.0
7.98948127469057,-22.933082577987427,19.999999999999993,0.0,0.0,0.0
7.9808566142380855,-22.92700229302093,19.999999999999993,0.0,0.0,0.0
7.972232677875226,-22.92092160167111,19.999999999999993,0.0,0.0,0.0
7.963609465704292,-22.914840503699583,19.999999999999996,0.0,0.0,0.0
7.954986977827598,-22.908758998867995,19.999999999999993,0.0,0.0,0.0
7.94636521434763,-22.902677086938073,20.0,0.0,0.0,0.0
7.937744175366797,-22.896594767671576,19.999999999999993,0.0,0.0,0.0
7.929123860987584,-22.890512040830256,19.999999999999993,0.0,0.0,0.0
7.920504271312531,-22.88442890617593,19.99999999999999,0.0,0.0,0.0
7.911885406444174,-22.878345363470437,19.999999999999993,0.0,0.0,0.0
7.903267266485245,-22.872261412475737,19.999999999999993,0.0,0.0,0.0
7.894649851538374,-22.866177052953734,19.99999999999999,0.0,0.0,0.0
7.88603316170628,-22.860092284666415,19.999999999999993,0.0,0.0,0.0
7.877417197091737,-22.854007107375786,19.999999999999993,0.0,0.0,0.0
7.868801957797556,-22.84792152084391,19.999999999999993,0.0,0.0,0.0
7.860187443926557,-22.841835524832856,19.999999999999986,0.0,0.0,0.0
7.851573655581738,-22.835749119104808,19.999999999999986,0.0,0.0,0.0
7.842960592866009,-22.829662303421923,19.99999999999999,0.0,0.0,0.0
7.834348255882366,-22.823575077546412,19.999999999999993,0.0,0.0,0.0
7.825736644733859,-22.81748744124053,19.99999999999999,0.0,0.0,0.0
7.817125759523523,-22.811399394266534,19.99999999999999,0.0,0.0,0.0
7.808515600354597,-22.805310936386824,19.99999999999999,0.0,0.0,0.0
7.799906167330213,-22.799222067363736,19.999999999999986,0.0,0.0,0.0
7.791297460553597,-22.793132786959678,19.99999999999999,0.0,0.0,0.0
7.782689480128021,-22.787043094937104,19.99999999999999,0.0,0.0,0.0
7.774082226156759,-22.78095299105846,19.999999999999986,0.0,0.0,0.0
7.765475698743269,-22.774862475086344,19.99999999999999,0.0,0.0,0.0
7.756869897990911,-22.7687715467833,19.99999999999999,0.0,0.0,0.0
7.748264824003138,-22.76268020591191,19.99999999999999,0.0,0.0,0.0
7.739660476883457,-22.75658845223484,19.999999999999986,0.0,0.0,0.0
7.731056856735398,-22.750496285514753,19.999999999999986,0.0,0.0,0.0
7.722453963662512,-22.744403705514348,19.999999999999986,0.0,0.0,0.0
7.713851797768525,-22.738310711996448,19.99999999999999,0.0,0.0,0.0
7.705250359157075,-22.732217304723815,19.999999999999986,0.0,0.0,0.0
7.696649647931878,-22.726123483459286,19.999999999999986,0.0,0.0,0.0
7.688049664196709,-22.720029247965748,19.999999999999982,0.0,0.0,0.0
7.679450408055325,-22.713934598006055,19.999999999999986,0.0,0.0,0.0
7.67085187961169,-22.707839533343257,19.99999999999999,0.0,0.0,0.0
7.6622540789696565,-22.701744053740292,19.99999999999999,0.0,0.0,0.0
7.653657006233169,-22.695648158960203,19.999999999999986,0.0,0.0,0.0
7.645060661506217,-22.689551848766044,19.999999999999986,0.0,0.0,0.0
7.636465044892845,-22.683455122920922,19.99999999999998,0.0,0.0,0.0
7.627870156497079,-22.677357981187953,19.999999999999986,0.0,0.0,0.0
7.619275996423145,-22.671260423330384,19.999999999999986,0.0,0.0,0.0
7.61068256477516,-22.66516244911141,19.999999999999993,0.0,0.0,0.0
7.602089861657344,-22.659064058294287,19.999999999999986,0.0,0.0,0.0
7.593497887173951,-22.652965250642303,19.999999999999986,0.0,0.0,0.0
7.584906641429235,-22.646866025918765,19.99999999999998,0.0,0.0,0.0
7.57631612452764,-22.64076638388711,19.999999999999982,0.0,0.0,0.0
7.567726336573504,-22.63466632431072,19.999999999999986,0.0,0.0,0.0
7.559137277671268,-22.628565846953055,19.999999999999982,0.0,0.0,0.0
7.550548947925403,-22.622464951577587,19.999999999999982,0.0,0.0,0.0
7.541961347440438,-22.61636363794784,19.999999999999986,0.0,0.0,0.0
7.533374476320882,-22.610261905827347,19.999999999999986,0.0,0.0,0.0
7.52478833467145,-22.604159754979776,19.999999999999982,0.0,0.0,0.0
7.516202922596743,-22.59805718516874,19.999999999999982,0.0,0.0,0.0
7.507618240201454,-22.59195419615791,19.999999999999986,0.0,0.0,0.0
7.499034287590329,-22.58585078771099,19.999999999999986,0.0,0.0,0.0
7.490451064868105,-22.579746959591716,19.99999999999998,0.0,0.0,0.0
7.481868572139699,-22.573642711563924,19.99999999999998,0.0,0.0,0.0
7.473286809509938,-22.567538043391426,19.999999999999982,0.0,0.0,0.0
7.464705777083737,-22.56143295483808,19.99999999999998,0.0,0.0,0.0
7.456125474966051,-22.555327445667782,19.99999999999998,0.0,0.0,0.0
7.447545903261882,-22.54922151564448,19.99999999999998,0.0,0.0,0.0
7.438967062076222,-22.54311516453211,19.999999999999982,0.0,0.0,0.0
7.430388951514263,-22.53700839209477,19.99999999999998,0.0,0.0,0.0
7.421811571681081,-22.530901198096455,19.999999999999975,0.0,0.0,0.0
7.4132349226818475,-22.524793582301257,19.999999999999982,0.0,0.0,0.0
7.404659004621781,-22.518685544473318,19.999999999999982,0.0,0.0,0.0
7.396083817606094,-22.512577084376755,19.999999999999982,0.0,0.0,0.0
7.387509361740181,-22.506468201775853,19.99999999999998,0.0,0.0,0.0
7.378935637129344,-22.500358896434793,19.99999999999998,0.0,0.0,0.0
7.370362643878964,-22.494249168117857,19.999999999999982,0.0,0.0,0.0
7.361790382094476,-22.488139016589365,19.999999999999982,0.0,0.0,0.0
7.353218851881303,-22.482028441613625,19.99999999999998,0.0,0.0,0.0
7.3446480533450575,-22.4759174429551,19.99999999999998,0.0,0.0,0.0
7.336077986591246,-22.46980602037817,19.999999999999975,0.0,0.0,0.0
7.327508651725473,-22.463694173647294,19.99999999999998,0.0,0.0,0.0
7.318940048853376,-22.457581902526975,19.99999999999998,0.0,0.0,0.0
7.310372178080646,-22.45146920678174,19.99999999999998,0.0,0.0,0.0
7.301805039512962,-22.445356086176133,19.999999999999975,0.0,0.0,0.0
7.293238633256186,-22.439242540474826,19.999999999999975,0.0,0.0,0.0
7.284672959416084,-22.433128569442427,19.99999999999998,0.0,0.0,0.0
7.27610801809851,-22.427014172843613,19.99999999999998,0.0,0.0,0.0
7.267543809409359,-22.42089935044311,19.99999999999998,0.0,0.0,0.0
7.258980333454521,-22.414784102005633,19.99999999999998,0.0,0.0,0.0
7.250417590340077,-22.408668427296043,19.99999999999998,0.0,0.0,0.0
7.241855580171998,-22.40255232607913,19.99999999999998,0.0,0.0,0.0
7.233294303056348,-22.396435798119757,19.99999999999998,0.0,0.0,0.0
7.22473375909923,-22.39031884318283,19.99999999999998,0.0,0.0,0.0
7.216173948406795,-22.38420146103328,19.999999999999975,0.0,0.0,0.0
7.207614871085184,-22.378083651436036,19.99999999999998,0.0,0.0,0.0
7.1990565272407245,-22.371965414156193,19.99999999999998,0.0,0.0,0.0
7.1904989169796405,-22.365846748958756,19.999999999999975,0.0,0.0,0.0
7.181942040408244,-22.359727655608804,19.999999999999975,0.0,0.0,0.0
7.173385897632894,-22.353608133871447,19.999999999999975,0.0,0.0,0.0
7.164830488759935,-22.347488183511814,19.99999999999998,0.0,0.0,0.0
7.15627581389591,-22.34136780429516,19.99999999999998,0.0,0.0,0.0
7.147721873147242,-22.335246995986687,19.99999999999997,0.0,0.0,0.0
7.1391686666204555,-22.32912575835164,19.99999999999998,0.0,0.0,0.0
7.130616194422117,-22.323004091155333,19.99999999999997,0.0,0.0,0.0
7.122064456658772,-22.316881994163047,19.99999999999998,0.0,0.0,0.0
7.113513453437174,-22.310759467140244,19.999999999999968,0.0,0.0,0.0
7.10496318486395,-22.304636509852273,19.99999999999997,0.0,0.0,0.0
7.0964136510458315,-22.29851312206459,19.99999999999997,0.0,0.0,0.0
7.087864852089586,-22.29238930354266,19.999999999999975,0.0,0.0,0.0
7.079316788102022,-22.286265054052006,19.99999999999998,0.0,0.0,0.0
7.070769459189943,-22.280140373358147,19.99999999999997,0.0,0.0,0.0
7.06222286546033,-22.274015261226726,19.99999999999997,0.0,0.0,0.0
7.053677007020072,-22.267889717423326,19.999999999999975,0.0,0.0,0.0
7.045131883976137,-22.261763741713608,19.99999999999997,0.0,0.0,0.0
7.036587496435539,-22.25563733386327,19.99999999999997,0.0,0.0,0.0
7.02804384450528,-22.249510493637995,19.999999999999975,0.0,0.0,0.0
7.019500928292557,-22.24338322080362,19.999999999999968,0.0,0.0,0.0
7.010958747904447,-22.237255515125895,19.99999999999997,0.0,0.0,0.0
7.002417303448132,-22.23112737637067,19.99999999999997,0.0,0.0,0.0
6.9938765950308195,-22.2249988043038,19.99999999999998,0.0,0.0,0.0
6.985336622759775,-22.218869798691205,19.99999999999997,0.0,0.0,0.0
6.976797386742237,-22.212740359298774,19.99999999999997,0.0,0.0,0.0
6.9682588870856375,-22.206610485892554,19.99999999999997,0.0,0.0,0.0
6.95972112389731,-22.20048017823853,19.99999999999997,0.0,0.0,0.0
6.951184097284666,-22.194349436102723,19.99999999999998,0.0,0.0,0.0
6.942647807355167,-22.188218259251236,19.99999999999997,0.0,0.0,0.0
6.934112254216254,-22.182086647450145,19.99999999999997,0.0,0.0,0.0
6.925577437975565,-22.175954600465655,19.999999999999968,0.0,0.0,0.0
6.917043358740623,-22.169822118063934,19.999999999999968,0.0,0.0,0.0
6.908510016619044,-22.163689200011184,19.99999999999997,0.0,0.0,0.0
6.89997741171849,-22.157555846073674,19.999999999999968,0.0,0.0,0.0
6.8914455441466504,-22.151422056017687,19.99999999999997,0.0,0.0,0.0
6.882914414011215,-22.145287829609515,19.99999999999997,0.0,0.0,0.0
6.874384021420053,-22.139153166615582,19.99999999999997,0.0,0.0,0.0
6.8658543664809315,-22.13301806680225,19.999999999999968,0.0,0.0,0.0
6.857325449301705,-22.126882529935944,19.99999999999997,0.0,0.0,0.0
6.848797269990268,-22.120746555783136,19.99999999999997,0.0,0.0,0.0
6.840269828654501,-22.114610144110287,19.999999999999964,0.0,0.0,0.0
6.831743125402475,-22.108473294683986,19.99999999999997,0.0,0.0,0.0
6.8232171603421525,-22.102336007270768,19.99999999999997,0.0,0.0,0.0
6.81469193358159,-22.096198281637257,19.99999999999997,0.0,0.0,0.0
6.806167445228868,-22.090060117550063,19.999999999999968,0.0,0.0,0.0
6.797643695392123,-22.083921514775863,19.999999999999968,0.0,0.0,0.0
6.789120684179473,-22.077782473081328,19.99999999999997,0.0,0.0,0.0
6.78059841169922,-22.07164299223327,19.99999999999997,0.0,0.0,0.0
6.772076878059565,-22.065503071998425,19.99999999999997,0.0,0.0,0.0
6.763556083368792,-22.059362712143596,19.99999999999997,0.0,0.0,0.0
6.755036027735228,-22.05322191243563,19.99999999999997,0.0,0.0,0.0
6.746516711267186,-22.04708067264138,19.999999999999964,0.0,0.0,0.0
6.737998134073161,-22.04093899252779,19.99999999999997,0.0,0.0,0.0
6.729480296261553,-22.0347968718618,19.999999999999968,0.0,0.0,0.0
6.720963197940838,-22.02865431041038,19.999999999999964,0.0,0.0,0.0
6.712446839219533,-22.022511307940537,19.999999999999964,0.0,0.0,0.0
6.703931220206145,-22.01636786421929,19.99999999999997,0.0,0.0,0.0
6.695416341009371,-22.010223979013777,19.99999999999997,0.0,0.0,0.0
6.686902201737794,-22.004079652091093,19.99999999999997,0.0,0.0,0.0
6.678388802500089,-21.997934883218377,19.99999999999997,0.0,0.0,0.0
6.669876143404964,-21.99178967216281,19.999999999999968,0.0,0.0,0.0
6.661364224561166,-21.985644018691602,19.999999999999964,0.0,0.0,0.0
6.65285304607744,-21.979497922571973,19.999999999999964,0.0,0.0,0.0
6.644342608062704,-21.973351383571277,19.999999999999964,0.0,0.0,0.0
6.635832910625775,-21.96720440145679,19.999999999999968,0.0,0.0,0.0
6.627323953875557,-21.961056975995866,19.999999999999968,0.0,0.0,0.0
6.618815737920987,-21.954909106955892,19.999999999999964,0.0,0.0,0.0
6.610308262870997,-21.94876079410424,19.999999999999964,0.0,0.0,0.0
6.6018015288347005,-21.942612037208434,19.999999999999964,0.0,0.0,0.0
6.593295535921102,-21.936462836035922,19.999999999999964,0.0,0.0,0.0
6.5847902842392925,-21.930313190354227,19.999999999999964,0.0,0.0,0.0
6.5762857738984035,-21.9241630999309,19.999999999999964,0.0,0.0,0.0
6.567782005007607,-21.918012564533512,19.999999999999964,0.0,0.0,0.0
6.559278977676052,-21.91186158392965,19.999999999999964,0.0,0.0,0.0
6.550776692013086,-21.905710157887047,19.999999999999964,0.0,0.0,0.0
6.542275148127936,-21.899558286173338,19.999999999999964,0.0,0.0,0.0
6.533774346129923,-21.893405968556237,19.999999999999964,0.0,0.0,0.0
6.525274286128405,-21.887253204803503,19.999999999999964,0.0,0.0,0.0
6.5167749682327205,-21.881099994682877,19.99999999999997,0.0,0.0,0.0
6.508276392552409,-21.874946337962257,19.999999999999964,0.0,0.0,0.0
6.499778559196878,-21.86879223440944,19.999999999999964,0.0,0.0,0.0
6.49128146827564,-21.862637683792318,19.999999999999964,0.0,0.0,0.0
6.482785119898238,-21.856482685878802,19.999999999999964,0.0,0.0,0.0
6.4742895141742025,-21.850327240436805,19.999999999999968,0.0,0.0,0.0
6.4657946512132485,-21.84417134723438,19.999999999999968,0.0,0.0,0.0
6.457300531124982,-21.83801500603949,19.999999999999964,0.0,0.0,0.0
6.448807154019096,-21.831858216620205,19.999999999999964,0.0,0.0,0.0
6.440314520005317,-21.82570097874459,19.999999999999964,0.0,0.0,0.0
6.43182262919341,-21.81954329218075,19.999999999999964,0.0,0.0,0.0
6.423331481693135,-21.8133851566968,19.999999999999964,0.0,0.0,0.0
6.414841077614422,-21.807226572060983,19.99999999999997,0.0,0.0,0.0
6.406351417067107,-21.801067538041483,19.99999999999996,0.0,0.0,0.0
6.397862500161092,-21.794908054406527,19.999999999999968,0.0,0.0,0.0
6.3893743270063394,-21.7887481209244,19.999999999999964,0.0,0.0,0.0
6.380886897712782,-21.78258773736337,19.99999999999996,0.0,0.0,0.0
6.372400212390536,-21.77642690349183,19.99999999999997,0.0,0.0,0.0
6.3639142711496195,-21.770265619078145,19.999999999999964,0.0,0.0,0.0
6.355429074100127,-21.76410388389069,19.999999999999964,0.0,0.0,0.0
6.346944621352189,-21.757941697697916,19.99999999999997,0.0,0.0,0.0
6.3384609130159815,-21.75177906026829,19.999999999999964,0.0,0.0,0.0
6.329977949201657,-21.745615971370263,19.999999999999964,0.0,0.0,0.0
6.321495730019555,-21.73945243077245,19.999999999999964,0.0,0.0,0.0
6.3130142555799065,-21.73328843824337,19.999999999999964,0.0,0.0,0.0
6.304533525993028,-21.727123993551626,19.99999999999996,0.0,0.0,0.0
6.296053541369268,-21.72095909646584,19.99999999999996,0.0,0.0,0.0
6.287574301818968,-21.714793746754637,19.99999999999996,0.0,0.0,0.0
6.279095807452648,-21.70862794418679,19.99999999999996,0.0,0.0,0.0
6.270618058380715,-21.702461688530967,19.99999999999996,0.0,0.0,0.0
6.26214105471367,-21.69629497955594,19.99999999999996,0.0,0.0,0.0
6.253664796562042,-21.690127817030483,19.999999999999964,0.0,0.0,0.0
6.245189284036397,-21.68396020072342,19.999999999999964,0.0,0.0,0.0
6.236714517247294,-21.67779213040357,19.99999999999996,0.0,0.0,0.0
6.228240496305465,-21.67162360583988,19.999999999999964,0.0,0.0,0.0
6.219767221321538,-21.66545462680123,19.999999999999964,0.0,0.0,0.0
6.2112946924062244,-21.65928519305656,19.999999999999964,0.0,0.0,0.0
6.202822909670269,-21.653115304374854,19.99999999999996,0.0,0.0,0.0
6.194351873224406,-21.646944960525076,19.99999999999996,0.0,0.0,0.0
6.185881583179549,-21.640774161276337,19.999999999999964,0.0,0.0,0.0
