galstreams/tracks/track.ep.Ravi.shipp2018.ecsv
# %ECSV 0.9
# ---
# datatype:
# - {name: ra, unit: deg, datatype: float64}
# - {name: dec, unit: deg, datatype: float64}
# - {name: distance, unit: kpc, datatype: float64}
# - {name: pm_ra_cosdec, unit: mas / yr, datatype: float64}
# - {name: pm_dec, unit: mas / yr, datatype: float64}
# - {name: radial_velocity, unit: km / s, datatype: float64}
# delimiter: ','
# meta: !!omap
# - __serialized_columns__:
#     dec:
#       __class__: astropy.coordinates.angles.Latitude
#       unit: &id001 !astropy.units.Unit {unit: deg}
#       value: !astropy.table.SerializedColumn {name: dec}
#     distance:
#       __class__: astropy.coordinates.distances.Distance
#       unit: !astropy.units.Unit {unit: kpc}
#       value: !astropy.table.SerializedColumn {name: distance}
#     pm_dec:
#       __class__: astropy.units.quantity.Quantity
#       unit: !astropy.units.Unit {unit: mas / yr}
#       value: !astropy.table.SerializedColumn {name: pm_dec}
#     pm_ra_cosdec:
#       __class__: astropy.units.quantity.Quantity
#       unit: !astropy.units.Unit {unit: mas / yr}
#       value: !astropy.table.SerializedColumn {name: pm_ra_cosdec}
#     ra:
#       __class__: astropy.coordinates.angles.Longitude
#       unit: *id001
#       value: !astropy.table.SerializedColumn {name: ra}
#       wrap_angle: !astropy.coordinates.Angle
#         unit: *id001
#         value: 360.0
#     radial_velocity:
#       __class__: astropy.units.quantity.Quantity
#       unit: !astropy.units.Unit {unit: km / s}
#       value: !astropy.table.SerializedColumn {name: radial_velocity}
# schema: astropy-2.0
ra,dec,distance,pm_ra_cosdec,pm_dec,radial_velocity
334.7999999745597,-44.100000005389525,22.899999999999995,0.2,-1.6,0.0
334.83284008031353,-44.17983011115302,22.9,0.2,-1.6,0.0
334.8657692304114,-44.259650783816106,22.9,0.20000000000000004,-1.6,0.0
334.89878790522084,-44.33946197136607,22.89999999999999,0.19999999999999998,-1.6,0.0
334.93189658824497,-44.419263621439384,22.9,0.2,-1.6,0.0
334.96509576614795,-44.49905568131877,22.9,0.2,-1.6,0.0
334.998385928781,-44.57883809792999,22.899999999999995,0.2,-1.6,0.0
335.0317675692083,-44.6586108178391,22.9,0.2,-1.6,0.0
335.06524118373363,-44.738373787249174,22.9,0.2,-1.6,0.0
335.0988072719269,-44.81812695199722,22.9,0.2,-1.6,0.0
335.13246633665074,-44.89787025755109,22.9,0.20000000000000004,-1.6,0.0
335.166218884088,-44.977603649006284,22.9,0.2,-1.6,0.0
335.2000654237688,-45.057327071082725,22.9,0.2,-1.6,0.0
335.2340064685987,-45.137040468121555,22.9,0.19999999999999998,-1.6,0.0
335.2680425348857,-45.21674378408194,22.9,0.2,-1.6,0.0
335.3021741423694,-45.29643696253752,22.899999999999995,0.19999999999999998,-1.6,0.0
335.3364018142485,-45.37611994667338,22.9,0.2,-1.6,0.0
335.37072607721046,-45.455792679282524,22.9,0.2,-1.6,0.0
335.40514746145965,-45.53545510276252,22.9,0.2,-1.6,0.0
335.4396665007469,-45.61510715911199,22.9,0.2,-1.6,0.0
335.4742837323993,-45.694748789927274,22.89999999999999,0.2,-1.6,0.0
335.50899969734957,-45.77437993639878,22.9,0.2,-1.6,0.0
335.54381494016644,-45.85400053930754,22.9,0.19999999999999998,-1.6,0.0
335.5787300090851,-45.93361053902169,22.9,0.2,-1.6,0.0
335.61374545603746,-46.013209875492564,22.9,0.2,-1.6,0.0
335.6488618366837,-46.092798488251425,22.9,0.2,-1.6,0.0
335.6840797104431,-46.17237631640556,22.9,0.2,-1.6,0.0
335.7193996405259,-46.2519432986346,22.89999999999999,0.2,-1.6,0.0
335.7548221939651,-46.33149937318676,22.9,0.2,-1.6,0.0
335.7903479416484,-46.41104447787502,22.9,0.2,-1.6,0.0
335.82597745835113,-46.49057855007331,22.9,0.2,-1.6,0.0
335.86171132276877,-46.570101526712605,22.9,0.19999999999999998,-1.6,0.0
335.89755011755034,-46.64961334427707,22.899999999999995,0.2,-1.6,0.0
335.93349442933146,-46.729113938799905,22.89999999999999,0.2,-1.6,0.0
335.96954484876846,-46.80860324585961,22.899999999999995,0.19999999999999998,-1.6,0.0
336.0057019705725,-46.88808120057578,22.9,0.2,-1.6,0.0
336.0419663935438,-46.96754773760506,22.9,0.2,-1.6,0.0
336.0783387206066,-47.04700279113697,22.9,0.2,-1.6,0.0
336.11481955884426,-47.12644629488982,22.9,0.2,-1.6,0.0
336.1514095195345,-47.20587818210642,22.9,0.20000000000000004,-1.6,0.0
336.1881092181856,-47.28529838554985,22.9,0.19999999999999998,-1.6,0.0
336.2249192745723,-47.36470683749922,22.899999999999995,0.2,-1.6,0.0
336.26184031277216,-47.44410346974511,22.9,0.2,-1.6,0.0
336.29887296120296,-47.52348821358544,22.900000000000002,0.19999999999999998,-1.6,0.0
336.3360178526595,-47.6028609998209,22.9,0.2,-1.6,0.0
336.37327562435115,-47.68222175875046,22.9,0.2,-1.6,0.0
336.41064691794037,-47.76157042016686,22.9,0.20000000000000004,-1.6,0.0
336.4481323795803,-47.840906913352015,22.9,0.2,-1.6,0.0
336.48573265995395,-47.9202311670724,22.9,0.20000000000000004,-1.6,0.0
336.5234484143135,-47.999543109574354,22.9,0.2,-1.6,0.0
336.5612803025194,-48.078842668579405,22.899999999999995,0.20000000000000004,-1.6,0.0
336.59922898908,-48.15812977127932,22.899999999999995,0.2,-1.6,0.0
336.6372951431929,-48.23740434433151,22.9,0.20000000000000004,-1.6,0.0
336.6754794387843,-48.31666631385402,22.899999999999995,0.2,-1.6,0.0
336.71378255455124,-48.39591560542062,22.899999999999995,0.2,-1.6,0.0
336.7522051740023,-48.47515214405578,22.9,0.2,-1.6,0.0
336.7907479854999,-48.55437585422971,22.9,0.2,-1.6,0.0
336.82941168230246,-48.633586659853194,22.9,0.2,-1.6,0.0
336.8681969626073,-48.712784484272476,22.9,0.2,-1.6,0.0
336.9071045295938,-48.79196925026412,22.9,0.2,-1.6,0.0
336.9461350914668,-48.8711408800295,22.9,0.2,-1.6,0.0
336.98528936150063,-48.95029929518985,22.9,0.2,-1.6,0.0
337.0245680580841,-49.02944441678067,22.899999999999995,0.2,-1.6,0.0
337.0639719047651,-49.108576165246305,22.9,0.2,-1.6,0.0
337.1035016302954,-49.18769446043451,22.9,0.2,-1.6,0.0
337.1431579686777,-49.26679922159086,22.9,0.2,-1.6,0.0
337.18294165921094,-49.34589036735317,22.899999999999995,0.2,-1.6,0.0
337.22285344653744,-49.424967815745845,22.899999999999995,0.19999999999999998,-1.6,0.0
337.2628940806902,-49.504031484174135,22.9,0.2,-1.6,0.0
337.3030643171404,-49.58308128941816,22.899999999999995,0.2,-1.6,0.0
337.34336491684576,-49.66211714762742,22.9,0.2,-1.6,0.0
337.38379664629923,-49.74113897431457,22.9,0.2,-1.6,0.0
337.424360277578,-49.820146684349616,22.9,0.2,-1.6,0.0
337.46505658839334,-49.899140191953684,22.899999999999995,0.20000000000000004,-1.6,0.0
337.5058863621407,-49.97811941069309,22.9,0.2,-1.6,0.0
337.5468503879504,-50.05708425347303,22.9,0.2,-1.6,0.0
337.58794946073897,-50.13603463253137,22.899999999999995,0.2,-1.6,0.0
337.62918438126053,-50.21497045943241,22.9,0.20000000000000004,-1.6,0.0
337.67055595615943,-50.29389164506019,22.9,0.2,-1.6,0.0
337.7120649980227,-50.372798099612446,22.899999999999995,0.19999999999999998,-1.6,0.0
337.7537123254337,-50.45168973259381,22.9,0.2,-1.6,0.0
337.7954987630257,-50.53056645280928,22.9,0.2,-1.6,0.0
337.83742514153647,-50.6094281683575,22.9,0.2,-1.6,0.0
337.8794922978631,-50.68827478662407,22.9,0.2,-1.6,0.0
337.9217010751176,-50.767106214274676,22.9,0.19999999999999998,-1.6,0.0
337.96405232268313,-50.84592235724824,22.9,0.2,-1.6,0.0
338.00654689627044,-50.924723120749746,22.9,0.2,-1.6,0.0
338.0491856579752,-51.00350840924348,22.9,0.2,-1.6,0.0
338.0919694763361,-51.082278126445686,22.899999999999995,0.2,-1.6,0.0
338.134899226393,-51.1610321753174,22.9,0.2,-1.6,0.0
338.1779757897459,-51.2397704580572,22.9,0.2,-1.6,0.0
338.22120005461494,-51.31849287609371,22.9,0.19999999999999998,-1.6,0.0
338.26457291590043,-51.39719933007823,22.9,0.2,-1.6,0.0
338.3080952752436,-51.47588971987718,22.9,0.2,-1.6,0.0
338.3517680410886,-51.554563944564485,22.9,0.2,-1.6,0.0
338.3955921287441,-51.63322190241366,22.9,0.2,-1.6,0.0
338.4395684604464,-51.711863490890316,22.9,0.2,-1.6,0.0
338.4836979654229,-51.790488606644075,22.9,0.2,-1.6,0.0
338.52798157995585,-51.86909714550061,22.899999999999995,0.2,-1.6,0.0
338.5724202474477,-51.94768900245354,22.89999999999999,0.2,-1.6,0.0
338.617014918486,-52.02626407165639,22.9,0.19999999999999998,-1.6,0.0
338.6617665509098,-52.10482224641414,22.9,0.19999999999999998,-1.6,0.0
338.70667610987635,-52.18336341917503,22.9,0.2,-1.6,0.0
338.7517445679286,-52.26188748152204,22.9,0.19999999999999998,-1.6,0.0
338.79697290506346,-52.34039432416432,22.899999999999995,0.2,-1.6,0.0
338.8423621088007,-52.41888383692863,22.899999999999995,0.2,-1.6,0.0
338.88791317425273,-52.49735590875051,22.9,0.2,-1.6,0.0
338.9336271041944,-52.575810427665424,22.9,0.2,-1.6,0.0
338.9795049091349,-52.65424728079994,22.9,0.2,-1.6,0.0
339.0255476073889,-52.73266635436254,22.899999999999995,0.2,-1.6,0.0
339.07175622514956,-52.81106753363452,22.9,0.2,-1.6,0.0
339.11813179656184,-52.88945070296072,22.9,0.2,-1.6,0.0
339.16467536379616,-52.967815745740225,22.9,0.2,-1.6,0.0
339.21138797712405,-53.046162544416745,22.9,0.2,-1.6,0.0
339.25827069499314,-53.12449098046915,22.9,0.2,-1.6,0.0
339.30532458410397,-53.20280093440174,22.9,0.2,-1.6,0.0
339.35255071948734,-53.281092285734424,22.9,0.2,-1.6,0.0
339.3999501845821,-53.35936491299279,22.9,0.2,-1.6,0.0
339.4475240713142,-53.43761869369805,22.9,0.2,-1.6,0.0
339.4952734801767,-53.51585350435695,22.9,0.20000000000000004,-1.6,0.0
339.54319952030966,-53.594069220451416,22.9,0.2,-1.6,0.0
339.5913033095823,-53.672265716428186,22.9,0.2,-1.6,0.0
339.63958597467484,-53.7504428656883,22.899999999999995,0.2,-1.6,0.0
339.68804865116186,-53.828600540576424,22.9,0.2,-1.6,0.0
339.73669248359624,-53.90673861237014,22.9,0.2,-1.6,0.0
339.78551862559397,-53.984856951268966,22.9,0.2,-1.6,0.0
339.8345282399201,-54.06295542638341,22.899999999999995,0.2,-1.6,0.0
339.88372249857554,-54.14103390572377,22.9,0.20000000000000004,-1.6,0.0
339.9331025828845,-54.21909225618887,22.9,0.2,-1.6,0.0
339.982669683583,-54.29713034355462,22.9,0.2,-1.6,0.0
340.03242500090886,-54.375148032462455,22.9,0.2,-1.6,0.0
340.0823697446914,-54.45314518640768,22.9,0.2,-1.6,0.0
340.13250513444336,-54.531121667727604,22.9,0.19999999999999998,-1.6,0.0
340.18283239945333,-54.60907733758957,22.9,0.2,-1.6,0.0
340.23335277887867,-54.68701205597881,22.9,0.2,-1.6,0.0
340.2840675218402,-54.764925681686286,22.899999999999995,0.19999999999999998,-1.6,0.0
340.3349778875175,-54.84281807229615,22.9,0.19999999999999998,-1.6,0.0
340.386085145245,-54.92068908417325,22.9,0.2,-1.6,0.0
340.4373905746099,-54.998538572450464,22.899999999999995,0.2,-1.6,0.0
340.48889546554994,-55.07636639101574,22.9,0.20000000000000004,-1.6,0.0
340.5406011184534,-55.15417239249916,22.9,0.2,-1.6,0.0
340.5925088442594,-55.23195642825976,22.899999999999995,0.19999999999999998,-1.6,0.0
340.64461996455924,-55.309718348372144,22.9,0.2,-1.6,0.0
340.6969358116996,-55.38745800161306,22.9,0.2,-1.6,0.0
340.7494577288857,-55.46517523544771,22.9,0.2,-1.6,0.0
340.8021870702869,-55.542869896015894,22.9,0.2,-1.6,0.0
340.8551252011418,-55.62054182811812,22.9,0.2,-1.6,0.0
340.90827349786605,-55.69819087520135,22.9,0.20000000000000004,-1.6,0.0
340.9616333481604,-55.77581687934471,22.9,0.2,-1.6,0.0
341.0152061511199,-55.85341968124499,22.9,0.2,-1.6,0.0
341.0689933173447,-55.93099912020196,22.9,0.2,-1.6,0.0
341.1229962690517,-56.00855503410346,22.9,0.2,-1.6,0.0
341.1772164401875,-56.086087259410455,22.9,0.2,-1.6,0.0
341.2316552765427,-56.16359563114171,22.9,0.2,-1.6,0.0
341.2863142358669,-56.24107998285846,22.899999999999995,0.2,-1.6,0.0
341.3411947879856,-56.31854014664873,22.9,0.2,-1.6,0.0
341.39629841491785,-56.395975953111574,22.9,0.2,-1.6,0.0
341.45162661099556,-56.47338723134112,22.9,0.19999999999999998,-1.6,0.0
341.5071808829835,-56.55077380891032,22.9,0.2,-1.6,0.0
341.56296275020134,-56.62813551185465,22.9,0.2,-1.6,0.0
341.6189737446462,-56.7054721646554,22.9,0.2,-1.6,0.0
341.6752154111174,-56.782783590223,22.9,0.2,-1.6,0.0
341.7316893073413,-56.86006960987996,22.9,0.19999999999999998,-1.6,0.0
341.788397004099,-56.93733004334367,22.9,0.2,-1.6,0.0
341.84534008535394,-57.01456470870895,22.9,0.2,-1.6,0.0
341.90252014838194,-57.091773422430485,22.899999999999995,0.2,-1.6,0.0
341.959938803902,-57.16895599930487,22.9,0.2,-1.6,0.0
342.0175976762089,-57.24611225245257,22.899999999999995,0.2,-1.6,0.0
342.07549840330665,-57.32324199329962,22.9,0.2,-1.6,0.0
342.1336426370442,-57.40034503155908,22.899999999999995,0.2,-1.6,0.0
342.19203204325174,-57.477421175212235,22.9,0.2,-1.6,0.0
342.25066830187893,-57.55447023048964,22.899999999999995,0.2,-1.6,0.0
342.30955310713455,-57.63149200185187,22.9,0.2,-1.6,0.0
342.36868816762745,-57.708486291969976,22.9,0.2,-1.6,0.0
342.42807520650933,-57.78545290170581,22.9,0.20000000000000004,-1.6,0.0
342.48771596161856,-57.862391630092084,22.9,0.2,-1.6,0.0
342.547612185626,-57.93930227431201,22.9,0.2,-1.6,0.0
342.6077656461822,-58.01618462967897,22.9,0.2,-1.6,0.0
342.66817812606575,-58.09303848961569,22.89999999999999,0.2,-1.6,0.0
342.72885142333405,-58.1698636456332,22.9,0.2,-1.6,0.0
342.78978735147484,-58.24665988730968,22.899999999999995,0.2,-1.6,0.0
342.8509877395599,-58.323427002268815,22.9,0.2,-1.6,0.0
342.91245443240007,-58.40016477615804,22.9,0.2,-1.6,0.0
342.9741892907019,-58.47687299262641,22.89999999999999,0.2,-1.6,0.0
343.0361941912261,-58.55355143330226,22.9,0.20000000000000004,-1.6,0.0
343.098471026948,-58.63019987777053,22.9,0.2,-1.6,0.0
343.1610217072186,-58.70681810354985,22.9,0.2,-1.6,0.0
343.22384815792844,-58.783405886069275,22.9,0.2,-1.6,0.0
343.28695232167286,-58.859962998644775,22.9,0.2,-1.6,0.0
343.35033615791866,-58.93648921245537,22.9,0.2,-1.6,0.0
343.41400164317287,-59.012984296519,22.899999999999995,0.2,-1.6,0.0
343.47795077115313,-59.089448017668154,22.899999999999995,0.2,-1.6,0.0
343.54218555295995,-59.165880140524976,22.899999999999995,0.2,-1.6,0.0
343.60670801725075,-59.24228042747628,22.9,0.2,-1.6,0.0
343.6715202104154,-59.318648638648135,22.899999999999995,0.2,-1.6,0.0
343.73662419675424,-59.39498453188011,22.899999999999995,0.2,-1.6,0.0
343.8020220586575,-59.47128786269925,22.9,0.2,-1.6,0.0
343.86771589678625,-59.54755838429366,22.9,0.2,-1.6,0.0
343.9337078302563,-59.62379584748578,22.899999999999995,0.2,-1.6,0.0
343.9999999968229,-59.700000000705295,22.899999999999995,0.2,-1.6,0.0
