galstreams/tracks/track.po.20.0-1.mateu2018.ecsv
# %ECSV 1.0
# ---
# datatype:
# - {name: ra, unit: deg, datatype: float64}
# - {name: dec, unit: deg, datatype: float64}
# - {name: distance, unit: kpc, datatype: float64}
# - {name: pm_ra_cosdec, unit: mas / yr, datatype: float64}
# - {name: pm_dec, unit: mas / yr, datatype: float64}
# - {name: radial_velocity, unit: km / s, datatype: float64}
# delimiter: ','
# meta: !!omap
# - __serialized_columns__:
#     dec:
#       __class__: astropy.coordinates.angles.Latitude
#       unit: &id001 !astropy.units.Unit {unit: deg}
#       value: !astropy.table.SerializedColumn {name: dec}
#     distance:
#       __class__: astropy.coordinates.distances.Distance
#       unit: !astropy.units.Unit {unit: kpc}
#       value: !astropy.table.SerializedColumn {name: distance}
#     pm_dec:
#       __class__: astropy.units.quantity.Quantity
#       unit: !astropy.units.Unit {unit: mas / yr}
#       value: !astropy.table.SerializedColumn {name: pm_dec}
#     pm_ra_cosdec:
#       __class__: astropy.units.quantity.Quantity
#       unit: !astropy.units.Unit {unit: mas / yr}
#       value: !astropy.table.SerializedColumn {name: pm_ra_cosdec}
#     ra:
#       __class__: astropy.coordinates.angles.Longitude
#       unit: *id001
#       value: !astropy.table.SerializedColumn {name: ra}
#       wrap_angle: !astropy.coordinates.Angle
#         unit: *id001
#         value: 360.0
#     radial_velocity:
#       __class__: astropy.units.quantity.Quantity
#       unit: !astropy.units.Unit {unit: km / s}
#       value: !astropy.table.SerializedColumn {name: radial_velocity}
# schema: astropy-2.0
ra,dec,distance,pm_ra_cosdec,pm_dec,radial_velocity
[from data line 1876]
298.5688390822159,-29.591127444886887,26.806609593435734,0.0,0.0,0.0
298.57712214596785,-29.584184997117692,26.805886190906183,0.0,0.0,0.0
298.58540385003215,-29.57724183618067,26.805162517381767,0.0,0.0,0.0
298.5936841947932,-29.570297962326922,26.804438572899855,0.0,0.0,0.0
298.60196318063504,-29.56335337580749,26.80371435749786,0.0,0.0,0.0
298.61024080794186,-29.556408076873307,26.802989871213203,0.0,0.0,0.0
298.6185170770979,-29.54946206577524,26.8022651140833,0.0,0.0,0.0
298.62679198848724,-29.54251534276403,26.801540086145614,0.0,0.0,0.0
298.635065542494,-29.53556790809035,26.80081478743759,0.0,0.0,0.0
298.64333773950216,-29.528619762004762,26.800089217996703,0.0,0.0,0.0
298.651608579896,-29.521670904757762,26.799363377860438,0.0,0.0,0.0
298.65987806405934,-29.51472133659973,26.798637267066272,0.0,0.0,0.0
298.66814619237635,-29.507771057780964,26.79791088565174,0.0,0.0,0.0
298.67641296523095,-29.50082006855167,26.797184233654356,0.0,0.0,0.0
298.68467838300717,-29.493868369161945,26.796457311111645,0.0,0.0,0.0
298.692942446089,-29.486915959861836,26.795730118061165,0.0,0.0,0.0
298.70120515486025,-29.479962840901255,26.795002654540475,0.0,0.0,0.0
298.7094665097049,-29.473009012530046,26.794274920587164,0.0,0.0,0.0
298.7177265110069,-29.466054474997954,26.793546916238792,0.0,0.0,0.0
298.72598515915,-29.459099228554635,26.792818641532985,0.0,0.0,0.0
298.7342424545182,-29.45214327344964,26.79209009650735,0.0,0.0,0.0
298.7424983974951,-29.44518660993245,26.79136128119951,0.0,0.0,0.0
298.75075298846474,-29.43822923825244,26.79063219564711,0.0,0.0,0.0
298.7590062278108,-29.431271158658905,26.78990283988779,0.0,0.0,0.0
298.76725811591695,-29.424312371401026,26.78917321395925,0.0,0.0,0.0
298.77550865316704,-29.417352876727907,26.788443317899144,0.0,0.0,0.0
298.7837578399447,-29.410392674888577,26.78771315174517,0.0,0.0,0.0
298.7920056766337,-29.40343176613194,26.786982715535032,0.0,0.0,0.0
298.80025216361764,-29.396470150706833,26.78625200930646,0.0,0.0,0.0
298.8084973012801,-29.389507828861984,26.785521033097176,0.0,0.0,0.0
298.8167410900049,-29.382544800846055,26.784789786944923,0.0,0.0,0.0
298.8249835301754,-29.37558106690758,26.78405827088747,0.0,0.0,0.0
298.83322462217535,-29.36861662729504,26.783326484962593,0.0,0.0,0.0
298.84146436638815,-29.361651482256796,26.782594429208064,0.0,0.0,0.0
298.84970276319746,-29.35468563204114,26.78186210366169,0.0,0.0,0.0
298.8579398129867,-29.347719076896233,26.781129508361275,0.0,0.0,0.0
298.8661755161393,-29.340751817070203,26.78039664334464,0.0,0.0,0.0
298.8744098730388,-29.333783852811056,26.779663508649637,0.0,0.0,0.0
298.8826428840687,-29.326815184366676,26.77893010431411,0.0,0.0,0.0
298.8908745496122,-29.319845811984912,26.77819643037592,0.0,0.0,0.0
298.89910487005284,-29.312875735913494,26.77746248687295,0.0,0.0,0.0
298.9073338457739,-29.30590495640006,26.776728273843077,0.0,0.0,0.0
298.91556147715875,-29.298933473692152,26.775993791324215,0.0,0.0,0.0
298.92378776459066,-29.291961288037243,26.77525903935428,0.0,0.0,0.0
298.93201270845293,-29.28498839968269,26.7745240179712,0.0,0.0,0.0
298.9402363091289,-29.278014808875767,26.77378872721291,0.0,0.0,0.0
298.94845856700164,-29.271040515863675,26.77305316711738,0.0,0.0,0.0
298.9566794824545,-29.264065520893496,26.772317337722562,0.0,0.0,0.0
298.9648990558706,-29.257089824212226,26.771581239066442,0.0,0.0,0.0
298.97311728763316,-29.250113426066793,26.770844871187027,0.0,0.0,0.0
298.9813341781252,-29.243136326704015,26.770108234122308,0.0,0.0,0.0
298.9895497277299,-29.236158526370616,26.769371327910317,0.0,0.0,0.0
298.99776393683044,-29.229180025313244,26.768634152589076,0.0,0.0,0.0
299.0059768058098,-29.222200823778433,26.767896708196645,0.0,0.0,0.0
299.01418833505096,-29.21522092201266,26.767158994771076,0.0,0.0,0.0
299.022398524937,-29.208240320262274,26.76642101235045,0.0,0.0,0.0
299.03060737585093,-29.201259018773563,26.76568276097284,0.0,0.0,0.0
299.03881488817564,-29.194277017792704,26.764944240676357,0.0,0.0,0.0
299.04702106229405,-29.187294317565794,26.76420545149911,0.0,0.0,0.0
299.0552258985892,-29.18031091833884,26.763466393479224,0.0,0.0,0.0
299.0634293974438,-29.173326820357754,26.762727066654826,0.0,0.0,0.0
299.07163155924087,-29.166342023868353,26.76198747106409,0.0,0.0,0.0
299.07983238436316,-29.15935652911638,26.761247606745158,0.0,0.0,0.0
299.0880318731935,-29.152370336347463,26.76050747373622,0.0,0.0,0.0
299.0962300261146,-29.145383445807155,26.759767072075466,0.0,0.0,0.0
299.1044268435093,-29.13839585774092,26.75902640180109,0.0,0.0,0.0
299.11262232576036,-29.131407572394124,26.758285462951324,0.0,0.0,0.0
299.12081647325044,-29.12441859001204,26.757544255564387,0.0,0.0,0.0
299.1290092863622,-29.117428910839873,26.756802779678523,0.0,0.0,0.0
299.1372007654782,-29.110438535122707,26.75606103533198,0.0,0.0,0.0
299.1453909109813,-29.10344746310555,26.75531902256304,0.0,0.0,0.0
299.153579723254,-29.096455695033324,26.754576741409988,0.0,0.0,0.0
299.1617672026787,-29.089463231150848,26.753834191911107,0.0,0.0,0.0
299.16995334963815,-29.082470071702865,26.753091374104706,0.0,0.0,0.0
299.17813816451473,-29.075476216934018,26.752348288029108,0.0,0.0,0.0
299.1863216476911,-29.068481667088843,26.751604933722653,0.0,0.0,0.0
299.1945037995496,-29.06148642241185,26.750861311223673,0.0,0.0,0.0
299.2026846204727,-29.05449048314737,26.750117420570543,0.0,0.0,0.0
299.21086411084286,-29.04749384953971,26.74937326180163,0.0,0.0,0.0
299.2190422710423,-29.040496521833056,26.748628834955312,0.0,0.0,0.0
299.22721910145367,-29.03349850027151,26.74788414007001,0.0,0.0,0.0
299.235394602459,-29.02649978509909,26.74713917718411,0.0,0.0,0.0
299.24356877444075,-29.019500376559726,26.746393946336045,0.0,0.0,0.0
299.25174161778125,-29.01250027489723,26.745648447564264,0.0,0.0,0.0
299.25991313286255,-29.00549948035537,26.74490268090721,0.0,0.0,0.0
299.26808332006703,-28.99849799317778,26.744156646403354,0.0,0.0,0.0
299.2762521797769,-28.991495813608047,26.743410344091156,0.0,0.0,0.0
299.28441971237424,-28.98449294188962,26.74266377400912,0.0,0.0,0.0
299.29258591824123,-28.977489378265897,26.741916936195743,0.0,0.0,0.0
299.3007507977599,-28.970485122980154,26.74116983068955,0.0,0.0,0.0
299.3089143513126,-28.963480176275613,26.74042245752906,0.0,0.0,0.0
299.31707657928104,-28.956474538395373,26.73967481675281,0.0,0.0,0.0
299.3252374820474,-28.949468209582474,26.738926908399375,0.0,0.0,0.0
299.33339705999373,-28.942461190079836,26.738178732507304,0.0,0.0,0.0
299.34155531350194,-28.935453480130306,26.737430289115192,0.0,0.0,0.0
299.349712242954,-28.928445079976633,26.73668157826162,0.0,0.0,0.0
299.3578678487318,-28.921435989861497,26.7359325999852,0.0,0.0,0.0
299.36602213121733,-28.914426210027454,26.73518335432455,0.0,0.0,0.0
299.37417509079233,-28.907415740717003,26.734433841318314,0.0,0.0,0.0
299.38232672783863,-28.900404582172516,26.73368406100513,0.0,0.0,0.0
299.3904770427381,-28.89339273463634,26.73293401342365,0.0,0.0,0.0
299.39862603587244,-28.886380198350643,26.732183698612555,0.0,0.0,0.0
299.4067737076235,-28.879366973557588,26.731433116610518,0.0,0.0,0.0
299.41492005837284,-28.872353060499204,26.730682267456245,0.0,0.0,0.0
299.42306508850237,-28.86533845941741,26.729931151188467,0.0,0.0,0.0
299.4312087983936,-28.858323170554094,26.729179767845867,0.0,0.0,0.0
299.4393511884281,-28.851307194151016,26.728428117467207,0.0,0.0,0.0
299.4474922589876,-28.844290530449847,26.727676200091235,0.0,0.0,0.0
299.4556320104536,-28.83727317969218,26.726924015756705,0.0,0.0,0.0
299.46377044320775,-28.830255142119526,26.7261715645024,0.0,0.0,0.0
299.4719075576314,-28.823236417973266,26.72541884636711,0.0,0.0,0.0
299.4800433541062,-28.816217007494753,26.72466586138963,0.0,0.0,0.0
299.4881778330135,-28.809196910925195,26.723912609608774,0.0,0.0,0.0
299.4963109947347,-28.802176128505746,26.72315909106337,0.0,0.0,0.0
299.50444283965135,-28.795154660477454,26.72240530579226,0.0,0.0,0.0
299.5125733681446,-28.788132507081293,26.7216512538343,0.0,0.0,0.0
299.520702580596,-28.781109668558116,26.72089693522835,0.0,0.0,0.0
299.5288304773867,-28.77408614514872,26.720142350013287,0.0,0.0,0.0
299.53695705889805,-28.767061937093803,26.719387498228016,0.0,0.0,0.0
299.5450823255113,-28.76003704463396,26.718632379911433,0.0,0.0,0.0
299.55320627760767,-28.753011468009724,26.71787699510245,0.0,0.0,0.0
299.5613289155683,-28.745985207461516,26.71712134384001,0.0,0.0,0.0
299.5694502397744,-28.738958263229673,26.71636542616305,0.0,0.0,0.0
299.57757025060715,-28.731930635554445,26.715609242110528,0.0,0.0,0.0
299.5856889484475,-28.72490232467599,26.714852791721412,0.0,0.0,0.0
299.5938063336766,-28.717873330834397,26.71409607503468,0.0,0.0,0.0
299.6019224066755,-28.71084365426962,26.713339092089345,0.0,0.0,0.0
299.6100371678252,-28.703813295221575,26.71258184292439,0.0,0.0,0.0
299.61815061750667,-28.696782253930067,26.711824327578853,0.0,0.0,0.0
299.62626275610086,-28.6897505306348,26.711066546091764,0.0,0.0,0.0
299.63437358398875,-28.682718125575406,26.710308498502165,0.0,0.0,0.0
299.642483101551,-28.67568503899143,26.709550184849128,0.0,0.0,0.0
299.65059130916876,-28.668651271122307,26.70879160517172,0.0,0.0,0.0
299.65869820722264,-28.661616822207414,26.708032759509017,0.0,0.0,0.0
299.6668037960935,-28.65458169248601,26.707273647900134,0.0,0.0,0.0
299.6749080761622,-28.647545882197285,26.706514270384165,0.0,0.0,0.0
299.6830110478093,-28.640509391580323,26.705754627000253,0.0,0.0,0.0
299.69111271141566,-28.633472220874154,26.704994717787518,0.0,0.0,0.0
299.6992130673618,-28.62643437031767,26.704234542785123,0.0,0.0,0.0
299.70731211602845,-28.619395840149714,26.703474102032228,0.0,0.0,0.0
299.7154098577962,-28.61235663060902,26.702713395568004,0.0,0.0,0.0
299.72350629304555,-28.605316741934242,26.701952423431642,0.0,0.0,0.0
299.7316014221572,-28.59827617436394,26.701191185662342,0.0,0.0,0.0
299.7396952455116,-28.591234928136583,26.700429682299326,0.0,0.0,0.0
299.74778776348916,-28.58419300349056,26.699667913381816,0.0,0.0,0.0
299.7558789764704,-28.577150400664177,26.69890587894905,0.0,0.0,0.0
299.7639688848357,-28.57010711989564,26.69814357904028,0.0,0.0,0.0
299.77205748896546,-28.563063161423063,26.69738101369479,0.0,0.0,0.0
299.78014478923996,-28.55601852548447,26.696618182951838,0.0,0.0,0.0
299.78823078603966,-28.548973212317822,26.695855086850724,0.0,0.0,0.0
299.7963154797448,-28.541927222160968,26.695091725430757,0.0,0.0,0.0
299.8043988707356,-28.534880555251668,26.694328098731237,0.0,0.0,0.0
299.8124809593924,-28.52783321182761,26.693564206791507,0.0,0.0,0.0
299.8205617460952,-28.52078519212637,26.692800049650927,0.0,0.0,0.0
299.8286412312243,-28.513736496385476,26.69203562734882,0.0,0.0,0.0
299.83671941515985,-28.506687124842312,26.69127093992457,0.0,0.0,0.0
299.8447962982818,-28.49963707773422,26.69050598741757,0.0,0.0,0.0
299.8528718809703,-28.49258635529843,26.689740769867207,0.0,0.0,0.0
299.8609461636055,-28.485534957772106,26.68897528731288,0.0,0.0,0.0
299.8690191465672,-28.47848288539229,26.688209539794016,0.0,0.0,0.0
299.87709083023555,-28.471430138395966,26.68744352735005,0.0,0.0,0.0
299.8851612149903,-28.464376717020016,26.686677250020427,0.0,0.0,0.0
299.8932303012115,-28.45732262150123,26.6859107078446,0.0,0.0,0.0
299.9012980892789,-28.45026785207634,26.68514390086205,0.0,0.0,0.0
299.90936457957247,-28.443212408981935,26.684376829112257,0.0,0.0,0.0
299.9174297724719,-28.436156292454573,26.683609492634723,0.0,0.0,0.0
299.9254936683571,-28.429099502730686,26.682841891468954,0.0,0.0,0.0
299.93355626760757,-28.422042040046634,26.682074025654465,0.0,0.0,0.0
299.9416175706032,-28.414983904638692,26.681305895230814,0.0,0.0,0.0
299.94967757772366,-28.407925096743032,26.680537500237527,0.0,0.0,0.0
299.9577362893486,-28.400865616595755,26.67976884071417,0.0,0.0,0.0
299.96579370585744,-28.393805464432866,26.67899991670033,0.0,0.0,0.0
299.97384982763,-28.38674464049027,26.678230728235587,0.0,0.0,0.0
299.98190465504564,-28.379683145003824,26.677461275359533,0.0,0.0,0.0
299.98995818848397,-28.372620978209255,26.6766915581118,0.0,0.0,0.0
299.99801042832433,-28.365558140342202,26.675921576531998,0.0,0.0,0.0
300.00606137494634,-28.358494631638255,26.675151330659766,0.0,0.0,0.0
300.01411102872925,-28.35143045233289,26.67438082053476,0.0,0.0,0.0
300.02215939005254,-28.344365602661494,26.673610046196643,0.0,0.0,0.0
300.0302064592954,-28.33730008285938,26.6728390076851,0.0,0.0,0.0
300.0382522368373,-28.33023389316175,26.6720677050398,0.0,0.0,0.0
300.0462967230574,-28.32316703380375,26.671296138300473,0.0,0.0,0.0
300.054339918335,-28.316099505020407,26.670524307506806,0.0,0.0,0.0
300.0623818230493,-28.30903130704669,26.669752212698544,0.0,0.0,0.0
300.0704224375794,-28.30196244011745,26.668979853915424,0.0,0.0,0.0
300.07846176230447,-28.294892904467478,26.6682072311972,0.0,0.0,0.0
300.08649979760355,-28.28782270033146,26.66743434458365,0.0,0.0,0.0
300.09453654385584,-28.28075182794401,26.66666119411453,0.0,0.0,0.0
300.10257200144025,-28.27368028753963,26.665887779829653,0.0,0.0,0.0
300.1106061707359,-28.266608079352764,26.665114101768804,0.0,0.0,0.0
300.1186390521215,-28.259535203617748,26.66434015997182,0.0,0.0,0.0
300.1266706459763,-28.252461660568844,26.663565954478525,0.0,0.0,0.0
300.1347009526789,-28.245387450440216,26.662791485328754,0.0,0.0,0.0
300.1427299726084,-28.23831257346595,26.66201675256237,0.0,0.0,0.0
300.1507577061434,-28.231237029880027,26.661241756219248,0.0,0.0,0.0
300.15878415366285,-28.22416081991637,26.660466496339264,0.0,0.0,0.0
300.16680931554544,-28.217083943808788,26.659690972962302,0.0,0.0,0.0
300.1748331921699,-28.210006401791016,26.658915186128286,0.0,0.0,0.0
300.1828557839149,-28.202928194096707,26.658139135877118,0.0,0.0,0.0
300.19087709115905,-28.195849320959407,26.65736282224875,0.0,0.0,0.0
300.19889711428107,-28.188769782612596,26.656586245283112,0.0,0.0,0.0
300.20691585365944,-28.18168957928966,26.655809405020168,0.0,0.0,0.0
300.21493330967274,-28.17460871122389,26.655032301499894,0.0,0.0,0.0
300.2229494826995,-28.16752717864851,26.654254934762267,0.0,0.0,0.0
300.23096437311807,-28.160444981796626,26.65347730484728,0.0,0.0,0.0
300.2389779813071,-28.153362120901278,26.652699411794956,0.0,0.0,0.0
300.2469903076448,-28.146278596195426,26.651921255645306,0.0,0.0,0.0
300.25500135250957,-28.139194407911933,26.651142836438353,0.0,0.0,0.0
300.26301111627976,-28.13210955628357,26.650364154214177,0.0,0.0,0.0
300.2710195993337,-28.12502404154302,26.64958520901281,0.0,0.0,0.0
300.27902680204966,-28.117937863922904,26.64880600087433,0.0,0.0,0.0
300.2870327248057,-28.110851023655727,26.648026529838834,0.0,0.0,0.0
300.2950373679802,-28.103763520973917,26.647246795946405,0.0,0.0,0.0
300.3030407319513,-28.09667535610982,26.646466799237164,0.0,0.0,0.0
300.31104281709696,-28.089586529295694,26.645686539751235,0.0,0.0,0.0
300.3190436237954,-28.082497040763702,26.644906017528754,0.0,0.0,0.0
300.32704315242455,-28.075406890745942,26.644125232609866,0.0,0.0,0.0
300.33504140336254,-28.068316079474396,26.643344185034728,0.0,0.0,0.0
300.34303837698724,-28.06122460718098,26.642562874843534,0.0,0.0,0.0
300.35103407367654,-28.054132474097518,26.64178130207645,0.0,0.0,0.0
300.3590284938085,-28.047039680455743,26.640999466773685,0.0,0.0,0.0
300.36702163776084,-28.039946226487306,26.640217368975456,0.0,0.0,0.0
300.3750135059115,-28.032852112423786,26.639435008721986,0.0,0.0,0.0
300.3830040986382,-28.025757338496632,26.63865238605351,0.0,0.0,0.0
300.3909934163187,-28.018661904937268,26.637869501010282,0.0,0.0,0.0
300.3989814593306,-28.011565811976983,26.637086353632558,0.0,0.0,0.0
300.40696822805177,-28.004469059846986,26.63630294396063,0.0,0.0,0.0
300.41495372285976,-27.997371648778426,26.635519272034774,0.0,0.0,0.0
300.4229379441322,-27.99027357900235,26.634735337895297,0.0,0.0,0.0
300.4309208922466,-27.983174850749702,26.63395114158251,0.0,0.0,0.0
300.43890256758056,-27.97607546425137,26.633166683136754,0.0,0.0,0.0
300.4468829705115,-27.968975419738133,26.63238196259834,0.0,0.0,0.0
