galstreams/tracks/track.st.AAU-ATLAS.li2020.ecsv
# %ECSV 0.9
# ---
# datatype:
# - {name: ra, unit: deg, datatype: float64}
# - {name: dec, unit: deg, datatype: float64}
# - {name: distance, unit: kpc, datatype: float64}
# - {name: pm_ra_cosdec, unit: mas / yr, datatype: float64}
# - {name: pm_dec, unit: mas / yr, datatype: float64}
# - {name: radial_velocity, unit: km / s, datatype: float64}
# delimiter: ','
# meta: !!omap
# - __serialized_columns__:
#     dec:
#       __class__: astropy.coordinates.angles.Latitude
#       unit: &id001 !astropy.units.Unit {unit: deg}
#       value: !astropy.table.SerializedColumn {name: dec}
#     distance:
#       __class__: astropy.coordinates.distances.Distance
#       unit: !astropy.units.Unit {unit: kpc}
#       value: !astropy.table.SerializedColumn {name: distance}
#     pm_dec:
#       __class__: astropy.units.quantity.Quantity
#       unit: !astropy.units.Unit {unit: mas / yr}
#       value: !astropy.table.SerializedColumn {name: pm_dec}
#     pm_ra_cosdec:
#       __class__: astropy.units.quantity.Quantity
#       unit: !astropy.units.Unit {unit: mas / yr}
#       value: !astropy.table.SerializedColumn {name: pm_ra_cosdec}
#     ra:
#       __class__: astropy.coordinates.angles.Longitude
#       unit: *id001
#       value: !astropy.table.SerializedColumn {name: ra}
#       wrap_angle: !astropy.coordinates.Angle
#         unit: *id001
#         value: 360.0
#     radial_velocity:
#       __class__: astropy.units.quantity.Quantity
#       unit: !astropy.units.Unit {unit: km / s}
#       value: !astropy.table.SerializedColumn {name: radial_velocity}
# schema: astropy-2.0
ra,dec,distance,pm_ra_cosdec,pm_dec,radial_velocity
8.931901342780385,-21.023378629268628,25.559159360711487,0.17574296392082478,-0.7806669394882342,-146.77319076223358
9.04304504090239,-21.08151006387559,25.508905008308357,0.173952499965183,-0.7837392926713254,-146.48911535469597
9.154189063085585,-21.13968245651435,25.458825030976865,0.17214193744947537,-0.786783906764053,-146.20335434031878
9.265333801130096,-21.197895641576967,25.408919428717024,0.1703112380969766,-0.7898008433536285,-145.91590771910214
9.37647964781796,-21.256149453935695,25.359188201528823,0.16846036330717523,-0.792790164383851,-145.62677549104606
9.487626996915505,-21.314443728937157,25.309631349412264,0.16658927415799524,-0.7957519321558977,-145.33595765615036
9.598776243175303,-21.372778302396217,25.260248872367345,0.16469793140801894,-0.7986862093291299,-145.0434542144152
9.709927782338399,-21.431153010590045,25.21104077039407,0.16278629549870946,-0.8015930589219027,-144.7492651658405
9.821082011136337,-21.489567690252,25.162007043492444,0.1608543265566349,-0.8044725443123888,-144.45339051042632
9.932239327293656,-21.548022178565752,25.113147691662448,0.15890198439569198,-0.8073247292394068,-144.15583024817263
10.04340012952992,-21.606516313159183,25.064462714904103,0.15692922851932933,-0.8101496778032622,-143.8565843790795
10.154564817562111,-21.665049932098366,25.0159521132174,0.1549360181227729,-0.8129474544665951,-143.5556529031467
10.265733792106753,-21.723622873881443,24.967615886602335,0.15292231209524962,-0.81571812405524,-143.25303582037446
10.376907454882504,-21.78223497743276,24.919454035058916,0.15088806902221297,-0.8184617517590913,-142.94873313076272
10.488086208612351,-21.840886082096667,24.87146655858713,0.1488332471875684,-0.8211784031329807,-142.64274483431146
10.599270457026075,-21.899576027631518,24.823653457187,0.146757804575898,-0.8238681440975612,-142.33507093102074
10.710460604862488,-21.95830465420351,24.776014730858506,0.14466169887468547,-0.8265310409402047,-142.02571142089047
10.821657057872189,-22.017071802380787,24.728550379601653,0.14254488747654456,-0.8291671603159044,-141.71466630392072
10.932860222819814,-22.07587731312721,24.68126040341645,0.1404073274814427,-0.8317765692481889,-141.40193558011146
11.044070507486648,-22.13472102779636,24.634144802302878,0.13824897569892772,-0.8343593351300445,-141.0875192494627
11.155288320672975,-22.193602788125308,24.58720357626096,0.1360697886503534,-0.8369155257248471,-140.77141731197443
11.26651407220092,-22.252522436228723,24.54043672529068,0.13386972257110938,-0.8394452091673059,-140.45362976764665
11.37774817291685,-22.3114798145926,24.493844249392037,0.13164873341284325,-0.8419484539644102,-140.13415661647932
11.48899103469403,-22.370474766068217,24.447426148565047,0.12940677684569038,-0.8444253289963938,-139.8129978584725
11.600243070435312,-22.429507133866025,24.401182422809697,0.1271438082605003,-0.8468759035177023,-139.49015349362617
11.711504694075634,-22.488576761549417,24.35511307212598,0.12485978277106238,-0.8493002471579727,-139.16562352194035
11.822776320584985,-22.54768349302876,24.30921809651391,0.1225546552163348,-0.8516984299230216,-138.83940794341495
11.93405836597095,-22.606827172555157,24.26349749597349,0.1202283801626713,-0.854070522195844,-138.5115067580501
12.045351247281575,-22.666007644714355,24.21795127050471,0.11788091190604745,-0.8564165947376201,-138.18191996584582
12.156655382607907,-22.72522475442046,24.17257942010757,0.11551220447428905,-0.8587367186887325,-137.85064756680194
12.267971191087149,-22.784478346909967,24.127381944782062,0.11312221162930094,-0.8610309655697943,-137.51768956091854
12.379299092905267,-22.843768267735513,24.082358844528212,0.11071088686929248,-0.8632994072826821,-137.18304594819566
12.49063950929996,-22.903094362759724,24.037510119345995,0.10827818343100659,-0.865542116111585,-136.84671672863323
12.601992862563343,-22.962456478148916,23.99283576923543,0.10582405429194669,-0.8677591647240579,-136.50870190223137
12.713359576045182,-23.021854460367145,23.9483357941965,0.10334845217260719,-0.8699506261720891,-136.16900146899
12.82474007415559,-23.08128815616984,23.904010194229212,0.10085132953869749,-0.8721165738931711,-135.82761542890904
12.936134782368153,-23.140757412597726,23.85985896933357,0.09833263860337507,-0.8742570817113892,-135.48454378198863
13.047544127222677,-23.20026207697045,23.81588211950957,0.09579233132946874,-0.876372223838513,-135.13978652822865
13.158968536328537,-23.259801996880604,23.772079644757213,0.09323035943171157,-0.878462074875103,-134.7933436676292
13.27040843836752,-23.319377020187375,23.728451545076496,0.0906466743789672,-0.8805267098116217,-134.44521520019026
13.38186426309691,-23.378986995010333,23.684997820467412,0.08804122739645803,-0.8825662040295589,-134.0954011259118
13.493336441352703,-23.438631769723298,23.641718470929995,0.08541396946799626,-0.8845806333025649,-133.74390144479386
13.60482540505248,-23.498311192947924,23.5986134964642,0.0827648513382106,-0.886570073797595,-133.3907161568364
13.716331587198868,-23.558025113547703,23.555682897070056,0.08009382351477679,-0.8885346020760609,-133.03584526203935
13.827855421882521,-23.617773380621564,23.512926672747554,0.07740083627064659,-0.8904742950949958,-132.6792887604029
13.939397344285414,-23.677555843497704,23.470344823496692,0.0746858396462784,-0.892389230208227,-132.32104665192688
14.050957790683883,-23.737372351727224,23.427937349317475,0.0719487834518639,-0.8942794851675605,-131.96111893661143
14.162537198452156,-23.79722275507802,23.385704250209894,0.0691896172695613,-0.8961451381239715,-131.59950561445638
14.27413600606544,-23.857106903528457,23.343645526173965,0.06640829045572422,-0.8979862676288131,-131.23620668546178
14.38575465310333,-23.91702464726109,23.301761177209666,0.06360475214313216,-0.8998029526350256,-130.87122214962776
14.4973935802529,-23.976975836656315,23.260051203317023,0.06077895124322025,-0.9015952724983609,-130.50455200695419
14.609053229312407,-24.036960322286255,23.218515604496016,0.05793083644831259,-0.9033633069786209,-130.1361962574412
14.720734043194415,-24.096977954908382,23.177154380746654,0.05506035623385075,-0.9051071362408958,-129.76615490108864
14.83243646592934,-24.15702858545923,23.135967532068932,0.05216745886062779,-0.9068268408568251,-129.39442793789652
14.944160942668619,-24.217112065047996,23.09495505846285,0.049252092377017054,-0.908522501805857,-129.02101536786495
15.055907919688515,-24.277228244950468,23.054116959928415,0.046314204621209,-0.9101942004765287,-128.6459171909939
15.167677844393362,-24.337376976602517,23.013453236465622,0.04335374322343921,-0.911842018667748,-128.2691334072833
15.279471165319082,-24.397558111593874,22.972963888074474,0.04037065560822456,-0.9134660385900939,-127.89066401673318
15.391288332136844,-24.45777150166181,22.93264891475496,0.037364888996596235,-0.9150663428671206,-127.5105090193436
15.503129795656289,-24.518016998684693,22.892508316507094,0.03433639040833181,-0.9166430145366756,-127.12866841511445
15.614996007829488,-24.57829445467583,22.852542093330868,0.031285106664191764,-0.9181961370522276,-126.74514220404582
15.72688742175431,-24.638603721777045,22.81275024522629,0.02821098438815467,-0.9197257942842061,-126.35993038613769
15.838804491678111,-24.69894465225235,22.773132772193353,0.025113970009651376,-0.9212320705213497,-125.97303296139005
15.950747673001207,-24.75931709848151,22.733689674232053,0.021994009765801403,-0.9227150504720665,-125.58444992980287
16.0627174222808,-24.819720912953855,22.694420951342398,0.018851049703650258,-0.9241748192658054,-125.19418129137624
16.1747141972345,-24.880155948261773,22.655326603524387,0.015685035682406756,-0.9256114624544349,-124.80222704611
16.286738456744096,-24.940622057094476,22.616406630778023,0.012495913375681567,-0.927025066013641,-124.40858719400435
16.39879066085911,-25.00111909223144,22.577661033103297,0.009283628273724143,-0.9284157163443252,-124.01326173505915
16.510871270800827,-25.061646906536243,22.539089810500208,0.006048125685664485,-0.9297835002740216,-123.61625066927446
16.622980748965915,-25.122205352950054,22.50069296296877,0.0027893507417524055,-0.9311285050583211,-123.21755399665028
16.735119558930258,-25.182794284485293,22.462470490508963,-0.0004927516044004321,-0.9324508183823089,-122.81717171718654
16.847288165452618,-25.243413554219156,22.424422393120814,-0.0037982365735810264,-0.93375052836201,-122.41510383088333
16.959487034478766,-25.304063015287348,22.386548670804295,-0.007127159558728225,-0.9350277235458506,-122.01135033774057
17.071716633145165,-25.36474252087758,22.348849323559428,-0.010479576122691237,-0.9362824929161238,-121.60591123775838
17.183977429782864,-25.42545192422321,22.311324351386194,-0.013855541995984044,-0.9375149258904754,-121.1987865309366
17.296269893921483,-25.4861910785968,22.273973754284608,-0.01725511307454014,-0.9387251123233915,-120.78997621727534
17.408594496292935,-25.54695983730364,22.236797532254666,-0.02067834541746516,-0.9399131425077056,-120.3794802967746
17.520951708835685,-25.607758053675468,22.199795685296365,-0.024125295244786793,-0.9410791071761113,-119.96729876943432
17.633342004698523,-25.66858558106392,22.1629682134097,-0.0275960189352083,-0.9422230975026913,-119.5534316352545
17.745765858244617,-25.729442272834127,22.126315116594686,-0.031090573023855872,-0.9433452051044511,-119.13787889423521
17.858223745055405,-25.790327982358196,22.089836394851307,-0.0346090142000286,-0.9444455220428732,-118.72064054637644
17.970716141934833,-25.851242563008928,22.053532048179584,-0.03815139930494249,-0.9455241408254743,-118.3017165916781
18.0832435269133,-25.912185868153212,22.01740207657949,-0.041717785329478785,-0.9465811544073808,-117.88110703014026
18.195806379251778,-25.973157751145656,21.98144648005104,-0.045308229411924916,-0.9476166561929107,-117.45881186176295
18.308405179445725,-26.034158065321996,21.945665258594232,-0.048922788835720155,-0.9486307400371727,-117.03483108654613
18.421040409229516,-26.09518666399278,21.910058412209075,-0.052561521027193525,-0.9496235002476708,-116.6091647044898
18.533712551580344,-26.15624340043679,21.874625940895555,-0.056224483553305775,-0.9505950315859267,-116.18181271559396
18.64642209072253,-26.217328127894618,21.83936784465368,-0.05991173411938316,-0.9515454292691099,-115.75277511985858
18.759169512131443,-26.278440699562058,21.80428412348345,-0.06362333056685826,-0.9524747889716828,-115.32205191728373
18.87195530253804,-26.339580968583764,21.76937477738485,-0.06735933087099993,-0.9533832068270556,-114.88964310786935
18.98477994993287,-26.40074878804667,21.7346398063579,-0.07111979313864669,-0.9542707794292541,-114.45554869161545
19.097643943570397,-26.46194401097351,21.700079210402595,-0.07490477560593761,-0.9551376038345996,-114.01976866852208
19.210547773973058,-26.523166490316175,21.66569298951893,-0.07871433663604105,-0.9559837775634014,-113.58230303858915
19.323491932935873,-26.58441607894944,21.631481143706907,-0.0825485347168784,-0.9568093986016619,-113.14315180181673
19.43647691353048,-26.645692629664236,21.597443672966527,-0.08640742845885085,-0.957614565402791,-112.70231495820484
19.549503210109542,-26.70699599516119,21.56358057729779,-0.09029107659255947,-0.958399376889338,-112.25979250775342
19.662571318311112,-26.76832602804414,21.529891856700694,-0.09419953796652597,-0.959163932454732,-111.81558445046242
19.775681735062776,-26.82968258081342,21.496377511175243,-0.0981328715449098,-0.9599083319650354,-111.36969078633203
19.88883495858633,-26.89106550585953,21.463037540721434,-0.1020911364052221,-0.9606326757607108,-110.92211151536206
20.002031488401972,-26.95247465545644,21.429871945339265,-0.10607439173603883,-0.9613370646584004,-110.4728466375526
20.115271825332766,-27.01390988175512,21.39688072502874,-0.11008269683471039,-0.9620215999527183,-110.0218961529036
20.22855647150895,-27.075371036776836,21.364063879789857,-0.11411611110506988,-0.9626863834180547,-109.56926006141514
20.341885930372566,-27.136857972406716,21.33142140962262,-0.11817469405513503,-0.9633315173103923,-109.11493836308715
20.455260706681774,-27.19837054038714,21.29895331452702,-0.12225850529481286,-0.9639571043691394,-108.65893105791966
20.568681306515384,-27.25990859231109,21.266659594503068,-0.12636760453359547,-0.964563247818968,-108.20123814591264
20.682148237277346,-27.321471979615644,21.23454024955075,-0.13050205157825823,-0.9651500513716771,-107.74185962706618
20.79566200770119,-27.383060553575305,21.202595279670085,-0.13466190633055164,-0.9657176192280534,-107.28079550138011
20.90922312785468,-27.444674165295496,21.170824684861056,-0.13884722878488998,-0.9662660560797629,-106.81804576885459
21.022832109144215,-27.5063126657058,21.13922846512367,-0.14305807902603968,-0.9667954671112372,-106.35361042948955
21.13648946431947,-27.567975905553514,21.10780662045793,-0.14729451722680098,-0.9673059580015884,-105.887489483285
21.250195707477967,-27.629663735396903,21.076559150863822,-0.15155660364568718,-0.9677976349265287,-105.41968293024094
21.36395135406961,-27.691376005598645,21.04548605634137,-0.1558443986246026,-0.9682706045603056,-104.95019077035738
21.477756920901353,-27.75311256631915,21.014587336890553,-0.1601579625865131,-0.968724974077652,-104.47901300363432
21.591612926141774,-27.814873267509945,20.98386299251138,-0.16449735603311638,-0.9691608511557457,-104.00614963007173
21.70551988932573,-27.876657958907025,20.953313023203847,-0.16886263954250702,-0.9695783439761881,-103.53160064966961
21.819478331359026,-27.938466490024204,20.922937428967963,-0.17325387376683615,-0.9699775612269907,-103.05536606242805
21.933488774523024,-28.000298710146446,20.892736209803715,-0.17767111942997033,-0.9703586121045807,-102.57744586834689
22.047551742479392,-28.062154468323193,20.862709365711112,-0.1821144373251446,-0.9707216063158154,-102.09784006742632
22.16166776027473,-28.12403361336172,20.832856896690156,-0.1865838883126103,-0.9710666540800135,-101.61654865966617
22.275837354345356,-28.185935993820443,20.803178802740838,-0.19107953331728023,-0.9713938661310004,-101.13357164506658
22.39006105252193,-28.24786145800222,20.773675083863157,-0.19560143332636987,-0.9717033537191645,-100.64890902362743
22.504339384034296,-28.309809853947684,20.744345740057128,-0.20014964938703134,-0.9719952286135306,-100.16256079534877
22.618672879516165,-28.371781029428515,20.715190771322735,-0.20472424260398675,-0.9722696031038465,-99.67452696023062
22.73306207100988,-28.433774831940788,20.68621017765999,-0.2093252741371518,-0.9725265900026814,-99.18480751827296
22.847507491971225,-28.495791108698207,20.65740395906888,-0.2139528051992599,-0.9727663026475428,-98.69340246947576
22.96200967727419,-28.55782970662541,20.628772115549417,-0.21860689705347808,-0.9729888549030037,-98.20031181383908
23.076569163215773,-28.619890472351237,20.600314647101595,-0.22328761101101763,-0.9731943611628457,-97.7055355513629
23.191186487520806,-28.681973252202052,20.572031553725417,-0.22799500842874093,-0.9733829363522175,-97.20907368204718
23.305862189346776,-28.744077892194905,20.543922835420883,-0.23272915070676398,-0.9735546959298049,-96.71092620589195
23.420596809288654,-28.806204238030865,20.51598849218799,-0.23749009928604886,-0.9737097558900194,-96.21109312289725
23.53539088938375,-28.868352135088273,20.48822852402674,-0.2422779156459973,-0.9738482327651967,-95.70957443306303
23.650244973116592,-28.93052142841592,20.46064293093713,-0.24709266130203283,-0.9739702436278134,-95.2063701363893
23.765159605423747,-28.99271196272635,20.433231712919167,-0.25193439780317994,-0.9740759060927169,-94.7014802328761
23.880135332698785,-29.05492358238906,20.40599486997284,-0.2568031867296373,-0.9741653383193714,-94.19490472252332
23.995172702797095,-29.11715613142371,20.378932402098158,-0.2616990896903433,-0.9742386590141148,-93.68664360533107
24.110272265040802,-29.179409453493353,20.352044309295124,-0.26662216832053803,-0.9742959874324357,-93.17669688129929
