galstreams/tracks/track.st.New-10.ibata2024.ecsv
# %ECSV 1.0
# ---
# datatype:
# - {name: ra, unit: deg, datatype: float64}
# - {name: dec, unit: deg, datatype: float64}
# - {name: distance, unit: kpc, datatype: float64}
# - {name: pm_ra_cosdec, unit: mas / yr, datatype: float64}
# - {name: pm_dec, unit: mas / yr, datatype: float64}
# - {name: radial_velocity, unit: km / s, datatype: float64}
# delimiter: ','
# meta: !!omap
# - __serialized_columns__:
#     dec:
#       __class__: astropy.coordinates.angles.Latitude
#       unit: &id001 !astropy.units.Unit {unit: deg}
#       value: !astropy.table.SerializedColumn {name: dec}
#     distance:
#       __class__: astropy.coordinates.distances.Distance
#       unit: !astropy.units.Unit {unit: kpc}
#       value: !astropy.table.SerializedColumn {name: distance}
#     pm_dec:
#       __class__: astropy.units.quantity.Quantity
#       unit: !astropy.units.Unit {unit: mas / yr}
#       value: !astropy.table.SerializedColumn {name: pm_dec}
#     pm_ra_cosdec:
#       __class__: astropy.units.quantity.Quantity
#       unit: !astropy.units.Unit {unit: mas / yr}
#       value: !astropy.table.SerializedColumn {name: pm_ra_cosdec}
#     ra:
#       __class__: astropy.coordinates.angles.Longitude
#       unit: *id001
#       value: !astropy.table.SerializedColumn {name: ra}
#       wrap_angle: !astropy.coordinates.Angle
#         unit: *id001
#         value: 360.0
#     radial_velocity:
#       __class__: astropy.units.quantity.Quantity
#       unit: !astropy.units.Unit {unit: km / s}
#       value: !astropy.table.SerializedColumn {name: radial_velocity}
# schema: astropy-2.0
ra,dec,distance,pm_ra_cosdec,pm_dec,radial_velocity
141.9120436043315,-27.87923554308546,1.0000000000000016,2.4230977337239494,8.600472164064456,98.86807310365104
141.9160723663689,-27.86895562297775,1.0000000000000016,2.4230027856671015,8.597229083886221,98.87537005229183
141.92010138916908,-27.85867599426911,1.0000000000000013,2.422907888775395,8.593989750087427,98.88267929954561
141.92413067183344,-27.848396656506242,1.0000000000000016,2.422813042755859,8.59075415914456,98.89000082664188
141.9281602134639,-27.838117609235805,1.0000000000000016,2.422718247315787,8.587522307534117,98.89733461481009
141.93219001316277,-27.827838852004614,1.0000000000000013,2.4226235021627343,8.58429419173262,98.9046806452799
141.93622007003253,-27.81756038435976,1.0000000000000016,2.4225288070045465,8.581069808216604,98.91203889928082
141.9402503831762,-27.807282205848306,1.0000000000000013,2.4224341615493437,8.577849153462624,98.91940935804234
141.9442809516971,-27.797004316017503,1.0000000000000013,2.422339565505501,8.57463222394723,98.92679200279395
141.94831177469894,-27.786726714414673,1.0000000000000013,2.4222450185816946,8.571419016147019,98.93418681476527
141.95234285128575,-27.776449400587417,1.0000000000000016,2.4221505204868485,8.568209526538572,98.94159377518581
141.95637418056194,-27.766172374083347,1.0000000000000016,2.422056070930193,8.565003751598521,98.94901286528507
141.9604057616324,-27.755895634450162,1.0000000000000013,2.42196166962119,8.561801687803488,98.95644406629259
141.96443759360218,-27.745619181235853,1.0000000000000016,2.4218673162696245,8.558603331630113,98.96388735943796
141.96846967557684,-27.735343013988405,1.0000000000000016,2.4217730105855324,8.55540867955506,98.9713427259506
141.9725020066623,-27.725067132255937,1.0000000000000016,2.4216787522792345,8.552217728055014,98.97881014706016
141.9765345859647,-27.714791535586826,1.0000000000000013,2.421584541061341,8.549030473606663,98.98628960399608
141.98056741259074,-27.704516223529435,1.0000000000000013,2.4214903766427227,8.545846912686713,98.99378107798798
141.98460048564735,-27.69424119563232,1.0000000000000013,2.4213962587345357,8.542667041771892,99.00128455026528
141.98863380424186,-27.6839664514441,1.0000000000000016,2.421302187048214,8.539490857338947,99.00880000205761
141.99266736748194,-27.673691990513685,1.0000000000000016,2.4212081612954925,8.536318355864626,99.01632741459449
141.99670117447565,-27.663417812389977,1.0000000000000013,2.421114181188358,8.533149533825718,99.02386676910535
142.00073522433144,-27.653143916621964,1.0000000000000013,2.421020246439088,8.529984387699,99.03141804681987
142.004769516158,-27.64287030275897,1.0000000000000016,2.4209263567602584,8.526822913961286,99.03898122896751
142.0088040490645,-27.632596970350246,1.0000000000000016,2.4208325118647007,8.523665109089396,99.04655629677777
142.01283882216046,-27.622323918945213,1.0000000000000013,2.420738711465562,8.520510969560174,99.05414323148023
142.0168738345556,-27.61205114809356,1.0000000000000013,2.420644955276252,8.517360491850472,99.06174201430437
142.02090908536024,-27.601778657344934,1.0000000000000016,2.4205512430104505,8.514213672437155,99.0693526264798
142.02494457368488,-27.591506446249205,1.0000000000000013,2.4204575743821604,8.511070507797129,99.07697504923597
142.02898029864045,-27.58123451435626,1.0000000000000013,2.4203639491056315,8.507930994407282,99.08460926380249
142.0330162593382,-27.57096286121634,1.0000000000000016,2.4202703668954264,8.504795128744542,99.09225525140882
142.03705245488976,-27.560691486379607,1.0000000000000016,2.4201768274663866,8.501662907285846,99.09991299328456
142.04108888440712,-27.550420389396372,1.0000000000000013,2.420083330533645,8.49853432650815,99.10758247065917
142.04512554700258,-27.540149569817245,1.0000000000000016,2.4199898758125986,8.495409382888424,99.11526366476221
142.04916244178887,-27.52987902719278,1.0000000000000016,2.4198964630189614,8.492288072903655,99.12295655682328
142.053199567879,-27.51960876107368,1.0000000000000016,2.4198030918687117,8.489170393030848,99.13066112807181
142.05723692438633,-27.50933877101093,1.0000000000000013,2.419709762078149,8.486056339747027,99.13837735973738
142.06127451042468,-27.49906905655549,1.0000000000000016,2.4196164733638224,8.482945909529212,99.14610523304954
142.06531232510807,-27.488799617258497,1.0000000000000013,2.4195232254426067,8.47983909885448,99.15384472923775
142.069350367551,-27.478530452671162,1.0000000000000013,2.419430018031626,8.476735904199884,99.16159582953159
142.0733886368683,-27.46826156234499,1.0000000000000013,2.419336850848339,8.473636322042525,99.16935851516064
142.07742713217505,-27.45799294583145,1.0000000000000016,2.4192437236104656,8.47054034885949,99.17713276735437
142.08146585258677,-27.447724602682158,1.0000000000000013,2.419150636036049,8.467447981127915,99.18491856734227
142.08550479721933,-27.437456532448984,1.0000000000000013,2.419057587843376,8.464359215324933,99.19271589635403
142.08954396518894,-27.427188734683796,1.0000000000000018,2.418964578751069,8.46127404792769,99.20052473561898
142.09358335561214,-27.416921208938593,1.0000000000000016,2.4188716084780246,8.458192475413364,99.2083450663668
142.0976229676058,-27.40665395476564,1.0000000000000013,2.4187786767434556,8.455114494259151,99.21617686982691
142.10166280028716,-27.39638697171719,1.0000000000000016,2.418685783266815,8.452040100942241,99.224020127229
142.10570285277387,-27.386120259345674,1.0000000000000013,2.4185929277679215,8.448969291939862,99.23187481980244
142.1097431241839,-27.375853817203595,1.0000000000000016,2.4185001099668284,8.445902063729253,99.23974092877683
142.1137836136354,-27.365587644843732,1.0000000000000016,2.4184073295839337,8.442838412787665,99.24761843538174
142.1178243202471,-27.355321741818873,1.0000000000000016,2.418314586339889,8.43977833559238,99.2555073208466
142.12186524313802,-27.345056107681895,1.0000000000000016,2.41822187995567,8.43672182862068,99.26340756640104
142.1259063814274,-27.33479074198598,1.0000000000000013,2.418129210152541,8.433668888349873,99.27131915327455
142.12994773423492,-27.32452564428427,1.0000000000000013,2.4180365766520673,8.430619511257284,99.27924206269665
142.13398930068067,-27.31426081413006,1.0000000000000016,2.4179439791761013,8.42757369382025,99.28717627589693
142.13803107988494,-27.303996251076896,1.0000000000000016,2.417851417446805,8.424531432516137,99.29512177410483
142.14207307096842,-27.29373195467832,1.0000000000000016,2.417758891186647,8.421492723822313,99.30307853854998
142.1461152730522,-27.283467924488047,1.0000000000000016,2.4176664001183674,8.418457564216167,99.31104655046181
142.1501576852577,-27.27320416005988,1.0000000000000013,2.417573943965035,8.415425950175122,99.3190257910699
142.15420030670657,-27.262940660947883,1.0000000000000016,2.4174815224500072,8.412397878176591,99.32701624160383
142.15824313652095,-27.252677426706118,1.0000000000000013,2.417389135296931,8.40937334469803,99.33501788329309
142.16228617382322,-27.242414456888746,1.0000000000000013,2.4172967822297853,8.406352346216885,99.34303069736718
142.1663294177361,-27.23215175105025,1.0000000000000013,2.417204462972819,8.403334879210652,99.35105466505566
142.17037286738275,-27.221889308745048,1.0000000000000016,2.4171121772505977,8.400320940156812,99.3590897675881
142.17441652188663,-27.21162712952772,1.0000000000000016,2.41701992478799,8.39731052553289,99.36713598619399
142.1784603803714,-27.2013652129531,1.0000000000000013,2.416927705310165,8.394303631816406,99.37519330210286
142.1825044419613,-27.191103558576014,1.0000000000000013,2.4168355185425945,8.391300255484925,99.38326169654422
142.1865487057807,-27.180842165951457,1.0000000000000016,2.416743364211058,8.38830039301599,99.39134115074765
142.19059317095443,-27.170581034634516,1.0000000000000013,2.4166512420416417,8.385304040887204,99.39943164594266
142.1946378366076,-27.16032016418054,1.0000000000000013,2.41655915176071,8.382311195576156,99.40753316335882
142.19868270186566,-27.15005955414487,1.0000000000000013,2.4164670930949974,8.37932185356047,99.41564568422557
142.2027277658545,-27.139799204082955,1.0000000000000016,2.4163750657714633,8.376336011317775,99.42376918977251
142.20677302770017,-27.129539113550553,1.0000000000000016,2.4162830695174264,8.37335366532573,99.43190366122923
142.21081848652915,-27.119279282103374,1.0000000000000016,2.4161911040604966,8.37037481206201,99.44004907982509
142.21486414146835,-27.109019709297264,1.0000000000000016,2.416099169128586,8.367399448004301,99.44820542678976
142.2189099916448,-27.098760394688355,1.0000000000000016,2.4160072644499326,8.364427569630305,99.45637268335277
142.22295603618605,-27.088501337832735,1.0000000000000016,2.4159153897530548,8.361459173417746,99.46455083074359
142.22700227421987,-27.078242538286712,1.0000000000000013,2.415823544766818,8.358494255844382,99.47273985019176
142.2310487048745,-27.0679839956066,1.0000000000000016,2.415731729220333,8.355532813387944,99.48093972292688
142.23509532727832,-27.05772570934908,1.0000000000000013,2.415639942843109,8.35257484252624,99.48915043017837
142.23914214056018,-27.04746767907073,1.0000000000000013,2.415548185364882,8.34962033973704,99.49737195317589
142.2431891438493,-27.037209904328307,1.0000000000000016,2.415456456515729,8.346669301498173,99.50560427314886
142.24723633627505,-27.026952384678832,1.0000000000000016,2.4153647560260563,8.343721724287466,99.5138473713269
142.25128371696732,-27.0166951196793,1.0000000000000016,2.4152730836265643,8.34077760458277,99.52210122893948
142.25533128505626,-27.006438108886833,1.0000000000000016,2.415181439048249,8.337836938861948,99.53036582721609
142.2593790396723,-26.996181351858834,1.0000000000000013,2.415089822022452,8.334899723602891,99.53864114738639
142.26342697994625,-26.985924848152678,1.0000000000000013,2.414998232280814,8.331965955283497,99.54692717067982
142.26747510500928,-26.975668597325868,1.0000000000000013,2.414906669555265,8.32903563038169,99.55522387832595
142.27152341399284,-26.9654125989362,1.0000000000000016,2.4148151335780703,8.326108745375407,99.56353125155431
142.27557190602874,-26.95515685254144,1.0000000000000013,2.4147236240818177,8.323185296742611,99.57184927159439
142.27962058024912,-26.944901357699493,1.0000000000000016,2.4146321407993767,8.320265280961268,99.5801779196758
142.28366943578635,-26.93464611396841,1.0000000000000016,2.414540683463974,8.317348694509379,99.58851717702797
142.2877184717733,-26.924391120906463,1.0000000000000016,2.414449251809115,8.314435533864954,99.59686702488051
142.29176768734303,-26.914136378071934,1.0000000000000016,2.4143578455686345,8.311525795506025,99.60522744446294
142.29581708162902,-26.903881885023225,1.0000000000000013,2.4142664644766807,8.308619475910646,99.61359841700472
142.29986665376498,-26.893627641318986,1.0000000000000013,2.4141751082677114,8.305716571556868,99.62197992373552
142.303916402885,-26.883373646517896,1.0000000000000016,2.41408377667652,8.302817078922786,99.63037194588475
142.30796632812354,-26.873119900178764,1.0000000000000016,2.4139924694382007,8.299920994486506,99.638774464682
142.31201642861532,-26.862866401860508,1.0000000000000016,2.4139011862881556,8.297028314726145,99.64718746135675
142.3160667034954,-26.852613151122306,1.0000000000000013,2.4138099269621254,8.294139036119844,99.65561091713863
142.32011715189918,-26.84236014752331,1.0000000000000013,2.4137186911961557,8.291253155145764,99.66404481325705
142.32416777296237,-26.83210739062282,1.0000000000000016,2.4136274787266263,8.28837066828208,99.67248913094163
142.32821856582095,-26.82185487998039,1.0000000000000016,2.413536289290219,8.285491572006988,99.68094385142189
142.33226952961135,-26.811602615155557,1.0000000000000013,2.413445122623921,8.282615862798705,99.68940895592732
142.33632066347025,-26.801350595707998,1.0000000000000013,2.413353978465075,8.279743537135463,99.69788442568748
142.34037196653458,-26.79109882119765,1.0000000000000016,2.4132628565513343,8.276874591495506,99.70637024193192
142.34442343794177,-26.78084729118444,1.0000000000000016,2.4131717566206277,8.274009022357118,99.71486638589016
142.34847507682943,-26.770596005228402,1.0000000000000013,2.413080678411273,8.271146826198576,99.72337283879166
142.3525268823355,-26.760344962889867,1.0000000000000013,2.412989621661863,8.268287999498197,99.73188958186606
142.35657885359828,-26.750094163729134,1.0000000000000016,2.4128985861113232,8.265432538734293,99.74041659634284
142.36063098975643,-26.739843607306668,1.0000000000000016,2.4128075714989023,8.262580440385218,99.74895386345155
142.36468328994883,-26.72959329318304,1.0000000000000016,2.4127165775641792,8.25973170092934,99.7575013644217
142.36873575331472,-26.719343220919082,1.0000000000000016,2.41262560404704,8.256886316845035,99.7660590804828
142.3727883789937,-26.709093390075576,1.0000000000000013,2.4125346506877,8.254044284610705,99.77462699286443
142.3768411661257,-26.698843800213467,1.0000000000000016,2.4124437172266955,8.251205600704775,99.78320508279613
142.38089411385081,-26.68859445089397,1.0000000000000013,2.4123528034049073,8.248370261605682,99.79179333150736
142.38494722130966,-26.678345341678252,1.0000000000000013,2.4122619089634867,8.24553826379188,99.80039172022775
142.38900048764305,-26.66809647212763,1.0000000000000016,2.4121710336439737,8.242709603741847,99.80900023018678
142.3930539119921,-26.657847841803697,1.0000000000000013,2.412080177188196,8.239884277934085,99.81761884261397
142.39710749349837,-26.64759945026801,1.0000000000000016,2.4119893393383,8.237062282847102,99.82624753873884
142.40116123130358,-26.637351297082315,1.0000000000000016,2.411898519836784,8.234243614959436,99.834886299791
142.4052151245499,-26.627103381808418,1.0000000000000013,2.4118077184264575,8.231428270749642,99.84353510699987
142.40926917237965,-26.616855704008405,1.0000000000000016,2.411716934850457,8.228616246696289,99.85219394159506
142.41332337393567,-26.60660826324436,1.0000000000000013,2.411626168852246,8.225807539277968,99.86086278480605
142.41737772836098,-26.596361059078458,1.0000000000000013,2.4115354201756087,8.223002144973297,99.86954161786245
142.4214322347989,-26.586114091073178,1.0000000000000016,2.4114446885646554,8.220200060260895,99.87823042199373
142.4254868923932,-26.57586735879096,1.0000000000000016,2.4113539737638376,8.217401281619418,99.88692917842944
142.42954170028779,-26.56562086179437,1.0000000000000013,2.4112632755179444,8.214605805527535,99.89563786839908
142.433596657627,-26.55537459964626,1.0000000000000013,2.4111725935720507,8.211813628463933,99.90435647313227
142.43765176355546,-26.545128571909444,1.0000000000000016,2.4110819276715905,8.20902474690731,99.91308497385842
142.44170701721805,-26.53488277814693,1.0000000000000013,2.410991277562335,8.206239157336416,99.92182335180713
142.4457624177601,-26.524637217921775,1.0000000000000016,2.4109006429903435,8.203456856229973,99.93057158820797
142.4498179643271,-26.514391890797338,1.0000000000000016,2.410810023702055,8.20067784006676,99.93932966429041
142.45387365606493,-26.504146796336936,1.0000000000000016,2.410719419444206,8.197902105325555,99.94809756128399
142.45792949211977,-26.49390193410403,1.0000000000000013,2.410628829963878,8.195129648485171,99.95687526041823
142.46198547163806,-26.483657303662326,1.0000000000000016,2.410538255008465,8.192360466024414,99.96566274292269
142.46604159376668,-26.473412904575536,1.0000000000000016,2.410447694325706,8.189594554422152,99.97445999002693
142.47009785765263,-26.463168736407475,1.0000000000000013,2.4103571476636905,8.186831910157238,99.98326698296044
142.4741542624434,-26.45292479872225,1.0000000000000016,2.41026661477078,8.184072529708544,99.99208370295274
142.47821080728664,-26.44268109108394,1.0000000000000013,2.4101760953957463,8.181316409554992,100.00091013123338
142.48226749133045,-26.432437613056777,1.0000000000000016,2.410085589287611,8.178563546175484,100.00974624903189
142.48632431372314,-26.422194364205104,1.0000000000000016,2.4099950961957965,8.175813936048975,100.0185920375778
