galstreams/tracks/track.st.Sylgr.ibata2024.ecsv
# %ECSV 1.0
# ---
# datatype:
# - {name: ra, unit: deg, datatype: float64}
# - {name: dec, unit: deg, datatype: float64}
# - {name: distance, unit: kpc, datatype: float64}
# - {name: pm_ra_cosdec, unit: mas / yr, datatype: float64}
# - {name: pm_dec, unit: mas / yr, datatype: float64}
# - {name: radial_velocity, unit: km / s, datatype: float64}
# delimiter: ','
# meta: !!omap
# - __serialized_columns__:
#     dec:
#       __class__: astropy.coordinates.angles.Latitude
#       unit: &id001 !astropy.units.Unit {unit: deg}
#       value: !astropy.table.SerializedColumn {name: dec}
#     distance:
#       __class__: astropy.coordinates.distances.Distance
#       unit: !astropy.units.Unit {unit: kpc}
#       value: !astropy.table.SerializedColumn {name: distance}
#     pm_dec:
#       __class__: astropy.units.quantity.Quantity
#       unit: !astropy.units.Unit {unit: mas / yr}
#       value: !astropy.table.SerializedColumn {name: pm_dec}
#     pm_ra_cosdec:
#       __class__: astropy.units.quantity.Quantity
#       unit: !astropy.units.Unit {unit: mas / yr}
#       value: !astropy.table.SerializedColumn {name: pm_ra_cosdec}
#     ra:
#       __class__: astropy.coordinates.angles.Longitude
#       unit: *id001
#       value: !astropy.table.SerializedColumn {name: ra}
#       wrap_angle: !astropy.coordinates.Angle
#         unit: *id001
#         value: 360.0
#     radial_velocity:
#       __class__: astropy.units.quantity.Quantity
#       unit: !astropy.units.Unit {unit: km / s}
#       value: !astropy.table.SerializedColumn {name: radial_velocity}
# schema: astropy-2.0
ra,dec,distance,pm_ra_cosdec,pm_dec,radial_velocity
[from data line 2927]
188.32203021108444,1.9977629562851065,1.0000000000000009,-10.943882975546618,-7.082720285161638,-235.6160194455956
188.33097969914994,2.002193138475991,1.0000000000000009,-10.944316898050339,-7.076853047939308,-235.6851711733824
188.33992852191807,2.0066245898356185,1.000000000000001,-10.944759870627415,-7.070986392601149,-235.75442574047088
188.34887667836873,2.011057312407355,1.0000000000000009,-10.945211899039473,-7.065120319336571,-235.8237832716396
188.3578241674819,2.015491308234661,1.0000000000000009,-10.945672989048237,-7.059254828334166,-235.89324389166757
188.36677098823785,2.019926579361089,1.0000000000000009,-10.946143146415448,-7.053389919781726,-235.9628077253338
188.37571713961677,2.0243631278302816,1.0000000000000009,-10.946622376903045,-7.047525593866255,-236.03247489741688
188.38466262059916,2.028800955685975,1.000000000000001,-10.947110686273,-7.0416618507739415,-236.10224553269586
188.3936074301655,2.0332400649719977,1.0000000000000009,-10.947608080287424,-7.035798690690183,-236.17211975594938
188.4025515672965,2.0376804577322685,1.0000000000000009,-10.948114564708519,-7.029936113799561,-236.24209769195645
188.411495030973,2.0421221360108026,1.0000000000000009,-10.948630145298523,-7.024074120285866,-236.31217946549583
188.4204378201759,2.0465651018517055,1.0000000000000009,-10.949154827819843,-7.018212710332076,-236.38236520134643
188.42937993388628,2.0510093572991774,1.0000000000000009,-10.949688618034957,-7.012351884120365,-236.4526550242871
188.43832137108538,2.055454904397505,1.0000000000000009,-10.95023152170645,-7.006491641832113,-236.52304905909668
188.4472621307545,2.059901745191078,1.0000000000000009,-10.950783544596987,-7.000631983647882,-236.59354743055388
188.4562022118751,2.0643498817243704,1.0000000000000007,-10.951344692469334,-6.994772909747445,-236.66415026343768
188.46514161342884,2.0687993160419564,1.0000000000000009,-10.951914971086357,-6.988914420309747,-236.7348576825271
188.47408033439737,2.0732500501884994,1.0000000000000007,-10.952494386211047,-6.983056515512944,-236.80566981260054
188.4830183737626,2.0777020862087574,1.000000000000001,-10.95308294360646,-6.977199195534393,-236.87658677843726
188.4919557305065,2.0821554261475805,1.000000000000001,-10.953680649035777,-6.971342460550617,-236.94760870481574
188.50089240361126,2.0866100720499174,1.000000000000001,-10.954287508262217,-6.965486310737357,-237.01873571651532
188.50982839205906,2.091066025960805,1.0000000000000013,-10.954903527049188,-6.9596307462695375,-237.08996793831435
188.51876369483236,2.0955232899253806,1.0000000000000009,-10.955528711160152,-6.9537757673212806,-237.16130549499186
188.5276983109136,2.0999818659888705,1.000000000000001,-10.956163066358652,-6.947921374065887,-237.2327485113269
188.53663223928552,2.104441756196592,1.0000000000000013,-10.956806598408349,-6.942067566675868,-237.30429711209794
188.54556547893085,2.1089029625939677,1.000000000000001,-10.95745931307303,-6.936214345322915,-237.3759514220841
188.55449802883257,2.1133654872265097,1.000000000000001,-10.958121216116517,-6.930361710177907,-237.44771156606413
188.56342988797368,2.1178293321398187,1.0000000000000009,-10.958792313302798,-6.924509661410919,-237.51957766881696
188.5723610553374,2.1222944993795974,1.000000000000001,-10.95947261039594,-6.918658199191224,-237.59154985512137
188.58129152990708,2.126760990991645,1.000000000000001,-10.960162113160074,-6.9128073236872725,-237.66362824975621
188.5902213106661,2.1312288090218465,1.000000000000001,-10.960860827359504,-6.906957035066717,-237.73581297750022
188.5991503965981,2.135697955516193,1.000000000000001,-10.961568758758563,-6.901107333496382,-237.8081041631325
188.60807878668686,2.1401684325207624,1.000000000000001,-10.962285913121699,-6.895258219142298,-237.8805019314316
188.6170064799161,2.1446402420817368,1.000000000000001,-10.963012296213527,-6.8894096921696715,-237.95300640717662
188.62593347526996,2.14911338624538,1.000000000000001,-10.963747913798686,-6.883561752742913,-238.0256177151463
188.6348597717325,2.1535878670580675,1.000000000000001,-10.96449277164192,-6.8777144010255995,-238.09833598011946
188.64378536828795,2.15806368656626,1.000000000000001,-10.965246875508129,-6.87186763718052,-238.17116132687494
188.65271026392074,2.1625408468165155,1.000000000000001,-10.966010231162286,-6.866021461369633,-238.24409388019168
188.66163445761543,2.167019349855495,1.000000000000001,-10.966782844369448,-6.860175873754091,-238.31713376484836
188.67055794835665,2.171499197729949,1.0000000000000009,-10.967564720894783,-6.854330874494236,-238.39028110562407
188.6794807351292,2.1759803924867236,1.000000000000001,-10.968355866503604,-6.848486463749586,-238.46353602729752
188.68840281691809,2.1804629361727663,1.0000000000000013,-10.96915628696122,-6.842642641678851,-238.53689865464753
188.69732419270827,2.184946830835116,1.000000000000001,-10.96996598803318,-6.836799408439942,-238.61036911245293
188.70624486148503,2.189432078520917,1.000000000000001,-10.97078497548505,-6.830956764189921,-238.68394752549267
188.71516482223373,2.1939186812773963,1.000000000000001,-10.971613255082499,-6.825114709085069,-238.7576340185455
188.7240840739398,2.1984066411518906,1.000000000000001,-10.972450832591324,-6.819273243280835,-238.8314287163903
188.73300261558884,2.202895960191828,1.000000000000001,-10.97329771377743,-6.813432366931855,-238.9053317438059
188.7419204461667,2.2073866404447338,1.000000000000001,-10.974153904406801,-6.807592080191952,-238.97934322557114
188.75083756465915,2.211878683958236,1.0000000000000013,-10.975019410245547,-6.8017523832141285,-239.053463286465
188.75975397005234,2.2163720927800528,1.000000000000001,-10.97589423705984,-6.795913276150575,-239.12769205126617
188.76866966133232,2.220866868958001,1.000000000000001,-10.97677839061604,-6.790074759152666,-239.20202964475357
188.77758463748543,2.225363014539999,1.0000000000000009,-10.977671876680525,-6.784236832370955,-239.27647619170597
188.78649889749815,2.229860531574061,1.0000000000000013,-10.97857470101982,-6.778399495955171,-239.35103181690226
188.79541244035698,2.234359422108302,1.000000000000001,-10.979486869400533,-6.772562750054247,-239.42569664512135
188.80432526504867,2.238859688190927,1.0000000000000013,-10.980408387589403,-6.766726594816279,-239.500470801142
188.8132373705601,2.2433613318702457,1.000000000000001,-10.981339261353249,-6.760891030388556,-239.57535440974306
188.8221487558782,2.2478643551946655,1.0000000000000013,-10.98227949645899,-6.755056056917539,-239.65034759570352
188.83105941999014,2.2523687602126934,1.000000000000001,-10.983229098673702,-6.749221674548874,-239.725450483802
188.8399693618831,2.256874548972932,1.000000000000001,-10.98418807376451,-6.743387883427392,-239.8006631988175
188.84887858054458,2.261381723524083,1.000000000000001,-10.985156427498666,-6.737554683697102,-239.87598586552883
188.85778707496203,2.2658902859149483,1.000000000000001,-10.98613416564354,-6.7317220755011915,-239.95141860871482
188.86669484412323,2.270400238194429,1.0000000000000013,-10.987121293966538,-6.725890058982025,-240.0269615531543
188.87560188701588,2.27491158241152,1.000000000000001,-10.988117818235292,-6.720058634281161,-240.10261482362623
188.884508202628,2.2794243206153273,1.0000000000000009,-10.989123744217421,-6.714227801539321,-240.17837854490935
188.89341378994766,2.2839384548550408,1.000000000000001,-10.990139077680766,-6.708397560896408,-240.25425284178246
188.9023186479631,2.2884539871799614,1.000000000000001,-10.991163824393137,-6.702567912491516,-240.33023783902456
188.91122277566268,2.2929709196394854,1.000000000000001,-10.9921979901226,-6.696738856462912,-240.40633366141435
188.9201261720349,2.2974892542831076,1.000000000000001,-10.9932415806372,-6.690910392948034,-240.48254043373072
188.92902883606845,2.302008993160429,1.000000000000001,-10.994294601705143,-6.6850825220834995,-240.5588582807526
