galstreams/tracks/track.st.NGC288.ibata2021.ecsv
# %ECSV 0.9
# ---
# datatype:
# - {name: ra, unit: deg, datatype: float64}
# - {name: dec, unit: deg, datatype: float64}
# - {name: distance, unit: kpc, datatype: float64}
# - {name: pm_ra_cosdec, unit: mas / yr, datatype: float64}
# - {name: pm_dec, unit: mas / yr, datatype: float64}
# - {name: radial_velocity, unit: km / s, datatype: float64}
# delimiter: ','
# meta: !!omap
# - __serialized_columns__:
#     dec:
#       __class__: astropy.coordinates.angles.Latitude
#       unit: &id001 !astropy.units.Unit {unit: deg}
#       value: !astropy.table.SerializedColumn {name: dec}
#     distance:
#       __class__: astropy.coordinates.distances.Distance
#       unit: !astropy.units.Unit {unit: kpc}
#       value: !astropy.table.SerializedColumn {name: distance}
#     pm_dec:
#       __class__: astropy.units.quantity.Quantity
#       unit: !astropy.units.Unit {unit: mas / yr}
#       value: !astropy.table.SerializedColumn {name: pm_dec}
#     pm_ra_cosdec:
#       __class__: astropy.units.quantity.Quantity
#       unit: !astropy.units.Unit {unit: mas / yr}
#       value: !astropy.table.SerializedColumn {name: pm_ra_cosdec}
#     ra:
#       __class__: astropy.coordinates.angles.Longitude
#       unit: *id001
#       value: !astropy.table.SerializedColumn {name: ra}
#       wrap_angle: !astropy.coordinates.Angle
#         unit: *id001
#         value: 360.0
#     radial_velocity:
#       __class__: astropy.units.quantity.Quantity
#       unit: !astropy.units.Unit {unit: km / s}
#       value: !astropy.table.SerializedColumn {name: radial_velocity}
# schema: astropy-2.0
ra,dec,distance,pm_ra_cosdec,pm_dec,radial_velocity
[from data line 691]
11.524773706882868,-24.61707852109325,10.932964219665456,4.086510070330292,-5.501250034331392,3.368306851948935e-14
11.531498870916973,-24.624919067666305,10.932435830975251,4.086765100903691,-5.501907903828844,3.368306851948935e-14
11.538223920994202,-24.632760026409624,10.931907575537426,4.087020062269962,-5.502565118473223,0.0
11.544948874112682,-24.640601384912923,10.931379450403927,4.087274948413145,-5.503221670414016,-1.6841534259744676e-14
11.551673747272147,-24.648443130762992,10.9308514526267,4.0875297533169785,-5.503877551801256,0.0
11.558398557473918,-24.65628525154366,10.930323579257688,4.087784470964889,-5.504532754785515,-1.6841534259744676e-14
11.565123321720904,-24.664127734835827,10.929795827348842,4.088039095339997,-5.5051872715179115,-3.368306851948935e-14
11.571848057017625,-24.67197056821742,10.929268193952105,4.088293620425114,-5.505841094150112,5.0524602779234026e-14
11.578572780370182,-24.679813739263412,10.928740676119434,4.088548040202735,-5.506494214834317,-1.6841534259744676e-14
11.585297508786295,-24.68765723554586,10.928213270902763,4.088802348655055,-5.5071466257232915,1.6841534259744676e-14
11.59202225927528,-24.695501044633836,10.927685975354047,4.089056539763949,-5.507798318970337,1.6841534259744676e-14
11.598747048848049,-24.703345154093437,10.927158786525226,4.089310607510981,-5.508449286729306,-1.6841534259744676e-14
11.605471894517128,-24.711189551487834,10.926631701468256,4.089564545877401,-5.509099521154602,-1.6841534259744676e-14
11.612196813296654,-24.719034224377236,10.926104717235075,4.089818348844144,-5.509749014401181,-3.368306851948935e-14
11.618921822202369,-24.726879160318877,10.925577830877632,4.090072010391829,-5.510397758624552,8.420767129872338e-14
11.625646938251622,-24.734724346867008,10.925051039447881,4.090325524500748,-5.511045745980766,1.6841534259744676e-14
11.632372178463383,-24.742569771572953,10.92452433999776,4.090578885150888,-5.511692968626443,-1.6841534259744676e-14
11.63909755985824,-24.750415421985046,10.923997729579217,4.090832086321911,-5.512339418718753,6.73661370389787e-14
11.645823099458374,-24.75826128564865,10.923471205244201,4.091085121993149,-5.512985088415417,1.6841534259744676e-14
11.652548814287613,-24.766107350106147,10.922944764044663,4.091337986143621,-5.5136299698747155,-3.368306851948935e-14
11.659274721371386,-24.77395360289697,10.92241840303254,4.09159067275202,-5.5142740552554965,-1.6841534259744676e-14
11.666000837736748,-24.781800031557548,10.92189211925979,4.091843175796709,-5.514917336717152,-3.368306851948935e-14
11.672727180412375,-24.789646623621348,10.921365909778348,4.092095489255728,-5.515559806419647,-5.0524602779234026e-14
11.679453766428571,-24.79749336661885,10.920839771640168,4.092347607106789,-5.516201456523506,0.0
11.686180612817253,-24.80534024807756,10.920313701897197,4.09259952332727,-5.516842279189814,3.368306851948935e-14
11.692907736611977,-24.813187255521967,10.91978769760138,4.092851231894227,-5.517482266580222,-1.6841534259744676e-14
11.699635154847918,-24.821034376473627,10.919261755804664,4.093102726784369,-5.518121410856945,1.6841534259744676e-14
11.70636288456188,-24.82888159845106,10.918735873558994,4.093354001974085,-5.518759704182768,0.0
11.713090942792302,-24.8367289089698,10.91821004791632,4.093605051439422,-5.519397138721043,-6.73661370389787e-14
11.71981934657926,-24.844576295542424,10.917684275928588,4.093855869156091,-5.520033706635691,1.6841534259744676e-14
11.726548112964437,-24.852423745678465,10.917158554647742,4.094106449099464,-5.520669400091209,0.0
11.73327725899118,-24.86027124688451,10.916632881125732,4.09435678524457,-5.521304211252653,1.6841534259744676e-14
11.740006801704448,-24.868118786664077,10.916107252414509,4.0946068715661,-5.521938132285664,0.0
11.746736758150849,-24.875966352517743,10.915581665566005,4.094856702038404,-5.522571155356461,3.368306851948935e-14
11.753467145378616,-24.883813931943056,10.915056117632185,4.09510627063548,-5.523203272631825,-1.6841534259744676e-14
11.760197980437637,-24.89166151243455,10.914530605664982,4.095355571330982,-5.523834476279132,0.0
11.766929280379419,-24.89950908148377,10.914005126716349,4.09560459809822,-5.5244647584663245,3.368306851948935e-14
11.773661062257117,-24.907356626579233,10.913479677838234,4.095853344910143,-5.525094111361928,1.6841534259744676e-14
11.780393343125526,-24.915204135206434,10.912954256082578,4.0961018057393614,-5.525722527135059,-1.6841534259744676e-14
11.787126140041089,-24.923051594847877,10.912428858501336,4.096349974558119,-5.5263499979554025,0.0
11.793859470061877,-24.93089899298303,10.911903482146444,4.096597845338314,-5.526976515993245,-3.368306851948935e-14
11.800593350247617,-24.938746317088356,10.911378124069861,4.096845412051482,-5.5276020734194535,0.0
11.807327797659669,-24.946593554637257,10.910852781323523,4.0970926686688,-5.528226662405476,1.6841534259744676e-14
11.814062829361042,-24.95444069310015,10.910327450959388,4.097339609161084,-5.528850275123364,0.0
11.820798462416391,-24.962287719944403,10.909802130029389,4.0975862274987875,-5.529472903745747,1.6841534259744676e-14
11.827534713892014,-24.970134622634358,10.909276815585484,4.097832517651998,-5.5300945404458615,-3.368306851948935e-14
11.83427160085586,-24.977981388631328,10.908751504679616,4.098078473590436,-5.53071517739753,0.0
11.841009140377516,-24.98582800539357,10.908226194363731,4.098324089283453,-5.53133480677517,-1.6841534259744676e-14
11.847747349528223,-24.993674460376337,10.907700881689777,4.098569358700033,-5.5319534207538075,3.368306851948935e-14
11.854486245380864,-25.001520741031793,10.907175563709703,4.098814275808777,-5.532571011509058,-5.0524602779234026e-14
11.861225845009987,-25.009366834809125,10.90665023747545,4.099058834577923,-5.533187571217144,0.0
11.867966165491763,-25.0172127291544,10.906124900038966,4.099303028975326,-5.533803092054895,-1.6841534259744676e-14
11.87470722390403,-25.02505841151069,10.905599548452205,4.099546852968459,-5.534417566199734,0.0
11.881449037326266,-25.032903869317987,10.905074179767109,4.0997903005244165,-5.535030985829705,-3.368306851948935e-14
11.88819162283961,-25.04074909001325,10.904548791035618,4.100033365609912,-5.535643343123454,-3.368306851948935e-14
11.894934997526835,-25.04859406103035,10.904023379309688,4.100276042191268,-5.53625463026024,-3.368306851948935e-14
11.901679178472381,-25.056438769800145,10.903497941641264,4.100518324234422,-5.5368648394199305,0.0
11.908424182762317,-25.064283203750378,10.902972475082292,4.100760205704916,-5.537473962783011,0.0
11.915170027484395,-25.072127350305774,10.902446976684715,4.101001680567909,-5.538081992530584,5.0524602779234026e-14
11.921916729727982,-25.079971196887946,10.901921443500486,4.101242742788157,-5.538688920844372,-3.368306851948935e-14
11.928664306584121,-25.087814730915486,10.90139587258155,4.1014833863300195,-5.539294739906712,5.0524602779234026e-14
11.935412775145492,-25.095657939803864,10.900870260979852,4.1017236051574635,-5.539899441900571,3.368306851948935e-14
11.942162152506434,-25.103500810965507,10.900344605747343,4.101963393234041,-5.540503019009531,-3.368306851948935e-14
11.948912455762928,-25.111343331809753,10.899818903935964,4.10220274452291,-5.5411054634178125,-3.368306851948935e-14
11.955663702012618,-25.119185489742858,10.899293152597663,4.102441652986822,-5.541706767310255,3.368306851948935e-14
11.962415908354794,-25.12702727216799,10.898767348784386,4.102680112588112,-5.542306922872331,1.6841534259744676e-14
11.969169091890386,-25.134868666485243,10.898241489548088,4.102918117288706,-5.542905922290146,6.73661370389787e-14
11.975923269721989,-25.142709660091594,10.897715571940706,4.103155661050117,-5.543503757750438,3.368306851948935e-14
11.982678458953831,-25.150550240380948,10.897189593014193,4.1033927378334445,-5.544100421440591,-3.368306851948935e-14
11.98943467669182,-25.158390394744128,10.89666354982049,4.1036293415993566,-5.544695905548616,1.6841534259744676e-14
11.996191940043479,-25.166230110568808,10.896137439411548,4.103865466308115,-5.545290202263172,-1.6841534259744676e-14
12.002950266118004,-25.174069375239615,10.895611258839317,4.104101105919545,-5.545883303773556,-1.6841534259744676e-14
12.009709672026224,-25.181908176138037,10.895085005155734,4.104336254393049,-5.546475202269721,-1.6841534259744676e-14
12.016470174880629,-25.189746500642475,10.894558675412755,4.104570905687597,-5.547065889942256,0.0
12.023231791795354,-25.197584336128195,10.894032266662323,4.104805053761729,-5.547655358982405,1.6841534259744676e-14
12.02999453988618,-25.20542166996736,10.893505775956383,4.105038692573553,-5.548243601582071,0.0
12.03675843627053,-25.21325848952902,10.892979200346883,4.105271816080727,-5.548830609933799,0.0
12.04352349806748,-25.221094782179108,10.892452536885775,4.105504418240476,-5.549416376230796,-3.368306851948935e-14
12.05028974239775,-25.22893053528042,10.891925782625,4.105736493009583,-5.550000892666933,0.0
12.057057186383707,-25.236765736192638,10.891398934616506,4.10596803434438,-5.550584151436739,-3.368306851948935e-14
12.063825847149362,-25.244600372272313,10.89087198991224,4.106199036200754,-5.551166144735409,6.73661370389787e-14
12.070595741820364,-25.252434430872835,10.890344945564145,4.106429492534132,-5.5517468647588,0.0
12.077366887524015,-25.260267899344505,10.889817798624179,4.106659397299489,-5.552326303703441,1.6841534259744676e-14
12.084139301389254,-25.268100765034454,10.889290546144275,4.106888744451347,-5.5529044537665335,6.73661370389787e-14
12.090913000546657,-25.27593301528667,10.888763185176394,4.107117527943758,-5.55348130714595,1.6841534259744676e-14
12.097688002128454,-25.28376463744202,10.888235712772468,4.107345741730316,-5.554056856040243,5.0524602779234026e-14
12.104464323268498,-25.291595618838183,10.887708125984453,4.107573379764148,-5.554631092648643,6.73661370389787e-14
12.111241981102292,-25.29942594680972,10.887180421864294,4.107800435997902,-5.55520400917106,-3.368306851948935e-14
12.118020992766974,-25.30725560868802,10.886652597463938,4.108026904383761,-5.555775597808086,8.420767129872338e-14
12.12480137540132,-25.315084591801313,10.886124649835331,4.108252778873429,-5.556345850761008,3.368306851948935e-14
12.131583146145736,-25.32291288347468,10.88559657603042,4.10847805341813,-5.556914760231794,3.368306851948935e-14
12.138366322142268,-25.33074047103001,10.885068373101152,4.108702721968605,-5.557482318423109,5.0524602779234026e-14
12.145150920534592,-25.33856734178603,10.884540038099473,4.108926778475107,-5.558048517538309,-5.0524602779234026e-14
12.151936958468024,-25.346393483058343,10.88401156807733,4.109150216887402,-5.558613349781449,3.368306851948935e-14
12.158724453089503,-25.35421888215929,10.883482960086672,4.109373031154761,-5.559176807357285,6.73661370389787e-14
12.165513421547587,-25.362043526398104,10.882954211179445,4.10959521522596,-5.559738882471274,-3.368306851948935e-14
12.172303880992489,-25.369867403080796,10.882425318407595,4.109816763049277,-5.560299567329577,-1.6841534259744676e-14
12.179095848576031,-25.377690499510216,10.881896278823064,4.11003766857249,-5.560858854139072,-1.6841534259744676e-14
12.185889341451666,-25.385512802985993,10.88136708947781,4.110257925742861,-5.561416735107333,1.6841534259744676e-14
12.19268437677446,-25.393334300804597,10.880837747423769,4.110477528507152,-5.561973202442664,0.0
12.199480971701123,-25.401154980259268,10.880308249712893,4.1106964708116065,-5.56252824835407,1.6841534259744676e-14
12.206279143389962,-25.40897482864007,10.879778593397127,4.110914746601957,-5.563081865051293,1.6841534259744676e-14
12.213078909000922,-25.416793833233854,10.879248775528417,4.111132349823414,-5.563634044744784,3.368306851948935e-14
12.219880285695558,-25.424611981324244,10.878718793158717,4.111349274420659,-5.564184779645721,0.0
12.226683290637045,-25.43242926019171,10.878188643339962,4.111565514337857,-5.56473406196602,1.6841534259744676e-14
12.233487940990159,-25.440245657113426,10.877658323124109,4.111781063518632,-5.565281883918313,1.6841534259744676e-14
12.240294253921308,-25.448061159363412,10.8771278295631,4.111995915906082,-5.565828237715983,1.6841534259744676e-14
12.247102246598503,-25.45587575421243,10.876597159708885,4.1122100654427625,-5.566373115573136,0.0
12.253911936191363,-25.463689428928028,10.876066310613405,4.112423506070691,-5.5669165097046305,6.73661370389787e-14
12.260723339871106,-25.471502170774528,10.875535279328611,4.112636231731337,-5.56745841232606,5.0524602779234026e-14
12.267536474810573,-25.479313967013002,10.87500406290645,4.112848236365622,-5.567998815653764,-1.6841534259744676e-14
12.274351358184198,-25.487124804901306,10.874472658398867,4.113059513913917,-5.568537711904838,1.6841534259744676e-14
12.281168007168016,-25.49493467169403,10.873941062857812,4.113270058316035,-5.56907509329713,1.6841534259744676e-14
12.287986438939669,-25.502743554642546,10.873409273335223,4.113479863511229,-5.5696109520492385,5.0524602779234026e-14
12.294806670678371,-25.510551440994945,10.872877286883059,4.113688923438186,-5.570145280380524,-1.6841534259744676e-14
12.301628719564974,-25.518358317996096,10.872345100553261,4.11389723203503,-5.570678070511107,0.0
12.308452602781884,-25.526164172887587,10.871812711397775,4.114104783239308,-5.571209314661879,1.6841534259744676e-14
12.315278337513119,-25.533968992907752,10.871280116468546,4.114311570987999,-5.571739005054499,5.0524602779234026e-14
12.32210594094428,-25.541772765291665,10.870747312817524,4.114517589217493,-5.5722671339113905,-1.6841534259744676e-14
12.328935430262547,-25.54957547727113,10.870214297496657,4.114722831863602,-5.572793693455763,-1.6841534259744676e-14
12.335766822656701,-25.55737711607468,10.869681067557888,4.114927292861551,-5.573318675911601,5.0524602779234026e-14
12.34260013531708,-25.565177668927554,10.86914762005317,4.115130966145968,-5.573842073503663,3.368306851948935e-14
12.34943538543563,-25.572977123051732,10.868613952034442,4.115333845650895,-5.5743638784575085,6.73661370389787e-14
12.35627259020584,-25.58077546566589,10.868080060553657,4.115535925309763,-5.574884082999474,6.73661370389787e-14
12.3631117668228,-25.588572683985422,10.86754594266276,4.115737199055408,-5.575402679356692,0.0
12.369952932483166,-25.596368765222447,10.867011595413695,4.115937660820051,-5.575919659757089,3.368306851948935e-14
12.376796104385159,-25.60416369658576,10.86647701585841,4.116137304535308,-5.5764350164293965,1.6841534259744676e-14
12.38364129972856,-25.611957465280867,10.865942201048851,4.116336124132175,-5.576948741603142,1.6841534259744676e-14
12.390488535714724,-25.61975005850996,10.865407148036969,4.116534113541024,-5.577460827508661,-1.6841534259744676e-14
12.397337829546558,-25.627541463471943,10.864871853874709,4.116731266691607,-5.577971266377102,1.6841534259744676e-14
12.404189198428531,-25.63533166736237,10.864336315614013,4.116927577513048,-5.578480050440426,3.368306851948935e-14
12.41104265956667,-25.6431206573735,10.863800530306838,4.117123039933827,-5.578987171931404,1.6841534259744676e-14
12.41789823016855,-25.65090842069428,10.86326449500512,4.1173176478818,-5.579492623083636,-1.6841534259744676e-14
12.424755927443298,-25.658694944510305,10.862728206760814,4.117511395284173,-5.579996396131547,3.368306851948935e-14
12.431615768601576,-25.66648021600385,10.86219166262586,4.117704276067504,-5.580498483310384,3.368306851948935e-14
12.438477770855611,-25.67426422235385,10.861654859652209,4.1178962841577045,-5.580998876856228,3.368306851948935e-14
12.445341951419149,-25.68204695073591,10.861117794891808,4.118087413480025,-5.581497569005994,1.6841534259744676e-14
12.452208327507483,-25.689828388322287,10.8605804653966,4.118277657959063,-5.581994551997441,1.0104920555846805e-13
12.459076916337438,-25.697608522281886,10.860042868218535,4.118467011518744,-5.582489818069165,1.6841534259744676e-14
