galstreams/tracks/track.st.NGC288.ibata2021.ecsv
# %ECSV 0.9
# ---
# datatype:
# - {name: ra, unit: deg, datatype: float64}
# - {name: dec, unit: deg, datatype: float64}
# - {name: distance, unit: kpc, datatype: float64}
# - {name: pm_ra_cosdec, unit: mas / yr, datatype: float64}
# - {name: pm_dec, unit: mas / yr, datatype: float64}
# - {name: radial_velocity, unit: km / s, datatype: float64}
# delimiter: ','
# meta: !!omap
# - __serialized_columns__:
#     dec:
#       __class__: astropy.coordinates.angles.Latitude
#       unit: &id001 !astropy.units.Unit {unit: deg}
#       value: !astropy.table.SerializedColumn {name: dec}
#     distance:
#       __class__: astropy.coordinates.distances.Distance
#       unit: !astropy.units.Unit {unit: kpc}
#       value: !astropy.table.SerializedColumn {name: distance}
#     pm_dec:
#       __class__: astropy.units.quantity.Quantity
#       unit: !astropy.units.Unit {unit: mas / yr}
#       value: !astropy.table.SerializedColumn {name: pm_dec}
#     pm_ra_cosdec:
#       __class__: astropy.units.quantity.Quantity
#       unit: !astropy.units.Unit {unit: mas / yr}
#       value: !astropy.table.SerializedColumn {name: pm_ra_cosdec}
#     ra:
#       __class__: astropy.coordinates.angles.Longitude
#       unit: *id001
#       value: !astropy.table.SerializedColumn {name: ra}
#       wrap_angle: !astropy.coordinates.Angle
#         unit: *id001
#         value: 360.0
#     radial_velocity:
#       __class__: astropy.units.quantity.Quantity
#       unit: !astropy.units.Unit {unit: km / s}
#       value: !astropy.table.SerializedColumn {name: radial_velocity}
# schema: astropy-2.0
ra,dec,distance,pm_ra_cosdec,pm_dec,radial_velocity
5.9207440067859,-19.955178615960016,11.492757217880873,4.221337854156744,-5.330039198675896,-1.0104920555846805e-13
5.931571737652202,-19.959930894793022,11.491431913549647,4.220235073853539,-5.329231721647396,-6.73661370389787e-14
5.94238768857824,-19.96469143252936,11.490108779575563,4.21913618948833,-5.328429227433205,-1.0104920555846805e-13
5.953191876919424,-19.96946021902136,11.488787813010566,4.218041195955025,-5.3276317073156125,-1.515738083377021e-13
5.963984320027876,-19.97423724411718,11.487469010906597,4.216950088144232,-5.326839152579551,-8.420767129872338e-14
5.97476503525242,-19.97902249766074,11.486152370315617,4.215862860943262,-5.326051554512585,-1.1789073981821273e-13
5.985534039938607,-19.983815969491804,11.484837888289563,4.21477950923615,-5.325268904404906,-1.347322740779574e-13
5.996291351428726,-19.988617649445946,11.48352556188038,4.213700027903651,-5.3244911935493295,-8.420767129872338e-14
6.007036987061792,-19.993427527354534,11.482215388140023,4.212624411823254,-5.323718413241281,-1.347322740779574e-13
6.0177709641735735,-19.99824559304478,11.480907364120432,4.211552655869189,-5.322950554778805,-8.420767129872338e-14
6.028493300096602,-20.00307183633971,11.479601486873554,4.210484754912439,-5.322187609462548,-8.420767129872338e-14
6.0392040121601696,-20.00790624705819,11.478297753451344,4.20942070382074,-5.321429568595754,-1.0104920555846805e-13
6.049903117690342,-20.0127488150149,11.476996160905738,4.208360497458601,-5.320676423484265,-1.1789073981821273e-13
6.0605906340099835,-20.017599530020377,11.47569670628869,4.207304130687298,-5.319928165436506,-1.1789073981821273e-13
6.071266578438729,-20.022458381880988,11.474399386652141,4.206251598364898,-5.319184785763492,-1.347322740779574e-13
6.081930968293036,-20.027325360398947,11.473104199048041,4.205202895346251,-5.31844627577881,-1.347322740779574e-13
6.092583820886161,-20.032200455372315,11.471811140528338,4.204158016483013,-5.317712626798621,-1.515738083377021e-13
6.103225153528187,-20.037083656595012,11.470520208144979,4.203116956623642,-5.316983830141648,-1.0104920555846805e-13
6.113854983526022,-20.041974953856805,11.469231398949908,4.202079710613416,-5.31625987712918,-1.1789073981821273e-13
6.1244733281834165,-20.04687433694332,11.467944709995074,4.201046273294433,-5.31554075908506,-1.0104920555846805e-13
6.135080204800964,-20.051781795636057,11.466660138332417,4.20001663950563,-5.31482646733568,-8.420767129872338e-14
6.145675630676114,-20.056697319712367,11.4653776810139,4.198990804082772,-5.314116993209971,-1.0104920555846805e-13
6.156259623103183,-20.061620898945495,11.464097335091456,4.197968761858484,-5.31341232803941,-1.347322740779574e-13
6.166832199373363,-20.06655252310455,11.462819097617029,4.196950507662243,-5.312712463158007,-1.1789073981821273e-13
6.177393376774721,-20.071492181954522,11.461542965642579,4.195936036320389,-5.312017389902293,-1.1789073981821273e-13
6.187943172592225,-20.076439865256276,11.460268936220043,4.194925342656135,-5.311327099611326,-1.0104920555846805e-13
6.1984816041077355,-20.081395562766573,11.458997006401372,4.193918421489576,-5.310641583626678,-1.0104920555846805e-13
6.209008688600028,-20.086359264238066,11.45772717323851,4.192915267637693,-5.309960833292435,-1.515738083377021e-13
6.219524443344791,-20.091330959419285,11.45645943378341,4.191915875914369,-5.309284839955186,-6.73661370389787e-14
6.230028885614648,-20.09631063805468,11.455193785088008,4.190920241130386,-5.308613594964026,-1.0104920555846805e-13
6.240522032679146,-20.101298289884593,11.45393022420426,4.189928358093441,-5.307947089670536,-1.347322740779574e-13
6.251003901804792,-20.106293904645277,11.452668748184111,4.188940221608151,-5.307285315428788,-1.1789073981821273e-13
6.261474510255034,-20.11129747206889,11.451409354079502,4.187955826476064,-5.30662826359535,-1.347322740779574e-13
6.271933875290289,-20.116308981883495,11.450152038942386,4.186975167495661,-5.305975925529248,-1.1789073981821273e-13
6.282382014167942,-20.121328423813097,11.448896799824713,4.18599823946237,-5.305328292591998,-1.6841534259744677e-13
6.2928189441423665,-20.126355787577594,11.447643633778421,4.185025037168569,-5.304685356147577,-1.1789073981821273e-13
6.303244682464911,-20.13139106289282,11.446392537855463,4.184055555403602,-5.304047107562427,-1.1789073981821273e-13
6.313659246383936,-20.136434239470553,11.44514350910778,4.183089788953778,-5.3034135382054455,-1.1789073981821273e-13
6.324062653144797,-20.14148530701846,11.443896544587325,4.182127732602377,-5.302784639447977,-1.515738083377021e-13
6.334454919989879,-20.1465442552402,11.44265164134604,4.181169381129671,-5.302160402663819,-1.0104920555846805e-13
6.344836064158579,-20.151611073835333,11.441408796435876,4.180214729312922,-5.301540819229209,-1.1789073981821273e-13
6.3552061028873315,-20.15668575249937,11.44016800690878,4.17926377192639,-5.300925880522818,-8.420767129872338e-14
6.365565053409616,-20.161768280923777,11.43892926981669,4.178316503741345,-5.300315577925746,-1.0104920555846805e-13
6.375912932955959,-20.166858648795955,11.437692582211566,4.177372919526069,-5.299709902821519,-1.347322740779574e-13
6.386249758753952,-20.171956845799286,11.43645794114534,4.1764330140458705,-5.299108846596085,-1.1789073981821273e-13
6.396575548028287,-20.17706286161313,11.435225343669972,4.17549678206309,-5.2985124006378035,-1.1789073981821273e-13
6.406890318000627,-20.182176685912683,11.433994786837404,4.174564218337102,-5.297920556337444,-1.1789073981821273e-13
6.417194085889826,-20.18729830836924,11.432766267699582,4.173635317624333,-5.297333305088179,-1.1789073981821273e-13
6.427486868911806,-20.192427718650034,11.431539783308452,4.172710074678263,-5.2967506382855785,-1.1789073981821273e-13
6.437768684279582,-20.19756490641824,11.430315330715965,4.171788484249431,-5.296172547327606,-8.420767129872338e-14
6.4480395492032905,-20.20270986133304,11.429092906974063,4.170870541085448,-5.295599023614614,-1.0104920555846805e-13
6.458299480890185,-20.207862573049578,11.427872509134696,4.169956239931006,-5.2950300585493375,-1.347322740779574e-13
6.468548496544653,-20.213023031219,11.426654134249807,4.1690455755278775,-5.294465643536888,-1.515738083377021e-13
6.478786613368218,-20.218191225488418,11.425437779371348,4.16813854261493,-5.293905769984746,-1.515738083377021e-13
6.489013848559552,-20.223367145500955,11.424223441551263,4.167235135928133,-5.293350429302765,-1.347322740779574e-13
6.499230219314486,-20.22855078089571,11.423011117841495,4.166335350200562,-5.292799612903156,-1.0104920555846805e-13
6.509435742826015,-20.233742121307788,11.421800805293998,4.165439180162411,-5.292253312200485,-1.1789073981821273e-13
6.519630436284307,-20.238941156368302,11.42059250096072,4.164546620540997,-5.291711518611669,-1.1789073981821273e-13
6.529814316876717,-20.244147875704368,11.419386201893596,4.163657666060768,-5.291174223555977,-1.1789073981821273e-13
6.539987401787787,-20.249362268939112,11.418181905144582,4.162772311443314,-5.290641418455011,-1.1789073981821273e-13
6.550149708199267,-20.25458432569167,11.41697960776562,4.1618905514073665,-5.290113094732715,-1.0104920555846805e-13
6.560301253290106,-20.25981403557718,11.415779306808666,4.1610123806688115,-5.289589243815352,-1.6841534259744677e-13
6.5704420542364845,-20.26505138820685,11.414580999325656,4.160137793940705,-5.289069857131526,-1.1789073981821273e-13
6.580572128211797,-20.27029637318785,11.413384682368546,4.159266785933265,-5.288554926112148,-1.0104920555846805e-13
6.590691492386681,-20.27554898012341,11.412190352989269,4.158399351353889,-5.2880444421904516,-1.515738083377021e-13
6.600800163929022,-20.280809198612793,11.410998008239789,4.157535484907154,-5.287538396801972,-1.515738083377021e-13
6.610898160003952,-20.286077018251294,11.409807645172041,4.156675181294839,-5.287036781384556,-1.0104920555846805e-13
6.620985497773864,-20.29135242863023,11.408619260837979,4.155818435215914,-5.2865395873783445,-1.347322740779574e-13
6.631062194398427,-20.296635419336983,11.407432852289544,4.154965241366559,-5.286046806225777,-1.347322740779574e-13
6.641128267034593,-20.301925979954966,11.406248416578684,4.154115594440173,-5.285558429371578,-1.1789073981821273e-13
6.651183732836588,-20.30722410006364,11.405065950757347,4.1532694891273705,-5.285074448262759,-1.515738083377021e-13
6.661228608955954,-20.31252976923853,11.403885451877484,4.152426920115995,-5.284594854348605,-1.515738083377021e-13
6.671262912541521,-20.317842977051214,11.402706916991034,4.151587882091139,-5.284119639080685,-1.347322740779574e-13
6.681286660739451,-20.323163713069327,11.401530343149943,4.150752369735123,-5.283648793912825,-1.0104920555846805e-13
6.6912998706932125,-20.32849196685655,11.400355727406168,4.149920377727531,-5.283182310301116,-1.347322740779574e-13
6.701302559543616,-20.333827727972658,11.399183066811652,4.149091900745202,-5.282720179703913,-1.6841534259744677e-13
6.7112947444288125,-20.339170985973496,11.398012358418333,4.148266933462242,-5.282262393581825,-1.1789073981821273e-13
6.7212764424842995,-20.344521730410957,11.396843599278167,4.147445470550034,-5.281808943397701,-1.347322740779574e-13
6.731247670842931,-20.34987995083303,11.395676786443099,4.1466275066772385,-5.281359820616638,-1.1789073981821273e-13
6.741208446634936,-20.35524563678379,11.394511916965078,4.1458130365098045,-5.280915016705972,-1.515738083377021e-13
6.751158786987912,-20.360618777803385,11.39334898789604,4.145002054710988,-5.280474523135271,-8.420767129872338e-14
6.761098709026841,-20.365999363428045,11.392187996287946,4.144194555941332,-5.280038331376326,-1.0104920555846805e-13
6.771028229874105,-20.371387383190115,11.391028939192735,4.143390534858704,-5.279606432903159,-1.1789073981821273e-13
6.7809473666494755,-20.376782826618015,11.389871813662351,4.142589986118284,-5.2791788191920075,-8.420767129872338e-14
6.790856136470149,-20.38218568323626,11.388716616748752,4.141792904372577,-5.278755481721314,-1.8525687685719145e-13
6.8007545564507295,-20.38759594256549,11.387563345503876,4.140999284271423,-5.278336411971738,-1.6841534259744677e-13
6.8106426437032574,-20.393013594122426,11.386411996979668,4.140209120462009,-5.277921601426143,-1.347322740779574e-13
6.820520415337205,-20.398438627419925,11.38526256822808,4.139422407588853,-5.27751104156958,-1.1789073981821273e-13
6.830387888459488,-20.40387103196693,11.384115056301058,4.138639140293844,-5.277104723889303,-1.0104920555846805e-13
6.840245080174481,-20.40931079726849,11.382969458250548,4.137859313216222,-5.276702639874745,-1.6841534259744677e-13
6.8500920075840215,-20.414757912825838,11.381825771128495,4.137082920992604,-5.27630478101753,-1.347322740779574e-13
6.859928687787415,-20.420212368136244,11.380683991986851,4.136309958256983,-5.275911138811454,-1.347322740779574e-13
6.869755137881448,-20.42567415269317,11.37954411787756,4.135540419640729,-5.275521704752486,-1.1789073981821273e-13
6.879571374960396,-20.43114325598618,11.378406145852562,4.134774299772614,-5.275136470338773,-1.0104920555846805e-13
6.889377416116031,-20.436619667500953,11.377270072963814,4.134011593278798,-5.274755427070608,-1.515738083377021e-13
6.899173278437636,-20.442103376719363,11.376135896263262,4.133252294782848,-5.2743785664504514,-1.0104920555846805e-13
6.908958979012005,-20.44759437311936,11.375003612802846,4.1324963989057535,-5.274005879982922,-8.420767129872338e-14
6.918734534923452,-20.453092646175072,11.373873219634515,4.131743900265913,-5.273637359174776,-1.347322740779574e-13
6.92849996325383,-20.458598185356777,11.372744713810219,4.130994793479153,-5.273272995534915,-1.0104920555846805e-13
6.938255281082528,-20.464110980130876,11.371618092381903,4.130249073158741,-5.2729127805743845,-1.6841534259744677e-13
6.948000505486488,-20.46963101995996,11.370493352401516,4.129506733915383,-5.272556705806361,-1.515738083377021e-13
6.957735653540208,-20.475158294302744,11.369370490921,4.128767770357227,-5.272204762746143,-1.347322740779574e-13
6.967460742315753,-20.48069279261413,11.368249504992303,4.128032177089886,-5.271856942911166,-1.515738083377021e-13
6.977175788882763,-20.486234504345163,11.367130391667377,4.127299948716428,-5.271513237820966,-2.020984111169361e-13
6.986880810308468,-20.491783418943076,11.366013147998162,4.126571079837397,-5.271173638997212,-1.515738083377021e-13
6.996575823657677,-20.497339525851256,11.36489777103661,4.125845565050809,-5.270838137963663,-1.1789073981821273e-13
7.006260845992818,-20.502902814509266,11.363784257834663,4.125123398952168,-5.270506726246201,-1.0104920555846805e-13
7.015935894373915,-20.50847327435286,11.362672605444272,4.124404576134465,-5.270179395372794,-1.515738083377021e-13
7.02560098585862,-20.514050894813955,11.36156281091738,4.123689091188191,-5.269856136873505,-1.347322740779574e-13
7.035256137502207,-20.519635665320678,11.360454871305938,4.122976938701343,-5.269536942280491,-1.0104920555846805e-13
7.0449013663575855,-20.5252275752973,11.359348783661892,4.122268113259426,-5.269221803127991,-1.515738083377021e-13
7.054536689475315,-20.53082661416434,11.358244545037184,4.121562609445472,-5.268910710952328,-1.0104920555846805e-13
7.064162123903602,-20.536432771338465,11.35714215248377,4.120860421840028,-5.268603657291889,-1.6841534259744677e-13
7.0737776866883255,-20.54204603623257,11.356041603053585,4.120161545021188,-5.268300633687147,-1.0104920555846805e-13
7.083383394873017,-20.54766639825572,11.354942893798588,4.119465973564573,-5.268001631680626,-1.515738083377021e-13
7.092979265498904,-20.55329384681323,11.353846021770714,4.118773702043358,-5.2677066428169175,-1.515738083377021e-13
7.1025653156049,-20.558928371306575,11.352750984021917,4.11808472502827,-5.267415658642667,-1.515738083377021e-13
7.112141562227604,-20.56456996113347,11.351657777604144,4.117399037087596,-5.267128670706569,-1.515738083377021e-13
7.12170802240133,-20.57021860568784,11.35056639956934,4.116716632787194,-5.2668456705593645,-1.0104920555846805e-13
7.131264713158104,-20.575874294359828,11.349476846969452,4.116037506690497,-5.266566649753843,-1.515738083377021e-13
7.140811651527673,-20.581537016535787,11.348389116856424,4.115361653358515,-5.266291599844821,-1.1789073981821273e-13
7.150348854537511,-20.587206761598317,11.347303206282207,4.114689067349851,-5.266020512389146,-1.0104920555846805e-13
7.15987633921284,-20.592883518926214,11.34621911229875,4.114019743220702,-5.2657533789457025,-1.8525687685719145e-13
7.169394122576624,-20.598567277894553,11.345136831957992,4.113353675524866,-5.265490191075386,-1.347322740779574e-13
7.178902221649589,-20.60425802787459,11.344056362311886,4.112690858813756,-5.26523094034112,-1.1789073981821273e-13
7.188400653450219,-20.609955758233856,11.342977700412376,4.112031287636393,-5.26497561830783,-1.515738083377021e-13
7.19788943499478,-20.615660458336112,11.341900843311409,4.111374956539429,-5.264724216542456,-1.0104920555846805e-13
7.207368583297315,-20.62137211754136,11.340825788060931,4.11072186006714,-5.26447672661394,-1.1789073981821273e-13
7.216838115369659,-20.62709072520585,11.339752531712893,4.110071992761439,-5.264233140093216,-1.347322740779574e-13
7.226298048221452,-20.632816270682095,11.33868107131924,4.109425349161888,-5.263993448553223,-1.0104920555846805e-13
7.2357483988601325,-20.638548743318847,11.337611403931914,4.1087819238056955,-5.263757643568885,-1.1789073981821273e-13
7.24518918429097,-20.644288132461124,11.336543526602867,4.108141711227727,-5.263525716717105,-1.347322740779574e-13
7.254620421517081,-20.650034427450258,11.335477436384044,4.107504705960513,-5.263297659576767,-1.515738083377021e-13
7.26404212753932,-20.65578761762369,11.334413130327393,4.1068709025342525,-5.2630734637287375,-1.1789073981821273e-13
7.27345431935648,-20.661547692315274,11.33335060548486,4.106240295476826,-5.262853120755842,-1.6841534259744677e-13
7.282857013965185,-20.6673146408551,11.332289858908393,4.105612879313792,-5.262636622242878,-1.347322740779574e-13
