galstreams/tracks/track.Gaia-4.malhan2018.ecsv
# %ECSV 0.9
# ---
# datatype:
# - {name: sc.ra, unit: deg, datatype: float64}
# - {name: sc.dec, unit: deg, datatype: float64}
# - {name: sc.distance, unit: kpc, datatype: float64}
# - {name: width, datatype: float64}
# meta: !!omap
# - __serialized_columns__:
#     sc:
#       __class__: astropy.coordinates.sky_coordinate.SkyCoord
#       dec: !astropy.table.SerializedColumn
#         __class__: astropy.coordinates.angles.Latitude
#         unit: &id001 !astropy.units.Unit {unit: deg}
#         value: !astropy.table.SerializedColumn {name: sc.dec}
#       distance: !astropy.table.SerializedColumn
#         __class__: astropy.coordinates.distances.Distance
#         unit: !astropy.units.Unit {unit: kpc}
#         value: !astropy.table.SerializedColumn {name: sc.distance}
#       frame: icrs
#       ra: !astropy.table.SerializedColumn
#         __class__: astropy.coordinates.angles.Longitude
#         unit: *id001
#         value: !astropy.table.SerializedColumn {name: sc.ra}
#         wrap_angle: !astropy.coordinates.Angle
#           unit: *id001
#           value: 360.0
#       representation_type: spherical
# schema: astropy-2.0
sc.ra sc.dec sc.distance width
[from data line 792]
166.5543616365226 -3.904395064955589 11.41087232730452 0.0
166.55878757581513 -3.895422792267691 11.411757515163027 0.0
166.56321342072053 -3.8864504964073503 11.412642684144107 0.0
166.5676391714585 -3.877478177428582 11.413527834291699 0.0
166.57206482824895 -3.868505835385449 11.414412965649792 0.0
166.5764903913117 -3.8595334703319355 11.415298078262339 0.0
166.58091586086647 -3.8505610823220584 11.416183172173294 0.0
166.58534123713304 -3.8415886714098644 11.417068247426608 0.0
166.58976652033118 -3.8326162376493147 11.417953304066236 0.0
166.59419171068063 -3.8236437810944586 11.418838342136127 0.0
166.59861680840112 -3.81467130179926 11.419723361680223 0.0
166.6030418137123 -3.8056987998177148 11.420608362742461 0.0
166.60746672683388 -3.7967262752038478 11.421493345366775 0.0
166.61189154798558 -3.787753728011595 11.422378309597116 0.0
166.61631627738703 -3.7787811582949766 11.423263255477405 0.0
166.62074091525784 -3.769808566107968 11.424148183051567 0.0
166.62516546181763 -3.760835951504509 11.425033092363526 0.0
166.62958991728607 -3.7518633145386007 11.425917983457214 0.0
166.63401428188268 -3.742890655264197 11.426802856376536 0.0
166.6384385558271 -3.7339179737352586 11.427687711165419 0.0
166.64286273933885 -3.724945270005728 11.42857254786777 0.0
166.6472868326375 -3.7159725441295923 11.429457366527497 0.0
166.6517108359425 -3.706999796160764 11.430342167188503 0.0
166.6561347494735 -3.698027026153198 11.431226949894699 0.0
166.66055857344992 -3.689054234160833 11.432111714689984 0.0
166.66498230809123 -3.6800814202375927 11.432996461618245 0.0
166.66940595361694 -3.6711085844374405 11.433881190723389 0.0
166.67382951024646 -3.6621357268142702 11.434765902049293 0.0
166.67825297819925 -3.6531628474220015 11.435650595639851 0.0
166.68267635769476 -3.644189946314589 11.436535271538952 0.0
166.6870996489523 -3.635217023545898 11.437419929790462 0.0
166.6915228521914 -3.6262440791698753 11.438304570438282 0.0
166.69594596763133 -3.617271113240425 11.439189193526266 0.0
166.70036899549146 -3.608298125811414 11.440073799098291 0.0
166.70479193599118 -3.5993251169367846 11.440958387198236 0.0
166.70921478934977 -3.5903520866703875 11.441842957869955 0.0
166.7136375557866 -3.581379035066141 11.442727511157319 0.0
166.7180602355209 -3.5724059621779345 11.443612047104182 0.0
166.72248282877203 -3.563432868059612 11.444496565754406 0.0
166.7269053357592 -3.554459752765085 11.445381067151839 0.0
166.73132775670172 -3.5454866163482155 11.446265551340343 0.0
166.73575009181874 -3.5365134588628715 11.447150018363748 0.0
166.74017234132958 -3.527540280362907 11.448034468265917 0.0
166.7445945054534 -3.518567080902216 11.448918901090678 0.0
166.74901658440942 -3.5095938605346224 11.449803316881884 0.0
166.75343857841682 -3.5006206193139775 11.450687715683364 0.0
166.7578604876947 -3.491647357294165 11.45157209753894 0.0
166.7622823124623 -3.482674074528983 11.45245646249246 0.0
166.7667040529387 -3.4737007710723184 11.453340810587742 0.0
166.77112570934307 -3.4647274469779736 11.454225141868614 0.0
166.77554728189446 -3.4557541022997817 11.455109456378892 0.0
166.77996877081202 -3.446780737091605 11.455993754162403 0.0
166.78439017631476 -3.4378073514072245 11.456878035262951 0.0
166.78881149862184 -3.4288339453004935 11.457762299724369 0.0
166.79323273795217 -3.419860518825231 11.458646547590433 0.0
166.79765389452493 -3.410887072035215 11.459530778904986 0.0
166.80207496855905 -3.4019136049842875 11.460414993711812 0.0
166.8064959602736 -3.392940117726245 11.46129919205472 0.0
166.8109168698875 -3.3839666103148893 11.462183373977501 0.0
166.81533769761978 -3.374993082804027 11.463067539523957 0.0
166.81975844368938 -3.36601953524742 11.463951688737875 0.0
166.82417910831526 -3.357045967698892 11.464835821663053 0.0
166.82859969171633 -3.348072380212216 11.465719938343266 0.0
166.83302019411155 -3.339098772841178 11.466604038822311 0.0
166.83744061571983 -3.330125145639542 11.467488123143966 0.0
166.84186095676 -3.3211514986611186 11.468372191352 0.0
166.846281217451 -3.312177831959645 11.469256243490202 0.0
166.85070139801172 -3.3032041455888876 11.470140279602344 0.0
166.8551214986609 -3.294230439602644 11.471024299732182 0.0
166.8595415196175 -3.2852567140546283 11.471908303923499 0.0
166.86396146110025 -3.276282968998632 11.47279229222005 0.0
166.868381323328 -3.2673092044884062 11.473676264665603 0.0
166.87280110651957 -3.258335420577666 11.474560221303914 0.0
166.8772208108937 -3.249361617320202 11.475444162178741 0.0
166.88164043666922 -3.2403877947697084 11.476328087333844 0.0
166.88605998406481 -3.2314139529799566 11.477211996812963 0.0
166.89047945329924 -3.222440092004683 11.478095890659848 0.0
166.89489884459124 -3.213466211897582 11.478979768918247 0.0
166.8993181581595 -3.2044923127124143 11.4798636316319 0.0
166.90373739422282 -3.1955183945028915 11.480747478844563 0.0
166.90815655299977 -3.1865444573227317 11.481631310599955 0.0
166.91257563470907 -3.1775705012256523 11.482515126941815 0.0
166.9169946395694 -3.168596526265364 11.483398927913878 0.0
166.92141356779936 -3.1596225324955753 11.484282713559873 0.0
166.92583241961765 -3.1506485199699914 11.48516648392353 0.0
166.93025119524285 -3.1416744887423125 11.48605023904857 0.0
166.93466989489355 -3.1327004388662374 11.486933978978708 0.0
166.93908851878837 -3.123726370395459 11.487817703757674 0.0
166.9435070671459 -3.114752283383669 11.48870141342918 0.0
166.9479255401847 -3.105778177884542 11.489585108036943 0.0
166.95234393812333 -3.096804053951796 11.490468787624668 0.0
166.95676226118033 -3.0878299116390644 11.491352452236066 0.0
166.9611805095742 -3.07885575100006 11.492236101914841 0.0
166.9655986835235 -3.069881572088452 11.493119736704699 0.0
166.9700167832467 -3.0609073749578783 11.49400335664934 0.0
166.97443480896231 -3.0519331596620387 11.494886961792464 0.0
166.9788527608888 -3.0429589262545838 11.49577055217776 0.0
166.98327063924467 -3.0339846747891723 11.496654127848933 0.0
166.9876884442483 -3.0250104053194713 11.497537688849661 0.0
166.99210617611823 -3.016036117899098 11.498421235223645 0.0
166.9965238350728 -3.0070618125817368 11.499304767014559 0.0
