galstreams/tracks/track.st.Ylgr.ibata2024.ecsv
# %ECSV 1.0
# ---
# datatype:
# - {name: ra, unit: deg, datatype: float64}
# - {name: dec, unit: deg, datatype: float64}
# - {name: distance, unit: kpc, datatype: float64}
# - {name: pm_ra_cosdec, unit: mas / yr, datatype: float64}
# - {name: pm_dec, unit: mas / yr, datatype: float64}
# - {name: radial_velocity, unit: km / s, datatype: float64}
# delimiter: ','
# meta: !!omap
# - __serialized_columns__:
#     dec:
#       __class__: astropy.coordinates.angles.Latitude
#       unit: &id001 !astropy.units.Unit {unit: deg}
#       value: !astropy.table.SerializedColumn {name: dec}
#     distance:
#       __class__: astropy.coordinates.distances.Distance
#       unit: !astropy.units.Unit {unit: kpc}
#       value: !astropy.table.SerializedColumn {name: distance}
#     pm_dec:
#       __class__: astropy.units.quantity.Quantity
#       unit: !astropy.units.Unit {unit: mas / yr}
#       value: !astropy.table.SerializedColumn {name: pm_dec}
#     pm_ra_cosdec:
#       __class__: astropy.units.quantity.Quantity
#       unit: !astropy.units.Unit {unit: mas / yr}
#       value: !astropy.table.SerializedColumn {name: pm_ra_cosdec}
#     ra:
#       __class__: astropy.coordinates.angles.Longitude
#       unit: *id001
#       value: !astropy.table.SerializedColumn {name: ra}
#       wrap_angle: !astropy.coordinates.Angle
#         unit: *id001
#         value: 360.0
#     radial_velocity:
#       __class__: astropy.units.quantity.Quantity
#       unit: !astropy.units.Unit {unit: km / s}
#       value: !astropy.table.SerializedColumn {name: radial_velocity}
# schema: astropy-2.0
ra,dec,distance,pm_ra_cosdec,pm_dec,radial_velocity
[from data line 3292]
175.72487386557555,-27.05884959828114,1.0000000000000009,-0.46958120169176176,-6.876440407092176,334.7046752206558
175.7286605039784,-27.06821916204103,1.0000000000000009,-0.46963206535981783,-6.875026267748709,334.7178971675238
175.7324483783007,-27.077588436990993,1.0000000000000009,-0.46968266336018605,-6.873612103269707,334.73113050210003
175.73623749008308,-27.08695742269715,1.0000000000000009,-0.4697329953320697,-6.8721979135723785,334.74437525115303
175.7400278408669,-27.096326118725358,1.0000000000000009,-0.46978306091470046,-6.870783698573902,334.7576314414508
175.74381943219404,-27.105694524641315,1.0000000000000009,-0.46983285974735356,-6.869369458191393,334.77089909976166
175.74761226560702,-27.115062640010503,1.0000000000000009,-0.4698823914692447,-6.8679551923419275,334.7841782528537
175.75140634264886,-27.124430464398202,1.000000000000001,-0.46993165571960294,-6.866540900942532,334.79746892749506
175.75520166486328,-27.133797997369516,1.0000000000000009,-0.46998065213766704,-6.865126583910204,334.8107711504542
175.7589982337945,-27.143165238489328,1.0000000000000009,-0.4700293803626838,-6.863712241161846,334.82408494849915
175.76279605098742,-27.152532187322315,1.0000000000000009,-0.47007784003389297,-6.862297872614334,334.8374103483981
175.7665951179875,-27.161898843433,1.000000000000001,-0.4701260307905546,-6.860883478184494,334.8507473769194
175.77039543634072,-27.17126520638566,1.000000000000001,-0.4701739522718631,-6.859469057789095,334.8640960608312
175.77419700759378,-27.180631275744382,1.0000000000000009,-0.4702216041170928,-6.858054611344901,334.8774564269014
175.77799983329388,-27.189997051073064,1.000000000000001,-0.47026898596547895,-6.856640138768544,334.89082850189885
175.78180391498887,-27.19936253193542,1.000000000000001,-0.47031609745626746,-6.855225639976673,334.90421231259114
175.7856092542272,-27.208727717894917,1.000000000000001,-0.4703629382287309,-6.853811114885865,334.91760788574675
175.78941585255788,-27.218092608514866,1.0000000000000009,-0.4704095079220947,-6.852396563412643,334.9310152481339
175.79322371153052,-27.227457203358348,1.0000000000000009,-0.470455806175643,-6.850981985473467,334.9444344265207
175.79703283269532,-27.23682150198825,1.000000000000001,-0.47050183262857637,-6.849567380984784,334.9578654476755
175.80084321760316,-27.246185503967283,1.000000000000001,-0.4705475869202038,-6.848152749862958,334.97130833836627
175.8046548678054,-27.255549208857918,1.000000000000001,-0.470593068689765,-6.846738092024303,334.9847631253613
175.80846778485412,-27.264912616222453,1.0000000000000009,-0.4706382775765432,-6.84532340738512,334.9982298354291
175.81228197030183,-27.27427572562295,1.0000000000000009,-0.4706832132197585,-6.843908695861597,335.01170849533736
175.81609742570186,-27.283638536621318,1.0000000000000009,-0.47072787525871007,-6.842493957369925,335.0251991318547
175.81991415260794,-27.293001048779225,1.000000000000001,-0.47077226333267763,-6.841079191826211,335.03870177174923
175.82373215257454,-27.302363261658144,1.0000000000000009,-0.47081637708091506,-6.839664399146528,335.05221644178914
175.82755142715666,-27.311725174819347,1.000000000000001,-0.4708602161427242,-6.838249579246899,335.06574316874236
175.83137197790992,-27.32108678782392,1.0000000000000009,-0.4709037801573528,-6.8368347320432825,335.0792819793774
175.83519380639055,-27.330448100232708,1.0000000000000009,-0.4709470687640991,-6.835419857451594,335.0928329004625
175.83901691415537,-27.339809111606392,1.000000000000001,-0.47099008160224276,-6.834004955387687,335.1063959587658
175.84284130276177,-27.349169821505416,1.0000000000000009,-0.4710328183110821,-6.832590025767388,335.11997118105546
175.84666697376784,-27.358530229490043,1.000000000000001,-0.4710752785299057,-6.831175068506457,335.13355859409967
175.85049392873216,-27.36789033512032,1.0000000000000009,-0.47111746189801007,-6.82976008352059,335.14715822466655
175.85432216921402,-27.377250137956096,1.0000000000000009,-0.4711593680547157,-6.828345070725433,335.1607700995245
175.85815169677323,-27.38660963755699,1.0000000000000009,-0.4712009966393049,-6.8269300300366105,335.17439424544165
175.8619825129703,-27.395968833482478,1.0000000000000009,-0.4712423472911187,-6.825514961369645,335.1880306891863
175.8658146193662,-27.405327725291755,1.0000000000000009,-0.47128341964942866,-6.824099864640036,335.20167945752644
175.86964801752262,-27.41468631254385,1.000000000000001,-0.47132421335356955,-6.822684739763261,335.2153405772305
175.87348270900185,-27.42404459479758,1.000000000000001,-0.47136472804285834,-6.82126958665469,335.2290140750665
175.87731869536674,-27.433402571611552,1.0000000000000009,-0.4714049633566244,-6.819854405229663,335.24269997780266
175.8811559781808,-27.442760242544182,1.000000000000001,-0.4714449189342149,-6.818439195403478,335.2563983122073
175.8849945590081,-27.45211760715366,1.000000000000001,-0.4714845944149566,-6.8170239570913616,335.2701091050487
175.88883443941336,-27.46147466499797,1.0000000000000009,-0.4715239894381895,-6.815608690208485,335.28383238309476
175.8926756209619,-27.470831415634894,1.0000000000000009,-0.4715631036432679,-6.814193394670003,335.297568173114
175.8965181052196,-27.48018785862202,1.0000000000000009,-0.4716019366695239,-6.812778070390948,335.3113165018742
175.900361893753,-27.489543993516698,1.000000000000001,-0.47164048815632587,-6.811362717286389,335.3250773961443
175.90420698812926,-27.4988998198761,1.0000000000000009,-0.47167875774304324,-6.809947335271254,335.33885088269193
175.9080533899161,-27.50825533725716,1.000000000000001,-0.4717167450690276,-6.8085319242604925,335.3526369882853
175.91190110068186,-27.517610545216638,1.0000000000000009,-0.4717544497736341,-6.807116484168944,335.3664357396929
175.91575012199561,-27.526965443311052,1.0000000000000009,-0.47179187149629964,-6.8057010149114205,335.38024716368255
175.91960045542686,-27.536320031096725,1.0000000000000009,-0.4718290098763669,-6.804285516402675,335.39407128702294
175.92345210254578,-27.54567430812977,1.0000000000000009,-0.47186586455319723,-6.802869988557411,335.40790813648186
175.92730506492327,-27.55502827396611,1.0000000000000009,-0.47190243516627106,-6.801454431290281,335.42175773882775
175.93115934413066,-27.564381928161406,1.0000000000000009,-0.47193872135491066,-6.80003884451585,335.4356201208288
175.9350149417401,-27.57373527027117,1.000000000000001,-0.471974722758568,-6.798623228148692,335.449495309253
175.9388718593241,-27.583088299850658,1.0000000000000009,-0.47201043901662665,-6.797207582103255,335.4633833308689
175.94273009845605,-27.592441016454927,1.000000000000001,-0.472045869768551,-6.795791906293992,335.47728421244443
175.94658966070978,-27.60179341963884,1.000000000000001,-0.4720810146537131,-6.794376200635281,335.491197980748
175.9504505476598,-27.611145508957048,1.0000000000000009,-0.472115873311612,-6.792960465041418,335.5051246625476
175.9543127608812,-27.620497283963957,1.0000000000000009,-0.4721504453816294,-6.791544699426666,335.51906428461143
175.95817630194978,-27.629848744213785,1.0000000000000009,-0.47218473050326093,-6.790128903705266,335.53301687370794
175.96204117244181,-27.639199889260542,1.0000000000000009,-0.47221872831591494,-6.78871307779135,335.54698245660524
175.96590737393433,-27.64855071865802,1.000000000000001,-0.4722524384591109,-6.787297221599019,335.5609610600714
175.96977490800484,-27.657901231959798,1.0000000000000009,-0.47228586057225463,-6.785881335042326,335.5749527108748
175.9736437762316,-27.667251428719233,1.000000000000001,-0.4723189942948549,-6.784465418035239,335.5889574357836
175.97751398019344,-27.676601308489506,1.0000000000000009,-0.47235183926640545,-6.783049470491719,335.6029752615658
175.98138552146978,-27.685950870823515,1.000000000000001,-0.47238439512640884,-6.7816334923256285,335.61700621498983
175.98525840164066,-27.695300115274012,1.0000000000000009,-0.47241666151431794,-6.780217483450798,335.631050322824
175.98913262228683,-27.704649041393495,1.000000000000001,-0.47244863806967263,-6.778801443780992,335.6451076118364
175.99300818498955,-27.713997648734278,1.000000000000001,-0.4724803244320013,-6.777385373229915,335.65917810879495
175.9968850913307,-27.72334593684844,1.0000000000000009,-0.4725117202407869,-6.7759692717112365,335.6732618404683
176.00076334289292,-27.732693905287835,1.0000000000000009,-0.4725428251355801,-6.774553139138533,335.68735883362433
176.0046429412593,-27.74204155360412,1.000000000000001,-0.4725736387559376,-6.77313697542537,335.7014691150315
176.00852388801368,-27.75138888134875,1.0000000000000009,-0.4726041607413958,-6.771720780485218,335.7155927114578
176.01240618474048,-27.760735888072926,1.0000000000000009,-0.4726343907315016,-6.770304554231529,335.7297296496717
176.0162898330247,-27.770082573327663,1.000000000000001,-0.4726643283658465,-6.768888296577632,335.74387995644094
176.02017483445204,-27.77942893666376,1.0000000000000009,-0.47269397328398277,-6.7674720074368935,335.7580436585342
176.02406119060873,-27.78877497763177,1.0000000000000009,-0.47272332512549475,-6.766055686722559,335.77222078271956
176.02794890308172,-27.798120695782075,1.000000000000001,-0.47275238352998095,-6.764639334347816,335.786411355765
176.03183797345855,-27.807466090664793,1.000000000000001,-0.47278114813703453,-6.763222950225828,335.80061540443904
176.0357284033274,-27.81681116182986,1.000000000000001,-0.472809618586294,-6.76180653426967,335.8148329555097
176.03962019427703,-27.82615590882697,1.0000000000000009,-0.472837794517341,-6.760390086392391,335.82906403574526
176.04351334789683,-27.83550033120563,1.000000000000001,-0.4728656755698273,-6.758973606506956,335.8433086719139
176.04740786577693,-27.844844428515096,1.0000000000000009,-0.4728932613833958,-6.757557094526277,335.85756689078374
176.05130374950792,-27.854188200304417,1.0000000000000009,-0.4729205515976824,-6.756140550363231,335.8718387191231
176.05520100068114,-27.86353164612244,1.0000000000000009,-0.4729475458523762,-6.754723973930599,335.8861241837002
176.0590996208885,-27.87287476551776,1.0000000000000009,-0.4729742437871094,-6.753307365141151,335.9004233112832
176.06299961172257,-27.882217558038796,1.0000000000000009,-0.47300064504155603,-6.751890723907561,335.9147361286402
176.06690097477653,-27.89156002323371,1.0000000000000009,-0.4730267492554443,-6.750474050142451,335.9290626625395
176.07080371164417,-27.90090216065044,1.0000000000000009,-0.47305255606844554,-6.749057343758409,335.94340293974943
176.07470782392,-27.910243969836756,1.0000000000000009,-0.47307806512027195,-6.747640604667929,335.95775698703807
176.078613313199,-27.91958545034015,1.000000000000001,-0.4731032760506251,-6.746223832783485,335.9721248311736
176.08252018107703,-27.92892660170794,1.0000000000000009,-0.47312818849930594,-6.744807028017448,335.98650649892426
176.08642842915026,-27.938267423487176,1.000000000000001,-0.47315280210597077,-6.7433901902821844,336.00090201705825
176.09033805901578,-27.947607915224722,1.0000000000000009,-0.4731771165104144,-6.741973319489965,336.01531141234386
176.09424907227117,-27.956948076467217,1.000000000000001,-0.47320113135242625,-6.7405564155529945,336.02973471154905
176.09816147051467,-27.96628790676108,1.0000000000000009,-0.4732248462717319,-6.739139478383439,336.0441719414424
176.1020752553451,-27.975627405652464,1.0000000000000009,-0.4732482609081261,-6.73772250789343,336.0586231287917
176.10599042836205,-27.984966572687366,1.0000000000000009,-0.4732713749014401,-6.7363055039949735,336.07308830036555
176.1099069911656,-27.994305407411527,1.000000000000001,-0.4732941878914314,-6.734888466600072,336.0875674829319
176.11382494535653,-28.00364390937047,1.0000000000000009,-0.4733166995179605,-6.7334713956206365,336.10206070325904
176.11774429253632,-28.01298207810948,1.000000000000001,-0.47333890942086576,-6.732054290968566,336.1165679881152
176.12166503430694,-28.022319913173646,1.000000000000001,-0.4733608172399606,-6.730637152555627,336.1310893642686
176.1255871722711,-28.031657414107823,1.000000000000001,-0.4733824226151251,-6.7292199802935855,336.1456248584873
176.12951070803214,-28.040994580456626,1.0000000000000009,-0.4734037251861878,-6.72780277409413,336.16017449753946
176.13343564319402,-28.05033141176447,1.000000000000001,-0.4734247245930927,-6.726385533868875,336.1747383081936
176.13736197936126,-28.05966790757553,1.000000000000001,-0.4734454204756591,-6.724968259529401,336.18931631721773
176.1412897181392,-28.069004067433777,1.0000000000000009,-0.47346581247387,-6.723550950987214,336.2039085513801
176.14521886113366,-28.078339890882916,1.000000000000001,-0.4734859002275722,-6.72213360815374,336.2185150374489
176.14914940995115,-28.087675377466464,1.000000000000001,-0.4735056833767448,-6.720716230940397,336.2331358021923
176.15308136619885,-28.097010526727704,1.0000000000000009,-0.4735251615613012,-6.71929881925848,336.2477708723784
176.1570147314845,-28.10634533820969,1.000000000000001,-0.4735443344212138,-6.717881373019274,336.2624202747758
176.1609495074166,-28.11567981145526,1.0000000000000009,-0.4735632015964608,-6.716463892133987,336.27708403615236
176.1648856956042,-28.12501394600699,1.0000000000000009,-0.47358176272700936,-6.715046376513762,336.29176218327626
176.16882329765699,-28.13434774140728,1.000000000000001,-0.47360001745285496,-6.713628826069641,336.30645474291606
176.17276231518534,-28.143681197198266,1.0000000000000009,-0.4736179654140078,-6.712211240712705,336.3211617418395
176.17670274980023,-28.15301431292187,1.0000000000000009,-0.4736356062504745,-6.710793620353879,336.3358832068151
176.18064460311334,-28.162347088119798,1.0000000000000009,-0.4736529396023279,-6.709375964904055,336.350619164611
176.1845878767369,-28.171679522333502,1.0000000000000009,-0.47366996510959547,-6.707958274274109,336.3653696419953
176.18853257228395,-28.18101161510422,1.0000000000000009,-0.47368668241236156,-6.706540548374793,336.3801346657365
176.19247869136794,-28.19034336597298,1.0000000000000009,-0.47370309115066167,-6.705122787116817,336.39491426260224
176.19642623560316,-28.199674774480535,1.0000000000000009,-0.47371919096461523,-6.7037049904108486,336.4097084593612
176.20037520660443,-28.20900584016747,1.0000000000000009,-0.4737349814943528,-6.702287158167458,336.42451728278166
176.20432560598726,-28.21833656257408,1.0000000000000009,-0.4737504623799258,-6.700869290297202,336.4393407596314
176.20827743536788,-28.227666941240493,1.0000000000000007,-0.47376563326154564,-6.699451386710507,336.4541789166791
176.212230696363,-28.236996975706532,1.0000000000000009,-0.4737804937793251,-6.69803344731783,336.4690317806926
176.2161853905901,-28.24632666551186,1.0000000000000009,-0.47379504357343993,-6.696615472029471,336.4838993784402
176.2201415196673,-28.255656010195867,1.0000000000000009,-0.4738092822840585,-6.695197460755729,336.4987817366903
176.22409908521328,-28.26498500929774,1.0000000000000007,-0.47382320955135526,-6.693779413406837,336.51367888221074
176.2280580888475,-28.274313662356416,1.0000000000000009,-0.47383682501558333,-6.692361329892904,336.5285908417699
176.23201853218995,-28.283641968910608,1.0000000000000009,-0.4738501283169536,-6.690943210124043,336.5435176421362
176.23598041686134,-28.292969928498778,1.0000000000000009,-0.47386311909570145,-6.689525054010311,336.5584593100775
176.239943744483,-28.302297540659204,1.0000000000000009,-0.4738757969920906,-6.688106861461659,336.5734158723622
176.24390851667695,-28.311624804929885,1.000000000000001,-0.4738881616463546,-6.6866886323879555,336.58838735575864
176.2478747350658,-28.320951720848615,1.0000000000000009,-0.47390021269883276,-6.68527036669909,336.6033737870346
176.25184240127282,-28.330278287952936,1.000000000000001,-0.4739119497897981,-6.683852064304798,336.61837519295875
176.255811516922,-28.339604505780162,1.000000000000001,-0.47392337255957084,-6.682433725114809,336.6333916002989
176.2597820836379,-28.3489303738674,1.0000000000000009,-0.47393448064851107,-6.681015349038773,336.6484230358235
