galstreams/tracks/track.st.NGC1261.ibata2021.ecsv
# %ECSV 1.0
# ---
# datatype:
# - {name: ra, unit: deg, datatype: float64}
# - {name: dec, unit: deg, datatype: float64}
# - {name: distance, unit: kpc, datatype: float64}
# - {name: pm_ra_cosdec, unit: mas / yr, datatype: float64}
# - {name: pm_dec, unit: mas / yr, datatype: float64}
# - {name: radial_velocity, unit: km / s, datatype: float64}
# delimiter: ','
# meta: !!omap
# - __serialized_columns__:
#     dec:
#       __class__: astropy.coordinates.angles.Latitude
#       unit: &id001 !astropy.units.Unit {unit: deg}
#       value: !astropy.table.SerializedColumn {name: dec}
#     distance:
#       __class__: astropy.coordinates.distances.Distance
#       unit: !astropy.units.Unit {unit: kpc}
#       value: !astropy.table.SerializedColumn {name: distance}
#     pm_dec:
#       __class__: astropy.units.quantity.Quantity
#       unit: !astropy.units.Unit {unit: mas / yr}
#       value: !astropy.table.SerializedColumn {name: pm_dec}
#     pm_ra_cosdec:
#       __class__: astropy.units.quantity.Quantity
#       unit: !astropy.units.Unit {unit: mas / yr}
#       value: !astropy.table.SerializedColumn {name: pm_ra_cosdec}
#     ra:
#       __class__: astropy.coordinates.angles.Longitude
#       unit: *id001
#       value: !astropy.table.SerializedColumn {name: ra}
#       wrap_angle: !astropy.coordinates.Angle
#         unit: *id001
#         value: 360.0
#     radial_velocity:
#       __class__: astropy.units.quantity.Quantity
#       unit: !astropy.units.Unit {unit: km / s}
#       value: !astropy.table.SerializedColumn {name: radial_velocity}
# schema: astropy-2.0
ra,dec,distance,pm_ra_cosdec,pm_dec,radial_velocity
[from data line 281]
44.44610981573419,-60.124610044229705,17.95062366994511,1.5905805677972793,-2.4565519188614293,-6.73661370389787e-14
44.454536319159345,-60.115580869290774,17.95510505371521,1.5907829438774614,-2.455850942515721,-1.6841534259744676e-14
44.46295537684495,-60.106550581333664,17.95958154524542,1.590985173523015,-2.4551506714387044,-1.6841534259744676e-14
44.47136700981451,-60.09751918449478,17.96405315146854,1.5911872578831077,-2.4544511041692565,-3.368306851948935e-14
44.47977123907299,-60.088486682905135,17.96851987931734,1.5913891981041024,-2.4537522392466107,-3.368306851948935e-14
44.488168085606716,-60.079453080690534,17.972981735724616,1.5915909953295448,-2.4530540752103507,-3.368306851948935e-14
44.49655757038342,-60.070418381971564,17.977438727623138,1.5917926507001843,-2.452356610600423,0.0
44.50493971435224,-60.0613825908636,17.981890861945693,1.5919941653539673,-2.451659843957129,-3.368306851948935e-14
44.51331453844368,-60.05234571147682,17.98633814562506,1.5921955404260473,-2.4509637738211274,-5.0524602779234026e-14
44.52168206356978,-60.043307747916124,17.990780585594024,1.5923967770487926,-2.450268398733436,-6.73661370389787e-14
44.530042310623834,-60.03426870428146,17.995218188785373,1.5925978763517823,-2.4495737172354373,-5.0524602779234026e-14
44.53839530048076,-60.02522858466734,17.999650962131877,1.5927988394618273,-2.4488797278688703,-6.73661370389787e-14
44.54674105399683,-60.01618739316328,18.004078912566335,1.5929996675029594,-2.4481864291758377,1.6841534259744676e-14
44.55507959200984,-60.00714513385355,18.008502047021505,1.5932003615964487,-2.447493819698808,-1.6841534259744676e-14
44.563410935339014,-59.998101810817325,18.012920372430195,1.5934009228607973,-2.4468018979806074,-5.0524602779234026e-14
44.571735104785155,-59.98905742812861,18.017333895725173,1.593601352411759,-2.4461106625644327,1.6841534259744676e-14
44.580052121130386,-59.98001198985639,18.021742623839227,1.5938016513623283,-2.4454201119938452,-5.0524602779234026e-14
44.5883620051385,-59.97096550006447,18.02614656370513,1.5940018208227582,-2.4447302448127726,-1.6841534259744676e-14
44.59666477755476,-59.961917962811526,18.03054572225568,1.5942018619005602,-2.444041059565508,0.0
44.60496045910595,-59.952869382151185,18.034940106423647,1.594401775700512,-2.443352554796717,-3.368306851948935e-14
44.61324907050043,-59.943819762131994,18.03932972314182,1.5946015633246564,-2.442664729051431,-3.368306851948935e-14
44.62153063242803,-59.93476910679742,18.04371457934297,1.5948012258723139,-2.4419775808750543,-3.368306851948935e-14
44.629805165560306,-59.92571742018581,18.0480946819599,1.5950007644400872,-2.4412911088133566,-3.368306851948935e-14
44.63807269055015,-59.91666470633065,18.052470037925374,1.5952001801218572,-2.4406053114124893,-6.73661370389787e-14
44.646333228032226,-59.907610969260226,18.05684065417218,1.5953994740088007,-2.4399201872189673,-3.368306851948935e-14
44.65458679862274,-59.89855621299781,18.061206537633105,1.5955986471893875,-2.4392357347796825,-1.6841534259744676e-14
44.662833422919505,-59.88950044156169,18.065567695240922,1.5957977007493893,-2.4385519526419017,-1.6841534259744676e-14
44.67107312150193,-59.88044365896513,18.069924133928424,1.59599663577188,-2.437868839353266,-3.368306851948935e-14
44.67930591493115,-59.871385869216354,18.074275860628386,1.596195453337249,-2.43718639346179,-3.368306851948935e-14
44.68753182374976,-59.86232707631876,18.07862288227359,1.5963941545231966,-2.436504613515871,-3.368306851948935e-14
44.69575086848216,-59.85326728427061,18.082965205796825,1.5965927404047446,-2.4358234980642766,0.0
44.703963069634376,-59.84420649706521,18.087302838130867,1.5967912120542431,-2.435143045656158,-1.6841534259744676e-14
44.71216844769411,-59.83514471869095,18.091635786208503,1.5969895705413721,-2.434463254841041,-1.6841534259744676e-14
44.72036702313073,-59.826081953131265,18.09596405696251,1.5971878169331455,-2.4337841241688354,-1.6841534259744676e-14
44.72855881639533,-59.81701820436464,18.100287657325676,1.59738595229392,-2.4331056521898273,-5.0524602779234026e-14
44.736743847920735,-59.807953476364595,18.10460659423078,1.5975839776853988,-2.4324278374546853,-5.0524602779234026e-14
44.7449221381214,-59.79888777309985,18.108920874610607,1.5977818941666322,-2.4317506785144634,-3.368306851948935e-14
44.753093707393596,-59.78982109853412,18.113230505397937,1.5979797027940301,-2.431074173920593,-1.6841534259744676e-14
44.761258576115324,-59.78075345662619,18.11753549352555,1.5981774046213624,-2.4303983222248906,-3.368306851948935e-14
44.76941676464635,-59.77168485133004,18.121835845926235,1.5983750006997646,-2.429723121979558,0.0
44.77756829332819,-59.76261528659469,18.126131569532767,1.5985724920777422,-2.429048571737181,-5.0524602779234026e-14
44.78571318248421,-59.7535447663643,18.130422671277937,1.5987698798011798,-2.4283746700507276,-1.6841534259744676e-14
44.79385145241942,-59.74447329457829,18.13470915809452,1.5989671649133377,-2.4277014154735603,-3.368306851948935e-14
44.801983123420776,-59.73540087517109,18.1389910369153,1.5991643484548645,-2.427028806559418,-3.368306851948935e-14
44.810108215757,-59.72632751207231,18.143268314673065,1.5993614314638003,-2.4263568418624333,-3.368306851948935e-14
44.818226749678665,-59.71725320920676,18.147540998300585,1.59955841497558,-2.425685519937126,0.0
44.826338745418155,-59.7081779704944,18.151809094730652,1.5997553000230376,-2.4250148393384032,-5.0524602779234026e-14
44.834444223189806,-59.69910179985034,18.15607261089605,1.599952087636416,-2.4243447986215605,0.0
44.842543203189635,-59.69002470118503,18.160331553729556,1.6001487788433637,-2.423675396342288,-3.368306851948935e-14
44.8506357055957,-59.680946678403956,18.164585930163952,1.6003453746689458,-2.4230066310566625,-1.6841534259744676e-14
44.858721750567916,-59.67186773540792,18.168835747132025,1.6005418761356494,-2.422338501321152,-6.73661370389787e-14
44.86680135824808,-59.66278787609289,18.173081011566552,1.6007382842633862,-2.4216710056926187,-3.368306851948935e-14
44.87487454875992,-59.65370710435009,18.177321730400323,1.6009346000694937,-2.4210041427283135,-1.6841534259744676e-14
44.88294134220909,-59.644625424065964,18.181557910566113,1.6011308245687494,-2.420337910985885,-3.368306851948935e-14
44.891001758683245,-59.63554283912219,18.18578955899671,1.6013269587733685,-2.4196723090233707,-1.6841534259744676e-14
44.89905581825184,-59.626459353395845,18.19001668262489,1.601523003693005,-2.419007335399208,-1.6841534259744676e-14
44.90710354096646,-59.617374970759094,18.194239288383436,1.6017189603347697,-2.418342988672223,-5.0524602779234026e-14
44.91514494686062,-59.608289695079485,18.19845738320514,1.6019148297032224,-2.4176792674016405,0.0
44.92318005594981,-59.59920353021979,18.202670974022777,1.6021106128003832,-2.4170161701470825,-6.73661370389787e-14
44.93120888823154,-59.59011648003811,18.206880067769127,1.6023063106257345,-2.416353695468563,-1.6841534259744676e-14
44.939231463685395,-59.581028548387806,18.211084671376973,1.6025019241762306,-2.4156918419264963,0.0
44.947247802272855,-59.57193973911768,18.215284791779105,1.6026974544462924,-2.415030608081695,-5.0524602779234026e-14
44.955257923937566,-59.56285005607174,18.219480435908295,1.6028929024278216,-2.4143699924953683,-5.0524602779234026e-14
44.963261848605235,-59.553759503089324,18.223671610697334,1.6030882691102049,-2.413709993729122,-5.0524602779234026e-14
44.97125959618357,-59.544668084005174,18.227858323079,1.6032835554803109,-2.413050610344966,0.0
44.979251186562415,-59.535575802649305,18.232040579986077,1.6034787625225038,-2.4123918409053045,-3.368306851948935e-14
44.98723663961372,-59.52648266284716,18.236218388351343,1.6036738912186448,-2.411733683972946,-5.0524602779234026e-14
44.99521597519157,-59.51738866841944,18.240391755107588,1.6038689425480945,-2.411076138111096,-1.6841534259744676e-14
45.00318921313204,-59.50829382318244,18.24456068718759,1.6040639174877167,-2.410419201883366,-5.0524602779234026e-14
45.01115637325349,-59.49919813094762,18.248725191524127,1.6042588170118917,-2.4097628738537664,-3.368306851948935e-14
45.01911747535639,-59.490101595521914,18.25288527504999,1.6044536420925108,-2.4091071525867074,-6.73661370389787e-14
45.027072539223376,-59.48100422070766,18.25704094469796,1.6046483936989877,-2.408452036647005,-3.368306851948935e-14
45.03502158461926,-59.47190601030259,18.261192207400814,1.6048430727982597,-2.407797524599878,-1.6841534259744676e-14
45.04296463129108,-59.46280696809982,18.265339070091336,1.6050376803547948,-2.407143615010947,0.0
45.05090169896798,-59.45370709788804,18.269481539702312,1.6052322173305897,-2.4064903064462393,-3.368306851948935e-14
45.058832807361426,-59.44460640345121,18.27361962316652,1.6054266846851863,-2.4058375974721846,-1.6841534259744676e-14
45.0667579761651,-59.4355048885688,18.277753327416743,1.6056210833756652,-2.405185486655618,-3.368306851948935e-14
45.074677225054906,-59.426402557015734,18.28188265938577,1.605815414356658,-2.404533972563779,-5.0524602779234026e-14
45.08259057368905,-59.41729941256239,18.286007626006374,1.6060096785803453,-2.403883053764314,-1.6841534259744676e-14
45.09049804170797,-59.40819545897462,18.29012823421134,1.6062038769964664,-2.4032327288252757,-1.6841534259744676e-14
45.09839964873444,-59.39909070001367,18.29424449093345,1.6063980105523237,-2.4025829963151226,-5.0524602779234026e-14
45.10629541437345,-59.3899851394365,18.298356403105497,1.606592080192779,-2.4019338548027207,-6.73661370389787e-14
45.1141853582124,-59.380878780995324,18.30246397766025,1.6067860868602744,-2.4012853028573433,-5.0524602779234026e-14
45.12206949982101,-59.371771628437976,18.306567221530496,1.6069800314948177,-2.4006373390486706,-5.0524602779234026e-14
45.1299478587513,-59.36266368550777,18.310666141649016,1.6071739150340052,-2.399989961946794,-3.368306851948935e-14
45.137820454537675,-59.35355495594352,18.314760744948597,1.6073677384130096,-2.399343170122209,-8.420767129872338e-14
45.14568730669697,-59.34444544347959,18.318851038362016,1.607561502564598,-2.3986969621458227,-3.368306851948935e-14
45.15354843472828,-59.33533515184594,18.32293702882206,1.6077552084191253,-2.398051336588951,-5.0524602779234026e-14
45.16140385811318,-59.32622408476798,18.3270187232615,1.6079488569045504,-2.397406292023323,-8.420767129872338e-14
45.16925359631569,-59.317112245966726,18.331096128613137,1.6081424489464287,-2.39676182702107,-1.6841534259744676e-14
45.1770976687822,-59.307999639158695,18.335169251809745,1.6083359854679244,-2.39611794015474,-6.73661370389787e-14
45.1849360949416,-59.29888626805604,18.3392380997841,1.6085294673898154,-2.3954746299972896,-3.368306851948935e-14
45.19276889420521,-59.28977213636641,18.343302679468987,1.6087228956304929,-2.3948318951220875,-5.0524602779234026e-14
45.20059608596678,-59.28065724779318,18.347362997797187,1.6089162711059652,-2.3941897341029144,-5.0524602779234026e-14
45.208417689602626,-59.27154160603518,18.3514190617015,1.6091095947298686,-2.3935481455139587,-6.73661370389787e-14
45.216233724471515,-59.2624252147869,18.355470878114684,1.609302867413469,-2.3929071279298255,0.0
45.22404420991476,-59.25330807773841,18.35951845396953,1.6094960900656632,-2.3922666799255303,-5.0524602779234026e-14
45.2318491652562,-59.24419019857542,18.363561796198834,1.6096892635929863,-2.391626800076501,-3.368306851948935e-14
45.2396486098022,-59.235071580979245,18.367600911735362,1.6098823888996168,-2.39098748695858,-1.6841534259744676e-14
45.24744256284174,-59.225952228626795,18.371635807511897,1.6100754668873796,-2.390348739148022,-1.6841534259744676e-14
45.25523104364626,-59.21683214519078,18.375666490461228,1.6102684984557463,-2.3897105552214954,0.0
45.263014071469904,-59.207711334339365,18.37969296751613,1.6104614845018494,-2.3890729337560836,-3.368306851948935e-14
45.270791665549375,-59.19858979973647,18.38371524560939,1.610654425920479,-2.388435873329283,-1.6841534259744676e-14
45.278563845104,-59.189467545041644,18.3877333316738,1.6108473236040866,-2.3877993725190025,-1.6841534259744676e-14
45.28633062933575,-59.18034457391012,18.391747232642132,1.6110401784427952,-2.3871634299035707,-5.0524602779234026e-14
45.29409203742926,-59.17122088999276,18.395756955447162,1.611232991324402,-2.3865280440617274,-5.0524602779234026e-14
45.30184808855173,-59.162096496936265,18.39976250702168,1.6114257631343736,-2.38589321357263,0.0
45.30959880185315,-59.15297139838286,18.403763894298475,1.611618494755863,-2.3852589370158492,-1.6841534259744676e-14
45.31734419646616,-59.14384559797054,18.407761124210314,1.6118111870697125,-2.3846252129713745,0.0
45.325084291506116,-59.134719099332976,18.41175420368999,1.612003840954446,-2.3839920400196077,-3.368306851948935e-14
45.332819106071106,-59.12559190609963,18.415743139670283,1.612196457286287,-2.38335941674137,0.0
45.34054865924192,-59.1164640218956,18.419727939083977,1.612389036939157,-2.382727341717898,-1.6841534259744676e-14
45.34827297008217,-59.107335450341715,18.42370860886386,1.6125815807846777,-2.3820958135308437,-5.0524602779234026e-14
45.355992057638126,-59.098206195054686,18.427685155942697,1.6127740896921787,-2.381464830762279,-5.0524602779234026e-14
45.36370594093893,-59.08907625964681,18.431657587253287,1.6129665645287,-2.380834391994693,-5.0524602779234026e-14
45.37141463899651,-59.0799456477262,18.4356259097284,1.6131590061590013,-2.3802044958109887,-3.368306851948935e-14
45.379118170805576,-59.070814362896684,18.43959013030083,1.613351415445556,-2.37957514079449,-5.0524602779234026e-14
45.38681655534371,-59.06168240875795,18.44355025590335,1.6135437932485635,-2.378946325528936,-3.368306851948935e-14
45.39450981157133,-59.052549788905324,18.44750629346875,1.6137361404259534,-2.3783180485984863,-1.6841534259744676e-14
45.402197958431636,-59.0434165069301,18.451458249929807,1.613928457833383,-2.3776903085877183,-3.368306851948935e-14
45.40988101485078,-59.03428256641921,18.455406132219302,1.6141207463242497,-2.3770631040816292,-1.6841534259744676e-14
45.41755899973781,-59.02514797095544,18.459349947270024,1.6143130067496902,-2.37643643366563,-5.0524602779234026e-14
45.425231931984634,-59.01601272411735,18.463289702014748,1.6145052399585855,-2.375810295925555,-5.0524602779234026e-14
45.432899830466106,-59.00687682947937,18.467225403386262,1.6146974467975663,-2.3751846894476563,-3.368306851948935e-14
45.44056271404002,-58.997740290611674,18.47115705831735,1.6148896281110157,-2.3745596128186044,-1.6841534259744676e-14
45.44822060154715,-58.98860311108028,18.475084673740785,1.6150817847410752,-2.37393506462549,-1.6841534259744676e-14
45.45587351181111,-58.97946529444713,18.479008256589356,1.6152739175276447,-2.3733110434558236,-3.368306851948935e-14
45.46352146363862,-58.970326844269906,18.482927813795847,1.615466027308391,-2.372687547897535,-1.6841534259744676e-14
45.471164475819386,-58.96118776410215,18.48684335229304,1.6156581149187514,-2.372064576538973,-3.368306851948935e-14
45.47880256712607,-58.952048057493286,18.49075487901371,1.615850181191936,-2.3714421279689066,-6.73661370389787e-14
45.4864357563144,-58.94290772798859,18.494662400890643,1.6160422269589316,-2.370820200776526,-3.368306851948935e-14
45.494064062123186,-58.93376677912912,18.498565924856628,1.6162342530485103,-2.3701987935514404,-5.0524602779234026e-14
45.50168750327419,-58.92462521445202,18.502465457844444,1.6164262602872232,-2.3695779048836796,-5.0524602779234026e-14
45.50930609847233,-58.91548303749014,18.506361006786868,1.6166182494994177,-2.3689575333636963,-3.368306851948935e-14
45.516919866405615,-58.90634025177224,18.510252578616694,1.616810221507232,-2.368337677582359,0.0
45.52452882574511,-58.89719686082302,18.514140180266686,1.6170021771306042,-2.367718336130962,-1.6841534259744676e-14
45.532132995145076,-58.888052868163044,18.518023818669644,1.6171941171872737,-2.3670995076012167,-3.368306851948935e-14
