galstreams/tracks/track.st.Spectre.chandra2022.ecsv
# %ECSV 1.0
# ---
# datatype:
# - {name: ra, unit: deg, datatype: float64}
# - {name: dec, unit: deg, datatype: float64}
# - {name: distance, unit: kpc, datatype: float64}
# - {name: pm_ra_cosdec, unit: mas / yr, datatype: float64}
# - {name: pm_dec, unit: mas / yr, datatype: float64}
# - {name: radial_velocity, unit: km / s, datatype: float64}
# delimiter: ','
# meta: !!omap
# - __serialized_columns__:
#     dec:
#       __class__: astropy.coordinates.angles.Latitude
#       unit: &id001 !astropy.units.Unit {unit: deg}
#       value: !astropy.table.SerializedColumn {name: dec}
#     distance:
#       __class__: astropy.coordinates.distances.Distance
#       unit: !astropy.units.Unit {unit: kpc}
#       value: !astropy.table.SerializedColumn {name: distance}
#     pm_dec:
#       __class__: astropy.units.quantity.Quantity
#       unit: !astropy.units.Unit {unit: mas / yr}
#       value: !astropy.table.SerializedColumn {name: pm_dec}
#     pm_ra_cosdec:
#       __class__: astropy.units.quantity.Quantity
#       unit: !astropy.units.Unit {unit: mas / yr}
#       value: !astropy.table.SerializedColumn {name: pm_ra_cosdec}
#     ra:
#       __class__: astropy.coordinates.angles.Longitude
#       unit: *id001
#       value: !astropy.table.SerializedColumn {name: ra}
#       wrap_angle: !astropy.coordinates.Angle
#         unit: *id001
#         value: 360.0
#     radial_velocity:
#       __class__: astropy.units.quantity.Quantity
#       unit: !astropy.units.Unit {unit: km / s}
#       value: !astropy.table.SerializedColumn {name: radial_velocity}
# schema: astropy-2.0
ra,dec,distance,pm_ra_cosdec,pm_dec,radial_velocity
[from data line 440]
214.39795731971716,40.286641831095004,12.499999999999998,-5.644905283412575,-5.3936141940842965,-133.13240944973606
214.38887100963163,40.27940602266116,12.499999999999995,-5.644578942958113,-5.394868874371717,-133.09632001591348
214.37978665127397,40.272169499067715,12.499999999999998,-5.6442525964476395,-5.39612334304941,-133.06023058209115
214.3707042439362,40.26493226063993,12.499999999999998,-5.643926243952648,-5.397377600189089,-133.02414114826874
214.3616237869104,40.25769430770301,12.499999999999996,-5.643599885544561,-5.398631645862433,-132.98805171444621
214.352545279489,40.250455640581926,12.499999999999998,-5.64327352129474,-5.399885480141116,-132.95196228062372
214.3434687209644,40.24321625960159,12.5,-5.64294715127449,-5.401139103096809,-132.91587284680142
214.3343941106293,40.235976165086655,12.499999999999998,-5.64262077555505,-5.402392514801172,-132.87978341297887
214.3253214477764,40.22873535736173,12.5,-5.642294394207598,-5.403645715325852,-132.84369397915657
214.3162507316987,40.22149383675118,12.5,-5.64196800730325,-5.40489870474249,-132.80760454533407
214.30718196168925,40.21425160357929,12.499999999999998,-5.641641614913063,-5.40615148312272,-132.77151511151166
214.29811513704132,40.20700865817015,12.499999999999995,-5.641315217108026,-5.4074040505381555,-132.73542567768916
214.28905025704836,40.19976500084773,12.499999999999998,-5.640988813959071,-5.408656407060409,-132.69933624386675
214.27998732100383,40.1925206319358,12.499999999999998,-5.6406624055370695,-5.409908552761086,-132.66324681004428
214.27092632820148,40.18527555175804,12.499999999999998,-5.640335991912826,-5.411160487711774,-132.62715737622187
214.2618672779352,40.17802976063796,12.499999999999998,-5.640009573157089,-5.412412211984055,-132.59106794239946
214.252810169499,40.170783258898894,12.499999999999996,-5.639683149340545,-5.413663725649508,-132.554978508577
214.24375500218707,40.163536046864046,12.5,-5.639356720533813,-5.414915028779687,-132.5188890747546
214.2347017752937,40.15628812485647,12.5,-5.639030286807461,-5.4161661214461505,-132.48279964093217
214.22565048811342,40.149039493199055,12.499999999999998,-5.638703848231984,-5.4174170037204386,-132.4467102071097
214.21660113994085,40.141790152214575,12.499999999999998,-5.638377404877825,-5.418667675674086,-132.41062077328732
214.20755373007077,40.134540102225614,12.499999999999996,-5.638050956815358,-5.419918137378615,-132.37453133946482
214.19850825779818,40.12728934355463,12.499999999999998,-5.637724504114905,-5.42116838890554,-132.33844190564244
214.1894647224181,40.1200378765239,12.499999999999998,-5.637398046846718,-5.422418430326367,-132.30235247181994
214.18042312322592,40.1127857014556,12.499999999999998,-5.637071585080994,-5.423668261712588,-132.26626303799748
214.171383459517,40.105532818671726,12.499999999999996,-5.636745118887865,-5.424917883135683,-132.23017360417506
214.16234573058688,40.09827922849413,12.499999999999998,-5.636418648337402,-5.4261672946671275,-132.19408417035274
214.15330993573133,40.09102493124449,12.499999999999996,-5.636092173499623,-5.427416496378389,-132.15799473653033
214.14427607424625,40.083769927244376,12.499999999999996,-5.635765694444473,-5.428665488340917,-132.1219053027079
214.13524414542766,40.076514216815184,12.499999999999998,-5.635439211241841,-5.429914270626156,-132.08581586888542
214.1262141485718,40.06925780027817,12.499999999999998,-5.635112723961562,-5.431162843305542,-132.04972643506295
214.11718608297497,40.06200067795442,12.499999999999996,-5.634786232673401,-5.432411206450499,-132.01363700124048
214.10815994793373,40.05474285016492,12.499999999999998,-5.634459737447063,-5.433659360132435,-131.97754756741807
214.09913574274475,40.04748431723043,12.499999999999998,-5.634133238352197,-5.434907304422753,-131.94145813359572
214.0901134667048,40.040225079471625,12.499999999999998,-5.633806735458392,-5.436155039392854,-131.90536869977322
214.08109311911093,40.032965137209004,12.499999999999998,-5.63348022883517,-5.437402565114111,-131.86927926595078
214.07207469926033,40.02570449076291,12.499999999999998,-5.633153718552,-5.4386498816578985,-131.8331898321283
214.06305820645017,40.018443140453584,12.499999999999996,-5.632827204678284,-5.439896989095585,-131.7971003983059
214.05404363997795,40.011181086601056,12.499999999999998,-5.632500687283363,-5.441143887498515,-131.76101096448346
214.04503099914137,40.00391832952523,12.499999999999998,-5.632174166436531,-5.442390576938033,-131.72492153066108
214.0360202832381,39.996654869545885,12.5,-5.631847642207001,-5.443637057485466,-131.68883209683867
214.0270114915661,39.9893907069826,12.499999999999998,-5.631521114663942,-5.44488332921214,-131.65274266301623
214.01800462342348,39.98212584215486,12.499999999999998,-5.631194583876455,-5.446129392189363,-131.61665322919387
214.00899967810844,39.974860275381964,12.499999999999998,-5.630868049913586,-5.4473752464884315,-131.58056379537135
213.9999966549194,39.96759400698308,12.499999999999998,-5.630541512844312,-5.448620892180637,-131.5444743615489
213.99099555315496,39.96032703727722,12.499999999999998,-5.63021497273756,-5.449866329337259,-131.50838492772644
213.98199637211377,39.953059366583254,12.499999999999998,-5.629888429662193,-5.451111558029564,-131.47229549390408
213.97299911109477,39.94579099521989,12.499999999999995,-5.629561883687014,-5.45235657832881,-131.4362060600815
213.96400376939695,39.938521923505704,12.499999999999995,-5.629235334880763,-5.453601390306243,-131.40011662625912
213.9550103463195,39.931252151759125,12.5,-5.628908783312119,-5.454845994033097,-131.36402719243668
213.94601884116184,39.92398168029842,12.499999999999995,-5.628582229049717,-5.456090389580603,-131.3279377586144
213.9370292532234,39.91671050944168,12.499999999999998,-5.6282556721621075,-5.457334577019969,-131.29184832479189
213.92804158180383,39.909438639506924,12.499999999999998,-5.627929112717801,-5.458578556422406,-131.25575889096933
213.91905582620302,39.902166070811965,12.499999999999998,-5.627602550785241,-5.459822327859103,-131.2196694571471
213.91007198572095,39.89489280367447,12.499999999999998,-5.627275986432807,-5.461065891401242,-131.18358002332457
213.90109005965775,39.88761883841199,12.499999999999998,-5.6269494197288275,-5.462309247119995,-131.1474905895022
213.8921100473137,39.88034417534189,12.499999999999998,-5.626622850741565,-5.463552395086528,-131.11140115567966
213.88313194798928,39.873068814781405,12.499999999999995,-5.626296279539229,-5.464795335371988,-131.07531172185716
213.87415576098513,39.86579275704765,12.499999999999996,-5.625969706189961,-5.466038068047507,-131.0392222880348
213.865181485602,39.85851600245754,12.499999999999998,-5.625643130761844,-5.4672805931842205,-131.0031328542124
213.85620912114084,39.85123855132787,12.499999999999998,-5.625316553322914,-5.468522910853246,-130.96704342038996
213.84723866690274,39.84396040397528,12.499999999999998,-5.6249899739411315,-5.469765021125686,-130.93095398656754
213.83827012218896,39.83668156071628,12.499999999999995,-5.624663392684411,-5.471006924072643,-130.89486455274493
213.82930348630094,39.82940202186721,12.499999999999998,-5.624336809620596,-5.472248619765194,-130.85877511892247
213.82033875854026,39.82212178774428,12.499999999999998,-5.624010224817479,-5.473490108274411,-130.82268568510025
213.81137593820858,39.81484085866352,12.499999999999995,-5.623683638342792,-5.474731389671366,-130.78659625127773
213.80241502460788,39.80755923494087,12.499999999999998,-5.6233570502641985,-5.475972464027098,-130.75050681745526
213.7934560170402,39.800276916892074,12.499999999999998,-5.623030460649325,-5.477213331412657,-130.71441738363288
213.78449891480776,39.79299390483275,12.499999999999998,-5.622703869565717,-5.478453991899068,-130.67832794981052
213.77554371721288,39.78571019907835,12.499999999999996,-5.6223772770808695,-5.479694445557346,-130.64223851598808
213.76659042355817,39.7784257999442,12.499999999999998,-5.622050683262216,-5.480934692458498,-130.60614908216564
213.7576390331463,39.77114070774548,12.499999999999998,-5.621724088177141,-5.482174732673525,-130.5700596483432
213.7486895452801,39.763854922797194,12.499999999999998,-5.621397491892957,-5.483414566273404,-130.5339702145207
213.7397419592626,39.75656844541426,12.499999999999996,-5.621070894476926,-5.4846541933291135,-130.4978807806983
213.730796274397,39.74928127591136,12.499999999999998,-5.620744295996245,-5.48589361391161,-130.46179134687577
213.72185248998662,39.74199341460311,12.499999999999998,-5.620417696518057,-5.4871328280918465,-130.4257019130535
213.712910605335,39.73470486180393,12.499999999999998,-5.6200910961094515,-5.48837183594076,-130.389612479231
213.70397061974572,39.727415617828136,12.499999999999998,-5.619764494837444,-5.489610637529276,-130.3535230454086
213.69503253252267,39.72012568298983,12.499999999999998,-5.619437892769008,-5.490849232928316,-130.3174336115862
213.6860963429698,39.71283505760305,12.499999999999998,-5.6191112899710465,-5.492087622208779,-130.28134417776369
213.67716205039127,39.70554374198162,12.499999999999995,-5.618784686510413,-5.493325805441564,-130.24525474394133
213.66822965409136,39.698251736439275,12.5,-5.618458082453895,-5.494563782697545,-130.20916531011883
213.65929915337455,39.69095904128954,12.499999999999996,-5.618131477868227,-5.495801554047598,-130.17307587629634
213.6503705475455,39.683665656845854,12.499999999999998,-5.617804872820081,-5.497039119562575,-130.136986442474
213.64144383590892,39.676371583421464,12.499999999999998,-5.617478267376079,-5.498276479313332,-130.1008970086515
213.63251901776985,39.66907682132952,12.499999999999998,-5.6171516616027715,-5.499513633370694,-130.06480757482913
213.62359609243333,39.66178137088295,12.499999999999996,-5.616825055566664,-5.5007505818054945,-130.02871814100655
213.61467505920467,39.65448523239462,12.499999999999998,-5.616498449334195,-5.501987324688535,-129.99262870718417
213.60575591738927,39.6471884061772,12.499999999999998,-5.616171842971747,-5.503223862090625,-129.95653927336178
213.59683866629277,39.639890892543235,12.499999999999998,-5.615845236545649,-5.504460194082549,-129.92044983953932
213.5879233052209,39.6325926918051,12.499999999999996,-5.615518630122169,-5.505696320735089,-129.88436040571688
213.57900983347957,39.62529380427505,12.499999999999998,-5.615192023767511,-5.506932242118999,-129.84827097189452
213.57009825037488,39.617994230265175,12.499999999999998,-5.614865417547831,-5.508167958305038,-129.81218153807202
213.5611885552131,39.610693970087446,12.5,-5.614538811529225,-5.509403469363952,-129.77609210424964
213.55228074730059,39.603393024053645,12.499999999999998,-5.614212205777725,-5.51063877536647,-129.74000267042712
213.54337482594394,39.59609139247547,12.499999999999998,-5.613885600359314,-5.511873876383306,-129.70391323660473
213.5344707904499,39.58878907566442,12.499999999999998,-5.613558995339906,-5.513108772485165,-129.66782380278235
213.5255686401253,39.58148607393187,12.499999999999998,-5.61323239078537,-5.514343463742746,-129.63173436895994
213.5166683742773,39.57418238758904,12.499999999999995,-5.612905786761512,-5.515577950226728,-129.59564493513753
213.50776999221299,39.566878016947015,12.499999999999998,-5.612579183334075,-5.516812232007781,-129.55955550131495
213.49887349323984,39.559572962316736,12.499999999999996,-5.612252580568752,-5.518046309156565,-129.52346606749268
213.48997887666536,39.552267224008986,12.499999999999995,-5.611925978531177,-5.519280181743729,-129.48737663367018
213.48108614179728,39.54496080233442,12.499999999999998,-5.6115993772869235,-5.520513849839901,-129.45128719984766
213.47219528794346,39.537653697603545,12.499999999999995,-5.611272776901513,-5.5217473135157045,-129.4151977660253
213.46330631441194,39.5303459101267,12.499999999999998,-5.610946177440405,-5.522980572841755,-129.37910833220286
213.45441922051089,39.52303744021412,12.499999999999998,-5.610619578969002,-5.524213627888646,-129.34301889838042
213.44553400554867,39.51572828817585,12.499999999999998,-5.61029298155265,-5.525446478726965,-129.30692946455795
213.43665066883386,39.50841845432182,12.5,-5.609966385256643,-5.5266791254272825,-129.27084003073563
213.4277692096751,39.501107938961816,12.499999999999998,-5.609639790146209,-5.527911568060166,-129.2347505969132
213.41888962738122,39.493796742405465,12.499999999999998,-5.609313196286523,-5.52914380669616,-129.19866116309063
213.4100119212613,39.48648486496226,12.499999999999996,-5.608986603742706,-5.5303758414058075,-129.16257172926822
213.40113609062442,39.479172306941535,12.499999999999996,-5.608660012579815,-5.531607672259629,-129.12648229544575
213.39226213478,39.47185906865249,12.499999999999998,-5.608333422862857,-5.532839299328136,-129.09039286162337
213.38339005303752,39.464545150404206,12.499999999999998,-5.608006834656779,-5.5340707226818315,-129.05430342780093
213.37451984470664,39.45723055250557,12.499999999999996,-5.6076802480264725,-5.5353019423912055,-129.01821399397858
213.36565150909718,39.449915275265354,12.499999999999998,-5.607353663036766,-5.536532958526729,-128.98212456015608
213.3567850455192,39.44259931899219,12.499999999999996,-5.607027079752443,-5.537763771158869,-128.94603512633364
213.34792045328277,39.43528268399455,12.499999999999998,-5.6067004982382205,-5.538994380358077,-128.90994569251126
213.33905773169826,39.42796537058076,12.499999999999998,-5.606373918558759,-5.540224786194787,-128.8738562586888
213.33019688007616,39.42064737905903,12.499999999999998,-5.606047340778672,-5.5414549887394315,-128.83776682486626
213.32133789772712,39.41332870973739,12.499999999999998,-5.605720764962506,-5.542684988062419,-128.80167739104377
213.31248078396195,39.406009362923776,12.499999999999995,-5.605394191174755,-5.543914784234157,-128.76558795722153
213.3036255380916,39.39868933892592,12.499999999999996,-5.605067619479852,-5.545144377325028,-128.72949852339903
213.29477215942728,39.39136863805143,12.499999999999998,-5.604741049942186,-5.546373767405409,-128.6934090895766
213.28592064728028,39.384047260607794,12.499999999999998,-5.604414482626076,-5.547602954545666,-128.65731965575407
213.27707100096205,39.37672520690236,12.499999999999998,-5.604087917595793,-5.548831938816151,-128.62123022193163
213.26822321978426,39.36940247724228,12.499999999999995,-5.603761354915548,-5.5500607202872,-128.5851407881094
213.25937730305867,39.362079071934616,12.499999999999996,-5.603434794649493,-5.551289299029139,-128.54905135428686
213.25053325009728,39.354754991286256,12.499999999999998,-5.60310823686173,-5.552517675112283,-128.51296192046448
213.24169106021225,39.34743023560397,12.499999999999998,-5.602781681616304,-5.5537458486069315,-128.47687248664207
213.23285073271583,39.340104805194365,12.499999999999998,-5.6024551289771995,-5.554973819583374,-128.44078305281974
213.22401226692048,39.3327787003639,12.499999999999996,-5.602128579008351,-5.556201588111885,-128.40469361899716
213.21517566213888,39.325451921418924,12.499999999999998,-5.601802031773628,-5.557429154262724,-128.3686041851747
213.20634091768378,39.318124468665594,12.499999999999998,-5.601475487336853,-5.558656518106144,-128.33251475135225
213.19750803286817,39.31079634240997,12.499999999999995,-5.601148945761789,-5.55988367971238,-128.29642531752984
213.18867700700517,39.30346754295794,12.499999999999996,-5.600822407112143,-5.561110639151658,-128.26033588370734
213.17984783940804,39.296138070615264,12.499999999999998,-5.600495871451564,-5.562337396494185,-128.22424644988496
213.17102052939032,39.28880792568756,12.499999999999993,-5.6001693388436555,-5.563563951810169,-128.18815701606258
213.16219507626553,39.28147710848028,12.499999999999996,-5.599842809351945,-5.564790305169786,-128.15206758224022
213.1533714793475,39.27414561929876,12.499999999999995,-5.599516283039926,-5.56601645664321,-128.11597814841764
213.14454973795017,39.26681345844818,12.499999999999995,-5.599189759971023,-5.567242406300607,-128.07988871459523
