galstreams/tracks/track.st.M68-Fjorm.palau2019.ecsv
# %ECSV 0.9
# ---
# datatype:
# - {name: ra, unit: deg, datatype: float64}
# - {name: dec, unit: deg, datatype: float64}
# - {name: distance, unit: kpc, datatype: float64}
# - {name: pm_ra_cosdec, unit: mas / yr, datatype: float64}
# - {name: pm_dec, unit: mas / yr, datatype: float64}
# - {name: radial_velocity, unit: km / s, datatype: float64}
# delimiter: ','
# meta: !!omap
# - __serialized_columns__:
#     dec:
#       __class__: astropy.coordinates.angles.Latitude
#       unit: &id001 !astropy.units.Unit {unit: deg}
#       value: !astropy.table.SerializedColumn {name: dec}
#     distance:
#       __class__: astropy.coordinates.distances.Distance
#       unit: !astropy.units.Unit {unit: kpc}
#       value: !astropy.table.SerializedColumn {name: distance}
#     pm_dec:
#       __class__: astropy.units.quantity.Quantity
#       unit: !astropy.units.Unit {unit: mas / yr}
#       value: !astropy.table.SerializedColumn {name: pm_dec}
#     pm_ra_cosdec:
#       __class__: astropy.units.quantity.Quantity
#       unit: !astropy.units.Unit {unit: mas / yr}
#       value: !astropy.table.SerializedColumn {name: pm_ra_cosdec}
#     ra:
#       __class__: astropy.coordinates.angles.Longitude
#       unit: *id001
#       value: !astropy.table.SerializedColumn {name: ra}
#       wrap_angle: !astropy.coordinates.Angle
#         unit: *id001
#         value: 360.0
#     radial_velocity:
#       __class__: astropy.units.quantity.Quantity
#       unit: !astropy.units.Unit {unit: km / s}
#       value: !astropy.table.SerializedColumn {name: radial_velocity}
# schema: astropy-2.0
ra,dec,distance,pm_ra_cosdec,pm_dec,radial_velocity
[from data line 3047]
191.77592537379383,-15.811523968178225,5.001147496608783,-2.671123310066917,2.326656198132184,1.0525958912340423e-14
191.77747002004685,-15.801393858841697,5.000713045797374,-2.6710496637930916,2.3272596177153364,4.210383564936169e-15
191.77901512051181,-15.791263893526805,5.000278934669439,-2.670975890402254,2.327863109775818,8.420767129872338e-15
191.78056067512034,-15.78113407222784,4.999845163147679,-2.670901989910036,2.3284666742754867,8.420767129872338e-15
191.78210668380416,-15.771004394939322,4.999411731154795,-2.6708279623320563,2.3290703111762,1.6841534259744676e-14
191.7836531464951,-15.760874861655621,4.998978638613485,-2.670753807683931,2.329674020439811,0.0
191.7852000631252,-15.75074547237107,4.998545885446453,-2.6706795259812646,2.3302778020281694,1.894672604221276e-14
191.7867474336264,-15.740616227080187,4.998113471576402,-2.6706051172396554,2.330881655903122,2.1051917824680845e-15
191.78829525793094,-15.73048712577726,4.997681396926025,-2.670530581474698,2.331485582026515,2.1051917824680846e-14
191.78984353597107,-15.720358168456801,4.997249661418031,-2.6704559187019714,2.332089580360187,-1.0525958912340423e-14
191.79139226767913,-15.710229355113126,4.996818264975118,-2.6703811289370516,2.332693650865979,1.2631150694808506e-14
191.79294145298772,-15.700100685740583,4.996387207519984,-2.6703062121955083,2.333297793505724,-4.210383564936169e-15
191.79449109182931,-15.689972160333651,4.995956488975335,-2.670231168492901,2.3339020082412554,2.1051917824680845e-15
191.7960411841367,-15.679843778886605,4.995526109263868,-2.6701559978447844,2.3345062950344033,8.420767129872338e-15
191.79759172984262,-15.669715541393929,4.995096068308288,-2.670080700266699,2.3351106538469915,2.315710960714893e-14
191.79914272888007,-15.65958744784994,4.99466636603129,-2.670005275774188,2.3357150846408476,0.0
191.80069418118205,-15.649459498248946,4.9942370023555815,-2.669929724382776,2.3363195873777878,1.2631150694808506e-14
191.80224608668166,-15.639331692585424,4.993807977203858,-2.6698540461079885,2.3369241620196326,2.315710960714893e-14
191.80379844531225,-15.629204030853618,4.993379290498823,-2.6697782409653383,2.3375288085281936,-6.315575347404253e-15
191.80535125700703,-15.619076513047991,4.992950942163177,-2.6697023089703324,2.3381335268652843,0.0
191.80690452169952,-15.608949139162853,4.992522932119623,-2.669626250138469,2.3387383169927123,8.420767129872338e-15
191.80845823932333,-15.598821909192484,4.992095260290856,-2.669550064485243,2.3393431788722827,-2.1051917824680845e-15
191.81001240981203,-15.588694823131341,4.991667926599585,-2.669473752026134,2.339948112465798,1.2631150694808506e-14
191.81156703309952,-15.578567880973656,4.991240930968504,-2.6693973127766197,2.3405531177350585,6.315575347404253e-15
191.8131221091196,-15.568441082713875,4.99081427332032,-2.6693207467521676,2.3411581946418583,-4.210383564936169e-15
191.81467763780628,-15.55831442834628,4.990387953577727,-2.669244053968241,2.341763343147994,2.1051917824680845e-15
191.81623361909368,-15.548187917865137,4.989961971663431,-2.66916723444029,2.342368563215252,-2.1051917824680845e-15
191.817790052916,-15.53806155126489,4.989536327500131,-2.66909028818376,2.342973854805423,6.315575347404253e-15
191.81934693920755,-15.527935328539748,4.9891110210105305,-2.6690132152140893,2.3435792178802894,1.894672604221276e-14
191.82090427790277,-15.517809249684142,4.988686052117325,-2.6689360155467092,2.344184652401632,6.315575347404253e-15
191.82246206893615,-15.507683314692322,4.988261420743221,-2.6688586891970396,2.3447901583312305,1.894672604221276e-14
191.82402031224237,-15.497557523558557,4.987837126810917,-2.668781236180496,2.345395735630858,2.1051917824680846e-14
191.82557900775615,-15.487431876277258,4.987413170243114,-2.668703656512484,2.346001384262289,1.2631150694808506e-14
191.82713815541237,-15.477306372842616,4.986989550962512,-2.6686259502084035,2.3466071041872905,6.315575347404253e-15
191.8286977551459,-15.467181013249052,4.986566268891813,-2.6685481172836463,2.3472128953676297,1.0525958912340423e-14
191.8302578068919,-15.457055797490797,4.986143323953718,-2.6684701577535948,2.3478187577650687,1.473634247727659e-14
191.8318183105855,-15.446930725562098,4.98572071607093,-2.6683920716336242,2.3484246913413678,-8.420767129872338e-15
191.83337926616196,-15.436805797457339,4.985298445166144,-2.668313858939105,2.3490306960582843,8.420767129872338e-15
191.83494067355667,-15.426681013170715,4.984876511162068,-2.668235519685395,2.3496367718775706,2.5262301389617013e-14
191.83650253270514,-15.416556372696608,4.984454913981397,-2.6681570538878483,2.3502429187609795,8.420767129872338e-15
191.83806484354292,-15.406431876029252,4.9840336535468355,-2.6680784615618087,2.3508491366702575,6.315575347404253e-15
191.83962760600576,-15.396307523162855,4.9836127297810835,-2.6679997427226128,2.3514554255671487,8.420767129872338e-15
191.84119082002942,-15.386183314091806,4.983192142606842,-2.667920897385591,2.3520617854133947,1.894672604221276e-14
191.8427544855499,-15.376059248810263,4.98277189194681,-2.6678419255660644,2.352668216170736,2.1051917824680846e-14
191.8443186025031,-15.365935327312599,4.982351977723694,-2.667762827279345,2.3532747178009044,1.0525958912340423e-14
191.84588317082523,-15.355811549593026,4.981932399860187,-2.667683602540744,2.3538812902656367,6.315575347404253e-15
191.8474481904525,-15.34568791564574,4.9815131582789975,-2.6676042513655527,2.3544879335266575,1.2631150694808506e-14
191.84901366132124,-15.335564425465122,4.98109425290282,-2.667524773769067,2.3550946475456964,-6.315575347404253e-15
191.85057958336787,-15.325441079045287,4.9806756836543595,-2.667445169766567,2.355701432284476,6.315575347404253e-15
191.85214595652897,-15.315317876380615,4.980257450456316,-2.667365439373327,2.356308287704714,4.210383564936169e-15
191.8537127807412,-15.305194817465232,4.97983955323139,-2.667285582604615,2.35691521376813,1.0525958912340423e-14
191.8552800559413,-15.295071902293492,4.979421991902283,-2.6672055994756905,2.3575222104364357,1.0525958912340423e-14
191.85684778206615,-15.284949130859577,4.979004766391694,-2.667125490001805,2.3581292776713454,1.473634247727659e-14
191.85841595905273,-15.274826503157666,4.978587876622327,-2.667045254198202,2.3587364154345623,1.2631150694808506e-14
191.85998458683812,-15.264704019182101,4.9781713225168795,-2.6669648920801174,2.359343623687794,-1.0525958912340423e-14
191.86155366535945,-15.254581678927051,4.977755103998056,-2.6668844036627783,2.3599509023927405,1.894672604221276e-14
191.8631231945541,-15.244459482386695,4.977339220988556,-2.666803788961405,2.360558251511099,-8.420767129872338e-15
191.86469317435936,-15.234337429555353,4.976923673411079,-2.666723047991211,2.3611656710045685,1.2631150694808506e-14
191.86626360471283,-15.224215520427144,4.976508461188328,-2.666642180767401,2.361773160834837,2.1051917824680845e-15
191.86783448555204,-15.214093754996387,4.976093584243003,-2.66656118730517,2.3623807209635967,1.894672604221276e-14
191.86940581681475,-15.20397213325718,4.975679042497804,-2.666480067619711,2.362988351352534,1.2631150694808506e-14
191.87097759843874,-15.193850655203848,4.975264835875434,-2.666398821726199,2.363596051963327,1.2631150694808506e-14
191.87254983036195,-15.183729320830537,4.974850964298593,-2.6663174496398123,2.3642038227576587,1.0525958912340423e-14
191.8741225125224,-15.173608130131399,4.974437427689981,-2.6662359513757137,2.364811663697205,6.315575347404253e-15
191.8756956448582,-15.163487083100735,4.974024225972299,-2.666154326949062,2.365419574743642,6.315575347404253e-15
191.87726922730766,-15.153366179732638,4.973611359068248,-2.6660725763750075,2.3660275558586363,1.0525958912340423e-14
191.87884325980906,-15.143245420021396,4.973198826900531,-2.66599069966869,2.3666356070038552,1.2631150694808506e-14
191.8804177423008,-15.133124803961163,4.972786629391847,-2.665908696845245,2.3672437281409664,2.1051917824680846e-14
191.88199267472157,-15.123004331546055,4.972374766464897,-2.6658265679197983,2.3678519192316254,6.315575347404253e-15
191.88356805700994,-15.11288400277037,4.971963238042382,-2.665744312907469,2.3684601802374954,2.1051917824680845e-15
191.88514388910465,-15.102763817628178,4.971552044047004,-2.6656619318233674,2.3690685111202274,0.0
191.88672017094456,-15.092643776113759,4.971141184401462,-2.6655794246825946,2.369676911841475,2.315710960714893e-14
191.8882969024687,-15.08252387822124,4.970730659028458,-2.6654967915002468,2.370285382362885,1.894672604221276e-14
191.88987408361615,-15.072404123944727,4.970320467850695,-2.6654140322914093,2.3708939226461028,1.2631150694808506e-14
191.89145171432602,-15.062284513278511,4.969910610790869,-2.6653311470711643,2.371502532652772,1.0525958912340423e-14
191.89302979453765,-15.052165046216624,4.969501087771686,-2.6652481358545783,2.3721112123445294,2.7367493172085098e-14
191.89460832419041,-15.04204572275336,4.969091898715843,-2.665164998656718,2.3727199616830124,1.6841534259744676e-14
191.89618730322383,-15.031926542882806,4.968683043546044,-2.6650817354926373,2.373328780629852,1.6841534259744676e-14
191.89776673157743,-15.021807506599073,4.968274522184987,-2.6649983463773848,2.3739376691466796,4.210383564936169e-15
191.89934660919099,-15.0116886138964,4.967866334555376,-2.6649148313259974,2.374546627195119,6.315575347404253e-15
191.90092693600425,-15.001569864768856,4.96745848057991,-2.664831190353509,2.375155654736796,6.315575347404253e-15
191.90250771195718,-14.991451259210676,4.9670509601812896,-2.664747423474944,2.3757647517333296,1.473634247727659e-14
191.90408893698975,-14.981332797215957,4.966643773282217,-2.6646635307053153,2.3763739181463346,-6.315575347404253e-15
191.90567061104213,-14.971214478778776,4.966236919805393,-2.6645795120596336,2.376983153937427,-4.210383564936169e-15
191.90725273405448,-14.961096303893386,4.965830399673518,-2.664495367552896,2.3775924590682167,4.210383564936169e-15
191.9088353059672,-14.950978272553806,4.965424212809291,-2.6644110972000976,2.37820183350031,8.420767129872338e-15
191.91041832672065,-14.940860384754279,4.965018359135417,-2.66432670101622,2.378811277195312,4.210383564936169e-15
191.9120017962554,-14.930742640488877,4.964612838574594,-2.664242179016241,2.3794207901148234,4.210383564936169e-15
191.9135857145121,-14.92062503975166,4.9642076510495246,-2.664157531215127,2.3800303722204403,2.5262301389617013e-14
191.91517008143146,-14.910507582536887,4.963802796482907,-2.6640727576278422,2.3806400234737612,1.0525958912340423e-14
191.9167548969544,-14.900390268838535,4.963398274797446,-2.6639878582693353,2.3812497438363724,1.0525958912340423e-14
191.91834016102177,-14.890273098650852,4.962994085915839,-2.66390283315455,2.3818595332698647,-2.1051917824680845e-15
191.9199258735747,-14.880156071967884,4.962590229760789,-2.6638176822984265,2.382469391735824,8.420767129872338e-15
191.92151203455433,-14.870039188783686,4.962186706254998,-2.663732405715889,2.3830793191958284,1.0525958912340423e-14
191.9230986439019,-14.859922449092483,4.961783515321163,-2.663647003421862,2.38368931561146,6.315575347404253e-15
191.92468570155881,-14.849805852888263,4.961380656881988,-2.6635614754312567,2.384299380944293,1.473634247727659e-14
191.9262732074665,-14.839689400165238,4.960978130860174,-2.6634758217589773,2.3849095151558983,1.473634247727659e-14
191.9278611615666,-14.829573090917403,4.96057593717842,-2.6633900424199215,2.385519718207847,0.0
191.9294495638007,-14.819456925138955,4.960174075759429,-2.6633041374289754,2.3861299900617015,-6.315575347404253e-15
191.93103841411062,-14.80934090282394,4.9597725465259,-2.6632181068010228,2.3867403306790287,4.210383564936169e-15
191.93262771243826,-14.799225023966386,4.959371349400534,-2.6631319505509365,2.387350740021385,-6.315575347404253e-15
191.93421745872558,-14.78910928856049,4.958970484306035,-2.6630456686935773,2.387961218050326,2.5262301389617013e-14
191.9358076529147,-14.778993696600294,4.958569951165099,-2.6629592612438064,2.3885717647274065,2.1051917824680845e-15
191.9373982949478,-14.768878248079806,4.958169749900432,-2.6628727282164713,2.3891823800141734,8.420767129872338e-15
191.93898938476715,-14.758762942993231,4.957769880434731,-2.662786069626413,2.3897930638721765,1.6841534259744676e-14
191.94058092231523,-14.748647781334528,4.9573703426907,-2.6626992854884617,2.390403816262955,0.0
191.94217290753446,-14.738532763097883,4.956971136591037,-2.6626123758174467,2.391014637148052,0.0
191.94376534036743,-14.728417888277251,4.956572262058446,-2.662525340628181,2.3916255264890034,2.5262301389617013e-14
191.94535822075693,-14.718303156866819,4.956173719015624,-2.6624381799354757,2.392236484247341,0.0
191.94695154864573,-14.70818856886059,4.955775507385275,-2.662350893754131,2.3928475103845965,4.210383564936169e-15
191.94854532397676,-14.698074124252575,4.9553776270901,-2.662263482098937,2.393458604862297,0.0
191.950139546693,-14.687959823036948,4.954980078052796,-2.662175944984685,2.394069767641966,0.0
191.9517342167376,-14.677845665207704,4.954582860196069,-2.6620882824261463,2.3946809986851227,2.1051917824680845e-15
191.9533293340538,-14.667731650758846,4.954185973442618,-2.6620004944380904,2.395292297953286,1.894672604221276e-14
191.9549248985849,-14.65761777968454,4.953789417715143,-2.66191258103528,2.3959036654079693,2.1051917824680845e-15
191.95652091027432,-14.647504051978709,4.953393192936347,-2.661824542232465,2.3965151010106815,1.2631150694808506e-14
191.95811736906558,-14.637390467635536,4.9529972990289295,-2.661736378044393,2.3971266047229327,1.894672604221276e-14
191.9597142749024,-14.627277026648938,4.952601735915591,-2.661648088485798,2.397738176506225,8.420767129872338e-15
191.9613116277284,-14.617163729013066,4.952206503519033,-2.661559673571411,2.398349816322061,1.473634247727659e-14
191.96290942748752,-14.607050574721912,4.951811601761955,-2.661471133315951,2.3989615241319378,6.315575347404253e-15
191.96450767412364,-14.596937563769455,4.951417030567061,-2.6613824677341307,2.3995732998973485,2.1051917824680845e-15
191.96610636758078,-14.586824696149835,4.951022789857049,-2.6612936768406543,2.400185143579786,2.1051917824680845e-15
191.96770550780317,-14.576711971856977,4.950628879554623,-2.661204760650218,2.400797055140737,8.420767129872338e-15
191.96930509473498,-14.566599390885015,4.95023529958248,-2.661115719177511,2.4014090345416865,2.1051917824680846e-14
191.9709051283206,-14.556486953227934,4.949842049863324,-2.6610265524372125,2.4020210817441146,8.420767129872338e-15
191.97250560850452,-14.546374658879687,4.949449130319856,-2.6609372604439967,2.4026331967095014,2.1051917824680845e-15
191.9741065352312,-14.536262507834403,4.949056540874774,-2.6608478432125247,2.4032453793993205,1.473634247727659e-14
191.97570790844537,-14.52615050008601,4.948664281450781,-2.6607583007574553,2.4038576297750427,2.315710960714893e-14
191.97730972809174,-14.516038635628613,4.948272351970578,-2.660668633093436,2.404469947798137,1.473634247727659e-14
191.97891199411524,-14.505926914456191,4.947880752356865,-2.660578840235104,2.405082333430068,8.420767129872338e-15
191.98051470646078,-14.495815336562686,4.947489482532346,-2.660488922197093,2.4056947866322957,8.420767129872338e-15
191.9821178650734,-14.48570390194222,4.947098542419716,-2.6603988789940285,2.406307307366282,4.210383564936169e-15
191.98372146989834,-14.475592610588695,4.94670793194168,-2.6603087106405234,2.406919895593479,0.0
191.98532552088082,-14.465481462496214,4.946317651020941,-2.6602184171511842,2.4075325512753385,1.0525958912340423e-14
191.98693001796622,-14.455370457658733,4.945927699580194,-2.6601279985406148,2.408145274373309,2.1051917824680846e-14
191.98853496110002,-14.445259596070194,4.945538077542145,-2.6600374548234025,2.408758064848837,2.5262301389617013e-14
191.9901403502278,-14.435148877724703,4.945148784829493,-2.6599467860141326,2.409370922663363,6.315575347404253e-15
