galstreams/tracks/track.st.M5.grillmair2019.ecsv
# %ECSV 0.9
# ---
# datatype:
# - {name: ra, unit: deg, datatype: float64}
# - {name: dec, unit: deg, datatype: float64}
# - {name: distance, unit: kpc, datatype: float64}
# - {name: pm_ra_cosdec, unit: mas / yr, datatype: float64}
# - {name: pm_dec, unit: mas / yr, datatype: float64}
# - {name: radial_velocity, unit: km / s, datatype: float64}
# delimiter: ','
# meta: !!omap
# - __serialized_columns__:
#     dec:
#       __class__: astropy.coordinates.angles.Latitude
#       unit: &id001 !astropy.units.Unit {unit: deg}
#       value: !astropy.table.SerializedColumn {name: dec}
#     distance:
#       __class__: astropy.coordinates.distances.Distance
#       unit: !astropy.units.Unit {unit: kpc}
#       value: !astropy.table.SerializedColumn {name: distance}
#     pm_dec:
#       __class__: astropy.units.quantity.Quantity
#       unit: !astropy.units.Unit {unit: mas / yr}
#       value: !astropy.table.SerializedColumn {name: pm_dec}
#     pm_ra_cosdec:
#       __class__: astropy.units.quantity.Quantity
#       unit: !astropy.units.Unit {unit: mas / yr}
#       value: !astropy.table.SerializedColumn {name: pm_ra_cosdec}
#     ra:
#       __class__: astropy.coordinates.angles.Longitude
#       unit: *id001
#       value: !astropy.table.SerializedColumn {name: ra}
#       wrap_angle: !astropy.coordinates.Angle
#         unit: *id001
#         value: 360.0
#     radial_velocity:
#       __class__: astropy.units.quantity.Quantity
#       unit: !astropy.units.Unit {unit: km / s}
#       value: !astropy.table.SerializedColumn {name: radial_velocity}
# schema: astropy-2.0
ra,dec,distance,pm_ra_cosdec,pm_dec,radial_velocity
226.7977645592585,3.773088974364598,15.908977616713955,4.024569735478719,-10.172386453082622,-5.894536990910637e-14
226.61179872381643,3.86699482729823,15.891723050222655,4.022495176664696,-10.157808267933731,0.0
226.42577519049377,3.9608282438264406,15.874463183276053,4.020289976206392,-10.143218797744895,-4.210383564936169e-14
226.23969348869403,4.054589197786977,15.857197973695481,4.017955297667239,-10.128617682298017,-4.210383564936169e-14
226.05355314885972,4.148277662451481,15.839927379302276,4.015492303598754,-10.114004565589667,-7.578690416885104e-14
225.86735370245688,4.241893610544031,15.822651357917776,4.012902155521692,-10.099379095763746,-1.1789073981821273e-13
225.68109468195988,4.335437014259513,15.805369867363316,4.0101860139073295,-10.084740925043985,-1.1789073981821273e-13
225.49477562083572,4.428907845282371,15.788082865460227,4.007345038158934,-10.070089709666371,-1.6841534259744676e-14
225.30839605352875,4.522306074805101,15.770790310029843,4.004380386593391,-10.055425109811438,-4.210383564936169e-14
225.12195551544545,4.615631673546912,15.75349215889351,4.001293216422969,-10.040746789536426,-8.420767129872338e-15
224.9354535429389,4.708884611772448,15.736188369872554,3.9980846837372725,-10.026054416707389,1.6841534259744676e-14
224.74888967329346,4.8020648593104776,15.718878900788313,3.9947559434853166,-10.011347662931154,-1.6841534259744676e-14
224.5622634447096,4.895172385572691,15.701563709462123,3.991308149457757,-9.996626203487187,1.1789073981821273e-13
224.3755743962883,4.98820715957247,15.684242753715324,3.9877424542692674,-9.981889717259365,8.420767129872338e-15
224.18882206801604,5.081169149943732,15.666915991369235,3.98406000934106,-9.967137886667697,-5.0524602779234026e-14
224.00200600074928,5.174058324959791,15.649583380245213,3.9802619648835185,-9.952370397599843,-3.368306851948935e-14
223.81512573619918,5.266874652552266,15.632244878164576,3.9763494698789965,-9.937586939342676,-9.262843842859572e-14
223.6281808169166,5.359618100329889,15.61490044294867,3.9723236720647113,-9.922787204513668,5.0524602779234026e-14
223.44117078627627,5.452288635597609,15.597550032418827,3.9681857179158,-9.90797088899224,4.210383564936169e-14
223.254095188462,5.544886225375445,15.580193604396381,3.9639367526284497,-9.893137691851004,8.420767129872338e-14
223.06695356845108,5.637410836417499,15.562831116702672,3.959577920103183,-9.878287315286949,-2.5262301389617013e-14
222.87974547199914,5.72986243523094,15.545462527159026,3.955110362928246,-9.863419464552562,9.262843842859572e-14
222.6924704456248,5.822240988095059,15.528087793586788,3.9505352223630976,-9.848533847886847,1.0104920555846805e-13
222.5051280365944,5.914546461080255,15.51070687380729,3.9458536383220144,-9.833630176446315,5.0524602779234026e-14
222.3177177929067,6.00677882006713,15.493319725641863,3.941066749357792,-9.818708164235892,-1.0104920555846805e-13
222.1302392632775,6.098938030765503,15.475926306911854,3.936175692645552,-9.803767528039772,-1.6841534259744676e-14
221.94269199712429,6.191024058733536,15.45852657543859,3.9311816039666336,-9.788807987352216,6.73661370389787e-14
221.7550755445512,6.283036869396683,15.4411204890434,3.9260856176925882,-9.773829264308304,1.1789073981821273e-13
221.5673894563333,6.374976428066946,15.42370800554763,3.9208888667692454,-9.758831083614615,3.368306851948935e-14
221.37963328390146,6.466842699961821,15.406289082772613,3.915592482700879,-9.74381317247988,-1.6841534259744676e-14
221.19180657932685,6.558635650223447,15.388863678539684,3.9101975955344477,-9.72877526054561,8.420767129872338e-14
221.0039088953057,6.650355243937662,15.371431750670174,3.9047053338438955,-9.713717079816648,1.6841534259744676e-14
220.8159397851438,6.742001446153101,15.353993256985431,3.8991168247145565,-9.698638364591702,-3.368306851948935e-14
220.62789880274113,6.833574221900254,15.336548155306769,3.8934331937275948,-9.683538851393857,5.0524602779234026e-14
220.4397855025764,6.925073536210554,15.319096403455546,3.8876555649445264,-9.668418278901017,3.368306851948935e-14
220.25159943969157,7.016499354135443,15.301637959253084,3.8817850608918,-9.65327638787641,5.0524602779234026e-14
220.06334016967637,7.107851640765423,15.284172780520722,3.8758228025454393,-9.63811292109895,1.6841534259744676e-14
219.87500724865293,7.1991303612490185,15.266700825079795,3.869769909315712,-9.622927623293672,0.0
219.68660023326004,7.290335480811951,15.249222050751642,3.863627499031894,-9.607720241062125,-6.73661370389787e-14
219.49811868063776,7.381466964776036,15.23173641535759,3.857396687927031,-9.592490522812744,-3.368306851948935e-14
219.30956214841171,7.4725247785782125,15.214243876718982,3.8510785906227754,-9.577238218691214,6.73661370389787e-14
219.1209301946776,7.563508887789507,15.196744392657148,3.844674320114242,-9.561963080510841,3.368306851948935e-14
218.93222237798545,7.654419258133982,15.179237920993428,3.838184987754908,-9.546664861682919,0.0
218.74343825732404,7.745255855507672,15.161724419549156,3.8316117032415367,-9.53134331714709,6.73661370389787e-14
218.5545773921051,7.836018645997471,15.144203846145663,3.82495557459913,-9.515998203301708,8.420767129872338e-14
218.36563934214766,7.926707595900006,15.126676158604292,3.818217708165904,-9.500629277934241,5.0524602779234026e-14
218.17662366766226,8.01732267174049,15.109141314746374,3.811399208578276,-9.485236300151628,6.73661370389787e-14
217.987529929235,8.107863840291543,15.091599272393248,3.804501178755886,-9.469819030310717,6.73661370389787e-14
217.79835768781206,8.198331068591882,15.074049989366241,3.797524719886594,-9.454377229948689,8.420767129872338e-14
217.60910650468333,8.288724323965205,15.056493423486694,3.7904709314115212,-9.438910661713491,1.347322740779574e-13
217.4197759414668,8.379043574038793,15.038929532575944,3.7833409110100744,-9.423419089294327,1.6841534259744677e-13
217.23036556009257,8.4692887867622,15.021358274455327,3.776135754584975,-9.407902277352159,-1.6841534259744676e-14
217.04087492278674,8.559459930425875,15.003779606946173,3.768856556247266,-9.392359991450258,3.368306851948935e-14
216.85130359205542,8.649556973679752,14.986193487869821,3.761504408301361,-9.376791997984766,6.73661370389787e-14
216.66165113066867,8.739579885551766,14.968599875047603,3.754080401230004,-9.361198064115325,1.347322740779574e-13
216.47191710164412,8.829528635466353,14.95099872630086,3.746585623679297,-9.345577957695737,-3.368306851948935e-14
216.2821010682312,8.919403193262896,14.933389999450927,3.739021162443637,-9.329931447204675,-1.6841534259744676e-14
216.09220259389463,9.009203529214037,14.915773652319134,3.7313881024506754,-9.314258301676462,3.368306851948935e-14
215.90222124229803,9.098929614044133,14.898149642726818,3.723687526746228,-9.29855829063185,3.368306851948935e-14
215.71215657728783,9.188581418947456,14.880517928495316,3.715920516479166,-9.282831184008936,6.73661370389787e-14
215.52200816287672,9.278158915606406,14.862878467445965,3.708088150886255,-9.267076752094079,1.1789073981821273e-13
215.33177556322732,9.367662076209719,14.845231217400094,3.700191507276979,-9.251294765452913,6.73661370389787e-14
215.14145834263556,9.457090873470523,14.827576136179044,3.692231661018308,-9.235484994861425,5.0524602779234026e-14
214.95105606551417,9.546445280644404,14.809913181604156,3.6842096855194133,-9.219647211237096,-1.6841534259744676e-14
214.76056829637622,9.63572527154737,14.792242311496752,3.6761266522163503,-9.203781185570127,1.1789073981821273e-13
214.56999459981816,9.724930820573759,14.774563483678175,3.6679836305566735,-9.187886688854753,1.6841534259744676e-14
214.37933454050335,9.814061902714068,14.75687665596976,3.6597816879840055,-9.171963492020623,5.0524602779234026e-14
214.1885876831451,9.903118493572762,14.739181786192841,3.6515218899225306,-9.156011365864284,3.368306851948935e-14
213.9977535924901,9.992100569385853,14.721478832168753,3.6432052997614344,-9.14003008098075,1.1789073981821273e-13
213.80683183330115,10.081008107038684,14.703767751718834,3.634832978839282,-9.124019407695176,1.515738083377021e-13
213.61582197034036,10.16984108408336,14.686048502664418,3.6264059864283027,-9.107979115994599,0.0
213.42472356835228,10.258599478756246,14.668321042826841,3.6179253797186197,-9.091908975459825,1.1789073981821273e-13
213.23353619204644,10.347283269995357,14.650585330027438,3.6093922138023915,-9.075808755197407,0.0
213.04225940608063,10.435892437457664,14.63284132208754,3.600807541657868,-9.059678223771716,-5.0524602779234026e-14
212.85089277504326,10.524426961536294,14.61508897682849,3.5921724141333664,-9.04351714913714,1.0104920555846805e-13
212.6594358634363,10.612886823377687,14.59732825207162,3.583487879931154,-9.027325298570398,1.6841534259744676e-14
212.4678882356579,10.701272004898648,14.579559105638264,3.5747549855912353,-9.011102438602995,0.0
212.2762494559849,10.789582488803298,14.561781495349758,3.56597477547505,-8.99484833495376,1.0104920555846805e-13
212.0845190885553,10.877818258599879,14.543995379027436,3.5571482917490567,-8.97856275246155,6.73661370389787e-14
211.89269669735083,10.965979298617649,14.526200714492635,3.548276574368225,-8.962245455018069,0.0
211.70078184617915,11.054065594023475,14.508397459566696,3.539360661059413,-8.945896205500828,-3.368306851948935e-14
211.5087740986562,11.14207713083843,14.49058557207095,3.530401587304633,-8.92951476570625,6.73661370389787e-14
211.31667301818837,11.230013895954292,14.472765009826725,3.5214003863242174,-8.913100896282904,3.368306851948935e-14
211.1244781679547,11.317875877149907,14.454935730655365,3.51235808905983,-8.896654356664909,1.6841534259744676e-14
210.93218911088886,11.405663063107484,14.437097692378202,3.503275724157401,-8.88017490500546,1.0104920555846805e-13
210.73980540966122,11.493375443428764,14.419250852816575,3.494154317949911,-8.863662298110528,-1.6841534259744676e-14
210.54732662666072,11.581013008651098,14.401395169791815,3.4849948944400335,-8.847116291372744,5.0524602779234026e-14
210.35475232397656,11.668575750263413,14.38353060112526,3.4757984752826916,-8.830536638705373,5.0524602779234026e-14
210.16208206338027,11.756063660721995,14.365657104638247,3.4665660797674143,-8.813923092476536,-3.368306851948935e-14
209.96931540630712,11.843476733466359,14.347774638152107,3.4572987248006313,-8.79727540344354,5.0524602779234026e-14
209.77645191383766,11.93081496293478,14.329883159488178,3.4479974248877485,-8.780593320687434,8.420767129872338e-14
209.5834911466794,12.018078344579845,14.311982626467794,3.438663192115141,-8.763876591547689,0.0
209.3904326651483,12.105266874883828,14.294072996912293,3.4292970361319526,-8.747124961557098,-1.6841534259744676e-14
209.19727602914983,12.192380551373988,14.276154228643007,3.419899964131775,-8.73033817437686,-8.420767129872338e-14
209.00402079816058,12.279419372637712,14.258226279481278,3.4104729808341463,-8.71351597173182,1.6841534259744676e-14
208.81066653120908,12.366383338337563,14.24028910724843,3.401017088465919,-8.696658093345949,1.6841534259744676e-14
208.61721278685724,12.45327244922618,14.222342669765808,3.391533286742441,-8.679764276877979,5.0524602779234026e-14
208.42365912318107,12.540086707161086,14.204386924854742,3.38202257284858,-8.662834257857263,-1.6841534259744676e-14
208.2300050977518,12.626826115119332,14.186421830336574,3.3724859414196,-8.645867769619828,1.6841534259744676e-14
208.03625026761682,12.71349067721199,14.168447344032627,3.3629243845218317,-8.628864543244651,1.6841534259744676e-14
207.84239418928,12.80008039869863,14.15046342376425,3.3533388916331845,-8.61182430749011,-1.6841534259744676e-14
207.64843641868276,12.886595286001562,14.132470027352772,3.343730449623512,-8.594746788730713,1.6841534259744676e-14
207.45437651118456,12.973035346719934,14.114467112619531,3.3341000427347365,-8.577631710893982,1.6841534259744676e-14
207.26021402154333,13.05940058964376,14.09645463738586,3.3244486525608394,-8.560478795397591,8.420767129872338e-14
207.0659485038959,13.145691024767782,14.078432559473095,3.314777258027654,-8.543287761086734,1.6841534259744676e-14
206.8715795117383,13.23190666330519,14.06040083670257,3.3050868353724514,-8.526058324171723,1.0104920555846805e-13
206.6771065979061,13.318047517701201,14.042359426895622,3.2953783581233647,-8.5087901981658,3.368306851948935e-14
206.4825293145543,13.4041136016465,14.024308287873584,3.2856527970785803,-8.491483093823213,1.6841534259744676e-14
206.28784721313772,13.490104930090528,14.006247377457793,3.2759111202853775,-8.474136719077514,-1.6841534259744676e-14
206.09305984439067,13.576021519254656,13.98817665346959,3.266154293018919,-8.456750778980123,5.0524602779234026e-14
205.89816675830684,13.661863386645166,13.970096073730302,3.256383277760888,-8.43932497563912,0.0
205.70316750411934,13.747630551066115,13.95200559606127,3.246599034177868,-8.421859008158316,1.1789073981821273e-13
205.50806163028005,13.833323032632052,13.933905178283823,3.2368025190995535,-8.404352572576544,3.368306851948935e-14
205.3128486844394,13.918940852780542,13.915794778219299,3.2269946864967385,-8.38680536180725,-8.420767129872338e-14
205.11752821342586,14.004484034284598,13.897674353689041,3.2171764874590627,-8.369217065578317,1.1789073981821273e-13
204.92209976322528,14.08995260126492,13.879543862514375,3.207348870172603,-8.351587370372199,5.0524602779234026e-14
204.72656287896027,14.17534657920196,13.861403262516639,3.1975127798971688,-8.333915959366268,5.0524602779234026e-14
204.53091710486936,14.260665994947892,13.84325251151717,3.1876691589434403,-8.316202512373483,-1.6841534259744676e-14
204.33516198428623,14.345910876738357,13.8250915673373,3.177818946649838,-8.298446705783332,-5.0524602779234026e-14
204.13929705961866,14.431081254204086,13.806920387798366,3.1679630793591973,-8.280648212503042,-5.0524602779234026e-14
203.94332187232743,14.51617715838235,13.78873893072171,3.158102490395179,-8.262806701899072,6.73661370389787e-14
203.7472359629053,14.601198621728251,13.770547153928659,3.1482381100384895,-8.244921839738941,0.0
203.5510388708557,14.686145678125825,13.752345015240548,3.138370865502814,-8.226993288133285,1.6841534259744676e-14
203.3547301346714,14.771018362899026,13.734132472478716,3.1285016809105732,-8.209020705478267,-3.368306851948935e-14
203.15830929181303,14.855816712822483,13.715909483464499,3.1186314772683796,-8.191003746398259,1.6841534259744676e-14
202.96177587868766,14.940540766132148,13.69767600601923,3.1087611724423065,-8.172942061688842,5.0524602779234026e-14
202.76512943062704,15.025190562535713,13.67943199796425,3.09889168113286,-8.154835298260107,-1.6841534259744676e-14
202.56836948186609,15.109766143222915,13.661177417120884,3.0890239148497574,-8.136683099080287,1.6841534259744676e-14
202.37149556552086,15.194267550875619,13.642912221310475,3.0791587818864126,-8.118485103119678,6.73661370389787e-14
202.17450721356678,15.278694829677756,13.624636368354356,3.069297187294194,-8.100240945294896,-3.368306851948935e-14
201.97740395681663,15.363048025325051,13.60634981607386,3.05944003285643,-8.081950256413474,-1.6841534259744676e-14
201.78018532489847,15.447327185034649,13.588052522290333,3.0495882170621433,-8.063612663118752,-5.0524602779234026e-14
201.58285084623347,15.531532357554452,13.569744444825096,3.0397426350795405,-8.04522778783513,-1.6841534259744676e-14
201.3854000480135,15.615663593172377,13.551425541499492,3.0299041787292382,-8.026795248713622,-1.6841534259744676e-14
201.18783245617894,15.699720943725374,13.533095770134858,3.0200737364572348,-8.008314659577803,1.6841534259744676e-14
200.99014759539617,15.783704462608283,13.514755088552526,3.010252193307596,-7.989785629870029,-3.368306851948935e-14
200.79234498903494,15.867614204782502,13.496403454573828,3.000440430894914,-7.971207764598073,-6.73661370389787e-14
200.59442415914583,15.951450226784466,13.478040826020111,2.9906393273764493,-7.95258066428204,-3.368306851948935e-14
200.39638462643742,16.035212586733977,13.459667160712701,2.980849757424048,-7.933903924901705,0.0
