galstreams/tracks/track.st.Molonglo.grillmair2017b.ecsv
# %ECSV 1.0
# ---
# datatype:
# - {name: ra, unit: deg, datatype: float64}
# - {name: dec, unit: deg, datatype: float64}
# - {name: distance, unit: kpc, datatype: float64}
# - {name: pm_ra_cosdec, unit: mas / yr, datatype: float64}
# - {name: pm_dec, unit: mas / yr, datatype: float64}
# - {name: radial_velocity, unit: km / s, datatype: float64}
# delimiter: ','
# meta: !!omap
# - __serialized_columns__:
#     dec:
#       __class__: astropy.coordinates.angles.Latitude
#       unit: &id001 !astropy.units.Unit {unit: deg}
#       value: !astropy.table.SerializedColumn {name: dec}
#     distance:
#       __class__: astropy.coordinates.distances.Distance
#       unit: !astropy.units.Unit {unit: kpc}
#       value: !astropy.table.SerializedColumn {name: distance}
#     pm_dec:
#       __class__: astropy.units.quantity.Quantity
#       unit: !astropy.units.Unit {unit: mas / yr}
#       value: !astropy.table.SerializedColumn {name: pm_dec}
#     pm_ra_cosdec:
#       __class__: astropy.units.quantity.Quantity
#       unit: !astropy.units.Unit {unit: mas / yr}
#       value: !astropy.table.SerializedColumn {name: pm_ra_cosdec}
#     ra:
#       __class__: astropy.coordinates.angles.Longitude
#       unit: *id001
#       value: !astropy.table.SerializedColumn {name: ra}
#       wrap_angle: !astropy.coordinates.Angle
#         unit: *id001
#         value: 360.0
#     radial_velocity:
#       __class__: astropy.units.quantity.Quantity
#       unit: !astropy.units.Unit {unit: km / s}
#       value: !astropy.table.SerializedColumn {name: radial_velocity}
# schema: astropy-2.0
ra,dec,distance,pm_ra_cosdec,pm_dec,radial_velocity
[from data line 1413]
358.55478818433954,-15.594100348310864,20.00000000000001,0.0,0.0,0.0
358.5470747336878,-15.58740026004466,20.00000000000001,0.0,0.0,0.0
358.5393621445662,-15.580699506164239,20.000000000000014,0.0,0.0,0.0
358.53165041710366,-15.57399808644849,20.000000000000014,0.0,0.0,0.0
358.5239395514293,-15.567296000676269,20.000000000000014,0.0,0.0,0.0
358.5162295476719,-15.56059324862644,20.00000000000001,0.0,0.0,0.0
358.50852040596055,-15.553889830077845,20.000000000000014,0.0,0.0,0.0
358.50081212642414,-15.547185744809314,20.00000000000001,0.0,0.0,0.0
358.4931047091917,-15.540480992599683,20.000000000000014,0.0,0.0,0.0
358.4853981543922,-15.533775573227752,20.00000000000001,0.0,0.0,0.0
358.4776924621547,-15.527069486472325,20.000000000000014,0.0,0.0,0.0
358.4699876326082,-15.520362732112194,20.000000000000014,0.0,0.0,0.0
358.46228366588167,-15.513655309926138,20.000000000000014,0.0,0.0,0.0
358.4545805621042,-15.506947219692929,20.000000000000014,0.0,0.0,0.0
358.44687832140477,-15.500238461191316,20.00000000000001,0.0,0.0,0.0
358.43917694391257,-15.493529034200048,20.000000000000007,0.0,0.0,0.0
358.4314764297564,-15.486818938497851,20.000000000000014,0.0,0.0,0.0
358.42377677906563,-15.480108173863462,20.000000000000014,0.0,0.0,0.0
358.41607799196913,-15.473396740075582,20.000000000000014,0.0,0.0,0.0
358.4083800685961,-15.466684636912916,20.00000000000001,0.0,0.0,0.0
358.4006830090755,-15.459971864154149,20.000000000000014,0.0,0.0,0.0
358.39298681353665,-15.45325842157796,20.000000000000014,0.0,0.0,0.0
358.3852914821085,-15.446544308963011,20.00000000000001,0.0,0.0,0.0
358.3775970149202,-15.439829526087953,20.000000000000014,0.0,0.0,0.0
358.3699034121008,-15.433114072731438,20.000000000000018,0.0,0.0,0.0
358.36221067377966,-15.426397948672083,20.000000000000014,0.0,0.0,0.0
358.3545188000858,-15.41968115368852,20.000000000000014,0.0,0.0,0.0
358.34682779114837,-15.412963687559344,20.00000000000001,0.0,0.0,0.0
358.33913764709655,-15.406245550063158,20.00000000000001,0.0,0.0,0.0
358.3314483680595,-15.399526740978533,20.00000000000001,0.0,0.0,0.0
358.32375995416646,-15.39280726008405,20.000000000000014,0.0,0.0,0.0
358.3160724055465,-15.386087107158277,20.00000000000001,0.0,0.0,0.0
358.30838572232904,-15.379366281979737,20.00000000000001,0.0,0.0,0.0
358.30069990464307,-15.372644784326978,20.000000000000014,0.0,0.0,0.0
358.2930149526179,-15.365922613978528,20.000000000000014,0.0,0.0,0.0
358.2853308663828,-15.359199770712884,20.000000000000014,0.0,0.0,0.0
358.27764764606695,-15.352476254308558,20.00000000000001,0.0,0.0,0.0
358.2699652917997,-15.345752064544019,20.000000000000014,0.0,0.0,0.0
358.26228380371015,-15.339027201197759,20.000000000000018,0.0,0.0,0.0
358.2546031819277,-15.332301664048234,20.000000000000014,0.0,0.0,0.0
358.24692342658153,-15.325575452873888,20.000000000000018,0.0,0.0,0.0
358.2392445378009,-15.318848567453163,20.000000000000014,0.0,0.0,0.0
358.23156651571526,-15.31212100756448,20.000000000000014,0.0,0.0,0.0
358.2238893604538,-15.30539277298625,20.000000000000014,0.0,0.0,0.0
358.2162130721458,-15.298663863496873,20.000000000000018,0.0,0.0,0.0
358.20853765092073,-15.291934278874738,20.000000000000014,0.0,0.0,0.0
358.2008630969077,-15.285204018898222,20.000000000000014,0.0,0.0,0.0
358.1931894102362,-15.278473083345672,20.000000000000014,0.0,0.0,0.0
358.18551659103554,-15.271741471995457,20.00000000000001,0.0,0.0,0.0
358.1778446394351,-15.265009184625896,20.00000000000001,0.0,0.0,0.0
358.17017355556413,-15.258276221015324,20.000000000000014,0.0,0.0,0.0
358.16250333955213,-15.251542580942042,20.00000000000001,0.0,0.0,0.0
358.1548339915284,-15.24480826418435,20.00000000000001,0.0,0.0,0.0
358.14716551162235,-15.238073270520538,20.00000000000001,0.0,0.0,0.0
358.1394978999635,-15.231337599728867,20.00000000000002,0.0,0.0,0.0
358.1318311566811,-15.224601251587607,20.000000000000014,0.0,0.0,0.0
358.1241652819045,-15.217864225875003,20.00000000000001,0.0,0.0,0.0
358.1165002757633,-15.211126522369273,20.000000000000014,0.0,0.0,0.0
358.1088361383869,-15.204388140848657,20.00000000000001,0.0,0.0,0.0
358.1011728699047,-15.197649081091345,20.00000000000001,0.0,0.0,0.0
358.09351047044606,-15.190909342875537,20.000000000000018,0.0,0.0,0.0
358.08584894014064,-15.184168925979405,20.00000000000002,0.0,0.0,0.0
358.0781882791178,-15.177427830181129,20.000000000000018,0.0,0.0,0.0
358.070528487507,-15.170686055258853,20.000000000000018,0.0,0.0,0.0
358.0628695654377,-15.163943600990715,20.000000000000018,0.0,0.0,0.0
358.0552115130395,-15.157200467154848,20.000000000000014,0.0,0.0,0.0
358.04755433044187,-15.150456653529357,20.000000000000014,0.0,0.0,0.0
358.0398980177743,-15.143712159892347,20.00000000000001,0.0,0.0,0.0
358.03224257516626,-15.136966986021902,20.000000000000014,0.0,0.0,0.0
358.0245880027473,-15.13022113169609,20.000000000000014,0.0,0.0,0.0
358.016934300647,-15.123474596692974,20.00000000000001,0.0,0.0,0.0
358.0092814689949,-15.1167273807906,20.000000000000018,0.0,0.0,0.0
358.00162950792054,-15.109979483766994,20.000000000000014,0.0,0.0,0.0
357.9939784175535,-15.103230905400174,20.000000000000018,0.0,0.0,0.0
357.98632819802333,-15.096481645468156,20.000000000000014,0.0,0.0,0.0
357.9786788494596,-15.089731703748907,20.00000000000001,0.0,0.0,0.0
357.9710303719919,-15.082981080020419,20.000000000000014,0.0,0.0,0.0
357.9633827657498,-15.076229774060645,20.000000000000014,0.0,0.0,0.0
357.9557360308631,-15.069477785647539,20.000000000000014,0.0,0.0,0.0
357.9480901674612,-15.062725114559035,20.000000000000014,0.0,0.0,0.0
357.94044517567374,-15.055971760573048,20.000000000000018,0.0,0.0,0.0
357.9328010556305,-15.049217723467482,20.000000000000007,0.0,0.0,0.0
357.92515780746095,-15.042463003020234,20.000000000000014,0.0,0.0,0.0
357.9175154312948,-15.035707599009188,20.000000000000007,0.0,0.0,0.0
357.90987392726174,-15.028951511212185,20.000000000000007,0.0,0.0,0.0
357.90223329549144,-15.022194739407086,20.00000000000001,0.0,0.0,0.0
357.8945935361135,-15.015437283371734,20.000000000000007,0.0,0.0,0.0
357.88695464925775,-15.008679142883937,20.00000000000001,0.0,0.0,0.0
357.8793166350537,-15.001920317721506,20.000000000000007,0.0,0.0,0.0
357.87167949363123,-14.995160807662227,20.000000000000007,0.0,0.0,0.0
357.86404322511993,-14.988400612483883,20.000000000000014,0.0,0.0,0.0
357.8564078296495,-14.981639731964231,20.000000000000007,0.0,0.0,0.0
357.8487733073498,-14.97487816588102,20.00000000000001,0.0,0.0,0.0
357.8411396583504,-14.96811591401198,20.00000000000001,0.0,0.0,0.0
357.83350688278125,-14.96135297613484,20.000000000000007,0.0,0.0,0.0
357.82587498077186,-14.954589352027293,20.000000000000007,0.0,0.0,0.0
357.8182439524522,-14.947825041467027,20.00000000000001,0.0,0.0,0.0
357.8106137979519,-14.941060044231724,20.000000000000007,0.0,0.0,0.0
357.8029845174008,-14.934294360099033,20.000000000000007,0.0,0.0,0.0
357.7953561109287,-14.927527988846611,20.00000000000001,0.0,0.0,0.0
357.7877285786653,-14.920760930252081,20.00000000000001,0.0,0.0,0.0
357.78010192074055,-14.913993184093053,20.00000000000001,0.0,0.0,0.0
357.7724761372841,-14.907224750147133,20.00000000000001,0.0,0.0,0.0
357.764851228426,-14.9004556281919,20.00000000000001,0.0,0.0,0.0
357.75722719429587,-14.893685818004924,20.000000000000014,0.0,0.0,0.0
357.7496040350236,-14.886915319363766,20.00000000000001,0.0,0.0,0.0
357.74198175073906,-14.880144132045952,20.000000000000007,0.0,0.0,0.0
357.7343603415721,-14.87337225582902,20.000000000000007,0.0,0.0,0.0
357.7267398076526,-14.866599690490467,20.00000000000001,0.0,0.0,0.0
357.71912014911044,-14.859826435807802,20.000000000000007,0.0,0.0,0.0
357.7115013660754,-14.853052491558485,20.000000000000014,0.0,0.0,0.0
357.7038834586775,-14.846277857519988,20.00000000000001,0.0,0.0,0.0
357.6962664270466,-14.839502533469757,20.000000000000007,0.0,0.0,0.0
357.68865027131255,-14.832726519185213,20.000000000000014,0.0,0.0,0.0
357.6810349916054,-14.825949814443794,20.00000000000001,0.0,0.0,0.0
357.67342058805485,-14.819172419022882,20.00000000000001,0.0,0.0,0.0
357.665807060791,-14.812394332699869,20.000000000000014,0.0,0.0,0.0
357.65819440994375,-14.80561555525213,20.000000000000007,0.0,0.0,0.0
357.65058263564305,-14.79883608645701,20.000000000000007,0.0,0.0,0.0
357.6429717380189,-14.792055926091841,20.00000000000001,0.0,0.0,0.0
357.6353617172012,-14.785275073933969,20.00000000000001,0.0,0.0,0.0
357.6277525733199,-14.77849352976067,20.000000000000014,0.0,0.0,0.0
357.6201443065051,-14.771711293349263,20.00000000000001,0.0,0.0,0.0
357.61253691688665,-14.764928364477003,20.000000000000007,0.0,0.0,0.0
357.60493040459465,-14.758144742921154,20.00000000000001,0.0,0.0,0.0
357.59732476975904,-14.751360428458959,20.00000000000001,0.0,0.0,0.0
357.58972001250993,-14.744575420867653,20.000000000000007,0.0,0.0,0.0
357.5821161329772,-14.73778971992444,20.00000000000001,0.0,0.0,0.0
357.57451313129104,-14.731003325406508,20.000000000000007,0.0,0.0,0.0
357.56691100758144,-14.724216237091044,20.000000000000007,0.0,0.0,0.0
357.5593097619784,-14.717428454755211,20.00000000000001,0.0,0.0,0.0
357.551709394612,-14.710639978176154,20.000000000000007,0.0,0.0,0.0
357.54410990561234,-14.703850807130996,20.000000000000007,0.0,0.0,0.0
357.53651129510945,-14.697060941396861,20.000000000000014,0.0,0.0,0.0
357.52891356323346,-14.69027038075084,20.000000000000007,0.0,0.0,0.0
357.52131671011443,-14.683479124970017,20.000000000000014,0.0,0.0,0.0
357.5137207358824,-14.676687173831455,20.000000000000014,0.0,0.0,0.0
357.5061256406677,-14.669894527112199,20.000000000000014,0.0,0.0,0.0
357.4985314246001,-14.663101184589294,20.000000000000007,0.0,0.0,0.0
357.49093808781004,-14.65630714603974,20.00000000000001,0.0,0.0,0.0
357.48334563042755,-14.649512411240535,20.000000000000007,0.0,0.0,0.0
357.47575405258266,-14.642716979968668,20.00000000000001,0.0,0.0,0.0
357.46816335440576,-14.635920852001103,20.000000000000007,0.0,0.0,0.0
357.46057353602674,-14.629124027114788,20.000000000000007,0.0,0.0,0.0
357.45298459757595,-14.62232650508666,20.000000000000007,0.0,0.0,0.0
357.44539653918355,-14.615528285693621,20.000000000000007,0.0,0.0,0.0
357.4378093609796,-14.608729368712577,20.000000000000007,0.0,0.0,0.0
357.4302230630944,-14.60192975392041,20.000000000000007,0.0,0.0,0.0
357.4226376456582,-14.59512944109398,20.00000000000001,0.0,0.0,0.0
357.4150531088011,-14.58832843001014,20.0,0.0,0.0,0.0
357.40746945265334,-14.581526720445707,20.000000000000007,0.0,0.0,0.0
357.3998866773452,-14.574724312177514,20.000000000000007,0.0,0.0,0.0
357.39230478300686,-14.567921204982346,20.000000000000004,0.0,0.0,0.0
357.38472376976864,-14.56111739863698,20.000000000000014,0.0,0.0,0.0
357.37714363776064,-14.554312892918187,20.000000000000007,0.0,0.0,0.0
357.36956438711326,-14.547507687602701,20.000000000000004,0.0,0.0,0.0
357.3619860179568,-14.540701782467256,20.000000000000007,0.0,0.0,0.0
357.3544085304213,-14.533895177288555,20.000000000000007,0.0,0.0,0.0
357.34683192463734,-14.527087871843298,20.000000000000007,0.0,0.0,0.0
357.33925620073506,-14.520279865908165,20.000000000000007,0.0,0.0,0.0
357.3316813588448,-14.513471159259797,20.000000000000007,0.0,0.0,0.0
357.3241073990968,-14.50666175167485,20.000000000000007,0.0,0.0,0.0
357.3165343216215,-14.499851642929942,20.000000000000007,0.0,0.0,0.0
357.3089621265491,-14.493040832801675,20.00000000000001,0.0,0.0,0.0
357.30139081401,-14.486229321066645,20.0,0.0,0.0,0.0
357.29382038413456,-14.479417107501412,20.000000000000004,0.0,0.0,0.0
357.28625083705316,-14.472604191882533,20.000000000000007,0.0,0.0,0.0
357.278682172896,-14.465790573986546,20.000000000000004,0.0,0.0,0.0
357.2711143917936,-14.458976253589963,20.000000000000014,0.0,0.0,0.0
357.26354749387633,-14.45216123046929,20.000000000000007,0.0,0.0,0.0
357.25598147927457,-14.445345504401,20.000000000000007,0.0,0.0,0.0
357.24841634811867,-14.438529075161563,20.000000000000007,0.0,0.0,0.0
357.24085210053903,-14.431711942527425,20.000000000000014,0.0,0.0,0.0
357.2332887366661,-14.424894106275007,20.000000000000007,0.0,0.0,0.0
357.22572625663025,-14.418075566180736,20.000000000000007,0.0,0.0,0.0
357.218164660562,-14.411256322020977,20.000000000000007,0.0,0.0,0.0
357.2106039485917,-14.404436373572121,20.000000000000007,0.0,0.0,0.0
357.2030441208498,-14.397615720610519,20.00000000000001,0.0,0.0,0.0
357.1954851774668,-14.390794362912516,20.000000000000004,0.0,0.0,0.0
357.1879271185731,-14.383972300254419,20.000000000000004,0.0,0.0,0.0
357.18036994429923,-14.377149532412536,20.000000000000004,0.0,0.0,0.0
357.1728136547756,-14.370326059163146,20.000000000000004,0.0,0.0,0.0
357.1652582501328,-14.363501880282518,20.000000000000007,0.0,0.0,0.0
357.1577037305013,-14.356676995546898,20.000000000000004,0.0,0.0,0.0
357.15015009601143,-14.349851404732513,20.0,0.0,0.0,0.0
357.14259734679393,-14.343025107615563,20.000000000000007,0.0,0.0,0.0
357.1350454829792,-14.336198103972253,20.000000000000004,0.0,0.0,0.0
357.1274945046978,-14.329370393578749,20.0,0.0,0.0,0.0
357.1199444120802,-14.322541976211202,20.000000000000004,0.0,0.0,0.0
357.1123952052571,-14.31571285164575,20.000000000000004,0.0,0.0,0.0
357.1048468843589,-14.308883019658504,20.000000000000004,0.0,0.0,0.0
357.0972994495162,-14.302052480025568,20.000000000000007,0.0,0.0,0.0
357.0897529008596,-14.29522123252302,20.000000000000004,0.0,0.0,0.0
357.0822072385197,-14.288389276926916,20.000000000000007,0.0,0.0,0.0
357.074662462627,-14.281556613013299,20.000000000000004,0.0,0.0,0.0
357.06711857331214,-14.2747232405582,20.000000000000004,0.0,0.0,0.0
357.0595755707058,-14.267889159337608,20.000000000000007,0.0,0.0,0.0
357.0520334549385,-14.261054369127516,20.000000000000007,0.0,0.0,0.0
357.04449222614085,-14.254218869703893,20.0,0.0,0.0,0.0
357.0369518844435,-14.247382660842677,20.0,0.0,0.0,0.0
357.02941242997707,-14.2405457423198,20.000000000000004,0.0,0.0,0.0
357.0218738628723,-14.233708113911172,20.0,0.0,0.0,0.0
357.0143361832598,-14.226869775392682,20.000000000000004,0.0,0.0,0.0
357.0067993912701,-14.220030726540193,20.000000000000007,0.0,0.0,0.0
356.999263487034,-14.21319096712957,20.0,0.0,0.0,0.0
356.9917284706821,-14.20635049693663,20.000000000000007,0.0,0.0,0.0
356.9841943423453,-14.19950931573719,20.0,0.0,0.0,0.0
356.976661102154,-14.19266742330705,20.0,0.0,0.0,0.0
356.96912875023907,-14.185824819421974,20.000000000000004,0.0,0.0,0.0
356.9615972867312,-14.178981503857722,20.000000000000007,0.0,0.0,0.0
356.9540667117611,-14.172137476390033,20.000000000000004,0.0,0.0,0.0
356.94653702545946,-14.165292736794607,20.0,0.0,0.0,0.0
356.93900822795706,-14.158447284847162,20.0,0.0,0.0,0.0
356.9314803193846,-14.151601120323349,20.0,0.0,0.0,0.0
356.92395329987295,-14.14475424299884,20.0,0.0,0.0,0.0
356.9164271695528,-14.137906652649276,19.999999999999996,0.0,0.0,0.0
356.90890192855477,-14.13105834905026,20.0,0.0,0.0,0.0
356.90137757700995,-14.124209331977406,20.0,0.0,0.0,0.0
356.89385411504884,-14.117359601206273,19.999999999999996,0.0,0.0,0.0
356.8863315428024,-14.11050915651243,20.0,0.0,0.0,0.0
356.87880986040136,-14.10365799767142,20.0,0.0,0.0,0.0
356.8712890679766,-14.096806124458746,20.000000000000004,0.0,0.0,0.0
356.8637691656589,-14.089953536649922,20.0,0.0,0.0,0.0
356.85625015357897,-14.08310023402041,20.0,0.0,0.0,0.0
356.8487320318679,-14.07624621634568,20.0,0.0,0.0,0.0
356.8412148006563,-14.069391483401168,20.0,0.0,0.0,0.0
356.8336984600752,-14.062536034962287,20.0,0.0,0.0,0.0
356.8261830102553,-14.055679870804441,19.999999999999996,0.0,0.0,0.0
356.81866845132765,-14.048822990703007,19.999999999999996,0.0,0.0,0.0
356.811154783423,-14.041965394433337,20.0,0.0,0.0,0.0
356.80364200667225,-14.035107081770771,20.0,0.0,0.0,0.0
356.79613012120626,-14.02824805249063,19.999999999999996,0.0,0.0,0.0
356.7886191271561,-14.0213883063682,20.0,0.0,0.0,0.0
356.7811090246525,-14.014527843178767,20.0,0.0,0.0,0.0
356.7735998138264,-14.007666662697579,19.999999999999996,0.0,0.0,0.0
356.7660914948089,-14.000804764699883,20.0,0.0,0.0,0.0
356.75858406773074,-13.99394214896088,20.0,0.0,0.0,0.0
356.75107753272295,-13.987078815255769,20.0,0.0,0.0,0.0
