galstreams/tracks/track.st.Gaia-1.ibata2021.ecsv
# %ECSV 1.0
# ---
# datatype:
# - {name: ra, unit: deg, datatype: float64}
# - {name: dec, unit: deg, datatype: float64}
# - {name: distance, unit: kpc, datatype: float64}
# - {name: pm_ra_cosdec, unit: mas / yr, datatype: float64}
# - {name: pm_dec, unit: mas / yr, datatype: float64}
# - {name: radial_velocity, unit: km / s, datatype: float64}
# delimiter: ','
# meta: !!omap
# - __serialized_columns__:
#     dec:
#       __class__: astropy.coordinates.angles.Latitude
#       unit: &id001 !astropy.units.Unit {unit: deg}
#       value: !astropy.table.SerializedColumn {name: dec}
#     distance:
#       __class__: astropy.coordinates.distances.Distance
#       unit: !astropy.units.Unit {unit: kpc}
#       value: !astropy.table.SerializedColumn {name: distance}
#     pm_dec:
#       __class__: astropy.units.quantity.Quantity
#       unit: !astropy.units.Unit {unit: mas / yr}
#       value: !astropy.table.SerializedColumn {name: pm_dec}
#     pm_ra_cosdec:
#       __class__: astropy.units.quantity.Quantity
#       unit: !astropy.units.Unit {unit: mas / yr}
#       value: !astropy.table.SerializedColumn {name: pm_ra_cosdec}
#     ra:
#       __class__: astropy.coordinates.angles.Longitude
#       unit: *id001
#       value: !astropy.table.SerializedColumn {name: ra}
#       wrap_angle: !astropy.coordinates.Angle
#         unit: *id001
#         value: 360.0
#     radial_velocity:
#       __class__: astropy.units.quantity.Quantity
#       unit: !astropy.units.Unit {unit: km / s}
#       value: !astropy.table.SerializedColumn {name: radial_velocity}
# schema: astropy-2.0
ra,dec,distance,pm_ra_cosdec,pm_dec,radial_velocity
[from data line 3371]
202.76526301955903,6.831045910429485,4.551092065217889,-16.822197514971656,-20.897587073449685,-9.99502356419781
202.77118270866393,6.839139344132886,4.5502868775590715,-16.82325974542167,-20.896854610421453,-9.999521780357112
202.7771024322034,6.8472328233325825,4.549480964503184,-16.824321619757793,-20.896120758557927,-10.003735780412763
202.78302219016726,6.8553263481242235,4.5486743257613895,-16.82538313771793,-20.895385517850176,-10.007665317325317
202.78894198254517,6.863419918603461,4.547866961044855,-16.82644429903987,-20.894648888289346,-10.01131014405606
202.7948618093269,6.871513534865944,4.547058870064751,-16.827505103461235,-20.893910869866637,-10.014670013565516
202.80078167050223,6.879607197007364,4.546250052532243,-16.82856555071953,-20.893171462573353,-10.017744678814644
202.80670156606095,6.8877009051234275,4.5454405081584985,-16.829625640552155,-20.892430666400863,-10.02053389276457
202.81262149599277,6.895794659309835,4.544630236654684,-16.830685372696337,-20.891688481340623,-10.023037408376158
202.81854146028755,6.903888459662338,4.54381923773197,-16.831744746889186,-20.89094490738415,-10.025254978610219
202.824461458935,6.911982306276674,4.543007511101521,-16.832803762867663,-20.89019994452304,-10.027186356427519
202.83038149192492,6.920076199248612,4.542195056474505,-16.833862420368636,-20.889453592748985,-10.028831294789072
202.83630155924718,6.92817013867394,4.541381873562091,-16.834920719128792,-20.888705852053736,-10.030189546655896
202.8422216608915,6.93626412464845,4.540567962075444,-16.835978658884734,-20.887956722429134,-10.031260864988859
202.84814179684778,6.9443581572679625,4.539753321725735,-16.83703623937288,-20.887206203867088,-10.032045002748788
202.85406196710576,6.952452236628323,4.538937952224128,-16.838093460329553,-20.886454296359588,-10.032541712896663
202.85998217165533,6.960546362825363,4.538121853281792,-16.839150321490926,-20.885700999898685,-10.03275074839334
202.86590241048629,6.96864053595497,4.537305024609894,-16.84020682259305,-20.884946314476544,-10.032671862199631
202.8718226835885,6.976734756113013,4.5364874659196,-16.84126296337183,-20.88419024008538,-10.032304807276715
202.8777429909518,6.984829023395403,4.535669176922079,-16.84231874356306,-20.8834327767175,-10.03164933658521
202.88366333256602,6.992923337898048,4.5348501573285,-16.843374162902368,-20.88267392436527,-10.030705203086146
202.88958370842104,7.0010176997169005,4.534030406850028,-16.84442922112528,-20.881913683021153,-10.029472159740342
202.89550411850672,7.009112108947902,4.5332099251978315,-16.84548391796717,-20.881152052677674,-10.027949959508701
202.90142456281296,7.017206565687026,4.532388712083078,-16.846538253163292,-20.88038903332745,-10.026138355352307
202.90734504132962,7.025301070030257,4.531566767216933,-16.847592226448754,-20.879624624963164,-10.02403710023187
202.9132655540466,7.033395622073605,4.530744090310567,-16.848645837558546,-20.878858827577577,-10.021645947108562
202.91918610095377,7.041490221913079,4.529920681075146,-16.849699086227513,-20.878091641163557,-10.018964648942806
202.92510668204105,7.04958486964472,4.529096539221838,-16.85075197219038,-20.877323065714002,-10.015992958695888
202.93102729729836,7.057679565364598,4.528271664461808,-16.851804495181725,-20.876553101221923,-10.012730629328722
202.93694794671563,7.065774309168778,4.527446056506227,-16.85285665493599,-20.875781747680385,-10.00917741380215
202.94286863028273,7.0738691011533446,4.52661971506626,-16.853908451187515,-20.875009005082553,-10.005333065076861
202.9487893479896,7.081963941414408,4.5257926398530754,-16.854959883670464,-20.874234873421656,-10.001197336113862
202.9547100998262,7.0900588300480925,4.524964830577841,-16.856010952118908,-20.873459352691018,-9.99676997987423
202.96063088578248,7.098153767150539,4.524136286951723,-16.857061656266765,-20.87268244288401,-9.992050749318782
202.96655170584836,7.1062487528179155,4.52330700868589,-16.85811199584782,-20.871904143994126,-9.987039397408356
202.9724725600138,7.114343787146386,4.52247699549151,-16.85916197059573,-20.871124456014883,-9.981735677103925
202.9783934482688,7.122438870232152,4.521646247079745,-16.86021158024402,-20.870343378939936,-9.976139341366363
202.9843143706033,7.1305340021714185,4.520814763161772,-16.86126082452607,-20.869560912762942,-9.97025014315649
202.99023532700727,7.138629183060421,4.51998254344875,-16.862309703175157,-20.86877705747774,-9.964067835435381
202.9961563174707,7.146724412995397,4.519149587651851,-16.863358215924396,-20.86799181307814,-9.95759217116391
203.0020773419836,7.154819692072617,4.5183158954822416,-16.864406362506784,-20.867205179558113,-9.95082290330279
203.00799840053594,7.162915020388368,4.517481466651088,-16.865454142655175,-20.866417156911645,-9.943759784813077
203.01391949311778,7.171010398038936,4.5166463008695565,-16.86650155610231,-20.865627745132866,-9.93640256865582
203.01984061971905,7.179105825120639,4.515810397848819,-16.867548602580765,-20.864836944215913,-9.928751007791599
203.02576178032982,7.187201301729812,4.514973757300041,-16.86859528182302,-20.86404475415506,-9.920804855181428
203.03168297494005,7.195296827962803,4.5141363789343885,-16.8696415935614,-20.863251174944633,-9.912563863786273
203.03760420353987,7.203392403915989,4.513298262463029,-16.870687537528102,-20.862456206579033,-9.904027786567033
203.04352546611932,7.211488029685754,4.512459407597131,-16.871733113455196,-20.861659849052753,-9.895196376484687
203.04944676266834,7.219583705368495,4.511619814047861,-16.872778321074627,-20.86086210236037,-9.886069386499967
203.05536809317707,7.22767943106064,4.510779481526388,-16.873823160118164,-20.860062966496503,-9.876646569573746
203.06128945763555,7.2357752068586265,4.509938409743878,-16.874867630317514,-20.859262441455897,-9.866927678667306
203.06721085603385,7.243871032858904,4.5090965984114995,-16.875911731404187,-20.858460527233348,-9.856912466741278
203.07313228836202,7.251966909157959,4.5082540472404204,-16.876955463109596,-20.857657223823725,-9.846600686756382
203.07905375461016,7.260062835852282,4.507410755941804,-16.877998825165022,-20.856852531222007,-9.835992091673711
203.08497525476835,7.268158813038375,4.506566724226823,-16.879041817301598,-20.85604644942323,-9.825086434454237
203.09089678882668,7.276254840812778,4.505721951806641,-16.880084439250325,-20.855238978422495,-9.813883468058815
203.0968183567753,7.284350919272024,4.5048764383924285,-16.881126690742086,-20.854430118215006,-9.802382945448237
203.10273995860425,7.292447048512671,4.504030183695353,-16.882168571507624,-20.853619868796038,-9.79058461958359
203.10866159430367,7.300543228631323,4.503183187426579,-16.883210081277547,-20.852808230160957,-9.778488243425565
203.11458326386372,7.308639459724562,4.502335449297275,-16.884251219782335,-20.851995202305186,-9.7660935699353
203.12050496727448,7.31673574188902,4.501486969018608,-16.88529198675235,-20.85118078522424,-9.753400352073522
203.12642670452612,7.324832075221311,4.500637746301748,-16.886332381917782,-20.85036497891371,-9.740408342801173
203.13234847560878,7.332928459818107,4.499787780857861,-16.887372405008726,-20.849547783369264,-9.727117295079246
203.13827028051256,7.341024895776062,4.498937072398113,-16.888412055755133,-20.848729198586653,-9.713526961868583
203.1441921192277,7.349121383191881,4.498085620633673,-16.889451333886814,-20.847909224561707,-9.69963709613005
203.15011399174432,7.357217922162266,4.497233425275709,-16.890490239133467,-20.84708786129034,-9.685447450824586
203.1560358980526,7.365314512783939,4.496380486035387,-16.891528771224635,-20.846265108768524,-9.670957778912973
203.1619578381427,7.373411155153642,4.495526802623875,-16.892566929889753,-20.84544096699235,-9.656167833356356
203.16787981200483,7.381507849368143,4.494672374752339,-16.8936047148581,-20.84461543595795,-9.641077367115432
203.1738018196292,7.389604595524209,4.493817202131949,-16.89464212585884,-20.84378851566155,-9.625686133151264
203.17972386100595,7.3977013937186555,4.492961284473871,-16.89567916262099,-20.84296020609946,-9.609993884424627
203.18564593612535,7.405798244048279,4.492104621489275,-16.89671582487346,-20.842130507268063,-9.594000373896407
203.1915680449776,7.413895146609929,4.491247212889322,-16.897752112345003,-20.841299419163818,-9.57770535452774
203.1974901875529,7.421992101500451,4.490389058385184,-16.89878802476426,-20.84046694178328,-9.561108579279262
203.20341236384147,7.430089108816716,4.489530157688031,-16.899823561859705,-20.83963307512306,-9.544209801112064
203.2093345738336,7.438186168655599,4.488670510509025,-16.900858723359732,-20.83879781917988,-9.527008772986834
203.21525681751947,7.446283281114025,4.487810116559339,-16.90189350899255,-20.837961173950493,-9.509505247864613
203.22117909488938,7.454380446288917,4.486948975550133,-16.90292791848629,-20.8371231394318,-9.491698978706264
203.22710140593355,7.462477664277214,4.486087087192581,-16.903961951568906,-20.836283715620713,-9.473589718472889
203.23302375064225,7.470574935175878,4.485224451197848,-16.904995607968242,-20.835442902514263,-9.45517722012499
203.2389461290058,7.478672259081885,4.4843610672771,-16.906028887412003,-20.83460070010956,-9.436461236623892
203.2448685410144,7.486769636092228,4.483496935141511,-16.90706178962776,-20.833757108403773,-9.417441520930165
203.25079098665842,7.494867066303947,4.482632054502238,-16.90809431434297,-20.832912127394174,-9.398117826005079
203.25671346592807,7.502964549814055,4.4817664250704565,-16.909126461284934,-20.8320657570781,-9.37848990480895
