galstreams/tracks/track.st.Gaia-1.ibata2021.ecsv
# %ECSV 1.0
# ---
# datatype:
# - {name: ra, unit: deg, datatype: float64}
# - {name: dec, unit: deg, datatype: float64}
# - {name: distance, unit: kpc, datatype: float64}
# - {name: pm_ra_cosdec, unit: mas / yr, datatype: float64}
# - {name: pm_dec, unit: mas / yr, datatype: float64}
# - {name: radial_velocity, unit: km / s, datatype: float64}
# delimiter: ','
# meta: !!omap
# - __serialized_columns__:
#     dec:
#       __class__: astropy.coordinates.angles.Latitude
#       unit: &id001 !astropy.units.Unit {unit: deg}
#       value: !astropy.table.SerializedColumn {name: dec}
#     distance:
#       __class__: astropy.coordinates.distances.Distance
#       unit: !astropy.units.Unit {unit: kpc}
#       value: !astropy.table.SerializedColumn {name: distance}
#     pm_dec:
#       __class__: astropy.units.quantity.Quantity
#       unit: !astropy.units.Unit {unit: mas / yr}
#       value: !astropy.table.SerializedColumn {name: pm_dec}
#     pm_ra_cosdec:
#       __class__: astropy.units.quantity.Quantity
#       unit: !astropy.units.Unit {unit: mas / yr}
#       value: !astropy.table.SerializedColumn {name: pm_ra_cosdec}
#     ra:
#       __class__: astropy.coordinates.angles.Longitude
#       unit: *id001
#       value: !astropy.table.SerializedColumn {name: ra}
#       wrap_angle: !astropy.coordinates.Angle
#         unit: *id001
#         value: 360.0
#     radial_velocity:
#       __class__: astropy.units.quantity.Quantity
#       unit: !astropy.units.Unit {unit: km / s}
#       value: !astropy.table.SerializedColumn {name: radial_velocity}
# schema: astropy-2.0
ra,dec,distance,pm_ra_cosdec,pm_dec,radial_velocity
[from data line 2102]
195.28500609184854,-3.434357849711327,5.086945918960301,-15.262042724889662,-20.7183615805446,140.40041704335874
195.29087210173572,-3.4262481852336717,5.086828514576074,-15.263391943562812,-20.71936192167978,140.23431640121663
195.29673816273174,-3.418138591368652,5.086710751323295,-15.264741029505247,-20.720360935322756,140.06818648256444
195.30260427482176,-3.410029068022402,5.0865926289131345,-15.266089982625765,-20.721358621394838,139.90202753444163
195.30847043799096,-3.4019196151010647,5.086474147056757,-15.267438802833048,-20.72235497981737,139.73583980388685
195.31433665222448,-3.3938102325107997,5.0863553054653305,-15.268787490035646,-20.723350010511748,139.5696235379392
195.3202029175075,-3.385700920157787,5.086236103850021,-15.270136044142,-20.724343713399424,139.40337898363808
195.32606923382514,-3.377591677948203,5.086116541922,-15.271484465060375,-20.725336088401793,139.23710638802237
195.3319356011626,-3.3694825057882563,5.0859966193924295,-15.272832752698967,-20.726327135440407,139.07080599813128
195.337802019505,-3.361373403584161,5.085876335972482,-15.274180906965796,-20.727316854436765,138.90447806100389
195.34366848883758,-3.3532643712421417,5.085755691373323,-15.275528927768779,-20.72830524531242,138.73812282367925
195.34953500914546,-3.3451554086684445,5.085634685306117,-15.276876815015697,-20.729292307989006,138.57174053319648
195.35540158041377,-3.3370465157693276,5.085513317482038,-15.278224568614197,-20.730278042388107,138.40533143659474
195.36126820262774,-3.3289376924510545,5.085391587612246,-15.27957218847182,-20.73126244843143,138.23889578091297
195.3671348757725,-3.3208289386199126,5.085269495407916,-15.280919674495944,-20.73224552604065,138.07243381319037
195.37300159983323,-3.3127202541822016,5.085147040580209,-15.282267026593853,-20.733227275137523,137.90594578046617
195.3788683747951,-3.3046116390442264,5.085024222840295,-15.283614244672686,-20.734207695643818,137.73943192977913
195.38473520064326,-3.2965030931123143,5.084901041899343,-15.284961328639442,-20.735186787481325,137.57289250816868
195.39060207736296,-3.288394616292807,5.084777497468518,-15.286308278401021,-20.736164550571903,137.40632776267364
195.39646900493926,-3.2802862084920488,5.084653589258986,-15.287655093864167,-20.737140984837442,137.2397379403333
195.4023359833574,-3.2721778696164083,5.084529316981919,-15.289001774935503,-20.738116090199817,137.07312328818674
195.40820301260257,-3.26406959957227,5.084404680348481,-15.290348321521531,-20.739089866581,136.90648405327303
195.41407009265993,-3.255961398266015,5.084279679069841,-15.291694733528633,-20.74006231390298,136.73982048263116
195.41993722351464,-3.247853265604054,5.084154312857166,-15.293041010863027,-20.74103343208776,136.57313282330037
195.4258044051519,-3.23974520149281,5.084028581421624,-15.29438715343084,-20.742003221057406,136.40642132231977
195.43167163755686,-3.231637205838711,5.083902484474382,-15.29573316113804,-20.742971680733987,136.23968622672837
195.43753892071476,-3.2235292785482,5.083776021726607,-15.297079033890506,-20.743938811039648,136.07292778356518
195.44340625461072,-3.2154214195277464,5.0836491928894665,-15.29842477159394,-20.74490461189654,135.90614623986949
195.44927363922994,-3.207313628683811,5.0835219976741275,-15.299770374153958,-20.745869083226868,135.73934184268023
195.45514107455762,-3.1992059059228857,5.083394435791759,-15.30111584147601,-20.74683222495284,135.57251483903678
195.46100856057896,-3.1910982511514745,5.083266506953526,-15.30246117346546,-20.74779403699675,135.40566547597788
195.4668760972791,-3.18299066427608,5.083138210870599,-15.303806370027491,-20.748754519280876,135.23879400054278
195.47274368464332,-3.174883145203233,5.083009547254145,-15.305151431067209,-20.749713671727562,135.0719006597705
195.47861132265666,-3.166775693839475,5.08288051581533,-15.306496356489548,-20.750671494259176,134.9049857007005
195.48447901130447,-3.1586683100913526,5.082751116265321,-15.307841146199348,-20.751627986798148,134.73804937037133
195.49034675057183,-3.150560993865434,5.0826213483152864,-15.3091858001013,-20.7525831492669,134.57109191582242
195.49621454044396,-3.1424537450682997,5.082491211676393,-15.31053031809997,-20.753536981587928,134.4041135840928
195.50208238090607,-3.1343465636065395,5.082360706059808,-15.311874700099793,-20.754489483683724,134.23711462222172
195.50795027194337,-3.126239449386757,5.082229831176701,-15.313218946005081,-20.75544065547685,134.07009527724796
195.513818213541,-3.1181324023155703,5.082098586738238,-15.314563055720019,-20.7563904968899,133.90305579621088
195.51968620568422,-3.1100254222996164,5.081966972455586,-15.315907029148649,-20.757339007845477,133.73599642614946
195.5255542483582,-3.1019185092455293,5.081834988039913,-15.317250866194904,-20.75828618826627,133.5689174141027
195.53142234154814,-3.0938116630599746,5.081702633202386,-15.318594566762563,-20.759232038074938,133.4018190071098
195.53729048523923,-3.0857048836496195,5.081569907654172,-15.319938130755308,-20.76017655719423,133.23470145220998
195.5431586794167,-3.0775981709211453,5.081436811106441,-15.321281558076667,-20.76111974554692,133.06756499644212
195.5490269240657,-3.069491524781248,5.081303343270357,-15.322624848630035,-20.762061603055784,132.90040988684555
195.55489521917153,-3.0613849451366413,5.08116950385709,-15.323968002318697,-20.763002129643667,132.73323637045925
195.56076356471934,-3.0532784318940402,5.0810352925778055,-15.325311019045811,-20.763941325233453,132.5660446943221
195.56663196069428,-3.0451719849601853,5.080900709143673,-15.326653898714385,-20.76487918974805,132.39883510547364
195.57250040708163,-3.037065604241823,5.080765753265859,-15.327996641227307,-20.765815723110382,132.2316078509526
195.57836890386662,-3.0289592896457087,5.08063042465553,-15.329339246487354,-20.76675092524347,132.06436317779816
195.5842374510344,-3.02085304107862,5.080494723023854,-15.33068171439714,-20.76768479607029,131.89710133304953
195.59010604857022,-3.012746858447347,5.080358648081998,-15.332024044859171,-20.768617335513916,131.72982256374573
195.59597469645925,-3.004640741658678,5.080222199541133,-15.333366237775817,-20.76954854349743,131.5625271169259
195.60184339468674,-2.996534690619435,5.080085377112422,-15.334708293049331,-20.77047841994397,131.395215239629
195.6077121432379,-2.9884287052364376,5.079948180507032,-15.336050210581838,-20.771406964776688,131.2278871788943
195.61358094209797,-2.9803227854165195,5.079810609436136,-15.337391990275286,-20.772334177918765,131.06054318176092
195.61944979125215,-2.9722169310665336,5.079672663610895,-15.33873363203157,-20.773260059293474,130.8931834952675
195.6253186906856,-2.9641111420933455,5.07953434274248,-15.340075135752395,-20.774184608824054,130.7258083664539
195.63118764038362,-2.956005418403825,5.079395646542059,-15.341416501339362,-20.775107826433818,130.55841804235865
195.63705664033142,-2.947899759904861,5.079256574720796,-15.34275772869394,-20.776029712046125,130.39101277002092
195.64292569051418,-2.9397941665033565,5.079117126989863,-15.344098817717475,-20.776950265584333,130.22359279648015
195.64879479091718,-2.931688638106219,5.078977303060424,-15.345439768311167,-20.77786948697187,130.05615836877504
195.6546639415256,-2.9235831746203753,5.078837102643647,-15.346780580376098,-20.778787376132186,129.88870973394484
195.6605331423247,-2.915477775952767,5.0786965254507,-15.348121253813217,-20.779703932988763,129.72124713902858
195.66640239329968,-2.907372442010339,5.078555571192752,-15.349461788523344,-20.780619157465118,129.55377083106544
195.67227169443575,-2.899267172700056,5.078414239580967,-15.350802184407181,-20.781533049484846,129.38628105709466
195.67814104571823,-2.891161967928895,5.078272530326515,-15.352142441365277,-20.78244560897152,129.21877806415495
195.68401044713227,-2.8830568276038404,5.078130443140561,-15.353482559298072,-20.783356835848775,129.05126209928568
195.68987989866312,-2.8749517516318908,5.077987977734276,-15.354822538105866,-20.784266730040297,128.88373340952592
195.69574940029602,-2.8668467399200646,5.077845133818826,-15.356162377688818,-20.785175291469763,128.7161922419149
195.70161895201622,-2.8587417923753797,5.077701911105377,-15.357502077946997,-20.786082520060944,128.54863884349123
195.70748855380893,-2.8506369089048746,5.077558309305097,-15.358841638780309,-20.786988415737614,128.38107346129453
195.7133582056594,-2.842532089415604,5.077414328129154,-15.360181060088529,-20.7878929784236,128.21349634236378
195.7192279075529,-2.8344273338146198,5.077269967288717,-15.361520341771316,-20.788796208042733,128.04590773373786
195.7250976594746,-2.8263226420090017,5.07712522649495,-15.362859483728204,-20.78969810451894,127.878307882456
195.73096746140982,-2.8182180139058377,5.076980105459022,-15.364198485858573,-20.790598667776102,127.71069703555737
195.73683731334376,-2.8101134494122197,5.076834603892101,-15.3655373480617,-20.791497897738225,127.54307544008097
195.74270721526167,-2.80200894843526,5.076688721505353,-15.366876070236723,-20.79239579432929,127.37544334306591
195.74857716714882,-2.793904510882084,5.076542458009948,-15.368214652282632,-20.793292357473334,127.20780099155132
195.75444716899042,-2.785800136659822,5.076395813117052,-15.369553094098324,-20.79418758709444,127.0401486325762
195.76031722077173,-2.7776958256756235,5.076248786537831,-15.370891395582523,-20.795081483116718,126.87248651317981
195.766187322478,-2.7695915778366484,5.076101377983456,-15.372229556633865,-20.795974045464327,126.70481488040107
195.7720574740945,-2.7614873930500616,5.075953587165091,-15.373567577150826,-20.79686527406143,126.53713398127934
195.7779276756065,-2.7533832712230506,5.075805413793902,-15.37490545703178,-20.797755168832275,126.3694440628533
195.78379792699917,-2.7452792122628114,5.075656857581064,-15.376243196174922,-20.798643729701105,126.2017453721626
195.78966822825785,-2.737175216076546,5.0755079182377365,-15.377580794478382,-20.79953095659223,126.03403815624574
195.79553857936776,-2.729071282571475,5.07535859547509,-15.378918251840112,-20.800416849429975,125.86632266214221
195.80140898031414,-2.720967411654833,5.075208889004292,-15.380255568157951,-20.801301408138716,125.69859913689125
195.8072794310823,-2.7128636032338576,5.075058798536512,-15.381592743329598,-20.802184632642852,125.53086782753135
195.81314993165745,-2.7047598572158043,5.074908323782912,-15.382929777252652,-20.803066522866846,125.3631289811021
195.81902048202488,-2.696656173507942,5.074757464454666,-15.38426666982453,-20.803947078735156,125.19538284464265
195.8248910821699,-2.688552552017545,5.074606220262935,-15.385603420942589,-20.804826300172348,125.02762966519154
195.83076173207766,-2.6804489926519035,5.074454590918892,-15.386940030503983,-20.805704187102933,124.85986968978837
195.83663243173353,-2.6723454953183228,5.074302576133701,-15.388276498405776,-20.806580739451512,124.69210316547223
195.84250318112274,-2.664242059924118,5.07415017561853,-15.389612824544912,-20.80745595714275,124.52433033928192
195.84837398023055,-2.656138686376605,5.073997389084549,-15.39094900881817,-20.808329840101287,124.3565514582568
195.85424482904224,-2.6480353745831287,5.073844216242921,-15.392285051122228,-20.809202388251837,124.18876676943587
195.86011572754305,-2.6399321244510405,5.073690656804816,-15.393620951353611,-20.810073601519143,124.0209765198583
195.86598667571832,-2.6318289358876936,5.073536710481402,-15.394956709408742,-20.81094347982799,123.85318095656307
195.87185767355328,-2.6237258088004607,5.0733823769838455,-15.396292325183886,-20.811812023103197,123.68538032658915
195.8777287210332,-2.615622743096733,5.073227656023315,-15.397627798575188,-20.812679231269616,123.51757487697618
195.88359981814338,-2.607519738683894,5.073072547310975,-15.398963129478673,-20.813545104252157,123.34976485476263
195.8894709648691,-2.599416795469358,5.072917050557996,-15.40029831779022,-20.814409641975733,123.1819505069878
195.8953421611956,-2.5913139133605476,5.072761165475545,-15.401633363405594,-20.815272844365325,123.01413208069107
195.90121340710823,-2.583211092264883,5.0726048917747875,-15.402968266220414,-20.816134711345935,122.84630982291105
195.90708470259221,-2.5751083320898105,5.072448229166893,-15.404303026130167,-20.816995242842605,122.67848398068728
195.91295604763286,-2.5670056327427857,5.072291177363027,-15.405637643030232,-20.817854438780426,122.51065480105862
195.91882744221547,-2.558902994131267,5.0721337360743615,-15.406972116815837,-20.818712299084513,122.34282253106412
195.92469888632527,-2.5508004161627342,5.071975905012059,-15.408306447382083,-20.819568823680015,122.17498741774317
195.93057037994762,-2.5426978987446742,5.0718176838872875,-15.409640634623953,-20.820424012492143,122.00714970813453
195.93644192306778,-2.5345954417845835,5.071659072411215,-15.410974678436292,-20.821277865446138,121.83930964927741
195.94231351567103,-2.526493045189975,5.07150007029501,-15.412308578713791,-20.82213038246725,121.67146748821116
195.9481851577427,-2.5183907088683717,5.071340677249841,-15.413642335351051,-20.822981563480784,121.50362347197442
195.95405684926803,-2.510288432727298,5.071180892986873,-15.414975948242532,-20.823831408412115,121.33577784760656
195.95992859023235,-2.5021862166743065,5.071020717217275,-15.416309417282532,-20.824679917186604,121.16793086214676
195.96580038062095,-2.4940840606169488,5.07086014965221,-15.417642742365269,-20.825527089729693,121.0000827626339
195.97167222041915,-2.4859819644627916,5.070699190002852,-15.418975923384785,-20.826372925966822,120.83223379610716
195.97754410961224,-2.477879928119412,5.070537837980364,-15.420308960235015,-20.82721742582351,120.66438420960566
195.9834160481855,-2.469777951494404,5.070376093295917,-15.421641852809755,-20.828060589225274,120.4965342501684
195.98928803612424,-2.4616760344953583,5.070213955660675,-15.422974601002679,-20.82890241609771,120.32868416483467
195.99516007341379,-2.4535741770298936,5.070051424785808,-15.42430720470732,-20.829742906366402,120.16083420064344
196.00103216003941,-2.445472379005633,5.069888500382481,-15.425639663817103,-20.830582059957035,119.99298460463379
196.00690429598646,-2.437370640330202,5.069725182161863,-15.426971978225284,-20.83141987679528,119.82513562384489
196.01277648124022,-2.4292689609112528,5.069561469835121,-15.428304147825015,-20.832256356806862,119.6572875053157
196.018648715786,-2.42116734065644,5.069397363113423,-15.429636172509323,-20.83309149991755,119.48944049608558
196.0245209996091,-2.4130657794734263,5.0692328617079365,-15.430968052171085,-20.83392530605316,119.32159484319344
196.03039333269487,-2.404964277269891,5.069067965329827,-15.432299786703057,-20.834757775139526,119.1537507936782
196.0362657150286,-2.3968628339535276,5.068902673690265,-15.433631375997859,-20.83558890710251,118.98590859457939
196.04213814659562,-2.3887614494320277,5.068736986500416,-15.434962819947987,-20.83641870186807,118.81806849293577
196.04801062738125,-2.380660123613109,5.068570903471446,-15.436294118445813,-20.837247159362136,118.65023073578645
196.05388315737076,-2.37255885640449,5.068404424314526,-15.43762527138355,-20.838074279510696,118.48239557017072
196.05975573654953,-2.3644576477139014,5.068237548740821,-15.43895627865331,-20.8389000622398,118.3145632431276
196.0656283649029,-2.3563564974490863,5.0680702764614995,-15.440287140147063,-20.83972450747552,118.14673400169603
196.07150104241612,-2.3482554055178055,5.067902607187729,-15.44161785575665,-20.840547615143965,117.97890809291539
196.07737376907454,-2.340154371827814,5.067734540630675,-15.442948425373771,-20.841369385171284,117.81108576382451
196.08324654486353,-2.3320533962868937,5.067566076501508,-15.444278848890015,-20.84218981748366,117.64326726146267
196.08911936976835,-2.323952478802832,5.067397214511392,-15.445609126196816,-20.84300891200732,117.47545283286891
196.0949922437744,-2.3158516192834218,5.067227954371498,-15.446939257185505,-20.843826668668548,117.30764272508223
