galstreams/tracks/track.st.Vid.ibata2021.ecsv
# %ECSV 0.9
# ---
# datatype:
# - {name: ra, unit: deg, datatype: float64}
# - {name: dec, unit: deg, datatype: float64}
# - {name: distance, unit: kpc, datatype: float64}
# - {name: pm_ra_cosdec, unit: mas / yr, datatype: float64}
# - {name: pm_dec, unit: mas / yr, datatype: float64}
# - {name: radial_velocity, unit: km / s, datatype: float64}
# delimiter: ','
# meta: !!omap
# - __serialized_columns__:
#     dec:
#       __class__: astropy.coordinates.angles.Latitude
#       unit: &id001 !astropy.units.Unit {unit: deg}
#       value: !astropy.table.SerializedColumn {name: dec}
#     distance:
#       __class__: astropy.coordinates.distances.Distance
#       unit: !astropy.units.Unit {unit: kpc}
#       value: !astropy.table.SerializedColumn {name: distance}
#     pm_dec:
#       __class__: astropy.units.quantity.Quantity
#       unit: !astropy.units.Unit {unit: mas / yr}
#       value: !astropy.table.SerializedColumn {name: pm_dec}
#     pm_ra_cosdec:
#       __class__: astropy.units.quantity.Quantity
#       unit: !astropy.units.Unit {unit: mas / yr}
#       value: !astropy.table.SerializedColumn {name: pm_ra_cosdec}
#     ra:
#       __class__: astropy.coordinates.angles.Longitude
#       unit: *id001
#       value: !astropy.table.SerializedColumn {name: ra}
#       wrap_angle: !astropy.coordinates.Angle
#         unit: *id001
#         value: 360.0
#     radial_velocity:
#       __class__: astropy.units.quantity.Quantity
#       unit: !astropy.units.Unit {unit: km / s}
#       value: !astropy.table.SerializedColumn {name: radial_velocity}
# schema: astropy-2.0
ra,dec,distance,pm_ra_cosdec,pm_dec,radial_velocity
[from data line 133]
18.630851156925342,-25.935001013783733,23.90077789823951,-0.22129339519337612,-0.944004858868197,-2.5262301389617013e-14
18.64037891228239,-25.940293616359433,23.895610586145594,-0.22103492875951974,-0.9434650513267738,-1.6841534259744676e-14
18.649905309566055,-25.945588068477328,23.89046961091283,-0.22077684654083457,-0.9429259084366839,-2.5262301389617013e-14
18.65943035207011,-25.95088436719993,23.885354931899798,-0.22051914772504067,-0.9423874300446011,-2.5262301389617013e-14
18.66895404308798,-25.956182509589084,23.88026650846508,-0.22026183149990486,-0.9418496159969919,-3.368306851948935e-14
18.67847638591288,-25.96148249270612,23.875204299967265,-0.2200048970532394,-0.9413124661401151,-8.420767129872338e-15
18.68799738383748,-25.966784313611527,23.87016826576492,-0.21974834357290496,-0.9407759803200217,-1.6841534259744676e-14
18.697517040154274,-25.972087969365315,23.865158365216644,-0.21949217024680767,-0.9402401583825555,-2.5262301389617013e-14
18.707035358155235,-25.977393457026718,23.860174557681002,-0.2192363762629009,-0.9397050001733517,-2.5262301389617013e-14
18.716552341132147,-25.982700773654408,23.855216802516587,-0.2189809608091844,-0.9391705055378388,-3.368306851948935e-14
18.726067992376315,-25.988009916306346,23.850285059081962,-0.21872592307370492,-0.9386366743212375,-2.5262301389617013e-14
18.73558231517867,-25.993320882039814,23.84537928673573,-0.2184712622445555,-0.9381035063685597,-2.5262301389617013e-14
18.745095312829964,-25.998633667911562,23.84049944483647,-0.21821697750987537,-0.9375710015246104,-2.5262301389617013e-14
18.75460698862037,-26.00394827097755,23.835645492742753,-0.2179630680578515,-0.9370391596339875,-1.6841534259744676e-14
18.764117345839928,-26.009264688293197,23.830817389813166,-0.2177095330767156,-0.9365079805410803,-3.368306851948935e-14
18.773626387778098,-26.01458291691316,23.826015095406287,-0.21745637175474775,-0.9359774640900707,-3.368306851948935e-14
18.78313411772421,-26.019902953891577,23.8212385688807,-0.21720358328027264,-0.9354476101249327,-2.5262301389617013e-14
18.792640538967092,-26.025224796281815,23.81648776959499,-0.21695116684166227,-0.9349184184894332,-2.5262301389617013e-14
18.802145654795208,-26.030548441136606,23.811762656907725,-0.216699121627336,-0.9343898890271306,-3.368306851948935e-14
18.81164946849681,-26.03587388550811,23.807063190177498,-0.21644744682575678,-0.9338620215813759,-2.5262301389617013e-14
18.82115198335962,-26.041201126447714,23.802389328762896,-0.2161961416254366,-0.933334815995312,-2.5262301389617013e-14
18.8306532026712,-26.046530161006295,23.79774103202249,-0.21594520521493232,-0.9328082721118748,-3.368306851948935e-14
18.84015312971855,-26.051860986233915,23.793118259314863,-0.21569463678284762,-0.932282389773792,-2.5262301389617013e-14
18.849651767788515,-26.057193599180128,23.7885209699986,-0.2154444355178315,-0.9317571688235837,-2.5262301389617013e-14
18.85914912016746,-26.06252799689375,23.78394912343227,-0.21519460060857998,-0.9312326091035623,-2.5262301389617013e-14
18.86864519014138,-26.06786417642291,23.77940267897447,-0.21494513124383563,-0.9307087104558323,-3.368306851948935e-14
18.878139980996064,-26.073202134815215,23.774881595983775,-0.2146960266123857,-0.9301854727222898,-1.6841534259744676e-14
18.887633496016765,-26.07854186911746,23.770385833818768,-0.2144472859030647,-0.9296628957446242,-2.5262301389617013e-14
18.897125738488576,-26.083883376375923,23.76591535183804,-0.2141989083047522,-0.9291409793643166,-2.5262301389617013e-14
18.906616711696035,-26.08922665363611,23.761470109400143,-0.21395089300637538,-0.9286197234226404,-3.368306851948935e-14
18.916106418923533,-26.094571697943003,23.757050065863687,-0.21370323919690537,-0.9280991277606614,-1.6841534259744676e-14
18.925594863454965,-26.09991850634081,23.75265518058724,-0.21345594606536056,-0.9275791922192371,-2.5262301389617013e-14
18.935082048573857,-26.105267075873083,23.748285412929388,-0.21320901280080548,-0.9270599166390172,-1.6841534259744676e-14
18.94456797756355,-26.11061740358284,23.743940722248713,-0.21296243859234942,-0.926541300860444,-4.210383564936169e-14
18.95405265370684,-26.115969486512306,23.739621067903794,-0.21271622262914855,-0.926023344723752,-1.6841534259744676e-14
18.963536080286346,-26.12132332170317,23.735326409253208,-0.2124703641004041,-0.9255060480689674,-1.6841534259744676e-14
18.97301826058416,-26.126678906196332,23.731056705655547,-0.2122248621953639,-0.9249894107359089,-3.368306851948935e-14
18.982499197882206,-26.13203623703218,23.726811916469384,-0.21197971610332053,-0.924473432564187,-2.5262301389617013e-14
18.991978895461923,-26.13739531125035,23.7225920010533,-0.21173492501361313,-0.9239581133932053,-3.368306851948935e-14
19.001457356604405,-26.1427561258898,23.718396918765887,-0.21149048811562643,-0.9234434530621578,-2.5262301389617013e-14
19.010934584590508,-26.148118677988958,23.71422662896572,-0.2112464045987904,-0.9229294514100319,-2.5262301389617013e-14
19.020410582700585,-26.15348296458544,23.710081091011368,-0.2110026736525814,-0.9224161082756074,-2.5262301389617013e-14
19.029885354214812,-26.15884898271634,23.705960264261435,-0.21075929446651998,-0.9219034234974549,-2.5262301389617013e-14
19.039358902412822,-26.16421672941798,23.701864108074478,-0.21051626623017428,-0.9213913969139385,-2.5262301389617013e-14
19.048831230574088,-26.16958620172614,23.697792581809104,-0.21027358813315603,-0.9208800283632123,-2.5262301389617013e-14
19.058302341977544,-26.174957396675822,23.693745644823874,-0.21003125936512396,-0.9203693176832253,-1.6841534259744676e-14
19.06777223990198,-26.180330311301493,23.68972325647738,-0.2097892791157811,-0.9198592647117163,-1.6841534259744676e-14
19.077240927625684,-26.185704942636864,23.685725376128197,-0.20954764657487665,-0.9193498692862173,-2.5262301389617013e-14
19.086708408426578,-26.191081287714994,23.68175196313491,-0.20930636093220584,-0.9188411312440515,-2.5262301389617013e-14
19.0961746855824,-26.196459343568378,23.677802976856103,-0.20906542137760714,-0.9183330504223352,-4.210383564936169e-14
19.105639762370338,-26.20183910722874,23.67387837665035,-0.20882482710096678,-0.9178256266579753,-1.6841534259744676e-14
19.11510364206742,-26.207220575727234,23.669978121876245,-0.20858457729221452,-0.9173188597876718,-1.6841534259744676e-14
19.1245663279502,-26.2126037460943,23.666102171892362,-0.2083446711413266,-0.9168127496479163,-3.368306851948935e-14
19.134027823294854,-26.2179886153597,23.66225048605727,-0.20810510783832453,-0.9163072960749931,-3.368306851948935e-14
19.143488131377374,-26.223375180552644,23.658423023729572,-0.20786588657327343,-0.9158024989049768,-1.6841534259744676e-14
19.1529472554732,-26.228763438701527,23.654619744267837,-0.20762700653628588,-0.9152983579737352,-3.368306851948935e-14
19.162405198857634,-26.23415338683426,23.65084060703065,-0.20738846691751756,-0.914794873116928,-2.5262301389617013e-14
19.17186196480542,-26.239545021977932,23.647085571376593,-0.20715026690717112,-0.9142920441700064,-1.6841534259744676e-14
19.181317556591136,-26.244938341159095,23.64335459666424,-0.20691240569549285,-0.9137898709682141,-2.5262301389617013e-14
19.190771977488854,-26.250333341403543,23.639647642252182,-0.2066748824727751,-0.9132883533465856,-3.368306851948935e-14
19.200225230772464,-26.25573001973653,23.63596466749899,-0.20643769642935417,-0.9127874911399487,-1.6841534259744676e-14
19.209677319715368,-26.261128373182526,23.63230563176326,-0.20620084675561257,-0.9122872841829218,-1.6841534259744676e-14
19.21912824759062,-26.266528398765374,23.628670494403558,-0.20596433264197772,-0.9117877323099159,-2.5262301389617013e-14
19.228578017671087,-26.27193009350835,23.62505921477848,-0.20572815327892033,-0.9112888353551336,-2.5262301389617013e-14
19.23802663322906,-26.277333454433908,23.621471752246595,-0.20549230785695832,-0.9107905931525692,-4.210383564936169e-14
19.247474097536717,-26.282738478564017,23.61790806616649,-0.20525679556665266,-0.9102930055360094,-1.6841534259744676e-14
19.256920413865668,-26.288145162919825,23.614368115896745,-0.2050216155986106,-0.9097960723390321,-1.6841534259744676e-14
19.266365585487375,-26.293553504521963,23.61085186079594,-0.20478676714348257,-0.9092997933950069,-1.6841534259744676e-14
19.27580961567281,-26.298963500390286,23.607359260222662,-0.2045522493919651,-0.9088041685370953,-2.5262301389617013e-14
19.2852525076926,-26.304375147544008,23.603890273535487,-0.20431806153479992,-0.9083091975982512,-3.368306851948935e-14
19.29469426481717,-26.309788443001782,23.600444860092995,-0.20408420276277128,-0.9078148804112194,-2.5262301389617013e-14
19.304134890316398,-26.315203383781437,23.597022979253776,-0.20385067226671066,-0.907321216808537,-1.6841534259744676e-14
19.313574387460008,-26.320619966900306,23.593624590376407,-0.20361746923749216,-0.9068282066225317,-2.5262301389617013e-14
19.323012759517194,-26.32603818937491,23.590249652819466,-0.20338459286603636,-0.9063358496853249,-3.368306851948935e-14
19.332450009756997,-26.331458048221258,23.586898125941538,-0.2031520423433061,-0.9058441458288274,-8.420767129872338e-15
19.341886141447947,-26.336879540454557,23.583569969101205,-0.20291981686031116,-0.9053530948847437,-4.210383564936169e-14
19.35132115785825,-26.342302663089416,23.580265141657037,-0.20268791560810495,-0.9048626966845681,-2.5262301389617013e-14
19.360755062255905,-26.34772741313982,23.576983602967633,-0.2024563377777845,-0.9043729510595878,-2.5262301389617013e-14
19.370187857908356,-26.353153787618993,23.573725312391566,-0.2022250825604931,-0.9038838578408814,-3.368306851948935e-14
19.379619548082918,-26.358581783539616,23.57049022928741,-0.2019941491474163,-0.9033954168593186,-2.5262301389617013e-14
19.38905013604635,-26.364011397913583,23.567278313013766,-0.20176353672978625,-0.9029076279455608,-3.368306851948935e-14
19.398479625065264,-26.36944262775225,23.56408952292919,-0.20153324449887777,-0.9024204909300617,-1.6841534259744676e-14
19.40790801840578,-26.374875470066215,23.56092381839229,-0.2013032716460108,-0.9019340056430654,-2.5262301389617013e-14
19.417335319333674,-26.3803099218654,23.55778115876162,-0.20107361736255017,-0.9014481719146082,-4.210383564936169e-14
19.426761531114515,-26.38574598015919,23.55466150339579,-0.20084428083990324,-0.9009629895745175,-2.5262301389617013e-14
19.436186657013337,-26.39118364195615,23.551564811653353,-0.2006152612695239,-0.9004784584524128,-2.5262301389617013e-14
19.44561070029503,-26.396622904264316,23.548491042892916,-0.20038655784290801,-0.8999945783777048,-2.5262301389617013e-14
19.455033664223926,-26.402063764090933,23.545440156473045,-0.20015816975159742,-0.899511349179595,-4.210383564936169e-14
19.464455552064234,-26.407506218442727,23.54241211175232,-0.1999300961871766,-0.899028770687077,-3.368306851948935e-14
19.473876367079637,-26.412950264325637,23.539406868089326,-0.19970233634127563,-0.898546842728936,-3.368306851948935e-14
19.4832961125335,-26.418395898744944,23.536424384842658,-0.19947488940556807,-0.8980655651337477,-3.368306851948935e-14
19.492714791688975,-26.423843118705378,23.533464621370875,-0.19924775457177055,-0.8975849377298799,-3.368306851948935e-14
19.502132407808677,-26.42929192121085,23.530527537032572,-0.19902093103164595,-0.8971049603454919,-2.5262301389617013e-14
19.511548964155082,-26.434742303264755,23.52761309118632,-0.19879441797699857,-0.8966256328085331,-2.5262301389617013e-14
19.520964463990104,-26.440194261869685,23.52472124319072,-0.19856821459967888,-0.8961469549467456,-3.368306851948935e-14
19.530378910575532,-26.445647794027703,23.521851952404326,-0.1983423200915797,-0.8956689265876625,-2.5262301389617013e-14
19.539792307172636,-26.451102896740093,23.519005178185747,-0.1981167336446384,-0.8951915475586069,-1.6841534259744676e-14
19.549204657042367,-26.456559567007485,23.516180879893543,-0.19789145445083722,-0.8947148176866948,-3.368306851948935e-14
19.558615963445465,-26.462017801829944,23.5133790168863,-0.19766648170220014,-0.8942387367988331,-2.5262301389617013e-14
19.56802622964213,-26.467477598206745,23.51059954852261,-0.19744181459079657,-0.8937633047217185,-2.5262301389617013e-14
19.577435458892417,-26.472938953136598,23.50784243416105,-0.197217452308739,-0.8932885212818407,-3.368306851948935e-14
19.586843654455837,-26.47840186361745,23.505107633160197,-0.19699339404818397,-0.8928143863054788,-1.6841534259744676e-14
19.596250819591752,-26.483866326646687,23.502395104878634,-0.19676963900133154,-0.8923408996187048,-2.5262301389617013e-14
19.605656957559045,-26.489332339220944,23.499704808674945,-0.1965461863604253,-0.8918680610473806,-3.368306851948935e-14
19.615062071616244,-26.494799898336197,23.497036703907707,-0.19632303531775347,-0.8913958704171597,-2.5262301389617013e-14
19.624466165021666,-26.500269000987828,23.494390749935498,-0.19610018506564636,-0.8909243275534866,-2.5262301389617013e-14
19.633869241033114,-26.505739644170433,23.491766906116908,-0.19587763479647932,-0.8904534322815965,-2.5262301389617013e-14
19.64327130290823,-26.51121182487809,23.489165131810516,-0.19565538370266994,-0.889983184426516,-1.6841534259744676e-14
19.652672353904123,-26.516685540104042,23.486585386374898,-0.19543343097668064,-0.8895135838130623,-2.5262301389617013e-14
19.662072397277736,-26.522160786841038,23.484027629168647,-0.19521177581101584,-0.8890446302658435,-1.6841534259744676e-14
19.67147143628554,-26.527637562081015,23.48149181955034,-0.19499041739822487,-0.8885763236092596,-3.368306851948935e-14
19.680869474183663,-26.533115862815286,23.47897791687855,-0.19476935493090022,-0.888108663667501,-2.5262301389617013e-14
19.69026651422801,-26.538595686034565,23.476485880511866,-0.1945485876016766,-0.8876416502645479,-2.5262301389617013e-14
19.69966255967399,-26.54407702872878,23.47401566980886,-0.1943281146032337,-0.8871752832241732,-2.5262301389617013e-14
19.709057613776825,-26.549559887887305,23.47156724412813,-0.19410793512829314,-0.886709562369939,-1.6841534259744676e-14
19.718451679791208,-26.555044260498743,23.469140562828244,-0.19388804836962115,-0.8862444875251995,-1.6841534259744676e-14
19.727844760971703,-26.560530143551137,23.466735585267784,-0.19366845352002582,-0.885780058513099,-1.6841534259744676e-14
19.73723686057235,-26.56601753403175,23.464352270805346,-0.1934491497723596,-0.8853162751565725,-3.368306851948935e-14
19.746627981846885,-26.57150642892723,23.461990578799494,-0.19323013631951846,-0.8848531372783461,-8.420767129872338e-15
19.75601812804882,-26.576996825223596,23.45965046860881,-0.19301141235443964,-0.8843906447009369,-2.5262301389617013e-14
19.765407302431125,-26.582488719906088,23.45733189959189,-0.19279297707010587,-0.8839287972466512,-2.5262301389617013e-14
19.774795508246648,-26.58798210995943,23.4550348311073,-0.19257482965954104,-0.8834675947375881,-1.6841534259744676e-14
19.784182748747668,-26.59347699236749,23.452759222513635,-0.19235696931581395,-0.8830070369956355,-2.5262301389617013e-14
19.793569027186336,-26.59897336411366,23.450505033169463,-0.19213939523203433,-0.882547123842473,-1.6841534259744676e-14
19.802954346814325,-26.60447122218052,23.44827222243337,-0.19192210660135664,-0.8820878550995704,-1.6841534259744676e-14
19.812338710882923,-26.609970563549997,23.446060749663943,-0.1917051026169781,-0.8816292305881881,-3.368306851948935e-14
19.82172212264326,-26.615471385203456,23.443870574219762,-0.191488382472138,-0.8811712501293768,-1.6841534259744676e-14
19.83110458534592,-26.620973684121427,23.441701655459404,-0.1912719453601197,-0.8807139135439781,-3.368306851948935e-14
19.84048610224131,-26.626477457283936,23.439553952741445,-0.1910557904742482,-0.8802572206526238,-1.6841534259744676e-14
19.849866676579346,-26.631982701670175,23.437427425424477,-0.19083991700789288,-0.8798011712757363,-3.368306851948935e-14
19.85924631160977,-26.637489414258837,23.435322032867084,-0.1906243241544642,-0.8793457652335283,-1.6841534259744676e-14
