galstreams/tracks/track.st.Phlegethon.ibata2021.ecsv
# %ECSV 0.9
# ---
# datatype:
# - {name: ra, unit: deg, datatype: float64}
# - {name: dec, unit: deg, datatype: float64}
# - {name: distance, unit: kpc, datatype: float64}
# - {name: pm_ra_cosdec, unit: mas / yr, datatype: float64}
# - {name: pm_dec, unit: mas / yr, datatype: float64}
# - {name: radial_velocity, unit: km / s, datatype: float64}
# delimiter: ','
# meta: !!omap
# - __serialized_columns__:
#     dec:
#       __class__: astropy.coordinates.angles.Latitude
#       unit: &id001 !astropy.units.Unit {unit: deg}
#       value: !astropy.table.SerializedColumn {name: dec}
#     distance:
#       __class__: astropy.coordinates.distances.Distance
#       unit: !astropy.units.Unit {unit: kpc}
#       value: !astropy.table.SerializedColumn {name: distance}
#     pm_dec:
#       __class__: astropy.units.quantity.Quantity
#       unit: !astropy.units.Unit {unit: mas / yr}
#       value: !astropy.table.SerializedColumn {name: pm_dec}
#     pm_ra_cosdec:
#       __class__: astropy.units.quantity.Quantity
#       unit: !astropy.units.Unit {unit: mas / yr}
#       value: !astropy.table.SerializedColumn {name: pm_ra_cosdec}
#     ra:
#       __class__: astropy.coordinates.angles.Longitude
#       unit: *id001
#       value: !astropy.table.SerializedColumn {name: ra}
#       wrap_angle: !astropy.coordinates.Angle
#         unit: *id001
#         value: 360.0
#     radial_velocity:
#       __class__: astropy.units.quantity.Quantity
#       unit: !astropy.units.Unit {unit: km / s}
#       value: !astropy.table.SerializedColumn {name: radial_velocity}
# schema: astropy-2.0
ra,dec,distance,pm_ra_cosdec,pm_dec,radial_velocity
[from data line 3419]
323.39432701842287,-14.74980455144355,3.2466144621901396,-1.4928284621802574,-35.71384950394733,5.0524602779234026e-14
323.3954152274954,-14.739739025008342,3.2466657209383825,-1.4914936199641584,-35.71084414540048,6.73661370389787e-14
323.3965029802536,-14.729673453883901,3.2467171075495167,-1.4901589169892944,-35.70783685455259,8.420767129872338e-14
323.39759027697977,-14.719607838096351,3.2467686220739433,-1.4888243532923062,-35.70482763186557,1.6841534259744676e-14
323.39867711795586,-14.70954217767183,3.2468202645620687,-1.487489928909969,-35.701816477801216,5.0524602779234026e-14
323.39976350346376,-14.699476472636437,3.2468720350642943,-1.4861556438791617,-35.698803392821354,5.0524602779234026e-14
323.4008494337853,-14.68941072301628,3.246923933631026,-1.484821498236867,-35.69578837738778,3.368306851948935e-14
323.40193490920217,-14.679344928837441,3.246975960312666,-1.4834874920201782,-35.69277143196224,3.368306851948935e-14
323.4030199299958,-14.669279090125988,3.2470281151596194,-1.4821536252662977,-35.68975255700647,6.73661370389787e-14
323.40410449644764,-14.659213206907978,3.2470803982222884,-1.4808198980125402,-35.68673175298217,3.368306851948935e-14
323.4051886088389,-14.649147279209467,3.2471328095510787,-1.4794863102963212,-35.683709020350996,6.73661370389787e-14
323.4062722674508,-14.639081307056491,3.2471853491963936,-1.4781528621551727,-35.68068435957461,6.73661370389787e-14
323.40735547256435,-14.629015290475067,3.247238017208635,-1.4768195536267288,-35.67765777111465,3.368306851948935e-14
323.4084382244604,-14.618949229491204,3.2472908136382084,-1.4754863847487436,-35.67462925543269,3.368306851948935e-14
323.40952052341964,-14.608883124130896,3.247343738535517,-1.474153355559067,-35.67159881299029,6.73661370389787e-14
323.41060236972277,-14.598816974420131,3.2473967919509663,-1.4728204660956679,-35.668566444248974,1.6841534259744676e-14
323.41168376365033,-14.58875078038489,3.2474499739349576,-1.4714877163966116,-35.66553214967029,3.368306851948935e-14
323.41276470548263,-14.57868454205111,3.247503284537896,-1.4701551065000813,-35.662495929715696,5.0524602779234026e-14
323.41384519549996,-14.568618259444753,3.2475567238101855,-1.4688226364443744,-35.65945778484663,-1.6841534259744676e-14
323.4149252339824,-14.558551932591755,3.247610291802229,-1.4674903062678801,-35.656417715524576,6.73661370389787e-14
323.41600482121,-14.548485561518026,3.24766398856443,-1.4661581160091206,-35.65337572221087,1.6841534259744676e-14
323.4170839574626,-14.538419146249497,3.2477178141471943,-1.4648260657067014,-35.650331805366925,6.73661370389787e-14
323.41816264301985,-14.528352686812038,3.247771768600924,-1.4634941553993523,-35.64728596545406,6.73661370389787e-14
323.41924087816153,-14.518286183231544,3.2478258519760237,-1.4621623851259087,-35.64423820293361,5.0524602779234026e-14
323.420318663167,-14.508219635533893,3.2478800643228967,-1.460830754925316,-35.64118851826686,1.1789073981821273e-13
323.42139599831563,-14.498153043744937,3.2479344056919466,-1.4594992648366354,-35.6381369119151,3.368306851948935e-14
323.42247288388677,-14.488086407890522,3.247988876133578,-1.4581679148990054,-35.635083384339524,3.368306851948935e-14
323.4235493201594,-14.478019727996488,3.2480434756981946,-1.4568367051517117,-35.63202793600135,3.368306851948935e-14
323.42462530741255,-14.467953004088654,3.2480982044361992,-1.455505635634141,-35.62897056736178,3.368306851948935e-14
323.42570084592506,-14.457886236192834,3.248153062397996,-1.4541747063857673,-35.62591127888196,6.73661370389787e-14
323.4267759359757,-14.44781942433483,3.24820804963399,-1.452843917446204,-35.622850071023024,5.0524602779234026e-14
323.42785057784306,-14.437752568540411,3.2482631661945836,-1.451513268855141,-35.61978694424606,1.6841534259744676e-14
323.42892477180555,-14.427685668835364,3.24831841213018,-1.450182760652405,-35.616721899012155,6.73661370389787e-14
323.42999851814164,-14.41761872524544,3.248373787491185,-1.4488523928779147,-35.61365493578236,6.73661370389787e-14
323.4310718171295,-14.407551737796402,3.2484292923280016,-1.4475221655717059,-35.61058605501767,1.6841534259744676e-14
323.4321446690472,-14.397484706513973,3.2484849266910336,-1.4461920787739264,-35.60751525717909,6.73661370389787e-14
323.4332170741728,-14.387417631423881,3.248540690630685,-1.4448621325248148,-35.604442542727575,5.0524602779234026e-14
323.434289032784,-14.377350512551839,3.248596584197357,-1.443532326864751,-35.60136791212411,8.420767129872338e-14
323.4353605451587,-14.367283349923545,3.248652607441457,-1.4422026618341914,-35.598291365829546,6.73661370389787e-14
323.4364316115744,-14.357216143564695,3.2487087604133875,-1.440873137473715,-35.595212904304816,3.368306851948935e-14
323.4375022323086,-14.347148893500956,3.2487650431635524,-1.4395437538240126,-35.59213252801073,5.0524602779234026e-14
323.4385724076387,-14.337081599757985,3.248821455742355,-1.4382145109258868,-35.58905023740816,3.368306851948935e-14
323.4396421378418,-14.327014262361445,3.2488779982001996,-1.436885408820228,-35.585966032957884,6.73661370389787e-14
323.4407114231952,-14.31694688133697,3.2489346705874893,-1.435556447548067,-35.582879915120714,1.6841534259744676e-14
323.4417802639756,-14.306879456710197,3.2489914729546285,-1.4342276271505305,-35.57979188435736,5.0524602779234026e-14
323.44284866046013,-14.296811988506724,3.2490484053520206,-1.4328989476688312,-35.57670194112855,5.0524602779234026e-14
323.4439166129254,-14.286744476752162,3.24910546783007,-1.4315704091443289,-35.573610085895,3.368306851948935e-14
323.44498412164796,-14.276676921472102,3.2491626604391803,-1.430242011618477,-35.57051631911737,1.6841534259744676e-14
323.4460511869044,-14.266609322692132,3.2492199832297546,-1.4289137551328226,-35.56742064125632,3.368306851948935e-14
323.44711780897103,-14.256541680437799,3.2492774362521977,-1.4275856397290494,-35.56432305277244,3.368306851948935e-14
323.448183988124,-14.246473994734666,3.2493350195569133,-1.4262576654489307,-35.56122355412632,1.6841534259744676e-14
323.4492497246396,-14.236406265608283,3.249392733194305,-1.4249298323343527,-35.55812214577853,3.368306851948935e-14
323.4503150187937,-14.226338493084178,3.2494505772147746,-1.4236021404273118,-35.55501882818962,5.0524602779234026e-14
323.4513798708621,-14.21627067718787,3.24950855166873,-1.4222745897699238,-35.55191360182009,5.0524602779234026e-14
323.45244428112073,-14.206202817944861,3.249566656606571,-1.4209471804043892,-35.54880646713041,6.73661370389787e-14
323.4535082498451,-14.196134915380647,3.249624892078704,-1.4196199123730509,-35.54569742458106,6.73661370389787e-14
323.4545717773106,-14.186066969520715,3.249683258135532,-1.4182927857183314,-35.54258647463243,5.0524602779234026e-14
323.4556348637927,-14.175998980390537,3.2497417548274594,-1.4169658004827825,-35.53947361774495,3.368306851948935e-14
323.45669750956665,-14.165930948015568,3.2498003822048878,-1.4156389567090426,-35.53635885437902,5.0524602779234026e-14
323.4577597149075,-14.155862872421258,3.2498591403182235,-1.4143122544398992,-35.533242184994954,6.73661370389787e-14
323.4588214800904,-14.145794753633043,3.249918029217868,-1.4129856937181948,-35.530123610053074,8.420767129872338e-14
323.4598828053902,-14.135726591676345,3.2499770489542272,-1.4116592745869188,-35.52700313001369,6.73661370389787e-14
323.4609436910814,-14.125658386576585,3.250036199577705,-1.4103329970891743,-35.52388074533705,3.368306851948935e-14
323.46200413743895,-14.115590138359153,3.2500954811387035,-1.4090068612681441,-35.52075645648343,3.368306851948935e-14
323.46306414473713,-14.105521847049438,3.2501548936876277,-1.4076808671671546,-35.51763026391304,5.0524602779234026e-14
323.4641237132505,-14.095453512672822,3.2502144372748805,-1.4063550148296078,-35.51450216808606,3.368306851948935e-14
323.4651828432533,-14.085385135254668,3.250274111950865,-1.405029304299029,-35.51137216946265,5.0524602779234026e-14
323.46624153501955,-14.075316714820339,3.250333917765988,-1.4037037356190605,-35.50824026850296,3.368306851948935e-14
323.4672997888233,-14.065248251395158,3.250393854770652,-1.4023783088334505,-35.505106465667076,1.6841534259744676e-14
323.46835760493855,-14.055179745004468,3.2504539230152587,-1.4010530239860493,-35.50197076141512,0.0
323.469414983639,-14.045111195673584,3.2505141225502134,-1.3997278811208274,-35.498833156207134,5.0524602779234026e-14
323.4704719251983,-14.03504260342782,3.2505744534259207,-1.3984028802818536,-35.49569365050314,5.0524602779234026e-14
323.47152842989004,-14.024973968292453,3.250634915692783,-1.3970780215133027,-35.492552244763154,6.73661370389787e-14
323.47258449798755,-14.014905290292782,3.2506955094012056,-1.395753304859483,-35.48940893944714,5.0524602779234026e-14
323.4736401297642,-14.004836569454078,3.2507562346015906,-1.3944287303647802,-35.486263735015065,6.73661370389787e-14
323.4746953254931,-13.99476780580159,3.2508170913443437,-1.3931042980737223,-35.48311663192686,0.0
323.47575008544726,-13.984698999360585,3.250878079679867,-1.3917800080309153,-35.47996763064242,6.73661370389787e-14
323.4768044098997,-13.974630150156287,3.250939199658564,-1.3904558602810941,-35.47681673162163,3.368306851948935e-14
323.4778582991232,-13.964561258213925,3.25100045133084,-1.389131854869094,-35.47366393532431,1.6841534259744676e-14
323.47891175339043,-13.954492323558709,3.2510618347470994,-1.3878079918398716,-35.4705092422103,1.6841534259744676e-14
323.479964772974,-13.944423346215855,3.2511233499577443,-1.3864842712384728,-35.46735265273938,3.368306851948935e-14
323.4810173581462,-13.934354326210538,3.2511849970131776,-1.3851606931100782,-35.46419416737135,6.73661370389787e-14
323.4820695091795,-13.924285263567944,3.2512467759638066,-1.3838372574999558,-35.46103378656593,3.368306851948935e-14
323.483121226346,-13.914216158313243,3.251308686860032,-1.3825139644534992,-35.45787151078284,5.0524602779234026e-14
323.4841725099178,-13.904147010471588,3.251370729752258,-1.3811908140161941,-35.454707340481775,6.73661370389787e-14
323.48522336016697,-13.894077820068135,3.2514329046908896,-1.3798678062336478,-35.45154127612241,0.0
323.48627377736517,-13.884008587128005,3.25149521172633,-1.3785449411515853,-35.44837331816434,5.0524602779234026e-14
323.48732376178435,-13.873939311676324,3.2515576509089823,-1.3772222188158127,-35.44520346706726,1.6841534259744676e-14
323.48837331369583,-13.863869993738204,3.2516202222892523,-1.3758996392722773,-35.44203172329066,5.0524602779234026e-14
323.4894224333713,-13.853800633338754,3.2516829259175415,-1.3745772025670147,-35.438858087294165,6.73661370389787e-14
323.49047112108207,-13.843731230503044,3.2517457618442553,-1.373254908746179,-35.4356825595373,0.0
323.4915193770993,-13.833661785256163,3.2518087301197975,-1.371932757856038,-35.43250514047955,3.368306851948935e-14
323.49256720169416,-13.823592297623176,3.251871830794569,-1.370610749942955,-35.42932583058042,5.0524602779234026e-14
323.4936145951377,-13.81352276762913,3.251935063918977,-1.369288885053408,-35.42614463029936,3.368306851948935e-14
323.4946615577007,-13.803453195299086,3.251998429543424,-1.3679671632339945,-35.42296154009581,0.0
323.495708089654,-13.793383580658055,3.2520619277183145,-1.366645584531411,-35.41977656042915,1.6841534259744676e-14
323.4967541912682,-13.783313923731072,3.252125558494052,-1.3653241489924643,-35.41658969175877,6.73661370389787e-14
323.4977998628138,-13.77324422454314,3.2521893219210387,-1.3640028566640816,-35.413400934544036,3.368306851948935e-14
323.4988451045612,-13.763174483119254,3.2522532180496806,-1.3626817075932864,-35.41021028924429,6.73661370389787e-14
323.49988991678083,-13.753104699484414,3.2523172469303803,-1.361360701827211,-35.40701775631878,6.73661370389787e-14
323.50093429974265,-13.743034873663573,3.2523814086135427,-1.3600398394131061,-35.40382333622681,-1.6841534259744676e-14
323.50197825371686,-13.732965005681718,3.2524457031495704,-1.3587191203983315,-35.400627029427646,0.0
323.5030217789732,-13.722895095563793,3.2525101305888673,-1.3573985448303554,-35.39742883638049,0.0
323.5040648757817,-13.712825143334747,3.2525746909818376,-1.35607811275674,-35.39422875754456,1.6841534259744676e-14
323.5051075444119,-13.702755149019497,3.2526393843788854,-1.3547578242251839,-35.391026793379,1.6841534259744676e-14
323.50614978513335,-13.692685112642973,3.252704210830413,-1.3534376792834872,-35.38782294434299,5.0524602779234026e-14
323.5071915982156,-13.682615034230082,3.2527691703868276,-1.3521176779795399,-35.38461721089562,0.0
323.508232983928,-13.67254491380572,3.2528342630985283,-1.3507978203613527,-35.381409593496,3.368306851948935e-14
323.50927394253966,-13.662474751394788,3.252899489015922,-1.3494781064770716,-35.37820009260321,8.420767129872338e-14
323.5103144743197,-13.652404547022133,3.2529648481894116,-1.34815853637491,-35.374988708676284,1.6841534259744676e-14
323.5113545795372,-13.64233430071264,3.253030340669402,-1.346839110103216,-35.37177544217424,6.73661370389787e-14
323.5123942584609,-13.632264012491158,3.253095966506296,-1.345519827710445,-35.36856029355605,3.368306851948935e-14
323.5134335113596,-13.622193682382536,3.2531617257504966,-1.3442006892451595,-35.36534326328073,1.6841534259744676e-14
323.5144723385019,-13.612123310411594,3.253227618452409,-1.342881694756025,-35.362124351807175,3.368306851948935e-14
323.51551074015634,-13.602052896603157,3.253293644662436,-1.3415628442918281,-35.35890355959433,5.0524602779234026e-14
323.51654871659133,-13.591982440982036,3.253359804430982,-1.3402441379014536,-35.35568088710107,1.6841534259744676e-14
323.51758626807504,-13.581911943573028,3.2534260978084504,-1.3389255756339131,-35.352456334786275,3.368306851948935e-14
323.5186233948757,-13.57184140440093,3.253492524845246,-1.3376071575383057,-35.349229903108764,1.6841534259744676e-14
323.5196600972613,-13.561770823490503,3.2535590855917715,-1.3362888836638565,-35.346001592527365,6.73661370389787e-14
323.5206963754998,-13.55170020086652,3.2536257800984307,-1.3349707540598987,-35.342771403500876,3.368306851948935e-14
323.521732229859,-13.541629536553739,3.2536926084156286,-1.333652768775862,-35.33953933648803,6.73661370389787e-14
323.52276766060663,-13.531558830576904,3.2537595705937674,-1.332334927861302,-35.33630539194759,3.368306851948935e-14
323.5238026680102,-13.521488082960738,3.2538266666832514,-1.331017231365872,-35.33306957033827,6.73661370389787e-14
323.5248372523372,-13.511417293729977,3.2538938967344855,-1.329699679339337,-35.32983187211871,1.6841534259744676e-14
323.52587141385493,-13.50134646290932,3.2539612607978716,-1.3283822718315812,-35.32659229774765,3.368306851948935e-14
323.52690515283064,-13.491275590523475,3.2540287589238153,-1.3270650088925984,-35.32335084768368,3.368306851948935e-14
323.52793846953136,-13.481204676597137,3.2540963911627196,-1.325747890572471,-35.3201075223854,3.368306851948935e-14
323.52897136422416,-13.471133721154978,3.254164157564988,-1.3244309169214135,-35.316862322311415,5.0524602779234026e-14
323.53000383717585,-13.461062724221662,3.254232058181025,-1.3231140879897443,-35.313615247920296,5.0524602779234026e-14
323.53103588865326,-13.450991685821855,3.2543000930612336,-1.3217974038278792,-35.31036629967056,1.6841534259744676e-14
323.53206751892293,-13.4409206059802,3.254368262256018,-1.320480864486365,-35.30711547802072,6.73661370389787e-14
323.5330987282515,-13.43084948472134,3.2544365658157823,-1.3191644700158354,-35.303862783429246,5.0524602779234026e-14
323.53412951690524,-13.420778322069888,3.254505003790929,-1.3178482204670616,-35.30060821635464,5.0524602779234026e-14
323.5351598851506,-13.410707118050459,3.254573576231864,-1.316532115890889,-35.29735177725529,3.368306851948935e-14
323.5361898332536,-13.400635872687673,3.254642283188989,-1.3152161563383045,-35.29409346658962,6.73661370389787e-14
323.5372193614804,-13.39056458600611,3.25471112471271,-1.31390034186039,-35.29083328481602,0.0
