galstreams/tracks/track.po.PS1-E.bernard2016.ecsv
# %ECSV 0.9
# ---
# datatype:
# - {name: ra, unit: deg, datatype: float64}
# - {name: dec, unit: deg, datatype: float64}
# - {name: distance, unit: kpc, datatype: float64}
# - {name: pm_ra_cosdec, unit: mas / yr, datatype: float64}
# - {name: pm_dec, unit: mas / yr, datatype: float64}
# - {name: radial_velocity, unit: km / s, datatype: float64}
# delimiter: ','
# meta: !!omap
# - __serialized_columns__:
#     dec:
#       __class__: astropy.coordinates.angles.Latitude
#       unit: &id001 !astropy.units.Unit {unit: deg}
#       value: !astropy.table.SerializedColumn {name: dec}
#     distance:
#       __class__: astropy.coordinates.distances.Distance
#       unit: !astropy.units.Unit {unit: kpc}
#       value: !astropy.table.SerializedColumn {name: distance}
#     pm_dec:
#       __class__: astropy.units.quantity.Quantity
#       unit: !astropy.units.Unit {unit: mas / yr}
#       value: !astropy.table.SerializedColumn {name: pm_dec}
#     pm_ra_cosdec:
#       __class__: astropy.units.quantity.Quantity
#       unit: !astropy.units.Unit {unit: mas / yr}
#       value: !astropy.table.SerializedColumn {name: pm_ra_cosdec}
#     ra:
#       __class__: astropy.coordinates.angles.Longitude
#       unit: *id001
#       value: !astropy.table.SerializedColumn {name: ra}
#       wrap_angle: !astropy.coordinates.Angle
#         unit: *id001
#         value: 360.0
#     radial_velocity:
#       __class__: astropy.units.quantity.Quantity
#       unit: !astropy.units.Unit {unit: km / s}
#       value: !astropy.table.SerializedColumn {name: radial_velocity}
# schema: astropy-2.0
ra,dec,distance,pm_ra_cosdec,pm_dec,radial_velocity
160.12229900840111,46.153206328036326,12.60000000000024,0.0,0.0,0.0
160.13077517099848,46.161306231512164,12.600000000000234,0.0,0.0,0.0
160.13925382958988,46.169405508349804,12.600000000000232,0.0,0.0,0.0
160.14773498542374,46.177504158187276,12.60000000000023,0.0,0.0,0.0
160.156218639749,46.18560218066249,12.60000000000023,0.0,0.0,0.0
160.16470479381516,46.193699575412964,12.60000000000023,0.0,0.0,0.0
160.17319344887244,46.201796342076086,12.600000000000225,0.0,0.0,0.0
160.18168460617156,46.20989248028897,12.600000000000225,0.0,0.0,0.0
160.19017826696395,46.21798798968852,12.600000000000222,0.0,0.0,0.0
160.1986744325016,46.226082869911444,12.60000000000022,0.0,0.0,0.0
160.20717310403703,46.23417712059404,12.600000000000218,0.0,0.0,0.0
160.21567428282336,46.24227074137255,12.600000000000218,0.0,0.0,0.0
160.2241779701145,46.25036373188292,12.600000000000215,0.0,0.0,0.0
160.2326841671648,46.25845609176086,12.600000000000215,0.0,0.0,0.0
160.24119287522922,46.26654782064182,12.600000000000215,0.0,0.0,0.0
160.24970409556343,46.27463891816111,12.600000000000211,0.0,0.0,0.0
160.25821782942353,46.282729383953615,12.600000000000211,0.0,0.0,0.0
160.2667340780664,46.29081921765413,12.600000000000211,0.0,0.0,0.0
160.2752528427494,46.298908418897184,12.600000000000207,0.0,0.0,0.0
160.2837741247306,46.30699698731707,12.600000000000206,0.0,0.0,0.0
160.2922979252686,46.31508492254781,12.600000000000204,0.0,0.0,0.0
160.30082424562266,46.323172224223285,12.600000000000204,0.0,0.0,0.0
160.30935308705253,46.33125889197695,12.600000000000204,0.0,0.0,0.0
160.3178844508187,46.33934492544218,12.600000000000199,0.0,0.0,0.0
160.3264183381822,46.34743032425207,12.600000000000199,0.0,0.0,0.0
160.3349547504047,46.35551508803947,12.600000000000195,0.0,0.0,0.0
160.34349368874845,46.363599216436995,12.600000000000195,0.0,0.0,0.0
160.35203515447637,46.37168270907706,12.600000000000195,0.0,0.0,0.0
160.3605791488518,46.37976556559172,12.600000000000195,0.0,0.0,0.0
160.36912567313888,46.3878477856129,12.600000000000193,0.0,0.0,0.0
160.37767472860233,46.39592936877226,12.600000000000191,0.0,0.0,0.0
160.3862263165074,46.404010314701225,12.60000000000019,0.0,0.0,0.0
160.39478043811997,46.41209062303095,12.600000000000188,0.0,0.0,0.0
160.40333709470664,46.420170293392445,12.600000000000186,0.0,0.0,0.0
160.41189628753443,46.428249325416274,12.600000000000183,0.0,0.0,0.0
160.42045801787108,46.436327718732976,12.600000000000184,0.0,0.0,0.0
160.42902228698492,46.44440547297274,12.600000000000184,0.0,0.0,0.0
160.43758909614488,46.45248258776554,12.600000000000183,0.0,0.0,0.0
160.44615844662061,46.46055906274115,12.60000000000018,0.0,0.0,0.0
160.45473033968213,46.468634897528986,12.60000000000018,0.0,0.0,0.0
160.46330477660018,46.47671009175832,12.600000000000177,0.0,0.0,0.0
160.47188175864625,46.484784645058184,12.600000000000177,0.0,0.0,0.0
160.48046128709225,46.49285855705732,12.600000000000176,0.0,0.0,0.0
160.4890433632108,46.50093182738427,12.600000000000176,0.0,0.0,0.0
160.49762798827518,46.50900445566734,12.600000000000174,0.0,0.0,0.0
160.506215163559,46.5170764415345,12.600000000000172,0.0,0.0,0.0
160.51480489033682,46.52514778461357,12.600000000000168,0.0,0.0,0.0
160.52339716988365,46.53321848453212,12.60000000000017,0.0,0.0,0.0
160.53199200347507,46.54128854091747,12.600000000000168,0.0,0.0,0.0
160.54058939238743,46.549357953396665,12.60000000000017,0.0,0.0,0.0
160.54918933789753,46.557426721596585,12.600000000000168,0.0,0.0,0.0
160.55779184128284,46.56549484514371,12.600000000000165,0.0,0.0,0.0
160.56639690382138,46.573562323664454,12.600000000000165,0.0,0.0,0.0
160.57500452679196,46.581629156784885,12.600000000000165,0.0,0.0,0.0
160.5836147114738,46.58969534413086,12.600000000000165,0.0,0.0,0.0
160.59222745914687,46.59776088532798,12.600000000000161,0.0,0.0,0.0
160.6008427710917,46.60582578000167,12.600000000000158,0.0,0.0,0.0
160.60946064858936,46.61389002777695,12.600000000000161,0.0,0.0,0.0
160.6180810929216,46.621953628278725,12.600000000000158,0.0,0.0,0.0
160.62670410537086,46.63001658113165,12.600000000000158,0.0,0.0,0.0
160.63532968722004,46.63807888596009,12.600000000000156,0.0,0.0,0.0
160.64395783975277,46.646140542388196,12.600000000000158,0.0,0.0,0.0
160.65258856425325,46.6542015500399,12.600000000000156,0.0,0.0,0.0
160.66122186200624,46.66226190853876,12.600000000000152,0.0,0.0,0.0
160.6698577342972,46.67032161750822,12.600000000000152,0.0,0.0,0.0
160.67849618241215,46.67838067657146,12.600000000000152,0.0,0.0,0.0
160.68713720763773,46.686439085351374,12.60000000000015,0.0,0.0,0.0
160.6957808112613,46.69449684347067,12.600000000000147,0.0,0.0,0.0
160.70442699457058,46.70255395055168,12.600000000000147,0.0,0.0,0.0
160.71307575885413,46.71061040621663,12.600000000000147,0.0,0.0,0.0
160.72172710540107,46.71866621008744,12.600000000000147,0.0,0.0,0.0
160.7303810355011,46.7267213617858,12.600000000000144,0.0,0.0,0.0
160.73903755044455,46.73477586093312,12.600000000000144,0.0,0.0,0.0
160.74769665152243,46.74282970715065,12.600000000000144,0.0,0.0,0.0
160.75635834002617,46.75088290005923,12.600000000000144,0.0,0.0,0.0
160.765022617248,46.758935439279604,12.600000000000142,0.0,0.0,0.0
160.77368948448077,46.7669873244322,12.600000000000142,0.0,0.0,0.0
160.78235894301778,46.775038555137236,12.60000000000014,0.0,0.0,0.0
160.79103099415312,46.78308913101465,12.60000000000014,0.0,0.0,0.0
160.79970563918147,46.791139051684176,12.60000000000014,0.0,0.0,0.0
160.80838287939793,46.79918831676519,12.60000000000014,0.0,0.0,0.0
160.81706271609846,46.80723692587693,12.600000000000138,0.0,0.0,0.0
160.82574515057954,46.81528487863835,12.600000000000136,0.0,0.0,0.0
160.83443018413823,46.82333217466816,12.600000000000136,0.0,0.0,0.0
160.84311781807227,46.83137881358482,12.600000000000135,0.0,0.0,0.0
160.85180805368003,46.83942479500657,12.600000000000135,0.0,0.0,0.0
160.86050089226035,46.847470118551286,12.600000000000135,0.0,0.0,0.0
160.8691963351129,46.85551478383672,12.600000000000133,0.0,0.0,0.0
160.87789438353772,46.86355879048033,12.600000000000133,0.0,0.0,0.0
160.88659503883574,46.87160213809933,12.600000000000131,0.0,0.0,0.0
160.8952983023083,46.87964482631066,12.600000000000133,0.0,0.0,0.0
160.90400417525748,46.887686854731086,12.600000000000128,0.0,0.0,0.0
160.91271265898587,46.89572822297697,12.60000000000013,0.0,0.0,0.0
160.92142375479676,46.90376893066458,12.600000000000128,0.0,0.0,0.0
160.930137463994,46.91180897740986,12.600000000000128,0.0,0.0,0.0
160.93885378788212,46.919848362828525,12.600000000000128,0.0,0.0,0.0
160.94757272776624,46.92788708653602,12.600000000000126,0.0,0.0,0.0
160.9562942849521,46.935925148147575,12.600000000000128,0.0,0.0,0.0
160.965018460746,46.943962547278076,12.600000000000124,0.0,0.0,0.0
160.97374525645492,46.951999283542264,12.600000000000124,0.0,0.0,0.0
160.9824746733865,46.96003535655459,12.600000000000124,0.0,0.0,0.0
160.9912067128489,46.96807076592925,12.600000000000124,0.0,0.0,0.0
160.99994137615099,46.97610551128017,12.600000000000122,0.0,0.0,0.0
161.0086786646022,46.984139592221105,12.600000000000122,0.0,0.0,0.0
161.01741857951254,46.99217300836539,12.600000000000122,0.0,0.0,0.0
161.02616112219272,47.00020575932626,12.600000000000119,0.0,0.0,0.0
161.0349062939541,47.00823784471667,12.600000000000119,0.0,0.0,0.0
161.04365409610853,47.01626926414928,12.600000000000119,0.0,0.0,0.0
161.0524045299686,47.02430001723655,12.600000000000119,0.0,0.0,0.0
161.06115759684744,47.03233010359058,12.600000000000117,0.0,0.0,0.0
161.06991329805885,47.04035952282332,12.600000000000117,0.0,0.0,0.0
161.0786716349172,47.048388274546475,12.600000000000117,0.0,0.0,0.0
161.08743260873757,47.05641635837141,12.600000000000115,0.0,0.0,0.0
161.0961962208355,47.06444377390931,12.600000000000115,0.0,0.0,0.0
161.1049624725274,47.07247052077111,12.600000000000112,0.0,0.0,0.0
161.11373136513004,47.080496598567386,12.600000000000112,0.0,0.0,0.0
161.12250289996095,47.088522006908555,12.600000000000112,0.0,0.0,0.0
161.13127707833826,47.09654674540477,12.600000000000112,0.0,0.0,0.0
161.1400539015807,47.10457081366592,12.600000000000112,0.0,0.0,0.0
161.14883337100764,47.11259421130162,12.600000000000112,0.0,0.0,0.0
161.15761548793915,47.1206169379213,12.600000000000112,0.0,0.0,0.0
161.16640025369574,47.128638993133976,12.60000000000011,0.0,0.0,0.0
161.17518766959867,47.13666037654857,12.60000000000011,0.0,0.0,0.0
161.18397773696978,47.14468108777368,12.60000000000011,0.0,0.0,0.0
161.1927704571316,47.15270112641767,12.60000000000011,0.0,0.0,0.0
161.20156583140715,47.1607204920886,12.600000000000108,0.0,0.0,0.0
161.21036386112027,47.1687391843944,12.600000000000106,0.0,0.0,0.0
161.21916454759517,47.17675720294252,12.600000000000108,0.0,0.0,0.0
161.2279678921569,47.184774547340346,12.600000000000106,0.0,0.0,0.0
161.23677389613098,47.192791217194944,12.600000000000106,0.0,0.0,0.0
161.24558256084367,47.20080721211312,12.600000000000103,0.0,0.0,0.0
161.2543938876218,47.20882253170144,12.600000000000106,0.0,0.0,0.0
161.26320787779287,47.21683717556624,12.600000000000104,0.0,0.0,0.0
161.27202453268484,47.22485114331345,12.600000000000101,0.0,0.0,0.0
161.28084385362652,47.23286443454891,12.600000000000103,0.0,0.0,0.0
161.28966584194723,47.24087704887814,12.600000000000101,0.0,0.0,0.0
161.29849049897683,47.2488889859064,12.600000000000101,0.0,0.0,0.0
161.30731782604605,47.256900245238725,12.600000000000101,0.0,0.0,0.0
161.31614782448594,47.264910826479806,12.600000000000097,0.0,0.0,0.0
161.32498049562838,47.272920729234144,12.600000000000101,0.0,0.0,0.0
161.3338158408058,47.28092995310597,12.600000000000097,0.0,0.0,0.0
161.34265386135132,47.28893849769927,12.6000000000001,0.0,0.0,0.0
161.3514945585986,47.29694636261774,12.600000000000097,0.0,0.0,0.0
161.36033793388202,47.30495354746489,12.600000000000097,0.0,0.0,0.0
161.3691839885364,47.31296005184379,12.600000000000097,0.0,0.0,0.0
161.3780327238974,47.320965875357444,12.600000000000097,0.0,0.0,0.0
161.3868841413012,47.32897101760852,12.600000000000097,0.0,0.0,0.0
161.3957382420846,47.33697547819939,12.600000000000096,0.0,0.0,0.0
161.40459502758512,47.34497925673226,12.600000000000094,0.0,0.0,0.0
161.41345449914078,47.352982352809015,12.600000000000094,0.0,0.0,0.0
161.42231665809024,47.36098476603122,12.600000000000092,0.0,0.0,0.0
161.43118150577286,47.368986496000296,12.600000000000094,0.0,0.0,0.0
161.44004904352857,47.37698754231732,12.600000000000094,0.0,0.0,0.0
161.448919272698,47.38498790458316,12.600000000000092,0.0,0.0,0.0
161.45779219462227,47.39298758239838,12.600000000000092,0.0,0.0,0.0
161.46666781064332,47.400986575363376,12.60000000000009,0.0,0.0,0.0
161.47554612210348,47.408984883078084,12.60000000000009,0.0,0.0,0.0
161.4844271303459,47.41698250514235,12.60000000000009,0.0,0.0,0.0
161.49331083671427,47.42497944115571,12.60000000000009,0.0,0.0,0.0
161.5021972425529,47.432975690717456,12.60000000000009,0.0,0.0,0.0
161.51108634920678,47.44097125342658,12.600000000000088,0.0,0.0,0.0
161.51997815802156,47.44896612888188,12.600000000000088,0.0,0.0,0.0
161.52887267034333,47.45696031668176,12.600000000000088,0.0,0.0,0.0
161.53776988751898,47.46495381642446,12.600000000000085,0.0,0.0,0.0
161.54666981089602,47.47294662770795,12.600000000000088,0.0,0.0,0.0
161.55557244182248,47.48093875012994,12.600000000000085,0.0,0.0,0.0
161.56447778164713,47.48893018328782,12.600000000000087,0.0,0.0,0.0
161.57338583171938,47.49692092677884,12.600000000000085,0.0,0.0,0.0
161.5822965933891,47.504910980199796,12.600000000000085,0.0,0.0,0.0
161.5912100680069,47.512900343147365,12.600000000000085,0.0,0.0,0.0
161.60012625692409,47.52088901521794,12.600000000000083,0.0,0.0,0.0
161.6090451614925,47.528876996007604,12.600000000000083,0.0,0.0,0.0
161.61796678306462,47.53686428511221,12.600000000000083,0.0,0.0,0.0
161.62689112299364,47.54485088212739,12.600000000000083,0.0,0.0,0.0
161.63581818263322,47.552836786648356,12.600000000000081,0.0,0.0,0.0
161.64474796333775,47.56082199827021,12.600000000000081,0.0,0.0,0.0
161.65368046646225,47.56880651658773,12.600000000000081,0.0,0.0,0.0
161.6626156933624,47.57679034119543,12.600000000000083,0.0,0.0,0.0
161.67155364539448,47.58477347168761,12.600000000000081,0.0,0.0,0.0
161.68049432391527,47.59275590765815,12.600000000000078,0.0,0.0,0.0
161.68943773028235,47.60073764870083,12.600000000000078,0.0,0.0,0.0
161.6983838658539,47.6087186944091,12.600000000000078,0.0,0.0,0.0
161.70733273198874,47.61669904437614,12.600000000000076,0.0,0.0,0.0
161.7162843300462,47.62467869819486,12.600000000000076,0.0,0.0,0.0
161.72523866138644,47.63265765545797,12.600000000000076,0.0,0.0,0.0
161.73419572737,47.64063591575775,12.600000000000078,0.0,0.0,0.0
161.7431555293582,47.64861347868638,12.600000000000076,0.0,0.0,0.0
161.7521180687131,47.65659034383569,12.600000000000078,0.0,0.0,0.0
161.7610833467971,47.66456651079726,12.600000000000078,0.0,0.0,0.0
161.77005136497354,47.67254197916242,12.600000000000076,0.0,0.0,0.0
161.77902212460623,47.68051674852223,12.600000000000076,0.0,0.0,0.0
161.78799562705953,47.68849081846741,12.600000000000074,0.0,0.0,0.0
161.79697187369857,47.696464188588486,12.600000000000074,0.0,0.0,0.0
161.8059508658891,47.70443685847571,12.600000000000076,0.0,0.0,0.0
161.81493260499744,47.71240882771905,12.600000000000074,0.0,0.0,0.0
161.82391709239056,47.72038009590821,12.600000000000074,0.0,0.0,0.0
161.83290432943616,47.72835066263265,12.600000000000072,0.0,0.0,0.0
161.8418943175024,47.73632052748147,12.600000000000074,0.0,0.0,0.0
161.85088705795815,47.74428969004357,12.600000000000072,0.0,0.0,0.0
161.85988255217293,47.7522581499076,12.600000000000072,0.0,0.0,0.0
161.86888080151692,47.760225906661894,12.600000000000072,0.0,0.0,0.0
161.87788180736084,47.768192959894556,12.600000000000072,0.0,0.0,0.0
161.88688557107614,47.77615930919342,12.600000000000072,0.0,0.0,0.0
161.8958920940348,47.78412495414595,12.600000000000072,0.0,0.0,0.0
161.90490137760952,47.79208989433945,12.600000000000067,0.0,0.0,0.0
161.9139134231736,47.80005412936093,12.600000000000069,0.0,0.0,0.0
161.92292823210093,47.80801765879711,12.600000000000069,0.0,0.0,0.0
161.93194580576622,47.8159804822345,12.60000000000007,0.0,0.0,0.0
161.94096614554445,47.82394259925918,12.600000000000067,0.0,0.0,0.0
161.94998925281158,47.831904009457126,12.600000000000067,0.0,0.0,0.0
161.95901512894403,47.83986471241396,12.600000000000065,0.0,0.0,0.0
161.96804377531896,47.84782470771506,12.600000000000065,0.0,0.0,0.0
161.977075193314,47.855783994945526,12.600000000000065,0.0,0.0,0.0
161.98610938430764,47.86374257369022,12.600000000000064,0.0,0.0,0.0
161.99514634967875,47.87170044353361,12.600000000000065,0.0,0.0,0.0
162.00418609080702,47.87965760406,12.600000000000065,0.0,0.0,0.0
162.01322860907268,47.88761405485344,12.600000000000067,0.0,0.0,0.0
162.02227390585665,47.89556979549761,12.600000000000065,0.0,0.0,0.0
162.03132198254045,47.90352482557599,12.600000000000064,0.0,0.0,0.0
162.0403728405063,47.91147914467182,12.600000000000062,0.0,0.0,0.0
162.0494264811369,47.91943275236792,12.600000000000065,0.0,0.0,0.0
162.0584829058157,47.92738564824695,12.600000000000065,0.0,0.0,0.0
162.0675421159268,47.93533783189129,12.600000000000064,0.0,0.0,0.0
162.0766041128549,47.94328930288302,12.600000000000064,0.0,0.0,0.0
162.08566889798533,47.951240060803954,12.600000000000064,0.0,0.0,0.0
162.09473647270408,47.9591901052357,12.600000000000064,0.0,0.0,0.0
162.10380683839767,47.96713943575939,12.60000000000006,0.0,0.0,0.0
162.11287999645342,47.97508805195609,12.600000000000064,0.0,0.0,0.0
162.1219559482591,47.9830359534065,12.60000000000006,0.0,0.0,0.0
162.13103469520334,47.99098313969107,12.600000000000058,0.0,0.0,0.0
162.14011623867523,47.99892961038993,12.60000000000006,0.0,0.0,0.0
162.1492005800646,48.00687536508306,12.60000000000006,0.0,0.0,0.0
162.1582877207617,48.01482040334994,12.600000000000058,0.0,0.0,0.0
162.16737766215772,48.02276472476996,12.600000000000056,0.0,0.0,0.0
162.17647040564427,48.03070832892219,12.600000000000058,0.0,0.0,0.0
162.18556595261373,48.03865121538539,12.600000000000058,0.0,0.0,0.0
