galstreams/tracks/track.st.LMS-1.yuan2020.ecsv
# %ECSV 1.0
# ---
# datatype:
# - {name: ra, unit: deg, datatype: float64}
# - {name: dec, unit: deg, datatype: float64}
# - {name: distance, unit: kpc, datatype: float64}
# - {name: pm_ra_cosdec, unit: mas / yr, datatype: float64}
# - {name: pm_dec, unit: mas / yr, datatype: float64}
# - {name: radial_velocity, unit: km / s, datatype: float64}
# delimiter: ','
# meta: !!omap
# - __serialized_columns__:
#     dec:
#       __class__: astropy.coordinates.angles.Latitude
#       unit: &id001 !astropy.units.Unit {unit: deg}
#       value: !astropy.table.SerializedColumn {name: dec}
#     distance:
#       __class__: astropy.coordinates.distances.Distance
#       unit: !astropy.units.Unit {unit: kpc}
#       value: !astropy.table.SerializedColumn {name: distance}
#     pm_dec:
#       __class__: astropy.units.quantity.Quantity
#       unit: !astropy.units.Unit {unit: mas / yr}
#       value: !astropy.table.SerializedColumn {name: pm_dec}
#     pm_ra_cosdec:
#       __class__: astropy.units.quantity.Quantity
#       unit: !astropy.units.Unit {unit: mas / yr}
#       value: !astropy.table.SerializedColumn {name: pm_ra_cosdec}
#     ra:
#       __class__: astropy.coordinates.angles.Longitude
#       unit: *id001
#       value: !astropy.table.SerializedColumn {name: ra}
#       wrap_angle: !astropy.coordinates.Angle
#         unit: *id001
#         value: 360.0
#     radial_velocity:
#       __class__: astropy.units.quantity.Quantity
#       unit: !astropy.units.Unit {unit: km / s}
#       value: !astropy.table.SerializedColumn {name: radial_velocity}
# schema: astropy-2.0
ra,dec,distance,pm_ra_cosdec,pm_dec,radial_velocity
[from data line 16231]
307.32015221620503,-1.1315043141961822,18.178817953360408,1.0807007004069649,-4.244633454265637,-110.25819567898611
307.3281863854355,-1.136594807998673,18.177644944559006,1.0809792894603685,-4.244913478001086,-110.18030029954265
307.3362208955655,-1.1416841282520416,18.176470733208514,1.0812582703280031,-4.245193316186081,-110.10236023824295
307.34425574727163,-1.146772274311186,18.175295318663675,1.0815376433015533,-4.2454729687532895,-110.02437548091427
307.3522909412311,-1.1518592455311036,18.17411870027904,1.0818174086728074,-4.245752435635372,-109.94634601338021
307.3603264781209,-1.1569450412666986,18.17294087740899,1.0820975667336576,-4.246031716764992,-109.86827182146091
307.3683623586183,-1.1620296608728882,18.171761849407694,1.082378117776097,-4.246310812074813,-109.79015289097387
307.3763985834007,-1.167113103704677,18.170581615629132,1.0826590620922256,-4.246589721497501,-109.71198920773215
307.3844351531459,-1.1721953691169429,18.169400175427107,1.0829403999742444,-4.246868444965716,-109.63378075754639
307.39247206853145,-1.1772764564646485,18.168217528155207,1.0832221317144624,-4.247146982412125,-109.55552752622303
307.40050933023537,-1.1823563651027236,18.167033673166838,1.0835042576052845,-4.247425333769393,-109.47722949956604
307.40854693893573,-1.1874350943860994,18.165848609815228,1.0837867779392256,-4.247703498970182,-109.39888666337527
307.41658489531085,-1.192512643669713,18.1646623374534,1.0840696930089042,-4.247981477947158,-109.32049900344732
307.4246232000391,-1.1975890123084767,18.163474855434174,1.0843530031070352,-4.248259270632981,-109.24206650557615
307.43266185379906,-1.2026641996573357,18.162286163110196,1.0846367085264477,-4.248536876960322,-109.16358915555107
307.44070085726946,-1.2077382050711958,18.16109625983393,1.0849208095600638,-4.248814296861837,-109.08506693915938
307.44874021112923,-1.2128110279050033,18.1599051449576,1.0852053065009175,-4.249091530270197,-109.00649984218379
307.4567799160574,-1.2178826675136876,18.158712817833294,1.085490199642141,-4.249368577118063,-108.9278878504045
307.4648199727333,-1.2229531232521205,18.157519277812884,1.085775489276973,-4.249645437338094,-108.84923094959831
307.47286038183626,-1.2280223944752766,18.156324524248042,1.086061175698753,-4.249922110862962,-108.77052912553775
307.4809011440458,-1.2330904805380356,18.155128556490265,1.0863472592009265,-4.250198597625326,-108.69178236399318
307.48894226004165,-1.23815738079535,18.153931373890828,1.086633740077043,-4.250474897557853,-108.61299065073062
307.49698373050376,-1.2432230946020906,18.152732975800863,1.086920618620755,-4.250751010593199,-108.53415397151338
307.5050255561121,-1.2482876213132172,18.15153336157126,1.087207895125816,-4.251026936664034,-108.45527231210094
307.513067737547,-1.2533509602836093,18.15033253055275,1.087495569886086,-4.251302675703017,-108.3763456582496
307.52111027548864,-1.258413110868166,18.149130482095856,1.0877836431955266,-4.251578227642812,-108.29737399571253
307.5291531706177,-1.2634740724218196,18.147927215550915,1.0880721153482058,-4.251853592416079,-108.21835731023894
307.5371964236147,-1.2685338442994527,18.146722730268063,1.088360986638291,-4.252128769955483,-108.13929558757532
307.5452400351607,-1.273592425856004,18.14551702559726,1.088650257360058,-4.252403760193684,-108.06018881346404
307.55328400593663,-1.2786498164463416,18.144310100888255,1.0889399278078833,-4.252678563063345,-107.98103697364476
307.5613283366237,-1.2837060154253659,18.14310195549062,1.0892299982762457,-4.252953178497123,-107.90184005385368
307.56937302790317,-1.288761022147982,18.141892588753734,1.0895204690597313,-4.25322760642768,-107.82259803982326
307.5774180804566,-1.2938148359690798,18.140682000026764,1.089811340453025,-4.253501846787677,-107.74331091728291
307.5854634949657,-1.298867456243568,18.139470188658706,1.090102612750923,-4.253775899509775,-107.66397867195823
307.59350927211216,-1.3039188823263124,18.13825715399835,1.0903942862483145,-4.254049764526633,-107.58460128957222
307.60155541257814,-1.3089691135722306,18.13704289539431,1.0906863612402027,-4.254323441770906,-107.50517875584349
307.6096019170456,-1.314018149336194,18.13582741219499,1.090978838021687,-4.254596931175256,-107.42571105648805
307.617648786197,-1.3190659889730698,18.134610703748617,1.0912717168879726,-4.254870232672339,-107.3461981772185
307.6256960207148,-1.324112631837779,18.133392769403194,1.0915649981343725,-4.255143346194813,-107.26664010374346
307.63374362128155,-1.3291580772851561,18.13217360850658,1.091858682056294,-4.255416271675338,-107.18703682176904
307.64179158858013,-1.3342023246701258,18.130953220406404,1.0921527689492594,-4.255689009046564,-107.10738831699679
307.6498399232935,-1.3392453733475485,18.129731604450118,1.092447259108884,-4.255961558241151,-107.02769457512612
307.65788862610464,-1.3442872226722564,18.12850875998498,1.0927421528308927,-4.25623391919175,-106.9479555818526
307.6659376976971,-1.349327871999188,18.127284686358045,1.093037450411115,-4.256506091831021,-106.86817132286761
307.673987138754,-1.354367320683151,18.12605938291619,1.0933331521454788,-4.2567780760916145,-106.78834178386087
307.6820369499592,-1.3594055680790644,18.124832849006086,1.0936292583300218,-4.257049871906182,-106.70846695051671
307.69008713199634,-1.3644426135417496,18.123605083974226,1.0939257692608793,-4.257321479207379,-106.6285468085178
307.69813768554934,-1.3694784564260987,18.1223760871669,1.0942226852342942,-4.2575928979278554,-106.54858134354234
307.7061886113024,-1.3745130960869671,18.121145857930195,1.0945200065466132,-4.257864128000263,-106.46857054126545
307.7142399099397,-1.3795465318791902,18.11991439561004,1.0948177334942806,-4.25813516935725,-106.38851438735935
307.7222915821456,-1.3845787631576438,18.118681699552127,1.0951158663738545,-4.258406021931468,-106.3084128674919
307.7303436286047,-1.3896097892771655,18.117447769101986,1.0954144054819885,-4.258676685655566,-106.22826596732868
307.7383960500018,-1.3946396095926366,18.116212603604943,1.0957133511154429,-4.2589471604621885,-106.14807367253066
307.7464488470218,-1.3996682234588622,18.114976202406137,1.0960127035710823,-4.259217446283985,-106.06783596875657
307.7545020203496,-1.4046956302307017,18.11373856485051,1.0963124631458694,-4.2594875430536,-105.9875528416614
307.7625555706706,-1.409721829263006,18.112499690282807,1.0966126301368804,-4.259757450703681,-105.90722427689606
307.77060949867,-1.4147468199105977,18.111259578047587,1.0969132048412846,-4.260027169166869,-105.82685026010921
307.77866380503355,-1.4197706015283478,18.110018227489203,1.0972141875563661,-4.260296698375812,-105.74643077694506
307.7867184904468,-1.4247931734710424,18.108775637951844,1.0975155785795014,-4.260566038263147,-105.66596581304539
307.7947735555956,-1.4298145350935583,18.107531808779466,1.097817378208178,-4.260835188761518,-105.58545535404745
307.802829001166,-1.4348346857506928,18.10628673931587,1.0981195867399838,-4.2611041498035656,-105.50489938558646
307.81088482784423,-1.4398536247972737,18.105040428904637,1.0984222044726117,-4.261372921321929,-105.42429789329329
307.8189410363166,-1.4448713515881546,18.103792876889177,1.0987252317038574,-4.261641503249244,-105.34365086279551
307.8269976272696,-1.4498878654781182,18.102544082612674,1.0990286687316209,-4.261909895518151,-105.26295827971782
307.8350546013899,-1.4549031658220124,18.101294045418147,1.0993325158539071,-4.262178098061287,-105.18222012968067
307.8431119593643,-1.4599172519746375,18.10004276464842,1.0996367733688204,-4.2624461108112826,-105.1014363983022
307.85116970187977,-1.4649301232907888,18.09879023964612,1.0999414415745723,-4.262713933700774,-105.02060707119638
307.85922782962365,-1.4699417791253118,18.09753646975367,1.1002465207694796,-4.262981566662395,-104.93973213397365
307.8672863432829,-1.4749522188329847,18.096281454313313,1.1005520112519558,-4.263249009628776,-104.85881157224209
307.87534524354527,-1.479961441768614,18.095025192667087,1.1008579133205272,-4.263516262532549,-104.77784537160507
307.8834045310983,-1.4849694472870127,18.093767684156855,1.1011642272738165,-4.263783325306339,-104.69683351766369
307.8914642066298,-1.4899762347429746,18.092508928124268,1.1014709534105545,-4.264050197882778,-104.61577599601449
307.89952427082756,-1.4949818034912934,18.091248923910786,1.1017780920295706,-4.264316880194492,-104.53467279225188
307.9075847243799,-1.4999861528867469,18.089987670857695,1.102085643429802,-4.264583372174104,-104.45352389196628
307.91564556797493,-1.5049892822841453,18.08872516830606,1.1023936079102918,-4.264849673754241,-104.37232928074431
307.9237068023012,-1.5099911910382462,18.08746141559677,1.1027019857701794,-4.265115784867523,-104.29108894416997
307.93176842804723,-1.514991878503871,18.086196412070514,1.1030107773087148,-4.265381705446574,-104.20980286782321
307.9398304459018,-1.5199913440357713,18.08493015706779,1.1033199828252476,-4.265647435424012,-104.12847103728087
307.9478928565537,-1.5249895869887187,18.083662649928915,1.1036296026192307,-4.265912974732454,-104.0470934381169
307.95595566069215,-1.5299866067174968,18.082393889993977,1.1039396369902255,-4.266178323304522,-103.96567005590066
307.9640188590063,-1.5349824025768593,18.081123876602906,1.1042500862378914,-4.266443481072826,-103.88420087619924
307.97208245218553,-1.5399769739216087,18.079852609095425,1.1045609506619958,-4.266708447969983,-103.80268588457554
307.98014644091944,-1.5449703201064777,18.07858008681106,1.1048722305624057,-4.266973223928608,-103.72112506658964
307.9882108258977,-1.5499624404862196,18.07730630908915,1.1051839262390952,-4.267237808881307,-103.6395184077981
307.99627560781016,-1.554953334415619,18.076031275268836,1.1054960379921415,-4.267502202760695,-103.55786589375354
308.00434078734685,-1.55994300124939,18.07475498468907,1.1058085661217218,-4.267766405499375,-103.4761675100061
308.012406365198,-1.5649314403423273,18.073477436688595,1.106121510928122,-4.268030417029957,-103.39442324210152
308.02047234205384,-1.5699186510491407,18.072198630605993,1.106434872711728,-4.268294237285042,-103.31263307558311
308.02853871860503,-1.5749046327245968,18.070918565779607,1.1067486517730356,-4.268557866197239,-103.23079699598998
308.0366054955422,-1.5798893847234257,18.069637241547625,1.1070628484126337,-4.268821303699145,-103.14891498885808
308.044672673556,-1.5848729064003484,18.068354657248033,1.1073774629312216,-4.269084549723359,-103.06698703972069
308.0527402533377,-1.5898551971101267,18.0670708122186,1.107692495629605,-4.269347604202483,-102.98501313410611
308.0608082355781,-1.594836256207459,18.065785705796927,1.1080079468086852,-4.269610467069111,-102.90299325754093
308.0688766209688,-1.5998160830470909,18.06449933732041,1.1083238167694747,-4.269873138255838,-102.8209273955472
308.0769454102012,-1.6047946769837496,18.06321170612626,1.1086401058130864,-4.270135617695258,-102.73881553364403
308.0850146039668,-1.6097720373721134,18.061922811551476,1.108956814240736,-4.27039790531996,-102.65665765734698
308.0930842029574,-1.614748163566937,18.06063265293288,1.109273942353744,-4.270660001062536,-102.57445375216828
308.10115420786497,-1.6197230549229171,18.0593412296071,1.1095914904535324,-4.27092190485557,-102.49220380361709
308.1092246193817,-1.6246967107947585,18.05804854091055,1.1099094588416325,-4.2711836166316495,-102.40990779719806
308.1172954381997,-1.629669130537163,18.05675458617948,1.1102278478196734,-4.271445136323357,-102.32756571841402
308.1253666650114,-1.6346403135048453,18.055459364749918,1.1105466576893916,-4.271706463863278,-102.24517755276281
308.1334383005095,-1.6396102590524861,18.054162875957715,1.1108658887526266,-4.271967599183986,-102.16274328573986
308.1415103453866,-1.6445789665347568,18.052865119138524,1.111185541311318,-4.272228542218062,-102.08026290283728
308.1495828003357,-1.6495464353063958,18.051566093627795,1.1115056156675125,-4.272489292898082,-101.99773638954292
308.1576556660497,-1.6545126647220278,18.050265798760808,1.1118261121233612,-4.272749851156619,-101.91516373134228
308.16572894322195,-1.6594776541363911,18.048964233872614,1.112147030981117,-4.273010216926245,-101.83254491371645
308.1738026325458,-1.6644414029041272,18.047661398298096,1.1124683725431386,-4.273270390139531,-101.74987992214349
308.18187673471465,-1.6694039103798994,18.04635729137194,1.1127901371118816,-4.273530370729041,-101.66716874209874
308.1899512504223,-1.674365175918409,18.045051912428622,1.113112324989915,-4.273790158627342,-101.58441135905295
308.1980261803626,-1.67932519887428,18.043745260802446,1.1134349364799059,-4.274049753766999,-101.50160775847435
308.20610152522954,-1.684283978602224,18.0424373358275,1.1137579718846262,-4.274309156080573,-101.41875792582701
308.2141772857172,-1.6892415144568458,18.041128136837692,1.1140814315069494,-4.274568365500622,-101.33586184657256
308.22225346252,-1.6941978057928233,18.039817663166726,1.1144053156498586,-4.2748273819597005,-101.25291950616811
308.2303300563323,-1.6991528519648167,18.03850591414812,1.114729624616432,-4.275086205390366,-101.16993089006817
308.2384070678488,-1.70410665232743,18.037192889115204,1.1150543587098576,-4.275344835725168,-101.08689598372399
308.24648449776436,-1.7090592062353367,18.035878587401093,1.1153795182334274,-4.27560327289666,-101.00381477258236
308.2545623467738,-1.7140105130431451,18.034563008338722,1.1157051034905323,-4.275861516837388,-100.92068724208775
308.26264061557237,-1.718960572105519,18.033246151260823,1.1160311147846724,-4.2761195674798955,-100.83751337768037
308.2707193048552,-1.7239093827770648,18.031928015499947,1.1163575524194482,-4.276377424756726,-100.75429316479759
308.2787984153178,-1.728856944412397,18.030608600388433,1.1166844166985612,-4.276635088600422,-100.67102658887349
308.28687794765574,-1.7338032563661507,18.029287905258446,1.1170117079258244,-4.276892558943518,-100.58771363533802
308.2949579025647,-1.7387483179929288,18.02796592944193,1.1173394264051482,-4.277149835718555,-100.50435428961826
308.3030382807407,-1.7436921286473472,18.02664267227066,1.1176675724405476,-4.277406918858061,-100.42094853713762
308.3111190828797,-1.748634687683991,18.025318133076205,1.1179961463361427,-4.27766380829457,-100.33749636331652
308.3192003096779,-1.7535759944574996,18.023992311189932,1.1183251483961576,-4.277920503960608,-100.25399775357123
308.32728196183183,-1.7585160483224358,18.02266520594303,1.1186545789249172,-4.278177005788701,-100.17045269331534
308.3353640400378,-1.7634548486333987,18.021336816666484,1.1189844382268526,-4.278433313711374,-100.08686116795876
308.34344654499256,-1.7683923947449764,18.020007142691078,1.1193147266064982,-4.278689427661145,-100.00322316290763
308.35152947739306,-1.7733286860117445,18.018676183347413,1.119645444368492,-4.278945347570533,-99.91953866356536
308.3596128379362,-1.7782637217883037,18.017343937965887,1.1199765918175748,-4.279201073372053,-99.83580765533105
308.3676966273192,-1.7831975014292092,18.01601040587671,1.1203081692585932,-4.2794566049982175,-99.75203012360113
308.37578084623937,-1.7881300242890183,18.014675586409894,1.1206401769964947,-4.279711942381536,-99.66820605376877
308.3838654953941,-1.7930612897223273,18.013339478895247,1.1209726153363315,-4.279967085454517,-99.58433543122251
308.39195057548113,-1.7979912970836482,18.012002082662402,1.1213054845832597,-4.280222034149664,-99.50041824134921
308.40003608719826,-1.802920045727581,18.010663397040776,1.1216387850425413,-4.280476788399479,-99.41645446953038
308.4081220312433,-1.807847535008643,18.00932342135961,1.1219725170195376,-4.2807313481364595,-99.33244410114591
308.41620840831445,-1.8127737642814037,18.00798215494794,1.1223066808197146,-4.280985713293104,-99.24838712157096
308.42429521911,-1.817698732900398,18.006639597134598,1.122641276748649,-4.281239883801902,-99.16428351617776
308.43238246432827,-1.8226224402201259,18.00529574724824,1.122976305112006,-4.281493859595347,-99.08013327033565
