galstreams/tracks/track.st.New-3.ibata2024.ecsv
# %ECSV 1.0
# ---
# datatype:
# - {name: ra, unit: deg, datatype: float64}
# - {name: dec, unit: deg, datatype: float64}
# - {name: distance, unit: kpc, datatype: float64}
# - {name: pm_ra_cosdec, unit: mas / yr, datatype: float64}
# - {name: pm_dec, unit: mas / yr, datatype: float64}
# - {name: radial_velocity, unit: km / s, datatype: float64}
# delimiter: ','
# meta: !!omap
# - __serialized_columns__:
#     dec:
#       __class__: astropy.coordinates.angles.Latitude
#       unit: &id001 !astropy.units.Unit {unit: deg}
#       value: !astropy.table.SerializedColumn {name: dec}
#     distance:
#       __class__: astropy.coordinates.distances.Distance
#       unit: !astropy.units.Unit {unit: kpc}
#       value: !astropy.table.SerializedColumn {name: distance}
#     pm_dec:
#       __class__: astropy.units.quantity.Quantity
#       unit: !astropy.units.Unit {unit: mas / yr}
#       value: !astropy.table.SerializedColumn {name: pm_dec}
#     pm_ra_cosdec:
#       __class__: astropy.units.quantity.Quantity
#       unit: !astropy.units.Unit {unit: mas / yr}
#       value: !astropy.table.SerializedColumn {name: pm_ra_cosdec}
#     ra:
#       __class__: astropy.coordinates.angles.Longitude
#       unit: *id001
#       value: !astropy.table.SerializedColumn {name: ra}
#       wrap_angle: !astropy.coordinates.Angle
#         unit: *id001
#         value: 360.0
#     radial_velocity:
#       __class__: astropy.units.quantity.Quantity
#       unit: !astropy.units.Unit {unit: km / s}
#       value: !astropy.table.SerializedColumn {name: radial_velocity}
# schema: astropy-2.0
ra,dec,distance,pm_ra_cosdec,pm_dec,radial_velocity
[from data line 6534]
125.83017472361139,0.7255637778884473,0.9999999999999992,-40.542842214289664,-35.80402225532741,15.075090501350104
125.83876201370786,0.730669461757842,0.9999999999999992,-40.539664029895846,-35.80230498326677,15.023919995911928
125.84734912642709,0.7357755294746906,0.9999999999999994,-40.536482168493045,-35.800585339304526,14.972758233825187
125.85593606186002,0.7408819809999169,0.9999999999999992,-40.533296629263475,-35.798863323277494,14.921605220406633
125.86452282009776,0.7459888162944489,0.9999999999999993,-40.530107411389146,-35.797138935022716,14.870460960972588
125.87310940123126,0.7510960353192331,0.9999999999999992,-40.52691451405198,-35.79541217437745,14.819325460839812
125.88169580535163,0.7562036380352216,0.9999999999999993,-40.52371793643371,-35.79368304117918,14.768198725324751
125.89028203254995,0.7613116244033828,0.9999999999999992,-40.52051767771607,-35.791951535265646,14.717080759743794
125.89886808291728,0.7664199943846854,0.9999999999999992,-40.51731373708056,-35.79021765647477,14.66597156941367
125.9074539565447,0.7715287479401193,0.9999999999999993,-40.514106113708564,-35.78848140464472,14.614871159650852
125.91603965352337,0.776637885030681,0.9999999999999993,-40.51089480678138,-35.7867427796139,14.563779535771795
125.92462517394438,0.7817474056173749,0.9999999999999991,-40.50767981548013,-35.78500178122093,14.51269670309325
125.93321051789893,0.7868573096612176,0.9999999999999992,-40.504461138985846,-35.783258409304636,14.461622666931513
125.94179568547816,0.7919675971232439,0.9999999999999992,-40.50123877647941,-35.7815126637041,14.41055743260321
125.95038067677321,0.7970782679644819,0.9999999999999992,-40.498012727141614,-35.779764544258605,14.359501005424958
125.9589654918753,0.8021893221459885,0.9999999999999992,-40.49478299015308,-35.77801405080768,14.308453390713264
125.96755013087568,0.8073007596288208,0.9999999999999992,-40.491549564694296,-35.77626118319107,14.25741459378445
125.97613459386552,0.81241258037405,0.9999999999999991,-40.48831244994565,-35.77450594124874,14.206384619955418
125.9847188809361,0.8175247843427544,0.9999999999999992,-40.48507164508742,-35.77274832482089,14.155363474542314
125.99330299217861,0.82263737149603,0.9999999999999993,-40.481827149299704,-35.77098833374794,14.104351162862125
126.00188692768442,0.8277503417949718,0.9999999999999993,-40.478578961762516,-35.76922596787054,14.053347690230938
126.01047068754472,0.832863695200704,0.9999999999999991,-40.47532708165572,-35.76746122702957,14.002353061965614
126.01905427185089,0.837977431674338,0.9999999999999991,-40.47207150815907,-35.76569411106612,13.951367283382599
126.02763768069418,0.8430915511770044,0.9999999999999993,-40.468812240452166,-35.76392461982152,13.900390359798326
126.03622091416601,0.848206053669868,0.9999999999999992,-40.465549277714516,-35.76215275313733,13.849422296529365
126.04480397235763,0.8533209391140697,0.9999999999999992,-40.462282619125446,-35.760378510855304,13.798463098892364
126.05338685536049,0.8584362074707774,0.9999999999999991,-40.45901226386424,-35.75860189281747,13.747512772203706
126.0619695632659,0.8635518587011675,0.9999999999999993,-40.455738211109946,-35.756822898866034,13.696571321780121
126.0705520961653,0.8686678927664289,0.9999999999999991,-40.45246046004158,-35.75504152884348,13.645638752937973
126.07913445415011,0.8737843096277552,0.9999999999999992,-40.44917900983799,-35.753257782592456,13.594715070993754
126.0877166373117,0.8789011092463562,0.9999999999999991,-40.44589385967788,-35.7514716599559,13.543800281264224
126.09629864574157,0.8840182915834487,0.9999999999999992,-40.44260500873986,-35.74968316077693,13.492894389065768
126.10488047953113,0.8891358566002648,0.9999999999999993,-40.43931245620238,-35.74789228489892,13.441997399715028
126.1134621387719,0.8942538042580419,0.9999999999999992,-40.4360162012438,-35.74609903216544,13.39110931852845
126.12204362355533,0.8993721345180332,0.9999999999999993,-40.432716243042336,-35.74430340242031,13.340230150822537
126.13062493397295,0.9044908473414928,0.9999999999999993,-40.429412580776074,-35.74250539550758,13.289359901913796
126.13920607011624,0.9096099426896996,0.9999999999999991,-40.42610521362295,-35.74070501127151,13.238498577119032
126.1477870320768,0.9147294205239319,0.9999999999999993,-40.42279414076079,-35.738902249556574,13.187646181754458
126.15636781994613,0.9198492808054829,0.9999999999999993,-40.419479361367316,-35.7370971102075,13.13680272113675
126.16494843381581,0.9249695234956579,0.9999999999999991,-40.416160874620104,-35.735289593069275,13.085968200582448
126.17352887377743,0.9300901485557656,0.9999999999999993,-40.41283867969658,-35.73347969798701,13.035142625408147
126.18210913992253,0.9352111559471356,0.9999999999999993,-40.40951277577409,-35.73166742480615,12.984326000930357
126.19068923234282,0.9403325456311002,0.9999999999999991,-40.40618316202981,-35.72985277337229,12.933518332465425
126.19926915112985,0.9454543175690019,0.9999999999999992,-40.402849837640815,-35.728035743531294,12.882719625330106
126.2078488963753,0.9505764717222037,0.9999999999999992,-40.39951280178402,-35.726216335129244,12.831929884840862
126.21642846817082,0.9556990080520658,0.9999999999999991,-40.39617205363626,-35.724394548012455,12.781149116314245
126.22500786660807,0.9608219265199686,0.9999999999999992,-40.39282759237419,-35.72257038202744,12.730377325066849
126.23358709177874,0.9659452270872954,0.9999999999999992,-40.389479417174385,-35.720743837020976,12.679614516415096
126.24216614377455,0.9710689097154481,0.9999999999999992,-40.386127527213276,-35.71891491284004,12.628860695675606
126.25074502268723,0.9761929743658373,0.9999999999999992,-40.38277192166713,-35.717083609331844,12.57811586816484
126.25932372860849,0.9813174209998777,0.9999999999999992,-40.379412599712154,-35.715249926343844,12.527380039199404
126.26790226163013,0.9864422495790044,0.9999999999999992,-40.376049560524365,-35.713413863723694,12.476653214095757
126.27648062184385,0.9915674600646525,0.9999999999999993,-40.3726828032797,-35.71157542131931,12.4259353981705
126.28505880934146,0.9966930524182734,0.9999999999999991,-40.36931232715395,-35.709734598978784,12.375226596740168
126.29363682421474,1.0018190266013351,0.9999999999999993,-40.365938131322736,-35.70789139655049,12.324526815121294
126.30221466655557,1.0069453825753032,0.9999999999999992,-40.36256021496163,-35.706045813882994,12.273836058630442
126.31079233645569,1.0120721203016645,0.9999999999999992,-40.35917857724603,-35.704197850825096,12.223154332584086
126.319369834007,1.017199239741895,0.9999999999999992,-40.35579321735123,-35.70234750722585,12.17248164229881
126.32794715930137,1.0223267408575243,0.9999999999999992,-40.35240413445233,-35.7004947829345,12.121817993091051
126.33652431243061,1.027454623610057,0.9999999999999991,-40.349011327724405,-35.69863967780054,12.071163390277539
126.34510129348668,1.0325828879610153,0.9999999999999991,-40.34561479634232,-35.69678219167367,12.020517839174609
126.35367810256146,1.0377115338719354,0.9999999999999992,-40.34221453948085,-35.69492232440384,11.969881345098852
126.36225473974685,1.0428405613043614,0.9999999999999991,-40.33881055631465,-35.693060075841224,11.919253913366903
126.37083120513482,1.0479699702198522,0.9999999999999992,-40.335402846018226,-35.69119544583623,11.868635549295249
126.37940749881727,1.053099760579972,0.9999999999999992,-40.33199140776595,-35.68932843423946,11.818026258200424
126.38798362088622,1.0582299323463005,0.9999999999999993,-40.32857624073208,-35.68745904090177,11.76742604539894
126.39655957143367,1.0633604854804277,0.9999999999999992,-40.32515734409077,-35.685587265674265,11.716834916207215
126.40513535055157,1.0684914199439535,0.9999999999999993,-40.321734717015985,-35.68371310840822,11.666252875942032
126.41371095833195,1.0736227356984773,0.9999999999999991,-40.318308358681634,-35.6818365689552,11.615679929919821
126.42228639486683,1.0787544327056253,0.9999999999999991,-40.31487826826148,-35.67995764716696,11.56511608345705
126.43086166024828,1.0838865109270295,0.9999999999999991,-40.31144444492908,-35.67807634289548,11.51456134187032
126.43943675456833,1.0890189703243276,0.9999999999999992,-40.30800688785796,-35.67619265599299,11.464015710476236
126.4480116779191,1.0941518108591697,0.9999999999999992,-40.3045655962215,-35.67430658631194,11.413479194591181
126.45658643039262,1.099285032493221,0.9999999999999992,-40.30112056919291,-35.672418133705,11.362951799531851
126.46516101208104,1.1044186351881535,0.9999999999999992,-40.29767180594532,-35.67052729802509,11.312433530614669
126.47373542307648,1.109552618905643,0.9999999999999992,-40.2942193056517,-35.66863407912533,11.261924393156153
126.48230966347107,1.114686983607392,0.9999999999999992,-40.29076306748492,-35.66673847685909,11.211424392472912
126.49088373335695,1.1198217292551003,0.9999999999999992,-40.28730309061767,-35.664840491079936,11.160933533881455
126.49945763282629,1.1249568558104805,0.9999999999999994,-40.28383937422259,-35.66294012164171,11.110451822698378
126.50803136197129,1.1300923632352595,0.9999999999999992,-40.28037191747213,-35.66103736839846,11.059979264240203
126.51660492088416,1.1352282514911731,0.9999999999999992,-40.276900719538645,-35.65913223120444,11.009515863823344
126.52517830965708,1.1403645205399697,0.9999999999999992,-40.27342577959433,-35.657224709914175,10.959061626764464
126.53375152838234,1.1455011703433986,0.9999999999999993,-40.2699470968113,-35.655314804382364,10.908616558379963
126.5423245771521,1.1506382008632328,0.9999999999999993,-40.2664646703615,-35.653402514464005,10.858180663986634
126.55089745605866,1.1557756120612444,0.9999999999999992,-40.262978499416775,-35.651487840014276,10.807753948900753
126.55947016519433,1.1609134038992268,0.9999999999999993,-40.25948858314882,-35.649570780888574,10.757336418438983
126.56804270465136,1.1660515763389747,0.9999999999999993,-40.255994920729215,-35.64765133694255,10.706928077917809
126.5766150745221,1.1711901293423002,0.9999999999999992,-40.25249751132944,-35.645729508032126,10.656528932653742
126.58518727489879,1.1763290628710221,0.9999999999999991,-40.248996354120756,-35.64380529401333,10.606138987963552
126.59375930587386,1.1814683768869672,0.9999999999999992,-40.24549144827442,-35.64187869474255,10.55575824916341
126.6023311675396,1.1866080713519764,0.9999999999999992,-40.24198279296146,-35.63994971007632,10.505386721570153
126.61090285998841,1.1917481462278992,0.9999999999999993,-40.238470387352834,-35.638018339871444,10.455024410500277
126.61947438331268,1.1968886014766054,0.9999999999999992,-40.23495423061936,-35.63608458398493,10.404671321270131
126.6280457376048,1.2020294370599627,0.9999999999999992,-40.23143432193173,-35.63414844227404,10.354327459196298
126.63661692295719,1.207170652939852,0.9999999999999992,-40.227910660460466,-35.63220991459623,10.30399282959544
126.64518793946226,1.2123122490781675,0.9999999999999991,-40.22438324537604,-35.63026900080923,10.253667437784012
126.65375878721245,1.2174542254368117,0.9999999999999992,-40.22085207584872,-35.628325700770944,10.20335128907872
126.66232946630029,1.2225965819777027,0.9999999999999992,-40.2173171510487,-35.62638001433956,10.153044388795745
126.67089997681819,1.2277393186627532,0.9999999999999992,-40.213778470146025,-35.62443194137347,10.102746742251863
126.67947031885868,1.2328824354539143,0.9999999999999991,-40.21023603231061,-35.62248148173129,10.052458354763631
126.68804049251423,1.2380259323131233,0.9999999999999992,-40.20668983671226,-35.62052863527188,10.002179231647508
126.69661049787737,1.2431698092023322,0.9999999999999992,-40.203139882520624,-35.61857340185432,9.95190937822012
126.70518033504068,1.2483140660835141,0.9999999999999993,-40.199586168905256,-35.6166157813379,9.901648799797911
126.71375000409665,1.253458702918643,0.9999999999999993,-40.196028695035544,-35.614655773582186,9.851397501697488
126.72231950513792,1.2586037196697035,0.9999999999999992,-40.192467460080806,-35.61269337844694,9.801155489235216
126.73088883825704,1.2637491162987007,0.9999999999999992,-40.188902463210155,-35.61072859579216,9.750922767727847
126.7394580035466,1.2688948927676393,0.9999999999999992,-40.18533370359264,-35.608761425478086,9.700699342491864
126.74802700109925,1.2740410490385394,0.9999999999999993,-40.181761180397174,-35.60679186736515,9.650485218843665
126.75659583100757,1.2791875850734244,0.999999999999999,-40.1781848927925,-35.604819921314075,9.60028040209996
126.76516449336422,1.2843345008343396,0.9999999999999992,-40.17460483994728,-35.602845587185726,9.550084897577218
126.7737329882619,1.2894817962833394,0.9999999999999992,-40.171021021030015,-35.6008688648413,9.499898710591973
126.78230131579328,1.2946294713824713,0.9999999999999992,-40.16743343520911,-35.59888975414215,9.449721846460774
126.790869476051,1.2997775260938211,0.9999999999999992,-40.16384208165283,-35.59690825494991,9.399554310500218
126.79943746912784,1.304925960379464,0.9999999999999992,-40.160246959529296,-35.594924367126374,9.34939610802661
126.80800529511644,1.3100747742014889,0.9999999999999992,-40.15664806800653,-35.59293809053364,9.299247244356803
126.81657295410962,1.3152239675220052,0.9999999999999992,-40.15304540625238,-35.590949425034,9.2491077248071
126.82514044620011,1.3203735403031214,0.9999999999999992,-40.14943897343464,-35.588958370489976,9.198977554694123
126.83370777148066,1.3255234925069628,0.9999999999999993,-40.14582876872092,-35.58696492676432,9.148856739334425
126.84227493004407,1.3306738240956637,0.9999999999999991,-40.14221479127869,-35.584969093720034,9.098745284044526
126.85084192198312,1.3358245350313693,0.9999999999999991,-40.13859704027534,-35.582970871220326,9.048643194140931
126.85940874739067,1.340975625276236,0.9999999999999992,-40.13497551487812,-35.580970259128634,8.998550474940158
126.86797540635953,1.3461270947924227,0.9999999999999992,-40.13135021425413,-35.57896725730865,8.948467131758889
126.87654189898251,1.3512789435421144,0.9999999999999992,-40.12772113757036,-35.57696186562428,8.898393169913529
126.88510822535254,1.3564311714874893,0.9999999999999992,-40.124088283993665,-35.574954083939645,8.848328594720574
126.89367438556243,1.3615837785907465,0.9999999999999992,-40.12045165269078,-35.572943912119136,8.798273411496735
126.90224037970512,1.366736764814092,0.9999999999999993,-40.11681124282832,-35.57093135002734,8.74822762555839
126.91080620787349,1.371890130119749,0.9999999999999992,-40.11316705357274,-35.5689163975291,8.698191242222242
126.9193718701605,1.3770438744699476,0.9999999999999992,-40.10951908409041,-35.566899054489454,8.648164266804534
126.92793736665902,1.3821979978269199,0.9999999999999991,-40.10586733354753,-35.56487932077371,8.5981467046222
126.9365026974621,1.3873525001529186,0.9999999999999993,-40.1022118011102,-35.56285719624736,8.548138560991374
126.94506786266267,1.392507381410199,0.9999999999999991,-40.098552485944396,-35.56083268077621,8.498139841228786
126.95363286235367,1.3976626415610387,0.9999999999999992,-40.09488938721594,-35.55880577422619,8.448150550651075
126.96219769662814,1.4028182805677112,0.9999999999999991,-40.09122250409057,-35.55677647646353,8.398170694574654
126.97076236557912,1.4079742983925119,0.9999999999999993,-40.087551835733834,-35.55474478735468,8.348200278315964
126.97932686929958,1.413130694997738,0.9999999999999992,-40.08387738131121,-35.55271070676632,8.298239307191826
126.98789120788263,1.4182874703457031,0.9999999999999993,-40.08019913998801,-35.55067423456532,8.248287786518487
126.9964553814213,1.4234446243987338,0.9999999999999992,-40.07651711092947,-35.54863537061887,8.19834572161262
127.00501939000866,1.4286021571191538,0.9999999999999992,-40.07283129330064,-35.546594114794296,8.148413117790684
127.01358323373783,1.433760068469318,0.9999999999999992,-40.06914168626646,-35.544550466959215,8.098489980369333
127.02214691270187,1.4389183584115681,0.9999999999999992,-40.06544828899174,-35.54250442698144,8.048576314665125
