galstreams/tracks/track.st.Sylgr.ibata2021.ecsv
# %ECSV 1.0
# ---
# datatype:
# - {name: ra, unit: deg, datatype: float64}
# - {name: dec, unit: deg, datatype: float64}
# - {name: distance, unit: kpc, datatype: float64}
# - {name: pm_ra_cosdec, unit: mas / yr, datatype: float64}
# - {name: pm_dec, unit: mas / yr, datatype: float64}
# - {name: radial_velocity, unit: km / s, datatype: float64}
# delimiter: ','
# meta: !!omap
# - __serialized_columns__:
#     dec:
#       __class__: astropy.coordinates.angles.Latitude
#       unit: &id001 !astropy.units.Unit {unit: deg}
#       value: !astropy.table.SerializedColumn {name: dec}
#     distance:
#       __class__: astropy.coordinates.distances.Distance
#       unit: !astropy.units.Unit {unit: kpc}
#       value: !astropy.table.SerializedColumn {name: distance}
#     pm_dec:
#       __class__: astropy.units.quantity.Quantity
#       unit: !astropy.units.Unit {unit: mas / yr}
#       value: !astropy.table.SerializedColumn {name: pm_dec}
#     pm_ra_cosdec:
#       __class__: astropy.units.quantity.Quantity
#       unit: !astropy.units.Unit {unit: mas / yr}
#       value: !astropy.table.SerializedColumn {name: pm_ra_cosdec}
#     ra:
#       __class__: astropy.coordinates.angles.Longitude
#       unit: *id001
#       value: !astropy.table.SerializedColumn {name: ra}
#       wrap_angle: !astropy.coordinates.Angle
#         unit: *id001
#         value: 360.0
#     radial_velocity:
#       __class__: astropy.units.quantity.Quantity
#       unit: !astropy.units.Unit {unit: km / s}
#       value: !astropy.table.SerializedColumn {name: radial_velocity}
# schema: astropy-2.0
ra,dec,distance,pm_ra_cosdec,pm_dec,radial_velocity
[from data line 1949]
182.32088682584916,-1.2736796840224955,4.2265940658386425,-12.341091085944191,-11.07036164952331,-164.5801682751101
182.33057720768218,-1.2704704842842864,4.228533029086935,-12.335057429881648,-11.064007773582144,-164.32215380910927
182.34026836026865,-1.2672628744872103,4.2304741251577545,-12.329022327156483,-11.05765342693285,-164.06226030281675
182.34996028321822,-1.2640568538116217,4.2324173557420925,-12.322985774753255,-11.05129860853532,-163.80048482455706
182.3596529761404,-1.2608524214379386,4.234362722530947,-12.316947769656382,-11.044943317349613,-163.53682444265382
182.36934643864458,-1.2576495765466518,4.236310227215309,-12.310908308850191,-11.038587552336013,-163.27127622543122
182.37904067034006,-1.254448318318319,4.238259871486176,-12.304867389318867,-11.03223131245498,-163.0038372412135
182.38873567083598,-1.2512486459335654,4.240211657034541,-12.298825008046487,-11.025874596667188,-162.7345045583247
182.39843143974142,-1.2480505585730866,4.242165585551398,-12.292781162017011,-11.019517403933502,-162.46327524508888
182.4081279766652,-1.2448540554176448,4.244121658727743,-12.286735848214276,-11.013159733214984,-162.19014636983022
182.41782528121624,-1.241659135648071,4.246079878254569,-12.280689063622015,-11.006801583472912,-161.9151150008728
182.42752335300318,-1.2384657984452625,4.24804024582287,-12.274640805223807,-11.00044295366873,-161.6381782065407
182.43722219163456,-1.2352740429901872,4.250002763123644,-12.268591070003154,-10.994083842764107,-161.3593330551579
182.4469217967188,-1.2320838684638806,4.251967431847879,-12.262539854943421,-10.987724249720925,-161.0785766150489
182.45662216786428,-1.2288952740474433,4.253934253686576,-12.256487157027836,-10.981364173501213,-160.7959059545373
182.46632330467918,-1.2257082589220474,4.255903230330724,-12.250432973239553,-10.975003613067273,-160.5113181419473
182.4760252067716,-1.2225228222689302,4.257874363471323,-12.244377300561549,-10.968642567381533,-160.22481024560318
182.48572787374945,-1.219338963269398,4.259847654799364,-12.238320135976743,-10.962281035406685,-159.936379333829
182.49543130522065,-1.2161566811048252,4.261823106005843,-12.232261476467883,-10.955919016105584,-159.64602247494878
182.50513550079287,-1.2129759749566535,4.26380071878175,-12.226201319017644,-10.949556508441315,-159.35373673728665
182.51484046007377,-1.2097968440063906,4.265780494818087,-12.220139660608535,-10.943193511377126,-159.0595191891667
182.52454618267078,-1.2066192874356136,4.267762435805843,-12.214076498222978,-10.936830023876507,-158.76336689891303
182.53425266819133,-1.203443304425968,4.269746543436014,-12.208011828843276,-10.930466044903133,-158.4652769348498
182.54395991624264,-1.2002688941591633,4.271732819399594,-12.201945649451591,-10.924101573420888,-158.16524636530107
182.55366792643184,-1.19709605581698,4.273721265387579,-12.195877957029987,-10.917736608393849,-157.86327225859074
182.56337669836594,-1.193924788581263,4.27571188309096,-12.18980874856039,-10.911371148786303,-157.55935168304316
182.5730862316519,-1.1907550916339262,4.277704674200734,-12.183738021024627,-10.905005193562753,-157.25348170698243
182.5827965258964,-1.1875869641569508,4.279699640407897,-12.17766577140439,-10.89863874168788,-156.94565939873252
182.5925075807062,-1.1844204053323852,4.281696783403442,-12.171591996681256,-10.892271792126593,-156.6358818266176
182.60221939568777,-1.1812554143423446,4.283696104878362,-12.165516693836688,-10.885904343843999,-156.32414605896167
182.61193197044759,-1.1780919903690084,4.2856976065236525,-12.15943985985203,-10.879536395805408,-156.01044916408887
182.6216453045919,-1.1749301325946295,4.2877012900303075,-12.153361491708488,-10.873167946976343,-155.69478821032365
182.63135939772695,-1.1717698402015218,4.289707157089323,-12.147281586387164,-10.866798996322517,-155.37716026598952
182.64107424945877,-1.1686111123720664,4.291715209391691,-12.141200140869042,-10.860429542809868,-155.0575623994108
182.65078985939334,-1.1654539482887163,4.293725448628408,-12.135117152134981,-10.854059585404526,-154.73599167891174
182.66050622713647,-1.162298347133987,4.295737876490469,-12.129032617165723,-10.847689123072842,-154.41244517281623
182.67022335229387,-1.159144308090463,4.297752494668866,-12.122946532941882,-10.841318154781362,-154.0869199494485
182.6799412344712,-1.1559918303407908,4.299769304854595,-12.116858896443965,-10.834946679496843,-153.75941307713256
182.68965987327385,-1.1528409130676895,4.301788308738652,-12.110769704652345,-10.82857469618626,-153.42992162419264
182.69937926830727,-1.1496915554539437,4.303809508012026,-12.104678954547289,-10.822202203816783,-153.09844265895262
182.70909941917665,-1.1465437566824013,4.305832904365717,-12.09858664310893,-10.815829201355795,-152.76497324973712
182.71882032548714,-1.1433975159359786,4.307858499490718,-12.092492767317292,-10.80945568777089,-152.42951046486957
182.72854198684374,-1.1402528323976564,4.309886295078024,-12.08639732415227,-10.803081662029863,-152.09205137267423
182.73826440285137,-1.1371097052504868,4.311916292818627,-12.080300310593652,-10.796707123100735,-151.75259304147554
182.74798757311478,-1.1339681336775835,4.313948494403522,-12.074201723621087,-10.79033206995173,-151.4111325395972
182.75771149723863,-1.1308281168621264,4.3159829015237055,-12.068101560214114,-10.783956501551272,-151.06766693536346
182.7674361748275,-1.1276896539873675,4.318019515870171,-12.06199981735216,-10.777580416868004,-150.72219329709856
182.7771616054858,-1.1245527442366166,4.320058339133913,-12.05589649201451,-10.77120381487078,-150.37470869312648
182.7868877888178,-1.1214173867932555,4.322099373005926,-12.049791581180344,-10.764826694528667,-150.02521019177124
182.7966147244277,-1.1182835808407292,4.3241426191772,-12.04368508182874,-10.758449054810953,-149.67369486135706
182.80634241191964,-1.1151513255625505,4.326188079338739,-12.037576990938597,-10.7520708946871,-149.32015977020797
182.81607085089752,-1.1120206201422944,4.328235755181531,-12.031467305488745,-10.745692213126823,-148.96460198664812
182.8258000409652,-1.1088914637636076,4.330285648396571,-12.025356022457881,-10.739313009100034,-148.60701857900153
182.8355299817264,-1.1057638556101994,4.332337760674854,-12.019243138824589,-10.732933281576866,-148.2474066155924
182.84526067278472,-1.1026377948658417,4.334392093707374,-12.013128651567296,-10.726553029527645,-147.88576316474467
182.85499211374366,-1.0995132807143801,4.336448649185128,-12.007012557664359,-10.72017225192293,-147.52208529478239
182.86472430420662,-1.0963903123397176,4.338507428799104,-12.00089485409397,-10.713790947733498,-147.1563700740301
182.87445724377685,-1.093268888925827,4.340568434240304,-11.994775537834228,-10.707409115930309,-146.7886145708115
182.88419093205744,-1.0901490096567483,4.342631667199718,-11.988654605863095,-10.701026755484573,-146.41881585345075
182.89392536865148,-1.087030673716581,4.3446971293683445,-11.982532055158417,-10.694643865367691,-146.046970990272
182.90366055316187,-1.0839138802894939,4.346764822437173,-11.976407882697922,-10.688260444551293,-145.6730770495993
182.91339648519136,-1.0807986285597249,4.3488347480971985,-11.970282085459226,-10.681876492007227,-145.29713109975674
182.92313316434272,-1.0776849177115682,4.35090690803942,-11.964154660419794,-10.675492006707536,-144.91913020906853
182.9328705902184,-1.07457274692939,4.352981303954829,-11.958025604556989,-10.669106987624495,-144.5390714458586
182.94260876242097,-1.071462115397622,4.3550579375344185,-11.951894914848069,-10.662721433730605,-144.15695187845122
182.95234768055266,-1.0683530223007551,4.357136810469184,-11.945762588270142,-10.656335343998562,-143.7727685751703
182.96208734421575,-1.0652454668233515,4.359217924450122,-11.939628621800193,-10.649948717401283,-143.3865186043401
182.9718277530123,-1.062139448150037,4.361301281168225,-11.933493012415116,-10.643561552911924,-142.99819903428465
182.9815689065443,-1.059034965465501,4.363386882314487,-11.927355757091663,-10.637173849503837,-142.6078069333282
182.99131080441364,-1.0559320179544942,4.365474729579905,-11.921216852806456,-10.630785606150592,-142.2153393697946
183.00105344622207,-1.0528306048018403,4.36756482465547,-11.91507629653601,-10.624396821825991,-141.82079341200802
183.01079683157124,-1.0497307251924217,4.3696571692321795,-11.908934085256716,-10.618007495504047,-141.4241661282926
183.02054096006265,-1.0466323783111893,4.371751765001027,-11.902790215944838,-10.61161762615899,-141.0254545869725
183.0302858312977,-1.043535563343157,4.373848613653005,-11.896644685576527,-10.605227212765271,-140.62465585637162
183.04003144487774,-1.0404402794734,4.37594771687911,-11.890497491127798,-10.59883625429757,-140.22176700481424
183.04977780040386,-1.0373465258870644,4.378049076370336,-11.884348629574562,-10.592444749730774,-139.81678510062437
183.05952489747722,-1.0342543017693564,4.380152693817678,-11.878198097892586,-10.58605269803999,-139.40970721212614
183.06927273569866,-1.0311636063055505,4.3822585709121284,-11.872045893057532,-10.57966009820056,-139.00053040764374
183.0790213146691,-1.0280744386809801,4.384366709344685,-11.86589201204493,-10.573266949188026,-138.589251755501
183.08877063398927,-1.024986798081045,4.386477110806339,-11.8597364518302,-10.566873249978181,-138.17586832402233
183.0985206932597,-1.0219006836912141,4.388589776988089,-11.853579209388627,-10.560478999547009,-137.7603771815315
183.10827149208095,-1.0188160946970135,4.390704709580923,-11.847420281695374,-10.554084196870734,-137.34277539635303
183.1180230300533,-1.0157330302840393,4.392821910275842,-11.841259665725497,-10.547688840925796,-136.92306003681057
183.12777530677712,-1.0126514896379464,4.394941380763838,-11.835097358453915,-10.541292930688861,-136.50122817122852
183.13752832185256,-1.0095714719444584,4.3970631227359025,-11.828933356855416,-10.53489646513682,-136.07727686793095
183.14728207487954,-1.0064929763893593,4.399187137883036,-11.822767657904686,-10.52849944324677,-135.65120319524175
183.15703656545804,-1.0034160021585021,4.401313427896224,-11.81660025857629,-10.522101863996063,-135.22300422148527
183.16679179318788,-1.0003405484377972,4.403441994466471,-11.810431155844647,-10.51570372636225,-134.79267701498554
183.17654775766874,-0.9972666144132224,4.4055728392847655,-11.804260346684059,-10.509305029323109,-134.36021864406646
183.1863044585002,-0.9941941992708196,4.407705964042103,-11.798087828068732,-10.502905771856653,-133.9256261770523
183.1960618952817,-0.9911233021966939,4.409841370429479,-11.791913596972712,-10.496505952941115,-133.48889668226718
183.2058200676126,-0.988053922377012,4.411979060137888,-11.78573765036995,-10.490105571554949,-133.05002722803516
183.21557897509214,-0.9849860589980078,4.414119034858324,-11.77955998523426,-10.48370462667684,-132.6090148826803
183.2253386173194,-0.9819197112459792,4.41626129628178,-11.773380598539338,-10.477303117285699,-132.16585671452665
183.2350989938935,-0.9788548783072809,4.418405846099252,-11.767199487258747,-10.47090104236066,-131.72054979189863
183.2448601044132,-0.9757915593683397,4.420552686001733,-11.761016648365949,-10.464498400881094,-131.27309118311996
183.25462194847734,-0.9727297536156386,4.4227018176802195,-11.754832078834259,-10.458095191826578,-130.82347795651486
183.2643845256846,-0.9696694602357291,4.424853242825705,-11.748645775636884,-10.45169141417694,-130.37170718040744
183.2741478356335,-0.9666106784152226,4.427006963129185,-11.742457735746891,-10.445287066912208,-129.91777592312178
183.2839118779225,-0.9635534073407946,4.429162980281652,-11.736267956137246,-10.438882149012668,-129.46168125298192
183.2936766521499,-0.9604976461991861,4.431321295974102,-11.730076433780788,-10.432476659458825,-129.00342023831215
183.30344215791396,-0.9574433941771978,4.433481911897528,-11.723883165650195,-10.426070597231393,-128.54298994743638
183.31320839481276,-0.9543906504616951,4.435644829742926,-11.717688148718075,-10.419663961311343,-128.0803874486788
183.32297536244428,-0.951339414239608,4.437810051201288,-11.711491379956888,-10.413256750679858,-127.61560981036344
183.3327430604064,-0.9482896846979257,4.439977577963611,-11.705292856338971,-10.406848964318362,-127.14865410081465
183.34251148829685,-0.9452414610237028,4.44214741172089,-11.699092574836527,-10.40044060120849,-126.67951738835603
183.35228064571334,-0.9421947424040561,4.4443195541641165,-11.692890532421654,-10.394031660332125,-126.20819674131221
183.36205053225333,-0.9391495280261658,4.446494006984288,-11.686686726066304,-10.387622140671377,-125.73468922800677
183.3718211475143,-0.9361058170772754,4.448670771872398,-11.680481152742331,-10.381212041208578,-125.25899191676419
183.38159249109358,-0.9330636087446839,4.450849850519439,-11.674273809421454,-10.374801360926313,-124.78110187590848
183.39136456258834,-0.9300229022157659,4.453031244616407,-11.66806469307527,-10.368390098807376,-124.30101617376366
183.40113736159563,-0.9269836966779483,4.455214955854297,-11.661853800675232,-10.361978253834799,-123.818731878654
183.41091088771248,-0.9239459913187238,4.457400985924104,-11.65564112919269,-10.355565824991846,-123.33424605890335
183.4206851405357,-0.9209097853256495,4.459589336516817,-11.649426675598876,-10.349152811262027,-122.84755578283612
183.4304601196621,-0.91787507788634,4.461780009323439,-11.643210436864878,-10.342739211629063,-122.35865811877606
183.44023582468827,-0.9148418681884751,4.463973006034959,-11.63699240996167,-10.336325025076924,-121.86755013504741
183.45001225521074,-0.9118101554197978,4.466168328342372,-11.6307725918601,-10.32991025058981,-121.3742288999743
183.45978941082595,-0.9087799387681126,4.468365977936674,-11.624550979530897,-10.323494887152155,-120.87869148188085
183.46956729113018,-0.9057512174212854,4.470565956508859,-11.61832756994465,-10.317078933748617,-120.38093494909107
183.47934589571963,-0.9027239905672435,4.472768265749918,-11.612102360071841,-10.310662389364106,-119.8809563699292
183.48912522419036,-0.899698257393976,4.4749729073508515,-11.605875346882819,-10.30424525298376,-119.37875281271911
183.49890527613837,-0.89667401708954,4.47717988300265,-11.599646527347799,-10.297827523592943,-118.87432134578506
183.5086860511595,-0.8936512688420455,4.479389194396309,-11.593415898436898,-10.29140920017727,-118.36765903745138
183.51846754884946,-0.8906300118396697,4.4816008432228225,-11.587183457120084,-10.284990281722585,-117.85876295604169
183.5282497688039,-0.8876102452706482,4.483814831173186,-11.580949200367208,-10.278570767214962,-117.34763016988029
183.53803271061838,-0.8845919683232848,4.486031159938394,-11.574713125147992,-10.272150655640715,-116.83425774729123
183.54781637388828,-0.8815751801859361,4.488249831209438,-11.568475228432046,-10.26572994598641,-116.31864275659873
183.55760075820888,-0.8785598800470285,4.490470846677313,-11.562235507188838,-10.259308637238824,-115.80078226612676
183.56738586317542,-0.8755460670950442,4.492694208033021,-11.555993958387715,-10.252886728384988,-115.28067334419967
183.57717168838292,-0.8725337405185293,4.494919916967547,-11.549750578997916,-10.246464218412179,-114.75831305914122
183.58695823342637,-0.8695228995060919,4.49714797517189,-11.543505365988532,-10.240041106307892,-114.23369847927573
183.5967454979006,-0.8665135432464004,4.499378384337042,-11.537258316328547,-10.233617391059873,-113.7068266729273
183.6065334814004,-0.8635056709281838,4.501611146154,-11.531009426986799,-10.227193071656101,-113.1776947084198
183.61632218352037,-0.8604992817402317,4.503846262313758,-11.524758694932013,-10.220768147084799,-112.64629965407748
183.62611160385504,-0.8574943748714003,4.506083734507309,-11.518506117132807,-10.214342616334433,-112.1126385782245
183.63590174199882,-0.8544909495106003,4.508323564425648,-11.51225169055763,-10.207916478393694,-111.57670854918486
183.64569259754603,-0.851489004846807,4.510565753759771,-11.505995412174842,-10.20148973225153,-111.03850663528276
