galstreams/tracks/track.st.Fimbulthul.ibata2021.ecsv
# %ECSV 1.0
# ---
# datatype:
# - {name: ra, unit: deg, datatype: float64}
# - {name: dec, unit: deg, datatype: float64}
# - {name: distance, unit: kpc, datatype: float64}
# - {name: pm_ra_cosdec, unit: mas / yr, datatype: float64}
# - {name: pm_dec, unit: mas / yr, datatype: float64}
# - {name: radial_velocity, unit: km / s, datatype: float64}
# delimiter: ','
# meta: !!omap
# - __serialized_columns__:
#     dec:
#       __class__: astropy.coordinates.angles.Latitude
#       unit: &id001 !astropy.units.Unit {unit: deg}
#       value: !astropy.table.SerializedColumn {name: dec}
#     distance:
#       __class__: astropy.coordinates.distances.Distance
#       unit: !astropy.units.Unit {unit: kpc}
#       value: !astropy.table.SerializedColumn {name: distance}
#     pm_dec:
#       __class__: astropy.units.quantity.Quantity
#       unit: !astropy.units.Unit {unit: mas / yr}
#       value: !astropy.table.SerializedColumn {name: pm_dec}
#     pm_ra_cosdec:
#       __class__: astropy.units.quantity.Quantity
#       unit: !astropy.units.Unit {unit: mas / yr}
#       value: !astropy.table.SerializedColumn {name: pm_ra_cosdec}
#     ra:
#       __class__: astropy.coordinates.angles.Longitude
#       unit: *id001
#       value: !astropy.table.SerializedColumn {name: ra}
#       wrap_angle: !astropy.coordinates.Angle
#         unit: *id001
#         value: 360.0
#     radial_velocity:
#       __class__: astropy.units.quantity.Quantity
#       unit: !astropy.units.Unit {unit: km / s}
#       value: !astropy.table.SerializedColumn {name: radial_velocity}
# schema: astropy-2.0
ra,dec,distance,pm_ra_cosdec,pm_dec,radial_velocity
[from data line 2122]
206.0602014335344,-23.692993715923294,3.4985787164483693,-14.394878985318652,-10.616103089446284,137.89334484991383
206.07075396405725,-23.6893381239657,3.497429211467634,-14.402328757213155,-10.61875943048,137.82553497533993
206.08131159634044,-23.68568896382898,3.4962807273373033,-14.409778587470562,-10.621415687363939,137.75752926644554
206.0918743349639,-23.68204623879224,3.4951332659999594,-14.417228471612988,-10.624071858601773,137.68932745977168
206.10244218450904,-23.67840995213357,3.4939868293981924,-14.424678405162805,-10.626727942696617,137.62092929185897
206.1130151495587,-23.67478010713008,3.492841419474584,-14.432128383642683,-10.629383938151044,137.5523344992486
206.12359323469727,-23.671156707057804,3.4916970381717225,-14.439578402575574,-10.63203984346707,137.48354281848117
206.13417644451062,-23.667539755191836,3.4905536874321923,-14.44702845748472,-10.634695657146153,137.4145539860975
206.14476478358603,-23.663929254806202,3.489411369198581,-14.454478543893634,-10.63735137768923,137.34536773863866
206.1553582565123,-23.660325209173944,3.488270085413471,-14.46192865732614,-10.640007003596681,137.27598381264545
206.16595686787977,-23.656727621567057,3.487129838019451,-14.46937879330631,-10.642662533368323,137.20640194465867
206.17656062228025,-23.65313649525656,3.4859906289591054,-14.476828947358523,-10.645317965503455,137.1366218712191
206.18716952430694,-23.64955183351243,3.4848524601750204,-14.484279115007427,-10.647973298500816,137.06664332886777
206.19778357855463,-23.645973639603632,3.4837153336097813,-14.491729291777963,-10.650628530858611,136.99646605414551
206.2084027896196,-23.642401916798114,3.4825792512059737,-14.499179473195355,-10.653283661074518,136.9260897835931
206.2190271620996,-23.638836668362817,3.4814442149061837,-14.506629654785085,-10.655938687645639,136.8555142537515
206.2296567005938,-23.635277897563654,3.4803102266529975,-14.514079832072944,-10.658593609068575,136.78473920116144
206.24029140970305,-23.631725607665533,3.4791772883889993,-14.521530000584992,-10.661248423839373,136.71376436236395
206.25093129402953,-23.62817980193232,3.478045402056777,-14.528980155847549,-10.663903130453537,136.64258947389976
206.26157635817697,-23.62464048362689,3.476914569598914,-14.53643029338726,-10.666557727406069,136.57121427230976
206.2722266067506,-23.621107656011063,3.475784792957997,-14.543880408731013,-10.669212213191397,136.49963849413479
206.28288204435717,-23.617581322345696,3.474656074076612,-14.551330497405974,-10.671866586303443,136.4278618759157
206.2935426756049,-23.614061485890566,3.473528414897346,-14.558780554939581,-10.674520845235573,136.35588415419355
206.3042085051036,-23.610548149904467,3.4724018173627815,-14.566230576859606,-10.677174988480665,136.28370506550885
206.31487953746444,-23.607041317645162,3.471276283415506,-14.573680558694026,-10.679829014531025,136.21132434640282
206.3255557773002,-23.60354099236939,3.4701518149981063,-14.581130495971127,-10.682482921878462,136.138741733416
206.33623722922513,-23.60004717733287,3.469028414053167,-14.588580384219473,-10.685136709014234,136.06595696308958
206.34692389785505,-23.5965598757903,3.467906082523273,-14.5960302189679,-10.687790374429095,135.99296977196408
206.35761578780722,-23.593079090995364,3.466784822351012,-14.603479995745516,-10.690443916613267,135.9197798965806
206.3683129037004,-23.5896048262007,3.4656646354789666,-14.61092971008171,-10.693097334056448,135.84638707347992
206.37901525015496,-23.58613708465795,3.464545523849725,-14.618379357506134,-10.69575062524781,135.7727910392028
206.38972283179265,-23.58267586961771,3.463427489405874,-14.625828933548721,-10.698403788676007,135.69899153029036
206.4004356532369,-23.579221184329572,3.462310534089996,-14.633278433739683,-10.701056822829191,135.6249882832832
206.41115371911252,-23.575773032042086,3.461194659844679,-14.640727853609487,-10.703709726194965,135.55078103472226
206.42187703404588,-23.572331416002783,3.460079868612508,-14.648177188688905,-10.70636249726045,135.47636952114846
206.4326056026649,-23.568896339458178,3.45896616233607,-14.655626434508932,-10.709015134512214,135.40175347910275
206.44333942959898,-23.56546780565375,3.457853542957948,-14.663075586600883,-10.711667636436342,135.32693264512574
206.4540785194791,-23.56204581783395,3.456742012420729,-14.67052464049632,-10.714320001518395,135.25190675575848
206.46482287693772,-23.55863037924221,3.4556315726670004,-14.677973591727072,-10.716972228243415,135.17667554754166
206.47557250660884,-23.55522149312093,3.454522225639346,-14.685422435825243,-10.719624315095942,135.1012387570163
206.48632741312792,-23.551819162711485,3.453413973280352,-14.692871168323215,-10.722276260560003,135.0255961207232
206.49708760113214,-23.548423391254218,3.452306817532604,-14.700319784753635,-10.72492806311912,134.94974737520323
206.50785307525996,-23.54503418198845,3.4512007603386885,-14.707768280649393,-10.7275797212563,134.87369225699723
206.51862384015155,-23.54165153815247,3.4500958036411906,-14.715216651543694,-10.730231233454054,134.79743050264616
206.52939990044857,-23.538275462983542,3.448991949382696,-14.72266489296998,-10.732882598194388,134.72096184869076
206.54018126079416,-23.534905959717882,3.447889199505789,-14.730113000461968,-10.735533813958805,134.64428603167192
206.5509679258331,-23.531543031590704,3.4467875559530587,-14.73756096955362,-10.738184879228285,134.56740278813047
206.56175990021163,-23.52818668183617,3.4456870206670867,-14.745008795779217,-10.740835792483342,134.4903118546073
206.57255718857752,-23.524836913687423,3.444587595590463,-14.752456474673242,-10.74348655220396,134.41301296764345
206.58335979558012,-23.521493730376573,3.4434892826657704,-14.759904001770494,-10.74613715686965,134.33550586377945
206.59416772587036,-23.518157135134686,3.442392083835596,-14.767351372606004,-10.748787604959407,134.2577902795564
206.6049809841006,-23.514827131191815,3.4412960010425233,-14.774798582715093,-10.75143789495174,134.17986595151504
206.6157995749248,-23.51150372177696,3.4402010362291406,-14.782245627633321,-10.754088025324661,134.10173261619624
206.6266235029985,-23.508186910118113,3.439107191338033,-14.789692502896523,-10.75673799455568,134.02339001014096
206.6374527729788,-23.504876699442196,3.438014468311786,-14.797139204040803,-10.759387801121832,133.94483786989
206.64828738952428,-23.501573092975146,3.436922869092985,-14.804585726602522,-10.762037443499658,133.86607593198414
206.65912735729506,-23.498276093941815,3.4358323956242156,-14.812032066118288,-10.764686920165193,133.7871039329644
206.66997268095295,-23.49498570556606,3.4347430498480636,-14.819478218125006,-10.767336229594006,133.70792160937145
206.68082336516113,-23.49170193107067,3.4336548337071156,-14.826924178159793,-10.769985370261157,133.6285286977463
206.69167941458446,-23.48842477367742,3.432567749143955,-14.83436994176008,-10.772634340641249,133.54892493462984
206.7025408338893,-23.48515423660705,3.4314817981011716,-14.841815504463503,-10.775283139208362,133.46911005656278
206.7134076277436,-23.481890323079256,3.430396982521348,-14.849260861808006,-10.777931764436133,133.38908380008607
206.72427980081687,-23.478633036312686,3.42931330434707,-14.856706009331766,-10.780580214797688,133.30884590174063
206.73515735778017,-23.475382379524962,3.428230765520924,-14.864150942573225,-10.783228488765698,133.22839609806707
206.74604030330607,-23.472138355932685,3.4271493679854963,-14.871595657071072,-10.785876584812327,133.14773412560663
206.7569286420688,-23.468900968751385,3.426069113683371,-14.879040148364272,-10.788524501409283,133.06685972089977
206.76782237874409,-23.465670221195573,3.4249900045571358,-14.886484411992027,-10.791172237027785,132.98577262048775
206.77872151800926,-23.462446116478716,3.4239120425493743,-14.893928443493817,-10.793819790138587,132.90447256091116
206.7896260645432,-23.459228657813238,3.4228352296026743,-14.901372238409362,-10.79646715921196,132.82295927871095
206.80053602302635,-23.456017848410518,3.4217595676596204,-14.908815792278638,-10.799114342717708,132.74123251042798
206.81145139814075,-23.452813691480923,3.420685058662798,-14.916259100641886,-10.80176133912516,132.65929199260296
206.82237219456997,-23.449616190233737,3.419611704554793,-14.9237021590396,-10.80440814690319,132.57713746177689
206.83329841699918,-23.44642534787723,3.4185395072781923,-14.9311449630125,-10.807054764520174,132.49476865449074
206.84423007011517,-23.443241167618627,3.417468468775581,-14.938587508101596,-10.809701190444041,132.41218530728517
206.8551671586062,-23.440063652664094,3.416398590989544,-14.946029789848147,-10.812347423142262,132.32938715670116
206.8661096871622,-23.436892806218783,3.4153298758626662,-14.953471803793642,-10.814993461081826,132.2463739392795
206.87705766047466,-23.433728631486765,3.4142623253375364,-14.960913545479835,-10.81763930272926,132.16314539156113
206.88801108323665,-23.430571131671112,3.413195941356738,-14.96835501044873,-10.82028494655064,132.07970125008688
206.8989699601428,-23.4274203099738,3.4121307258628577,-14.97579619424258,-10.822930391011582,131.99604125139743
206.9099342958893,-23.424276169595803,3.41106668079848,-14.983237092403897,-10.825575634577222,131.91216513203406
206.92090409517402,-23.421138713737033,3.410003808106192,-14.99067770047543,-10.828220675712268,131.82807262853723
206.93187936269635,-23.41800794559635,3.4089421097285793,-14.998118014000184,-10.830865512880948,131.7437634774479
206.94286010315727,-23.41488386837159,3.4078815876082262,-15.00555802852141,-10.833510144547043,131.6592374153071
206.95384632125936,-23.411766485259506,3.40682224368772,-15.012997739582618,-10.836154569173887,131.5744941786555
206.9648380217068,-23.408655799455836,3.4057640799096456,-15.020437142727545,-10.838798785224355,131.48953350403397
206.97583520920534,-23.40555181415526,3.404707098216589,-15.027876233500189,-10.841442791160862,131.40435512798362
206.98683788846236,-23.402454532551396,3.4036513005511355,-15.035315007444805,-10.8440865854454,131.31895878704492
206.99784606418683,-23.39936395783684,3.402596688855872,-15.042753460105857,-10.846730166539478,131.23334421775905
207.00885974108928,-23.39628009320312,3.401543265073383,-15.050191587028099,-10.84937353290419,131.14751115666667
207.0198789238819,-23.39320294184072,3.400491031146253,-15.05762938375651,-10.852016683000173,131.06145934030872
207.0309036172784,-23.39013250693906,3.3994399890170715,-15.0650668458363,-10.854659615287602,130.97518850522613
207.04193382599414,-23.387068791686545,3.3983901406284214,-15.072503968812942,-10.857302328226227,130.88869838795972
207.0529695547461,-23.38401179927049,3.3973414879228883,-15.079940748232152,-10.85994482027537,130.8019887250502
207.06401080825287,-23.380961532877176,3.396294032843059,-15.08737717963988,-10.862587089893886,130.7150592530386
207.0750575912346,-23.37791799569184,3.3952477773315186,-15.09481325858232,-10.865229135540202,130.62790970846575
207.08610990841305,-23.37488119089864,3.3942027233308547,-15.102248980605907,-10.867870955672313,130.54053982787258
207.09716776451168,-23.37185112168072,3.3931588727836495,-15.109684341257339,-10.870512548747778,130.45294934779972
207.10823116425544,-23.36882779122013,3.3921162276324917,-15.11711933608351,-10.873153913223717,130.36513800478815
207.11930011237095,-23.3658112026979,3.3910747898199656,-15.124553960631598,-10.87579504755681,130.27710553537884
207.13037461358644,-23.36280135929398,3.3900345612886573,-15.131988210448998,-10.878435950203322,130.1888516761126
207.14145467263182,-23.35979826418727,3.388995543981152,-15.139422081083353,-10.881076619619078,130.10037616353014
207.15254029423846,-23.35680192055563,3.3879577398400365,-15.146855568082536,-10.883717054259472,130.0116787341726
207.1636314831395,-23.353812331575856,3.3869211508078956,-15.154288666994667,-10.886357252579483,129.92275912458055
207.17472824406966,-23.35082950042368,3.385885778827315,-15.161721373368096,-10.88899721303365,129.83361707129495
207.18583058176523,-23.347853430273776,3.384851625840882,-15.16915368275141,-10.891636934076095,129.74425231085672
207.1969385009642,-23.34488412429978,3.3838186937911803,-15.176585590693442,-10.894276414160514,129.6546645798067
207.20805200640612,-23.341921585674257,3.3827869846207954,-15.184017092743261,-10.896915651740189,129.5648536146858
207.2191711028322,-23.33896581756871,3.3817565002723153,-15.191448184450156,-10.89955464526797,129.47481915203477
207.2302957949853,-23.336016823153575,3.380727242688324,-15.198878861363664,-10.902193393196303,129.38456092839448
207.24142608760982,-23.333074605598263,3.379699213811408,-15.206309119033556,-10.9048318939772,129.29407868030592
207.25256198545193,-23.33013916807109,3.3786724155841523,-15.213738953009827,-10.90747014606227,129.20337214430978
207.26370349325933,-23.327210513739328,3.3776468499491434,-15.22116835884271,-10.910108147902706,129.112441056947
207.27485061578136,-23.324288645769187,3.376622518848966,-15.228597332082687,-10.912745897949284,129.0212851547585
207.28600335776906,-23.321373567325804,3.375599424226206,-15.23602586828045,-10.91538339465237,128.92990417428499
207.29716172397502,-23.318465281573275,3.37457756802345,-15.24345396298692,-10.91802063646192,128.83829785206748
207.3083257191536,-23.315563791674617,3.373556952183283,-15.25088161175327,-10.92065762182748,128.74646592464669
207.31949534806057,-23.312669100791787,3.3725375786482923,-15.258308810130885,-10.923294349198192,128.65440812856372
207.33067061545367,-23.309781212085692,3.3715194493610605,-15.265735553671401,-10.925930817022802,128.56212420035916
207.34185152609197,-23.306900128716144,3.370502566264176,-15.273161837926658,-10.928567023749633,128.46961387657402
207.35303808473643,-23.304025853841935,3.369486931300224,-15.280587658448743,-10.931202967826612,128.37687689374914
207.36423029614946,-23.301158390620753,3.368472546411789,-15.288013010789964,-10.933838647701277,128.2839129884253
207.37542816509523,-23.29829774220924,3.3674594135414577,-15.295437890502848,-10.936474061820745,128.19072189714345
207.38663169633955,-23.29544391176296,3.3664475346318152,-15.302862293140175,-10.939109208631752,128.09730335644454
207.39784089464987,-23.292596902436426,3.3654369116254483,-15.310286214254926,-10.941744086580634,128.00365710286917
207.40905576479528,-23.289756717383074,3.364427546464942,-15.317709649400314,-10.944378694113329,127.90978287295837
207.4202763115466,-23.286923359755278,3.3634194410928826,-15.325132594129794,-10.947013029675382,127.81568040325298
207.43150253967616,-23.284096832704336,3.3624125974518546,-15.332555043997024,-10.949647091711947,127.72134943029394
207.4427344539581,-23.281277139380485,3.3614070174844444,-15.339976994555888,-10.952280878667786,127.62678969062192
207.45397205916814,-23.27846428293288,3.360402703133238,-15.347398441360514,-10.954914388987277,127.53200092077792
207.46521536008365,-23.27565826650964,3.35939965634082,-15.354819379965235,-10.957547621114397,127.43698285730281
207.47646436148375,-23.272859093257768,3.358397879049779,-15.3622398059246,-10.960180573492746,127.34173523673735
207.4877190681491,-23.270066766323236,3.3573973732026974,-15.369659714793412,-10.962813244565552,127.24625779562254
207.49897948486213,-23.26728128885091,3.356398140742162,-15.377079102126672,-10.965445632775642,127.15055027049905
207.5102456164069,-23.264502663984622,3.355400183610759,-15.384497963479589,-10.968077736565464,127.0546123979079
207.52151746756914,-23.261730894867103,3.354403503751074,-15.391916294407618,-10.970709554377086,126.95844391438992
207.53279504313625,-23.258965984640014,3.3534081031056915,-15.39933409046643,-10.973341084652214,126.86204455648594
207.5440783478973,-23.256207936443957,3.3524139836172,-15.406751347211895,-10.975972325832142,126.76541406073684
207.55536738664307,-23.25345675341845,3.351421147228184,-15.414168060200122,-10.978603276357827,126.66855216368347
