galstreams/tracks/track.st.M68-Fjorm.palau2019.ecsv
# %ECSV 0.9
# ---
# datatype:
# - {name: ra, unit: deg, datatype: float64}
# - {name: dec, unit: deg, datatype: float64}
# - {name: distance, unit: kpc, datatype: float64}
# - {name: pm_ra_cosdec, unit: mas / yr, datatype: float64}
# - {name: pm_dec, unit: mas / yr, datatype: float64}
# - {name: radial_velocity, unit: km / s, datatype: float64}
# delimiter: ','
# meta: !!omap
# - __serialized_columns__:
#     dec:
#       __class__: astropy.coordinates.angles.Latitude
#       unit: &id001 !astropy.units.Unit {unit: deg}
#       value: !astropy.table.SerializedColumn {name: dec}
#     distance:
#       __class__: astropy.coordinates.distances.Distance
#       unit: !astropy.units.Unit {unit: kpc}
#       value: !astropy.table.SerializedColumn {name: distance}
#     pm_dec:
#       __class__: astropy.units.quantity.Quantity
#       unit: !astropy.units.Unit {unit: mas / yr}
#       value: !astropy.table.SerializedColumn {name: pm_dec}
#     pm_ra_cosdec:
#       __class__: astropy.units.quantity.Quantity
#       unit: !astropy.units.Unit {unit: mas / yr}
#       value: !astropy.table.SerializedColumn {name: pm_ra_cosdec}
#     ra:
#       __class__: astropy.coordinates.angles.Longitude
#       unit: *id001
#       value: !astropy.table.SerializedColumn {name: ra}
#       wrap_angle: !astropy.coordinates.Angle
#         unit: *id001
#         value: 360.0
#     radial_velocity:
#       __class__: astropy.units.quantity.Quantity
#       unit: !astropy.units.Unit {unit: km / s}
#       value: !astropy.table.SerializedColumn {name: radial_velocity}
# schema: astropy-2.0
ra,dec,distance,pm_ra_cosdec,pm_dec,radial_velocity
[from data line 4569]
194.63390986962204,-0.5567932856572534,4.687757940096675,-2.419145486675683,3.305759916342228,1.6315236314127656e-14
194.63612172455765,-0.5468760250900716,4.687751015318578,-2.418891283634991,3.306427229777401,1.1841703776382976e-15
194.63833403462277,-0.5369589017434075,4.687744312574758,-2.418636966673171,3.30709455284077,1.61836618277234e-14
194.64054679987967,-0.5270419156176878,4.687737831787918,-2.4183825357910345,3.3077618854870607,1.5394214909297868e-14
194.6427600203907,-0.5171250667134039,4.687731572880756,-2.4181279909893805,3.3084292276709952,-1.5788938368510633e-15
194.64497369621822,-0.507208355030998,4.687725535775977,-2.4178733322689943,3.309096579347287,1.1578554803574466e-14
194.64718782742474,-0.49729178057096174,4.687719720396278,-2.417618559630654,3.309763940470642,9.078639561893614e-15
194.64940241407277,-0.48737534333378035,4.6877141266643605,-2.4173636730751227,3.310431310995765,-3.0262131872978715e-15
194.65161745622498,-0.4774590433199681,4.687708754502928,-2.417108672603154,3.3110986908773468,2.2367662688723396e-15
194.65383295394406,-0.46754288053002885,4.687703603834679,-2.416853558215491,3.3117660800700786,1.0262809939531913e-14
194.6560489072928,-0.45762685496449357,4.687698674582316,-2.4165983299128637,3.3124334785286407,7.697107454648934e-15
194.6582653163341,-0.44771096662389426,4.687693966668538,-2.416342987695994,3.313100886207714,5.723490158585105e-15
194.66048218113087,-0.4377952155087766,4.68768948001605,-2.416087531565588,3.313768303061962,-9.276001291499997e-15
194.66269950174615,-0.4278796016197083,4.687685214547548,-2.415831961522346,3.3144357290460533,8.223405400265956e-15
194.66491727824302,-0.41796412495725926,4.6876811701857335,-2.415576277566953,3.3151031641146447,5.986639131393615e-15
194.6671355106847,-0.40804878552200746,4.687677346853311,-2.4153204797000827,3.3157706082223823,-5.0656177265638285e-15
194.66935419913437,-0.3981335833145418,4.687673744472979,-2.415064567922401,3.3164380613239164,1.2368001721999996e-14
194.67157334365544,-0.3882185183354776,4.687670362967437,-2.41480854223456,3.317105523373883,1.0131235453127657e-14
194.6737929443113,-0.37830359058543234,4.687667202259389,-2.4145524026372023,3.317772994326913,1.9341449501425526e-14
194.6760130011654,-0.36838880006502545,4.687664262271535,-2.4142961491309554,3.3184404741376325,1.282851242441489e-14
194.67823351428135,-0.35847414677488626,4.687661542926573,-2.4140397817164416,3.319107962760662,1.894672604221276e-14
194.68045448372283,-0.348559630715695,4.6876590441472095,-2.413783300394266,3.319775460150612,-3.749872862521276e-15
194.68267590955347,-0.338645251888095,4.687656765856142,-2.4135267051650247,3.3204429662620916,-2.1051917824680845e-15
194.68489779183713,-0.32873101029275875,4.687654707976072,-2.4132699960293063,3.321110481049699,3.486723889712765e-15
194.68712013063768,-0.3188169059303784,4.687652870429699,-2.4130131729876836,3.321778004468031,-2.039404539265957e-15
194.68934292601907,-0.30890293880163666,4.687651253139726,-2.4127562360407175,3.3224455364716725,7.368171238638296e-15
194.69156617804535,-0.2989891089072584,4.687649856028852,-2.412499185188963,3.323113077015206,1.9670385717436164e-14
194.69378988678065,-0.2890754162479577,4.687648679019777,-2.41224202043296,3.323780626053208,-4.013021835329786e-15
194.6960140522891,-0.27916186082446326,4.687647722035207,-2.411984741773235,3.3244481835402433,1.0789107885148933e-14
194.698238674635,-0.2692484426375128,4.687646984997839,-2.411727349210309,3.3251157494308763,6.118213617797871e-15
194.70046375388273,-0.2593351616878714,4.687646467830374,-2.4114698427446877,3.3257833236796635,1.506527869328723e-14
194.70268929009669,-0.24942201797629635,4.687646170455515,-2.411212222376867,3.3264509062411522,3.749872862521276e-15
194.70491528334136,-0.23950901150357215,4.68764609279596,-2.410954488107331,3.3271184970698884,6.118213617797871e-15
194.70714173368134,-0.2295961422704781,4.687646234774413,-2.410696639936552,3.327786096120407,1.6446810800531912e-14
194.70936864118133,-0.21968341027781496,4.687646596313571,-2.4104386778649936,3.328453703347241,-3.848553727324467e-15
194.711596005906,-0.20977081552640228,4.68764717733614,-2.410180601893105,3.3291213187049102,-3.289362160106382e-16
194.71382382792018,-0.1998583580170622,4.687647977764817,-2.4099224120213267,3.3297889421479354,-1.480212972047872e-15
194.71605210728876,-0.1899460377506242,4.687648997522302,-2.4096641082500865,3.3304565736308276,2.092034333827659e-14
194.71828084407673,-0.18003385472793593,4.687650236531302,-2.409405690579801,3.3311242131080907,8.058937292260637e-15
194.72051003834915,-0.1701218089498586,4.6876516947145115,-2.4091471590108777,3.331791860534225,1.0262809939531913e-14
194.72273969017115,-0.16020990041726524,4.687653371994634,-2.4088885135437077,3.3324595158637234,4.605107024148935e-16
194.7249697996079,-0.1502981291310255,4.687655268294373,-2.4086297541786768,3.3331271790510684,0.0
194.72720036672467,-0.14038649509204304,4.687657383536424,-2.408370880916157,3.3337948500507433,9.6378311291117e-15
194.72943139158687,-0.13047499830121484,4.687659717643491,-2.4081118937565087,3.3344625288172183,8.420767129872338e-15
194.73166287425994,-0.120563638759466,4.687662270538276,-2.407852792700081,3.33513021530496,3.848553727324467e-15
194.73389481480933,-0.11065241646771788,4.687665042143477,-2.407593577747212,3.3357979094684334,1.2960086910819146e-14
194.73612721330073,-0.10074133142690839,4.687668032381796,-2.40733424889823,3.3364656112620876,9.55559707510904e-15
194.73836006979974,-0.0908303836379929,4.687671241175937,-2.4070748061534495,3.3371333206403726,-2.9933195656968075e-15
194.74059338437212,-0.08091957310193298,4.687674668448597,-2.406815249513175,3.3378010375577283,1.550934258490159e-14
194.74282715708372,-0.07100889981971248,4.687678314122479,-2.4065555789776996,3.338468761968589,1.032859718273404e-14
194.7450613880005,-0.06109836379230183,4.687682178120282,-2.406295794547307,3.339136493827387,5.098511348164892e-16
194.7472960771883,-0.05118796502070178,4.687686260364709,-2.4060358962222668,3.3398042330885396,8.725033129682178e-15
194.74953122471334,-0.041277703505935126,4.687690560778459,-2.4057758840028387,3.340471979706466,7.3188308062367e-16
194.75176683064166,-0.03136757924901363,4.687695079284233,-2.4055157578892707,3.3411397336355737,4.991607077961435e-15
194.75400289503952,-0.021457592250973358,4.687699815804734,-2.405255517881801,3.3418074948302654,1.4740454179976725e-14
194.7562394179732,-0.011547742512852729,4.687704770262663,-2.4049951639806535,3.3424752632449395,4.46119742964428e-16
194.7584763995091,-0.0016380300357227305,4.687709942580718,-2.404734696186045,3.3431430388339844,1.0317546981727432e-14
194.76071383971365,0.00827154517936012,4.687715332681603,-2.4044741144981754,3.3438108215517826,1.507761380138763e-14
194.7629517386534,0.018180983131309898,4.687720940488017,-2.4042134189172404,3.3444786113527125,7.60664999524601e-15
194.76519009639497,0.028090283819038928,4.687726765922662,-2.4039526094434183,3.3451464081911473,1.4296390288362364e-14
194.767428913005,0.0379994472414443,4.687732808908237,-2.4036916860768787,3.3458142120214487,1.5040608477086433e-14
194.76966818855033,0.04790847339739903,4.687739069367445,-2.403430648817781,3.346482022797974,4.1281495109335095e-15
194.77190792309776,0.05781736228578621,4.6877455472229865,-2.403169497666272,3.3471498404750766,-5.591915672180849e-16
194.7741481167142,0.06772611390545473,4.687752242397562,-2.4029082326224867,3.3478176650071,-5.887958266590424e-15
194.77638876946668,0.07763472825527706,4.68775915481387,-2.4026468536865493,3.3484854963483874,2.8781918900930844e-15
194.77862988142226,0.0875432053340609,4.687766284394619,-2.4023853608585726,3.349153334453263,6.792532860619679e-15
194.78087145264809,0.09745154514064708,4.687773631062502,-2.40212375413866,3.3498211792760593,1.1841703776382976e-14
194.78311348321145,0.1073597476738474,4.687781194740222,-2.4018620335269016,3.350489030771094,8.864831021486699e-15
194.78535597317963,0.11726781293246279,4.687788975350484,-2.4016001990233744,3.3511568888926786,1.9736172960638294e-15
194.78759892262,0.1271757409152765,4.687796972815982,-2.4013382506281515,3.3518247535951233,1.5196853179691485e-14
194.78984233160006,0.13708353162106937,4.687805187059422,-2.401076188341284,3.3524926248327236,1.197327826278723e-14
194.79208620018736,0.14699118504861086,4.687813618003504,-2.4008140121628214,3.3531605025597755,-4.210383564936169e-15
194.7943305284495,0.1568987011966508,4.687822265570929,-2.400551722092796,3.3538283867305663,4.703787888952126e-15
194.7965753164542,0.1668060800639346,4.687831129684397,-2.400289318131231,3.3544962772993765,1.0887788749952124e-14
194.79882056426928,0.17671332164919026,4.687840210266609,-2.400026800278139,3.35516417422048,8.848384210686167e-15
194.80106627196253,0.18662042595112507,4.687849507240264,-2.3997641685335203,3.355832077448146,1.2927193289218081e-14
194.80331243960194,0.19652739296845453,4.687859020528068,-2.399501422897362,3.3564999869366354,1.6479704422132975e-14
194.80555906725553,0.2064342226998785,4.68786875005272,-2.399238563369642,3.3571679026402004,-1.5788938368510633e-15
194.80780615499134,0.21634091514406736,4.687878695736918,-2.3989755899503296,3.3578358245130926,1.2236427235595742e-14
194.8100537028776,0.22624747029969805,4.687888857503364,-2.398712502639379,3.3585037525095545,1.394689555885106e-14
194.8123017109826,0.23615388816541824,4.687899235274762,-2.3984493014367345,3.3591716865838204,0.0
194.81455017937458,0.24606016873988473,4.687909828973811,-2.3981859863423267,3.35983962669012,6.381362590606381e-15
194.81679910812198,0.2559663120217314,4.68792063852321,-2.3979225573560776,3.3605075727826743,1.394689555885106e-14
194.81904849729335,0.2658723180095714,4.687931663845662,-2.397659014477899,3.361175524815702,8.223405400265956e-15
194.82129834695718,0.2757781867020193,4.687942904863868,-2.3973953577076887,3.3618434827434114,1.1578554803574466e-14
194.82354865718213,0.2856839180976641,4.687954361500528,-2.3971315870453345,3.362511446520005,7.499745725042552e-15
194.82579942803696,0.2955895121951158,4.687966033678344,-2.396867702490712,3.363179416099681,6.447149833808509e-15
194.82805065959045,0.30549496899291784,4.687977921320015,-2.396603704043687,3.3638473914366296,-5.2629794561702115e-15
194.83030235191146,0.31540028848964824,4.687990024348246,-2.3963395917041104,3.364515372485033,1.5196853179691485e-14
194.83255450506897,0.32530547068384985,4.688002342685732,-2.3960753654718303,3.3651833591990723,-9.47336302110638e-15
194.834807119132,0.3352105155740724,4.6880148762551785,-2.395811025346672,3.3658513515329145,7.433958481840424e-15
194.83706019416968,0.3451154231588274,4.688027624979285,-2.3955465713284574,3.3665193494407255,1.4012682802053187e-14
194.83931373025123,0.35502019343662866,4.688040588780752,-2.395282003416996,3.367187352876662,-1.2960086910819146e-14
194.84156772744586,0.3649248264059821,4.688053767582281,-2.395017321612083,3.3678553617948768,-1.1183831344361698e-15
194.84382218582294,0.3748293220653829,4.688067161306574,-2.3947525259135043,3.368523376149515,1.5525789395702124e-14
194.84607710545194,0.38473368041329326,4.688080769876329,-2.3944876163210367,3.3691913958947133,2.0788768851872334e-14
194.84833248640237,0.39463790144817873,4.68809459321425,-2.394222592834441,3.3698594209846053,2.2367662688723396e-15
194.85058832874373,0.40454198516850004,4.688108631243035,-2.393957455453472,3.370527451373316,9.999660966723401e-15
194.85284463254578,0.41444593157269366,4.688122883885387,-2.3936922041778668,3.3711954870149636,-2.4341279984787227e-15
194.8551013978782,0.4243497406591971,4.688137351064007,-2.3934268390073568,3.3718635278636597,1.3881108315648933e-14
194.85735862481084,0.4342534124264047,4.688152032701595,-2.3931613599416606,3.3725315738735135,6.578724320212764e-16
194.85961631341357,0.4441569468727338,4.688166928720851,-2.3928957669804833,3.3731996249986222,1.815727912378723e-14
194.8618744637564,0.4540603439965732,4.688182039044479,-2.39263006012352,3.3738676811930777,-6.447149833808509e-15
194.8641330759094,0.46396360379630974,4.688197363595178,-2.3923642393704556,3.374535742410968,1.61836618277234e-14
194.86639214994264,0.4738667262702938,4.688212902295646,-2.3920983047209647,3.375203808606372,1.1052256857957444e-14
194.8686516859264,0.4837697114168959,4.688228655068591,-2.3918322561747054,3.375871879733363,3.815660105723403e-15
194.87091168393093,0.49367255923444275,4.688244621836707,-2.3915660937313303,3.3765399557460087,1.1578554803574466e-14
194.87317214402665,0.503575269721284,4.688260802522699,-2.3912998173904763,3.3772080365983683,-7.894469184255318e-15
194.87543306628396,0.5134778428757243,4.688277197049265,-2.3910334271517732,3.3778761222444964,-2.6314897280851057e-16
194.8776944507734,0.5233802786960635,4.68829380533911,-2.3907669230148345,3.378544212638439,5.2629794561702115e-15
194.87995629756554,0.533282577180608,4.688310627314933,-2.3905003049792675,3.3792123077342366,1.4604767990872335e-14
194.88221860673113,0.5431847383276236,4.688327662899432,-2.390233573044663,3.379880407485926,0.0
194.88448137834092,0.5530867621354081,4.688344912015312,-2.3899667272106053,3.380548511847532,6.315575347404253e-15
194.88674461246575,0.5629886486021853,4.688362374585271,-2.3896997674766673,3.3812166207730785,1.4473193504468082e-15
194.8890083091765,0.5728903977262095,4.688380050532012,-2.3894326938424033,3.3818847342165763,5.2629794561702115e-15
194.89127246854417,0.5827920095057184,4.688397939778236,-2.3891655063073656,3.382552852132036,8.026043670659572e-15
194.8935370906399,0.5926934839389307,4.688416042246642,-2.3888982048710896,3.383220974473459,8.815490589085104e-15
194.8958021755348,0.6025948210240445,4.688434357859932,-2.388630789533101,3.3838891011948387,-4.73668151055319e-15
194.89806772330013,0.6124960207592626,4.688452886540806,-2.3883632602929152,3.384557232250166,1.9078300528617017e-14
194.90033373400718,0.6223970831427589,4.688471628211968,-2.3880956171500327,3.385225367593417,8.683916102680848e-15
194.90260020772735,0.6322980081727193,4.688490582796115,-2.3878278601039478,3.3858935071785754,1.2894299667617018e-14
194.9048671445321,0.6421987958472811,4.68850975021595,-2.3875599891541386,3.3865616509596035,1.7894130150978717e-14
194.90713454449298,0.6520994461645989,4.6885291303941745,-2.387292004300075,3.387229798890465,9.868086480319147e-15
194.90940240768163,0.661999959122807,4.688548723253487,-2.3870239055412155,3.3878979509251166,1.6578385286936164e-14
194.91167073416977,0.6719003347200186,4.6885685287165915,-2.386755692877004,3.3885661070175046,-2.2367662688723396e-15
194.91393952402916,0.6818005729543576,4.688588546706185,-2.3864873663068775,3.3892342671215765,-1.0920682371553189e-14
194.91620877733166,0.6917006738239009,4.6886087771449745,-2.386218925830259,3.389902431191262,9.868086480319147e-15
194.91847849414924,0.7016006373267292,4.688629219955653,-2.385950371446561,3.390570599180496,-6.578724320212764e-15
194.9207486745539,0.711500463460932,4.6886498750609285,-2.3856817031551825,3.391238771043197,1.1841703776382976e-14
194.92301931861772,0.7214001522245546,4.6886707423835,-2.3854129209555155,3.391906946733283,1.1841703776382976e-14
194.92529042641294,0.7312997036156444,4.688691821846065,-2.3851440248469378,3.392575126204663,1.0394384425936167e-14
194.92756199801175,0.741199117632229,4.688713113371328,-2.3848750148288156,3.39324330941124,4.078809078531914e-15
194.92983403348651,0.7510983942723302,4.688734616881989,-2.3846058909005032,3.3939114963069104,1.5394214909297868e-14
194.9321065329097,0.7609975335339745,4.688756332300749,-2.384336653061348,3.394579686845565,3.4209366465106372e-15
194.9343794963537,0.7708965354151267,4.688778259550307,-2.3840673013106812,3.3952478809810875,7.762894697851062e-15
194.93665292389113,0.7807953999137852,4.688800398553367,-2.3837978356478233,3.3959160786673515,3.9472345921276583e-16
