galstreams/tracks/track.st.C-8.ibata2021.ecsv
# %ECSV 0.9
# ---
# datatype:
# - {name: ra, unit: deg, datatype: float64}
# - {name: dec, unit: deg, datatype: float64}
# - {name: distance, unit: kpc, datatype: float64}
# - {name: pm_ra_cosdec, unit: mas / yr, datatype: float64}
# - {name: pm_dec, unit: mas / yr, datatype: float64}
# - {name: radial_velocity, unit: km / s, datatype: float64}
# delimiter: ','
# meta: !!omap
# - __serialized_columns__:
#     dec:
#       __class__: astropy.coordinates.angles.Latitude
#       unit: &id001 !astropy.units.Unit {unit: deg}
#       value: !astropy.table.SerializedColumn {name: dec}
#     distance:
#       __class__: astropy.coordinates.distances.Distance
#       unit: !astropy.units.Unit {unit: kpc}
#       value: !astropy.table.SerializedColumn {name: distance}
#     pm_dec:
#       __class__: astropy.units.quantity.Quantity
#       unit: !astropy.units.Unit {unit: mas / yr}
#       value: !astropy.table.SerializedColumn {name: pm_dec}
#     pm_ra_cosdec:
#       __class__: astropy.units.quantity.Quantity
#       unit: !astropy.units.Unit {unit: mas / yr}
#       value: !astropy.table.SerializedColumn {name: pm_ra_cosdec}
#     ra:
#       __class__: astropy.coordinates.angles.Longitude
#       unit: *id001
#       value: !astropy.table.SerializedColumn {name: ra}
#       wrap_angle: !astropy.coordinates.Angle
#         unit: *id001
#         value: 360.0
#     radial_velocity:
#       __class__: astropy.units.quantity.Quantity
#       unit: !astropy.units.Unit {unit: km / s}
#       value: !astropy.table.SerializedColumn {name: radial_velocity}
# schema: astropy-2.0
ra,dec,distance,pm_ra_cosdec,pm_dec,radial_velocity
327.40444289908396,-81.77774076615549,3.593323701917815,9.180321713146618,4.663567733917416,-1.2631150694808506e-14
327.48143002317926,-81.7714847780324,3.5947457588844793,9.176127856153823,4.673886768661795,-4.210383564936169e-15
327.5580922497174,-81.76520279050426,3.5961569361318135,9.171945910557376,4.684162779128331,-8.420767129872338e-15
327.63443013700976,-81.75889497807505,3.597557257302378,9.16777595662088,4.6943958714900385,-4.210383564936169e-15
327.71044425116423,-81.7525615143477,3.598946746038733,9.16361807319511,4.704586152905589,4.210383564936169e-15
327.7861351659642,-81.74620257202491,3.6003254259834385,9.159472337724484,4.714733731496731,2.1051917824680845e-15
327.8615034627506,-81.73981832290916,3.6016933207790554,9.155338826253516,4.724838716326331,6.315575347404253e-15
327.93654973030226,-81.73340893790377,3.6030504540681436,9.15121761343357,4.734901217376224,-1.473634247727659e-14
328.01127456472,-81.7269745870131,3.6043968494932614,9.147108772529538,4.744921345525717,-1.6841534259744676e-14
328.0856785693085,-81.72051543934366,3.605732530696972,9.143012375426855,4.754899212529843,-1.473634247727659e-14
328.1597623544616,-81.71403166310444,3.6070575213218343,9.138928492638414,4.764834930998286,-1.0525958912340423e-14
328.23352653754625,-81.70752342560823,3.608371845010407,9.134857193311806,4.7747286143741565,-2.7367493172085098e-14
328.3069717427895,-81.70099089327202,3.6096755254052524,9.130798545236445,4.784580376913297,-6.315575347404253e-15
328.38009860116375,-81.69443423161852,3.61096858614893,9.126752614851036,4.794390333663492,-6.315575347404253e-15
328.4529077502757,-81.68785360527657,3.612251050883999,9.122719467250917,4.8041586004442385,-8.420767129872338e-15
328.52539983425334,-81.68124917798288,3.613522943253021,9.11869916619569,4.8138852938264005,-1.0525958912340423e-14
328.5975755036361,-81.67462111258257,3.614784286898556,9.1146917741168,4.823570531112402,-1.473634247727659e-14
328.66943541526433,-81.66796957103092,3.616035105463164,9.110697352125326,4.833214430316335,-1.2631150694808506e-14
328.7409802321708,-81.66129471439422,3.617275422589404,9.106715960019736,4.842817110144601,-1.2631150694808506e-14
328.8122106234713,-81.6545967028514,3.6185052619198377,9.102747656293875,4.852378689976414,-1.2631150694808506e-14
328.8831272642589,-81.64787569569519,3.6197246470970246,9.09879249814486,4.861899289844937,-1.894672604221276e-14
328.9537308354959,-81.64113185133382,3.620933601763525,9.094850541481232,4.871379030418207,-4.210383564936169e-15
329.02402202390925,-81.63436532729219,3.6221321495618986,9.090921840931031,4.880818032980674,-2.5262301389617013e-14
329.09400152188516,-81.6275762802138,3.623320314134707,9.087006449850058,4.890216419414623,-1.473634247727659e-14
329.16367002736587,-81.62076486586194,3.6244981191245085,9.083104420330107,4.899574312182093,-1.473634247727659e-14
329.2330282437457,-81.61393123912184,3.625665588173865,9.079215803207365,4.908891834306762,2.1051917824680845e-15
329.30207687977014,-81.60707555400187,3.6268227449253354,9.075340648070771,4.918169109356305,-1.2631150694808506e-14
329.3708166494334,-81.60019796363571,3.6279696130214805,9.071479003270529,4.927406261424694,-2.315710960714893e-14
329.43924827187925,-81.59329862028383,3.62910621610486,9.067630915926575,4.9366034151150116,4.210383564936169e-15
329.50737247130036,-81.58637767533575,3.6302325778180355,9.063796431937245,4.945760695522122,-1.2631150694808506e-14
329.5751899768409,-81.57943527931143,3.631348721803565,9.059975595987812,4.954878228215974,-1.6841534259744676e-14
329.64270152249776,-81.57247158186372,3.63245467170401,9.05616845155923,4.963956139224714,0.0
329.7099078470248,-81.56548673178006,3.63355045116193,9.052375040936836,4.9729945550183,-1.2631150694808506e-14
329.77680969383624,-81.55848087698446,3.6346360838198866,9.048595405219086,4.9819936024922145,-1.2631150694808506e-14
329.8434078109117,-81.55145416454003,3.6357115933204383,9.04482958432644,4.990953408951302,-2.5262301389617013e-14
329.9097029507025,-81.54440674065049,3.6367770033061473,9.041077617010114,4.99987410209405,-2.5262301389617013e-14
329.9756958700379,-81.5373387506629,3.6378323374195713,9.03733954086106,5.008755809996783,-1.473634247727659e-14
330.04138733003333,-81.53025033906944,3.6388776193032717,9.033615392318776,5.017598661098372,-2.5262301389617013e-14
330.10677809599815,-81.52314164951005,3.639912872599809,9.029905206680336,5.026402784184827,-1.473634247727659e-14
330.171868937346,-81.5160128247743,3.6409381209517413,9.026209018109308,5.035168308374429,-2.1051917824680846e-14
330.2366606275043,-81.50886400680415,3.6419533880016335,9.02252685964477,5.0438953631027275,-2.1051917824680846e-14
330.3011539438261,-81.50169533669592,3.6429586973920403,9.018858763210332,5.05258407810809,-2.7367493172085098e-14
330.3653496675014,-81.4945069547031,3.6439540727655255,9.015204759623174,5.061234583417097,-1.6841534259744676e-14
330.4292485834712,-81.4872990002384,3.644939537764648,9.011564878603089,5.069847009330463,-1.894672604221276e-14
330.49285148034005,-81.48007161187654,3.6459151160319676,9.007939148781603,5.078421486408888,-1.6841534259744676e-14
330.55615915029193,-81.4728249273565,3.6468808312100456,9.004327597711006,5.086958145459317,-2.7367493172085098e-14
330.6191723890051,-81.46555908358435,3.647836706941441,9.000730251873511,5.0954571175212395,-1.473634247727659e-14
330.6818919955689,-81.45827421663549,3.6487827668687145,8.997147136690312,5.103918533853307,-1.2631150694808506e-14
330.74431877240085,-81.45097046175763,3.6497190346344266,8.993578276530762,5.112342525919992,-2.1051917824680846e-14
330.80645352516524,-81.44364795337307,3.650645533881137,8.990023694721447,5.120729225378682,-2.1051917824680846e-14
330.8682970626917,-81.43630682508173,3.6515622882514065,8.986483413555366,5.129078764066637,-3.5788260301957434e-14
330.9298501968957,-81.42894720966345,3.6524693213877932,8.982957454301012,5.137391273988503,-3.5788260301957434e-14
330.9911137426988,-81.42156923908115,3.653366656932861,8.97944583721156,5.145666887303642,-1.6841534259744676e-14
331.0520885179509,-81.41417304448319,3.6542543185291674,8.975948581533954,5.153905736313996,-1.894672604221276e-14
331.1127753433518,-81.40675875620654,3.655132329819272,8.972465705518088,5.16210795345185,-2.5262301389617013e-14
331.17317504237593,-81.39932650377916,3.6560007144457374,8.968997226425852,5.17027367126799,-3.5788260301957434e-14
331.2332884411952,-81.39187641592335,3.656859496051123,8.965543160540353,5.178403022419897,-1.6841534259744676e-14
331.293116368605,-81.38440862055806,3.657708698277986,8.96210352317494,5.18649613966023,-3.157787673702127e-14
331.35265965594954,-81.37692324480234,3.658548344768892,8.958678328682353,5.194553155825376,-4.210383564936169e-14
331.4119191370489,-81.3694204149777,3.6593784591663963,8.955267590463778,5.202574203824347,-4.4209027431829774e-14
331.4708956481264,-81.36190025661155,3.6601990651130616,8.951871320977977,5.210559416627613,-1.894672604221276e-14
331.5295900277371,-81.35436289443976,3.6610101862514473,8.948489531750278,5.218508927256381,-2.5262301389617013e-14
331.5880031166968,-81.34680845240999,3.661811846224115,8.945122233381706,5.226422868771785,-3.368306851948935e-14
331.6461357580127,-81.33923705368434,3.6626040686736228,8.941769435557935,5.2343013742645015,-1.6841534259744676e-14
331.7039887968134,-81.33164882064261,3.663386877242531,8.938431147058342,5.242144576844338,-3.157787673702127e-14
331.761563080281,-81.32404387488539,3.664160295573401,8.935107375765003,5.249952609630034,-2.315710960714893e-14
331.8188594575837,-81.31642233723683,3.664924347308793,8.931798128671636,5.2577256057393456,-3.789345208442552e-14
331.8758787798089,-81.30878432774809,3.665679056091266,8.92850341189257,5.265463698279128,-1.894672604221276e-14
331.93262189989713,-81.3011299657001,3.666424445563381,8.925223230671664,5.273167020335729,-4.4209027431829774e-14
331.9890896725771,-81.293459369607,3.6671605393676985,8.921957589391209,5.280835704965407,-3.5788260301957434e-14
332.0452829543018,-81.28577265721896,3.6678873611467786,8.918706491580771,5.2884698851850755,-2.7367493172085098e-14
332.1012026031837,-81.27806994552563,3.6686049345431804,8.915469939926112,5.296069693962999,-2.7367493172085098e-14
332.15684947893345,-81.27035135075899,3.669313283199464,8.912247936277915,5.30363526420988,-3.789345208442552e-14
332.2122244427967,-81.26261698839689,3.6700124307581907,8.909040481660641,5.311166728769878,-5.0524602779234026e-14
332.26732835749385,-81.25486697316585,3.670702400861922,8.905847576281227,5.318664220412014,-3.157787673702127e-14
332.3221620871586,-81.24710141904472,3.671383217153214,8.902669219537902,5.326127871821454,-2.7367493172085098e-14
332.37672649727915,-81.23932043926747,3.672054903274631,8.899505410028766,5.333557815591235,-2.7367493172085098e-14
332.4310224546384,-81.23152414632676,3.672717482868731,8.896356145560558,5.340954184213885,-3.9998643866893604e-14
332.4850508272569,-81.22371265197691,3.6733709795780736,8.89322142315719,5.348317110073451,-3.9998643866893604e-14
332.5388124843339,-81.21588606723749,3.6740154170452213,8.890101239068406,5.355646725437343,-3.789345208442552e-14
332.5923082961922,-81.20804450239619,3.674650818912733,8.886995588778284,5.362943162448704,-2.1051917824680846e-14
332.64553913422066,-81.20018806701258,3.6752772088231676,8.88390446701382,5.370206553118565,-2.947268495455318e-14
332.6985058708204,-81.19231686992086,3.675894610419087,8.880827867753316,5.377437029318461,-2.947268495455318e-14
332.75120937934906,-81.18443101923374,3.676503047343051,8.8777657842349,5.384634722772892,-3.9998643866893604e-14
332.803650534068,-81.17653062234523,3.6771025432376203,8.874718208964868,5.391799765052214,-3.157787673702127e-14
332.85583021008824,-81.16861578593438,3.6776931217453543,8.871685133726121,5.398932287565357,-5.4734986344170195e-14
332.9077492833191,-81.16068661596826,3.6782748065088136,8.868666549586367,5.406032421553027,-3.5788260301957434e-14
332.9594086304155,-81.15274321770568,3.6788476211705565,8.865662446906537,5.413100298080691,-1.894672604221276e-14
333.01080912872783,-81.14478569570011,3.6794115893731467,8.862672815348892,5.420136048031973,-3.789345208442552e-14
333.0619516562511,-81.13681415380344,3.6799667347591423,8.859697643885335,5.427139802102012,-4.210383564936169e-14
333.1128370915757,-81.12882869516899,3.680513080971102,8.85673692080544,5.434111690791084,-3.9998643866893604e-14
333.1634663138383,-81.12082942225521,3.681050651651589,8.853790633724676,5.44105184439816,-4.4209027431829774e-14
333.21384020267357,-81.11281643682868,3.681579470443162,8.850858769592366,5.447960393014854,-3.157787673702127e-14
333.26395963816657,-81.10478983996794,3.6820995609883815,8.847941314699787,5.454837466519193,-2.7367493172085098e-14
333.31382550080616,-81.0967497320664,3.6826109469298065,8.845038254688076,5.461683194569818,-4.631421921429786e-14
333.36343867143864,-81.088696212836,3.683113651909999,8.842149574556169,5.468497706600105,-4.4209027431829774e-14
333.4128000312215,-81.08062938131071,3.683607699571518,8.839275258668733,5.475281131812381,-4.4209027431829774e-14
333.46191046157963,-81.07254933584952,3.6840931135569233,8.836415290763894,5.482033599172499,-1.2631150694808506e-14
333.5107708441598,-81.06445617414033,3.6845699175087776,8.833569653961131,5.48875523740419,-4.210383564936169e-14
333.5593820607882,-81.0563499932029,3.685038135069638,8.830738330768913,5.4954461749839005,-5.2629794561702114e-14
333.60774499342614,-81.04823088939264,3.6854977898820658,8.827921303092468,5.502106540135396,-2.5262301389617013e-14
333.65586052412885,-81.04009895840366,3.6859489055886216,8.825118552241335,5.5087364608247675,-2.1051917824680846e-14
333.7037295350026,-81.03195429527254,3.6863915058318657,8.822330058937046,5.515336064755297,-2.7367493172085098e-14
333.7513529081644,-81.02379699438137,3.686825614254357,8.819555803320585,5.521905479362697,-3.789345208442552e-14
333.7987315257008,-81.01562714946155,3.687251254498657,8.816795764959926,5.528444831810208,-3.5788260301957434e-14
333.8458662696284,-81.00744485359675,3.687668450207326,8.814049922857441,5.534954248983988,-4.4209027431829774e-14
333.8927580218539,-80.99925019922681,3.688077225022923,8.811318255457326,5.541433857488491,-1.894672604221276e-14
333.9394076641361,-80.99104327815071,3.6884776025880086,8.808600740652897,5.547883783642041,-3.9998643866893604e-14
333.98581607804687,-80.98282418153038,3.688869606545143,8.805897355793915,5.5543041534724225,-4.210383564936169e-14
334.0319841449343,-80.97459299989366,3.689253260536888,8.803208077693773,5.560695092712682,-3.9998643866893604e-14
334.0779127458849,-80.96634982313823,3.689628588205801,8.800532882636762,5.567056726796861,-2.315710960714893e-14
334.12360276168783,-80.9580947405345,3.689995613194443,8.79787174638512,5.5733891808560605,-3.5788260301957434e-14
334.1690550727985,-80.94982784072953,3.6903543591453754,8.795224644186161,5.579692579714352,-2.5262301389617013e-14
334.21427055930366,-80.94154921174986,3.6907048497011576,8.792591550779287,5.5859670478850285,-3.157787673702127e-14
334.259250100886,-80.93325894100553,3.6910471085043506,8.789972440402996,5.592212709566713,-3.789345208442552e-14
334.30399457679067,-80.92495711529293,3.6913811591975123,8.787367286801752,5.598429688639809,-3.368306851948935e-14
334.34850486579074,-80.91664382079864,3.691707025423205,8.784776063232933,5.604618108662764,-3.157787673702127e-14
334.3927818461549,-80.90831914310243,3.692024730823989,8.78219874247357,5.610778092868736,-5.2629794561702114e-14
334.436826395614,-80.89998316718105,3.6923342990424226,8.779635296827202,5.616909764162059,-4.631421921429786e-14
334.48063939132965,-80.89163597741121,3.6926357537210674,8.777085698130508,5.623013245115019,-3.9998643866893604e-14
334.524221709862,-80.88327765757342,3.692929118502484,8.774549917760055,5.62908865796454,-4.210383564936169e-14
334.56757422713923,-80.87490829085483,3.6932144170292305,8.77202792663883,5.6351361246091605,-5.4734986344170195e-14
334.61069781842644,-80.86652795985316,3.6934916729438703,8.769519695242867,5.64115576660584,-2.947268495455318e-14
334.6535933582963,-80.8581367465796,3.69376090988896,8.767025193607706,5.647147705167112,-3.9998643866893604e-14
334.6962617205985,-80.84973473246261,3.694022151507062,8.764544391334871,5.653112061158102,-5.6840178126638284e-14
334.7387037784318,-80.84132199835082,3.6942754214407367,8.762077257598262,5.65904895509379,-4.210383564936169e-14
334.78092040411457,-80.83289862451673,3.6945207433325433,8.759623761150493,5.664958507136252,-5.0524602779234026e-14
334.822912469157,-80.82446469066001,3.6947581408250416,8.757183870329232,5.670840837091975,-3.5788260301957434e-14
334.8646808442337,-80.81602027591065,3.6949876375607924,8.754757553063381,5.676696064409377,-3.9998643866893604e-14
334.906226399156,-80.80756545883263,3.695209257182356,8.752344776879315,5.682524308176202,-5.2629794561702114e-14
334.9475500028462,-80.79910031742683,3.695423023332293,8.749945508906979,5.6883256871172385,-5.0524602779234026e-14
334.98865252331007,-80.79062492913484,3.6956289596531637,8.74755971588603,5.694100319591819,-5.0524602779234026e-14
335.0295348276124,-80.78213937084176,3.6958270897875263,8.745187364171812,5.699848323591694,-5.0524602779234026e-14
335.0701977818507,-80.77364371888002,3.696017437377943,8.742828419741372,5.705569816738727,-2.947268495455318e-14
335.1106422511309,-80.76513804903227,3.696200026066973,8.740482848199365,5.711264916282843,-3.157787673702127e-14
335.1508690995427,-80.75662243653503,3.696374879497176,8.73815061478396,5.7169337390999075,-4.631421921429786e-14
335.19087919013583,-80.74809695608157,3.696542021311114,8.735831684372616,5.722576401689806,-3.789345208442552e-14
335.230673384896,-80.73956168182572,3.6967014751513463,8.733526021487922,5.728193020174448,-2.947268495455318e-14
335.2702525447225,-80.7310166873846,3.6968532646604317,8.731233590303244,5.7337837102960005,-2.947268495455318e-14
