galstreams/tracks/track.st.Cetus.yam2013.ecsv
# %ECSV 0.9
# ---
# datatype:
# - {name: ra, unit: deg, datatype: float64}
# - {name: dec, unit: deg, datatype: float64}
# - {name: distance, unit: kpc, datatype: float64}
# - {name: pm_ra_cosdec, unit: mas / yr, datatype: float64}
# - {name: pm_dec, unit: mas / yr, datatype: float64}
# - {name: radial_velocity, unit: km / s, datatype: float64}
# delimiter: ','
# meta: !!omap
# - __serialized_columns__:
#     dec:
#       __class__: astropy.coordinates.angles.Latitude
#       unit: &id001 !astropy.units.Unit {unit: deg}
#       value: !astropy.table.SerializedColumn {name: dec}
#     distance:
#       __class__: astropy.coordinates.distances.Distance
#       unit: !astropy.units.Unit {unit: kpc}
#       value: !astropy.table.SerializedColumn {name: distance}
#     pm_dec:
#       __class__: astropy.units.quantity.Quantity
#       unit: !astropy.units.Unit {unit: mas / yr}
#       value: !astropy.table.SerializedColumn {name: pm_dec}
#     pm_ra_cosdec:
#       __class__: astropy.units.quantity.Quantity
#       unit: !astropy.units.Unit {unit: mas / yr}
#       value: !astropy.table.SerializedColumn {name: pm_ra_cosdec}
#     ra:
#       __class__: astropy.coordinates.angles.Longitude
#       unit: *id001
#       value: !astropy.table.SerializedColumn {name: ra}
#       wrap_angle: !astropy.coordinates.Angle
#         unit: *id001
#         value: 360.0
#     radial_velocity:
#       __class__: astropy.units.quantity.Quantity
#       unit: !astropy.units.Unit {unit: km / s}
#       value: !astropy.table.SerializedColumn {name: radial_velocity}
# schema: astropy-2.0
ra,dec,distance,pm_ra_cosdec,pm_dec,radial_velocity
[from data line 2225]
28.731976476674536,16.39599668514721,31.40037770889303,0.0,-2.220446049250313e-16,-142.29222361991367
28.736295933241383,16.40509929702426,31.40146630919848,-1.1102230246251565e-16,-1.6653345369377348e-16,-142.3113890208861
28.740615714419974,16.414201855200258,31.40255528344389,-1.1102230246251565e-16,-1.1102230246251565e-16,-142.33054870115564
28.74493582018266,16.423304359745924,31.403644633112982,-5.551115123125783e-17,-1.1102230246251565e-16,-142.34970266018203
28.74925625050187,16.432406810732015,31.404734359689467,-5.551115123125782e-17,-5.551115123125783e-17,-142.36885089742503
28.753577005350024,16.441509208229288,31.405824464657037,-1.6653345369377348e-16,-1.6653345369377348e-16,-142.38799341234454
28.757898084699605,16.450611552308512,31.406914949499427,5.551115123125782e-17,-1.6653345369377348e-16,-142.40713020440026
28.76221948852308,16.459713843040458,31.40800581570032,0.0,-1.6653345369377348e-16,-142.42626127305198
28.766541216792973,16.468816080495923,31.409097064743424,-1.1102230246251565e-16,-1.6653345369377348e-16,-142.44538661775945
28.77086326948184,16.477918264745703,31.410188698112478,-1.1102230246251565e-16,-1.1102230246251565e-16,-142.46450623798248
28.775185646562257,16.487020395860604,31.411280717291163,-1.1102230246251565e-16,-1.1102230246251565e-16,-142.4836201331808
28.779508348006825,16.49612247391144,31.412373123763196,-5.551115123125783e-17,-1.6653345369377348e-16,-142.5027283028143
28.78383137378816,16.505224498969056,31.413465919012285,-5.551115123125783e-17,-1.1102230246251565e-16,-142.52183074634257
28.788154723878954,16.514326471104283,31.41455910452214,-5.551115123125782e-17,-1.1102230246251565e-16,-142.54092746322553
28.792478398251873,16.523428390387974,31.415652681776464,5.551115123125783e-17,-1.1102230246251565e-16,-142.56001845292295
28.796802396879624,16.532530256890983,31.416746652258976,-1.1102230246251564e-16,0.0,-142.5791037148945
28.801126719734974,16.541632070684187,31.417841017453377,-1.1102230246251565e-16,0.0,-142.5981832486001
28.805451366790678,16.550733831838464,31.418935778843387,-1.1102230246251565e-16,-1.6653345369377348e-16,-142.61725705349943
28.809776338019542,16.559835540424714,31.420030937912696,-1.1102230246251564e-16,-5.551115123125783e-17,-142.63632512905227
28.8141016333944,16.568937196513836,31.421126496145014,-5.551115123125783e-17,-1.6653345369377348e-16,-142.65538747471837
28.818427252888107,16.57803880017674,31.422222455024073,-5.551115123125783e-17,-1.6653345369377348e-16,-142.67444408995766
28.82275319647353,16.587140351484354,31.423318816033557,-1.6653345369377348e-16,-1.6653345369377348e-16,-142.69349497422974
28.82707946412361,16.59624185050761,31.424415580657186,-5.551115123125783e-17,-1.1102230246251565e-16,-142.71254012699453
28.831406055811254,16.605343297317454,31.425512750378672,-1.1102230246251565e-16,-1.6653345369377348e-16,-142.73157954771168
28.83573297150946,16.614444691984847,31.426610326681715,-1.1102230246251564e-16,-1.1102230246251565e-16,-142.75061323584097
28.84006021119122,16.62354603458075,31.427708311050026,5.551115123125783e-17,-2.220446049250313e-16,-142.76964119084224
28.84438777482953,16.63264732517614,31.428806704967315,-1.6653345369377348e-16,-1.6653345369377348e-16,-142.7886634121753
28.848715662397485,16.641748563842008,31.429905509917287,0.0,-1.6653345369377348e-16,-142.80767989929987
28.85304387386814,16.650849750649357,31.431004727383662,0.0,-1.6653345369377348e-16,-142.82669065167573
28.8573724092146,16.659950885669183,31.432104358850133,-1.1102230246251565e-16,-1.1102230246251565e-16,-142.8456956687626
28.861701268410012,16.669051968972514,31.43320440580042,-1.1102230246251565e-16,-1.6653345369377348e-16,-142.8646949500204
28.86603045142755,16.67815300063039,31.43430486971823,-5.551115123125783e-17,-5.551115123125783e-17,-142.8836884949088
28.87035995824039,16.68725398071384,31.435405752087267,-5.551115123125783e-17,-5.551115123125783e-17,-142.9026763028876
28.87468978882176,16.69635490929392,31.436507054391246,-5.551115123125783e-17,-1.1102230246251565e-16,-142.9216583734165
28.879019943144904,16.705455786441693,31.437608778113866,-5.551115123125782e-17,-1.6653345369377348e-16,-142.94063470595543
28.88335042118311,16.71455661222824,31.43871092473884,-5.551115123125783e-17,-1.6653345369377348e-16,-142.95960529996407
28.887681222909666,16.723657386724636,31.439813495749885,-1.1102230246251564e-16,-1.6653345369377348e-16,-142.97857015490223
28.892012348297918,16.73275811000199,31.440916492630702,-1.1102230246251565e-16,-2.220446049250313e-16,-142.99752927022965
28.896343797321233,16.7418587821314,31.44201991686499,-5.551115123125783e-17,0.0,-143.0164826454061
28.90067556995298,16.750959403183984,31.443123769936484,-5.551115123125783e-17,-1.1102230246251565e-16,-143.03543027989141
28.90500766616659,16.760059973230877,31.444228053328867,-5.551115123125783e-17,-1.1102230246251565e-16,-143.05437217314537
28.909340085935508,16.769160492343214,31.445332768525866,-1.1102230246251565e-16,-2.220446049250313e-16,-143.0733083246276
28.913672829233196,16.77826096059215,31.44643791701117,-5.551115123125782e-17,-1.1102230246251565e-16,-143.09223873379804
28.918005896033176,16.787361378048846,31.447543500268505,-5.551115123125783e-17,-1.6653345369377348e-16,-143.11116340011648
28.922339286308954,16.796461744784477,31.448649519781572,-1.1102230246251565e-16,-1.1102230246251565e-16,-143.13008232304253
28.926673000034096,16.805562060870223,31.449755977034087,-5.551115123125783e-17,-2.220446049250313e-16,-143.14899550203612
28.93100703718219,16.814662326377295,31.45086287350974,5.551115123125782e-17,-1.1102230246251565e-16,-143.16790293655703
28.93534139772684,16.82376254137688,31.45197021069227,-2.220446049250313e-16,-5.551115123125783e-17,-143.1868046260649
28.939676081641707,16.832862705940205,31.453077990065356,-1.1102230246251565e-16,-5.551115123125783e-17,-143.20570057001962
28.944011088900442,16.8419628201385,31.454186213112717,0.0,0.0,-143.22459076788095
28.94834641947674,16.851062884043,31.455294881318075,-1.6653345369377348e-16,-1.6653345369377348e-16,-143.24347521910863
28.95268207334434,16.860162897724965,31.45640399616512,-5.551115123125782e-17,-1.1102230246251565e-16,-143.26235392316246
28.957018050476982,16.86926286125566,31.457513559137563,-5.551115123125782e-17,-5.551115123125783e-17,-143.2812268795022
28.96135435084846,16.87836277470634,31.458623571719126,5.551115123125782e-17,-5.551115123125783e-17,-143.30009408758767
28.965690974432565,16.887462638148317,31.459734035393502,0.0,-5.551115123125783e-17,-143.31895554687864
28.970027921203144,16.89656245165287,31.460844951644415,-1.1102230246251565e-16,-1.1102230246251565e-16,-143.33781125683475
28.974365191134066,16.905662215291315,31.461956321955558,-5.551115123125783e-17,-1.1102230246251565e-16,-143.35666121691597
28.97870278419922,16.914761929134965,31.46306814781065,0.0,-1.6653345369377348e-16,-143.37550542658195
28.98304070037252,16.923861593255157,31.4641804306934,-5.551115123125783e-17,-5.551115123125783e-17,-143.39434388529256
28.98737893962792,16.932961207723235,31.46529317208751,-5.551115123125783e-17,-2.220446049250313e-16,-143.41317659250748
28.9917175019394,16.942060772610553,31.466406373476687,-5.551115123125782e-17,0.0,-143.43200354768658
28.996056387280966,16.951160287988465,31.467520036344645,-5.551115123125782e-17,-1.1102230246251565e-16,-143.45082475028954
29.000395595626635,16.960259753928362,31.468634162175103,-1.1102230246251564e-16,-1.6653345369377348e-16,-143.46964019977622
29.004735126950482,16.969359170501626,31.469748752451753,-2.220446049250313e-16,-1.1102230246251565e-16,-143.48844989560635
29.0090749812266,16.97845853777966,31.47086380865831,-5.551115123125783e-17,-1.1102230246251565e-16,-143.50725383723972
29.01341515842909,16.98755785583387,31.471979332278476,-5.551115123125783e-17,-1.6653345369377348e-16,-143.52605202413605
29.017755658532096,16.996657124735684,31.473095324795974,-1.1102230246251565e-16,-2.220446049250313e-16,-143.54484445575525
29.02209648150981,17.005756344556538,31.474211787694504,0.0,-2.220446049250313e-16,-143.56363113155697
29.026437627336414,17.014855515367877,31.475328722457768,5.551115123125782e-17,-1.1102230246251565e-16,-143.58241205100106
29.030779095986126,17.02395463724115,31.476446130569496,-5.551115123125783e-17,-1.1102230246251565e-16,-143.6011872135473
29.035120887433237,17.03305371024785,31.477564013513373,0.0,-5.551115123125783e-17,-143.61995661865535
29.039463001652,17.04215273445943,31.478682372773115,-5.551115123125783e-17,-5.551115123125783e-17,-143.6387202657851
29.043805438616737,17.051251709947394,31.479801209832438,-1.6653345369377348e-16,-2.7755575615628914e-16,-143.6574781543963
29.04814819830179,17.060350636783255,31.480920526175044,-1.6653345369377348e-16,-1.6653345369377348e-16,-143.67623028394874
29.052491280681522,17.069449515038524,31.48204032328464,-1.6653345369377348e-16,-1.6653345369377348e-16,-143.6949766539022
29.056834685730344,17.078548344784725,31.483160602644944,0.0,-1.6653345369377348e-16,-143.71371726371643
29.061178413422653,17.087647126093405,31.484281365739655,-5.551115123125783e-17,-5.551115123125783e-17,-143.73245211285115
29.065522463732915,17.096745859036115,31.48540261405249,-1.1102230246251565e-16,-1.1102230246251565e-16,-143.7511812007663
29.069866836635605,17.105844543684412,31.486524349067146,-1.6653345369377348e-16,-1.1102230246251565e-16,-143.76990452692147
29.07421153210524,17.114943180109876,31.487646572267337,-1.1102230246251564e-16,-1.1102230246251565e-16,-143.78862209077656
29.07855655011634,17.1240417683841,31.48876928513678,-1.6653345369377348e-16,-1.6653345369377348e-16,-143.80733389179125
29.08290189064348,17.13314030857867,31.489892489159175,-1.6653345369377348e-16,-1.1102230246251565e-16,-143.8260399294254
29.087247553661253,17.142238800765213,31.491016185818232,-5.551115123125783e-17,-5.551115123125783e-17,-143.84474020313877
29.091593539144263,17.15133724501534,31.492140376597657,-1.1102230246251565e-16,-1.1102230246251565e-16,-143.86343471239115
29.095939847067175,17.1604356414007,31.493265062981166,0.0,-5.551115123125783e-17,-143.8821234566423
29.100286477404637,17.169533989992914,31.494390246452465,-1.1102230246251564e-16,-5.551115123125783e-17,-143.90080643535194
29.10463343013138,17.178632290863675,31.49551592849525,5.551115123125783e-17,-5.551115123125783e-17,-143.91948364797992
29.10898070522211,17.187730544084623,31.496642110593257,-1.6653345369377348e-16,-1.6653345369377348e-16,-143.93815509398598
29.113328302651603,17.196828749727473,31.497768794230172,-1.6653345369377348e-16,-5.551115123125783e-17,-143.9568207728299
29.117676222394643,17.205926907863894,31.498895980889703,-1.1102230246251564e-16,-5.551115123125783e-17,-143.97548068397143
29.12202446442603,17.215025018565605,31.500023672055576,-1.1102230246251565e-16,-1.1102230246251565e-16,-143.9941348268705
29.12637302872062,17.224123081904324,31.501151869211483,-1.1102230246251565e-16,-1.6653345369377348e-16,-144.0127832009867
29.13072191525328,17.23322109795178,31.502280573841144,-1.6653345369377348e-16,-5.551115123125783e-17,-144.0314258057798
29.135071123998905,17.24231906677973,31.503409787428254,0.0,-1.6653345369377348e-16,-144.0500626407097
29.13942065493242,17.251416988459912,31.504539511456546,0.0,-1.1102230246251565e-16,-144.0686937052362
29.143770508028773,17.26051486306411,31.505669747409694,0.0,-1.1102230246251565e-16,-144.08731899881894
29.148120683262956,17.269612690664086,31.506800496771444,-1.1102230246251565e-16,-1.6653345369377348e-16,-144.10593852091773
29.15247118060997,17.278710471331653,31.507931761025464,0.0,-2.220446049250313e-16,-144.12455227099238
29.156822000044855,17.287808205138607,31.50906354165551,-5.551115123125783e-17,-1.6653345369377348e-16,-144.14316024850268
29.16117314154268,17.29690589215677,31.510195840145247,-1.1102230246251565e-16,-2.220446049250313e-16,-144.1617624529084
29.165524605078524,17.306003532457957,31.511328657978417,-5.551115123125783e-17,-1.1102230246251565e-16,-144.1803588836693
29.16987639062752,17.315101126114033,31.512461996638706,-5.551115123125783e-17,-2.220446049250313e-16,-144.1989495402451
29.1742284981648,17.32419867319683,31.51359585760983,-1.1102230246251565e-16,-1.6653345369377348e-16,-144.2175344220957
29.178580927665564,17.333296173778237,31.514730242375496,-1.1102230246251565e-16,-1.1102230246251565e-16,-144.23611352868076
29.182933679105012,17.342393627930118,31.51586515241942,0.0,-1.1102230246251565e-16,-144.25468685946015
29.187286752458352,17.35149103572437,31.517000589225304,-5.551115123125783e-17,-5.551115123125783e-17,-144.27325441389357
29.191640147700863,17.360588397232892,31.51813655427686,-1.1102230246251564e-16,-5.551115123125783e-17,-144.29181619144086
29.19599386480783,17.369685712527605,31.51927304905779,-1.1102230246251565e-16,-1.1102230246251565e-16,-144.3103721915617
29.20034790375456,17.37878298168044,31.520410075051807,0.0,-5.551115123125783e-17,-144.32892241371604
29.20470226451641,17.387880204763345,31.521547633742625,-1.1102230246251564e-16,-1.1102230246251565e-16,-144.3474668573635
29.20905694706874,17.396977381848256,31.522685726613954,-5.551115123125783e-17,-1.6653345369377348e-16,-144.36600552196384
29.21341195138695,17.40607451300715,31.523824355149483,-1.6653345369377348e-16,-1.6653345369377348e-16,-144.3845384069769
29.217767277446473,17.415171598312014,31.52496352083294,-5.551115123125783e-17,-1.1102230246251565e-16,-144.4030655118626
29.222122925222756,17.424268637834835,31.526103225148027,-5.551115123125782e-17,-1.6653345369377348e-16,-144.42158683608042
29.22647889469128,17.433365631647607,31.52724346957846,0.0,-1.1102230246251565e-16,-144.44010237909035
29.230835185827555,17.442462579822358,31.528384255607936,-1.1102230246251565e-16,-1.6653345369377348e-16,-144.45861214035216
29.23519179860713,17.45155948243112,31.52952558472017,-1.1102230246251565e-16,-2.7755575615628914e-16,-144.4771161193255
29.239548733005563,17.46065633954593,31.53066745839887,0.0,-1.1102230246251565e-16,-144.49561431547022
29.243905988998442,17.46975315123885,31.53180987812774,-5.551115123125783e-17,-1.1102230246251565e-16,-144.51410672824613
29.248263566561405,17.478849917581947,31.532952845390493,-1.1102230246251564e-16,0.0,-144.53259335711294
29.252621465670074,17.48794663864729,31.534096361670844,0.0,-1.1102230246251565e-16,-144.55107420153047
29.25697968630015,17.49704331450698,31.53524042845249,-2.220446049250313e-16,-1.1102230246251565e-16,-144.56954926095844
29.261338228427327,17.50613994523313,31.53638504721914,-2.2204460492503128e-16,-1.1102230246251565e-16,-144.58801853485676
29.26569709202734,17.515236530897855,31.537530219454517,0.0,-1.1102230246251565e-16,-144.6064820226851
29.270056277075945,17.524333071573285,31.538675946642318,-5.551115123125783e-17,-1.1102230246251565e-16,-144.62493972390317
29.274415783548946,17.53342956733157,31.53982223026625,0.0,-2.220446049250313e-16,-144.6433916379709
29.278775611422137,17.542526018244864,31.54096907181003,5.551115123125783e-17,-5.551115123125783e-17,-144.66183776434792
29.283135760671364,17.551622424385336,31.54211647275736,-1.6653345369377348e-16,-1.6653345369377348e-16,-144.68027810249413
29.28749623127252,17.56071878582518,31.54326443459195,-1.1102230246251565e-16,-1.6653345369377348e-16,-144.69871265186924
29.291857023201484,17.56981510263658,31.544412958797512,0.0,-1.6653345369377348e-16,-144.71714141193308
29.296218136434184,17.578911374891753,31.545562046857754,-1.1102230246251565e-16,-5.551115123125783e-17,-144.73556438214538
29.30057957094658,17.588007602662923,31.546711700256374,-1.6653345369377348e-16,-5.551115123125783e-17,-144.7539815619659
29.304941326714662,17.597103786022323,31.5478619204771,-5.551115123125783e-17,-1.1102230246251565e-16,-144.77239295085448
29.309303403714427,17.6061999250422,31.54901270900362,-5.551115123125782e-17,-1.1102230246251565e-16,-144.79079854827074
29.313665801921918,17.615296019794826,31.550164067319653,-1.1102230246251564e-16,-5.551115123125783e-17,-144.80919835367467
