galstreams/tracks/track.st.Kwando.grillmair2017.ecsv
# %ECSV 1.0
# ---
# datatype:
# - {name: ra, unit: deg, datatype: float64}
# - {name: dec, unit: deg, datatype: float64}
# - {name: distance, unit: kpc, datatype: float64}
# - {name: pm_ra_cosdec, unit: mas / yr, datatype: float64}
# - {name: pm_dec, unit: mas / yr, datatype: float64}
# - {name: radial_velocity, unit: km / s, datatype: float64}
# delimiter: ','
# meta: !!omap
# - __serialized_columns__:
#     dec:
#       __class__: astropy.coordinates.angles.Latitude
#       unit: &id001 !astropy.units.Unit {unit: deg}
#       value: !astropy.table.SerializedColumn {name: dec}
#     distance:
#       __class__: astropy.coordinates.distances.Distance
#       unit: !astropy.units.Unit {unit: kpc}
#       value: !astropy.table.SerializedColumn {name: distance}
#     pm_dec:
#       __class__: astropy.units.quantity.Quantity
#       unit: !astropy.units.Unit {unit: mas / yr}
#       value: !astropy.table.SerializedColumn {name: pm_dec}
#     pm_ra_cosdec:
#       __class__: astropy.units.quantity.Quantity
#       unit: !astropy.units.Unit {unit: mas / yr}
#       value: !astropy.table.SerializedColumn {name: pm_ra_cosdec}
#     ra:
#       __class__: astropy.coordinates.angles.Longitude
#       unit: *id001
#       value: !astropy.table.SerializedColumn {name: ra}
#       wrap_angle: !astropy.coordinates.Angle
#         unit: *id001
#         value: 360.0
#     radial_velocity:
#       __class__: astropy.units.quantity.Quantity
#       unit: !astropy.units.Unit {unit: km / s}
#       value: !astropy.table.SerializedColumn {name: radial_velocity}
# schema: astropy-2.0
ra,dec,distance,pm_ra_cosdec,pm_dec,radial_velocity
[from data line 937]
28.762220592618185,-27.229263060809092,19.99999999999997,0.0,0.0,0.0
28.77111579772446,-27.236120016079134,19.99999999999997,0.0,0.0,0.0
28.780007562136444,-27.242985527564382,19.99999999999997,0.0,0.0,0.0
28.788895885405175,-27.24985959999402,19.99999999999997,0.0,0.0,0.0
28.797780767081424,-27.256742238097406,19.99999999999997,0.0,0.0,0.0
28.806662206715707,-27.263633446604004,19.99999999999997,0.0,0.0,0.0
28.815540203858276,-27.270533230243423,19.99999999999997,0.0,0.0,0.0
28.82441475805909,-27.277441593745365,19.99999999999997,0.0,0.0,0.0
28.833285868867833,-27.284358541839733,19.99999999999997,0.0,0.0,0.0
28.842153535833944,-27.291284079256496,19.99999999999997,0.0,0.0,0.0
28.85101775850652,-27.29821821072579,19.999999999999975,0.0,0.0,0.0
28.859878536434408,-27.30516094097786,19.99999999999997,0.0,0.0,0.0
28.868735869166148,-27.3121122747431,19.999999999999975,0.0,0.0,0.0
28.877589756249996,-27.319072216752016,19.999999999999968,0.0,0.0,0.0
28.886440197233892,-27.326040771735233,19.99999999999997,0.0,0.0,0.0
28.895287191665467,-27.333017944423524,19.99999999999997,0.0,0.0,0.0
28.90413073909207,-27.340003739547765,19.99999999999997,0.0,0.0,0.0
28.912970839060726,-27.346998161838993,19.999999999999968,0.0,0.0,0.0
28.921807491118127,-27.35400121602832,19.99999999999997,0.0,0.0,0.0
28.930640694810673,-27.36101290684702,19.999999999999975,0.0,0.0,0.0
28.939470449684425,-27.368033239026474,19.999999999999968,0.0,0.0,0.0
28.94829675528511,-27.375062217298183,19.999999999999975,0.0,0.0,0.0
28.95711961115813,-27.382099846393775,19.99999999999997,0.0,0.0,0.0
28.965939016848573,-27.389146131045006,19.99999999999997,0.0,0.0,0.0
28.974754971901156,-27.396201075983743,19.999999999999975,0.0,0.0,0.0
28.98356747586026,-27.403264685941952,19.999999999999975,0.0,0.0,0.0
28.99237652826992,-27.410336965651766,19.99999999999997,0.0,0.0,0.0
29.001182128673843,-27.41741791984539,19.99999999999997,0.0,0.0,0.0
29.009984276615356,-27.424507553255165,19.99999999999997,0.0,0.0,0.0
29.018782971637428,-27.431605870613556,19.99999999999997,0.0,0.0,0.0
29.02757821328267,-27.43871287665315,19.99999999999997,0.0,0.0,0.0
29.036370001093328,-27.4458285761066,19.99999999999997,0.0,0.0,0.0
29.045158334611262,-27.452952973706722,19.999999999999975,0.0,0.0,0.0
29.053943213378,-27.460086074186442,19.99999999999997,0.0,0.0,0.0
29.062724636934636,-27.46722788227879,19.99999999999997,0.0,0.0,0.0
29.071502604821912,-27.474378402716894,19.999999999999975,0.0,0.0,0.0
29.080277116580184,-27.481537640234013,19.99999999999997,0.0,0.0,0.0
29.08904817174941,-27.488705599563513,19.999999999999968,0.0,0.0,0.0
29.09781576986914,-27.49588228543887,19.999999999999975,0.0,0.0,0.0
29.10657991047855,-27.503067702593658,19.999999999999968,0.0,0.0,0.0
29.115340593116407,-27.51026185576159,19.999999999999975,0.0,0.0,0.0
29.124097817321047,-27.51746474967643,19.99999999999997,0.0,0.0,0.0
29.132851582630426,-27.52467638907213,19.99999999999997,0.0,0.0,0.0
29.141601888582063,-27.531896778682672,19.999999999999968,0.0,0.0,0.0
29.150348734713077,-27.539125923242192,19.99999999999997,0.0,0.0,0.0
29.159092120560135,-27.546363827484917,19.99999999999997,0.0,0.0,0.0
29.167832045659523,-27.55361049614516,19.99999999999997,0.0,0.0,0.0
29.17656850954703,-27.56086593395738,19.999999999999968,0.0,0.0,0.0
29.185301511758066,-27.5681301456561,19.99999999999997,0.0,0.0,0.0
29.194031051827572,-27.575403135975964,19.999999999999968,0.0,0.0,0.0
29.20275712929006,-27.58268490965171,19.99999999999997,0.0,0.0,0.0
29.21147974367959,-27.589975471418192,19.999999999999968,0.0,0.0,0.0
29.22019889452975,-27.597274826010334,19.999999999999968,0.0,0.0,0.0
29.2289145813737,-27.604582978163194,19.999999999999968,0.0,0.0,0.0
29.237626803744117,-27.61189993261192,19.99999999999997,0.0,0.0,0.0
29.246335561173225,-27.619225694091725,19.99999999999997,0.0,0.0,0.0
29.255040853192785,-27.626560267337982,19.999999999999968,0.0,0.0,0.0
29.26374267933407,-27.633903657086098,19.99999999999997,0.0,0.0,0.0
29.272441039127877,-27.641255868071614,19.999999999999968,0.0,0.0,0.0
29.281135932104533,-27.64861690503015,19.999999999999968,0.0,0.0,0.0
29.289827357793865,-27.65598677269743,19.99999999999997,0.0,0.0,0.0
29.29851531572522,-27.663365475809282,19.99999999999997,0.0,0.0,0.0
29.30719980542744,-27.67075301910159,19.99999999999997,0.0,0.0,0.0
29.315880826428888,-27.67814940731037,19.999999999999968,0.0,0.0,0.0
29.324558378257386,-27.685554645171713,19.999999999999968,0.0,0.0,0.0
29.333232460440303,-27.69296873742179,19.999999999999968,0.0,0.0,0.0
29.341903072504447,-27.70039168879688,19.999999999999968,0.0,0.0,0.0
29.35057021397613,-27.707823504033357,19.999999999999968,0.0,0.0,0.0
29.35923388438116,-27.715264187867657,19.999999999999968,0.0,0.0,0.0
29.367894083244778,-27.722713745036334,19.999999999999964,0.0,0.0,0.0
29.37655081009174,-27.730172180276014,19.999999999999964,0.0,0.0,0.0
29.385204064446253,-27.737639498323404,19.999999999999968,0.0,0.0,0.0
29.39385384583196,-27.74511570391529,19.999999999999968,0.0,0.0,0.0
29.40250015377201,-27.7526008017886,19.999999999999968,0.0,0.0,0.0
29.41114298778897,-27.76009479668027,19.999999999999968,0.0,0.0,0.0
29.419782347404887,-27.767597693327367,19.999999999999968,0.0,0.0,0.0
29.42841823214121,-27.77510949646702,19.99999999999997,0.0,0.0,0.0
29.437050641518873,-27.78263021083646,19.999999999999964,0.0,0.0,0.0
29.44567957505821,-27.79015984117299,19.999999999999968,0.0,0.0,0.0
29.454305032279002,-27.79769839221397,19.999999999999968,0.0,0.0,0.0
29.46292701270048,-27.805245868696893,19.999999999999964,0.0,0.0,0.0
29.471545515841246,-27.812802275359285,19.999999999999964,0.0,0.0,0.0
29.48016054121937,-27.82036761693877,19.999999999999968,0.0,0.0,0.0
29.488772088352313,-27.827941898173055,19.999999999999964,0.0,0.0,0.0
29.497380156756957,-27.8355251237999,19.999999999999968,0.0,0.0,0.0
29.505984745949572,-27.84311729855718,19.999999999999968,0.0,0.0,0.0
29.514585855445834,-27.850718427182805,19.999999999999964,0.0,0.0,0.0
29.523183484760832,-27.85832851441479,19.999999999999968,0.0,0.0,0.0
29.53177763340903,-27.86594756499122,19.999999999999975,0.0,0.0,0.0
29.540368300904277,-27.87357558365024,19.999999999999964,0.0,0.0,0.0
29.548955486759812,-27.881212575130068,19.99999999999997,0.0,0.0,0.0
29.557539190488274,-27.888858544169025,19.999999999999964,0.0,0.0,0.0
29.566119411601623,-27.89651349550546,19.99999999999997,0.0,0.0,0.0
29.574696149611235,-27.904177433877827,19.999999999999968,0.0,0.0,0.0
29.58326940402783,-27.91185036402463,19.999999999999968,0.0,0.0,0.0
29.591839174361485,-27.919532290684447,19.999999999999968,0.0,0.0,0.0
29.600405460121657,-27.927223218595937,19.999999999999964,0.0,0.0,0.0
29.608968260817125,-27.934923152497802,19.999999999999968,0.0,0.0,0.0
29.61752757595601,-27.942632097128843,19.999999999999968,0.0,0.0,0.0
29.62608340504583,-27.950350057227904,19.999999999999968,0.0,0.0,0.0
29.634635747593368,-27.95807703753389,19.999999999999968,0.0,0.0,0.0
29.643184603104782,-27.965813042785797,19.99999999999997,0.0,0.0,0.0
29.651729971085555,-27.973558077722668,19.99999999999997,0.0,0.0,0.0
29.66027185104047,-27.981312147083603,19.99999999999997,0.0,0.0,0.0
29.66881024247365,-27.989075255607776,19.999999999999968,0.0,0.0,0.0
29.677345144888545,-27.99684740803444,19.999999999999968,0.0,0.0,0.0
29.68587655778787,-28.004628609102866,19.99999999999997,0.0,0.0,0.0
29.694404480673693,-28.012418863552423,19.99999999999997,0.0,0.0,0.0
29.702928913047334,-28.020218176122512,19.999999999999968,0.0,0.0,0.0
29.71144985440945,-28.028026551552625,19.999999999999968,0.0,0.0,0.0
29.719967304259978,-28.035843994582283,19.999999999999968,0.0,0.0,0.0
29.728481262098118,-28.043670509951088,19.999999999999968,0.0,0.0,0.0
29.73699172742238,-28.051506102398672,19.999999999999964,0.0,0.0,0.0
29.74549869973054,-28.05935077666475,19.999999999999968,0.0,0.0,0.0
29.75400217851962,-28.067204537489076,19.99999999999997,0.0,0.0,0.0
29.76250216328597,-28.07506738961146,19.999999999999968,0.0,0.0,0.0
29.770998653525123,-28.082939337771784,19.999999999999964,0.0,0.0,0.0
29.779491648731945,-28.090820386709943,19.999999999999968,0.0,0.0,0.0
29.78798114840051,-28.09871054116593,19.999999999999968,0.0,0.0,0.0
29.79646715202415,-28.106609805879778,19.999999999999964,0.0,0.0,0.0
29.804949659095424,-28.11451818559154,19.99999999999997,0.0,0.0,0.0
29.813428669106173,-28.12243568504135,19.999999999999968,0.0,0.0,0.0
29.821904181547417,-28.13036230896937,19.999999999999968,0.0,0.0,0.0
29.83037619590944,-28.13829806211585,19.99999999999997,0.0,0.0,0.0
29.838844711681748,-28.146242949221048,19.999999999999964,0.0,0.0,0.0
29.847309728353043,-28.154196975025283,19.99999999999997,0.0,0.0,0.0
29.85577124541126,-28.16216014426892,19.999999999999968,0.0,0.0,0.0
29.864229262343553,-28.170132461692365,19.999999999999964,0.0,0.0,0.0
29.872683778636233,-28.17811393203609,19.999999999999968,0.0,0.0,0.0
29.88113479377488,-28.186104560040572,19.99999999999997,0.0,0.0,0.0
29.8895823072442,-28.194104350446374,19.99999999999997,0.0,0.0,0.0
29.898026318528135,-28.20211330799407,19.999999999999968,0.0,0.0,0.0
29.90646682710978,-28.21013143742429,19.999999999999968,0.0,0.0,0.0
29.91490383247145,-28.218158743477712,19.999999999999968,0.0,0.0,0.0
29.923337334094576,-28.22619523089504,19.999999999999964,0.0,0.0,0.0
29.931767331459824,-28.234240904417014,19.999999999999964,0.0,0.0,0.0
29.940193824046954,-28.242295768784427,19.999999999999968,0.0,0.0,0.0
29.948616811334965,-28.25035982873812,19.999999999999964,0.0,0.0,0.0
29.95703629280193,-28.258433089018936,19.999999999999964,0.0,0.0,0.0
29.96545226792514,-28.26651555436779,19.999999999999964,0.0,0.0,0.0
29.973864736180982,-28.274607229525607,19.999999999999968,0.0,0.0,0.0
29.982273697045006,-28.28270811923336,19.999999999999964,0.0,0.0,0.0
29.990679149991884,-28.290818228232062,19.999999999999964,0.0,0.0,0.0
29.999081094495445,-28.29893756126275,19.999999999999964,0.0,0.0,0.0
30.007479530028597,-28.307066123066488,19.999999999999964,0.0,0.0,0.0
30.015874456063404,-28.315203918384395,19.999999999999968,0.0,0.0,0.0
30.024265872071023,-28.32335095195758,19.999999999999964,0.0,0.0,0.0
30.032653777521745,-28.331507228527236,19.999999999999964,0.0,0.0,0.0
30.04103817188494,-28.339672752834545,19.999999999999964,0.0,0.0,0.0
30.049419054629073,-28.347847529620744,19.999999999999964,0.0,0.0,0.0
30.057796425221735,-28.35603156362707,19.999999999999964,0.0,0.0,0.0
30.066170283129562,-28.36422485959481,19.999999999999964,0.0,0.0,0.0
30.07454062781832,-28.372427422265265,19.999999999999968,0.0,0.0,0.0
30.082907458752818,-28.380639256379787,19.999999999999964,0.0,0.0,0.0
30.09127077539695,-28.388860366679715,19.999999999999964,0.0,0.0,0.0
30.099630577213677,-28.39709075790645,19.999999999999964,0.0,0.0,0.0
30.10798686366503,-28.40533043480137,19.999999999999964,0.0,0.0,0.0
30.116339634212082,-28.41357940210594,19.999999999999964,0.0,0.0,0.0
30.124688888314964,-28.421837664561586,19.999999999999964,0.0,0.0,0.0
30.133034625432863,-28.430105226909784,19.999999999999964,0.0,0.0,0.0
30.141376845023988,-28.438382093892034,19.999999999999964,0.0,0.0,0.0
30.149715546545618,-28.446668270249848,19.99999999999996,0.0,0.0,0.0
30.158050729454022,-28.45496376072475,19.999999999999964,0.0,0.0,0.0
30.166382393204525,-28.463268570058307,19.999999999999964,0.0,0.0,0.0
30.174710537251464,-28.471582702992073,19.999999999999968,0.0,0.0,0.0
30.183035161048185,-28.47990616426764,19.999999999999964,0.0,0.0,0.0
30.191356264047045,-28.488238958626603,19.999999999999964,0.0,0.0,0.0
30.199673845699415,-28.496581090810576,19.999999999999968,0.0,0.0,0.0
30.207987905455663,-28.5049325655612,19.999999999999964,0.0,0.0,0.0
30.21629844276514,-28.51329338762012,19.999999999999964,0.0,0.0,0.0
30.224605457076198,-28.521663561728975,19.999999999999964,0.0,0.0,0.0
30.23290894783615,-28.53004309262944,19.999999999999964,0.0,0.0,0.0
30.241208914491327,-28.53843198506322,19.999999999999968,0.0,0.0,0.0
30.249505356486992,-28.54683024377197,19.999999999999964,0.0,0.0,0.0
30.2577982732674,-28.555237873497415,19.999999999999964,0.0,0.0,0.0
30.26608766427576,-28.56365487898125,19.999999999999964,0.0,0.0,0.0
30.274373528954214,-28.572081264965195,19.999999999999964,0.0,0.0,0.0
30.282655866743905,-28.58051703619098,19.999999999999964,0.0,0.0,0.0
30.29093467708489,-28.588962197400345,19.99999999999996,0.0,0.0,0.0
30.299209959416157,-28.597416753335008,19.999999999999964,0.0,0.0,0.0
30.30748171317564,-28.605880708736716,19.999999999999964,0.0,0.0,0.0
30.31574993780022,-28.614354068347225,19.999999999999964,0.0,0.0,0.0
30.324014632725646,-28.622836836908274,19.999999999999964,0.0,0.0,0.0
30.33227579738665,-28.631329019161626,19.999999999999964,0.0,0.0,0.0
30.340533431216848,-28.639830619849036,19.999999999999964,0.0,0.0,0.0
30.348787533648753,-28.64834164371225,19.999999999999968,0.0,0.0,0.0
30.357038104113776,-28.656862095493032,19.999999999999968,0.0,0.0,0.0
30.365285142042268,-28.665391979933144,19.999999999999964,0.0,0.0,0.0
30.373528646863406,-28.67393130177431,19.999999999999964,0.0,0.0,0.0
30.381768618005296,-28.682480065758323,19.999999999999964,0.0,0.0,0.0
30.39000505489491,-28.69103827662691,19.999999999999968,0.0,0.0,0.0
30.39823795695809,-28.699605939121827,19.99999999999996,0.0,0.0,0.0
30.40646732361954,-28.7081830579848,19.999999999999964,0.0,0.0,0.0
30.414693154302846,-28.716769637957572,19.999999999999964,0.0,0.0,0.0
30.422915448430434,-28.7253656837819,19.99999999999996,0.0,0.0,0.0
30.431134205423575,-28.733971200199463,19.999999999999964,0.0,0.0,0.0
30.43934942470241,-28.742586191952,19.999999999999964,0.0,0.0,0.0
30.44756110568589,-28.751210663781222,19.999999999999968,0.0,0.0,0.0
30.455769247791807,-28.75984462042883,19.999999999999964,0.0,0.0,0.0
30.463973850436798,-28.7684880666365,19.999999999999968,0.0,0.0,0.0
30.472174913036312,-28.777141007145907,19.99999999999997,0.0,0.0,0.0
30.480372435004597,-28.785803446698736,19.999999999999968,0.0,0.0,0.0
30.48856641575475,-28.794475390036638,19.999999999999964,0.0,0.0,0.0
30.496756854698624,-28.803156841901234,19.999999999999964,0.0,0.0,0.0
30.5049437512469,-28.81184780703417,19.999999999999964,0.0,0.0,0.0
30.51312710480905,-28.820548290177054,19.999999999999964,0.0,0.0,0.0
30.521306914793342,-28.829258296071473,19.999999999999964,0.0,0.0,0.0
30.529483180606807,-28.837977829459014,19.999999999999964,0.0,0.0,0.0
30.537655901655242,-28.846706895081244,19.999999999999964,0.0,0.0,0.0
30.54582507734326,-28.855445497679707,19.999999999999957,0.0,0.0,0.0
30.553990707074185,-28.864193641995925,19.99999999999996,0.0,0.0,0.0
30.56215279025014,-28.872951332771404,19.99999999999996,0.0,0.0,0.0
30.570311326271955,-28.881718574747627,19.99999999999996,0.0,0.0,0.0
30.57846631453928,-28.89049537266607,19.99999999999996,0.0,0.0,0.0
30.58661775445041,-28.899281731268175,19.99999999999996,0.0,0.0,0.0
30.594765645402447,-28.90807765529536,19.99999999999996,0.0,0.0,0.0
30.602909986791204,-28.916883149489014,19.99999999999996,0.0,0.0,0.0
30.611050778011176,-28.925698218590515,19.999999999999964,0.0,0.0,0.0
30.619188018455656,-28.93452286734121,19.99999999999996,0.0,0.0,0.0
30.627321707516572,-28.94335710048243,19.999999999999964,0.0,0.0,0.0
30.635451844584576,-28.952200922755445,19.999999999999964,0.0,0.0,0.0
30.643578429049057,-28.96105433890154,19.999999999999964,0.0,0.0,0.0
30.65170146029803,-28.969917353661955,19.99999999999996,0.0,0.0,0.0
30.65982093771827,-28.978789971777886,19.999999999999957,0.0,0.0,0.0
30.667936860695164,-28.98767219799053,19.99999999999996,0.0,0.0,0.0
30.676049228612815,-28.99656403704101,19.999999999999964,0.0,0.0,0.0
30.684158040853987,-29.00546549367046,19.999999999999964,0.0,0.0,0.0
30.6922632968001,-29.014376572619963,19.99999999999996,0.0,0.0,0.0
30.700364995831226,-29.023297278630558,19.99999999999996,0.0,0.0,0.0
30.708463137326113,-29.032227616443265,19.999999999999964,0.0,0.0,0.0
30.716557720662113,-29.041167590799084,19.999999999999964,0.0,0.0,0.0
30.724648745215244,-29.050117206438923,19.999999999999964,0.0,0.0,0.0
