galstreams/tracks/track.st.AAU-AliqaUma.li2021.ecsv
# %ECSV 0.9
# ---
# datatype:
# - {name: ra, unit: deg, datatype: float64}
# - {name: dec, unit: deg, datatype: float64}
# - {name: distance, unit: kpc, datatype: float64}
# - {name: pm_ra_cosdec, unit: mas / yr, datatype: float64}
# - {name: pm_dec, unit: mas / yr, datatype: float64}
# - {name: radial_velocity, unit: km / s, datatype: float64}
# delimiter: ','
# meta: !!omap
# - __serialized_columns__:
#     dec:
#       __class__: astropy.coordinates.angles.Latitude
#       unit: &id001 !astropy.units.Unit {unit: deg}
#       value: !astropy.table.SerializedColumn {name: dec}
#     distance:
#       __class__: astropy.coordinates.distances.Distance
#       unit: !astropy.units.Unit {unit: kpc}
#       value: !astropy.table.SerializedColumn {name: distance}
#     pm_dec:
#       __class__: astropy.units.quantity.Quantity
#       unit: !astropy.units.Unit {unit: mas / yr}
#       value: !astropy.table.SerializedColumn {name: pm_dec}
#     pm_ra_cosdec:
#       __class__: astropy.units.quantity.Quantity
#       unit: !astropy.units.Unit {unit: mas / yr}
#       value: !astropy.table.SerializedColumn {name: pm_ra_cosdec}
#     ra:
#       __class__: astropy.coordinates.angles.Longitude
#       unit: *id001
#       value: !astropy.table.SerializedColumn {name: ra}
#       wrap_angle: !astropy.coordinates.Angle
#         unit: *id001
#         value: 360.0
#     radial_velocity:
#       __class__: astropy.units.quantity.Quantity
#       unit: !astropy.units.Unit {unit: km / s}
#       value: !astropy.table.SerializedColumn {name: radial_velocity}
# schema: astropy-2.0
ra,dec,distance,pm_ra_cosdec,pm_dec,radial_velocity
[from data line 553]
5.566887175168551,-18.447034583809437,26.563202334888594,0.2112655999105758,-0.680912079529568,-156.08246233283114
5.576200041171923,-18.451751111785093,26.558126845301768,0.21120690494160455,-0.6811948897321818,-156.06482016880565
5.585512947815769,-18.45646803592272,26.553053350537475,0.21114803454142636,-0.6814775718536408,-156.04716418714608
5.594825895317734,-18.461185356143503,26.54798185059572,0.2110889887002933,-0.6817601259270668,-156.02949438785245
5.604138883895498,-18.465903072368654,26.542912345476495,0.21102976740845153,-0.6820425519855967,-156.01181077092468
5.6134519137667915,-18.470621184519405,26.537844835179808,0.21097037065613905,-0.6823248500623837,-155.9941133363629
5.622764985149383,-18.47533969251698,26.532779319705657,0.2109107984335877,-0.6826070201905954,-155.976402084167
5.632078098261087,-18.480058596282625,26.527715799054043,0.2108510507310224,-0.6828890624034153,-155.95867701433707
5.641391253319758,-18.484777895737587,26.522654273224965,0.21079112753866097,-0.6831709767340421,-155.94093812687302
5.650704450543298,-18.489497590803126,26.51759474221841,0.2107310288467145,-0.6834527632156907,-155.92318542177486
5.660017690149645,-18.494217681400503,26.51253720603441,0.21067075464538695,-0.6837344218815897,-155.9054188990427
5.669330972356785,-18.49893816745103,26.507481664672927,0.2106103049248758,-0.6840159527649854,-155.88763855867643
5.678644297382746,-18.503659048875967,26.502428118133988,0.21054967967537108,-0.684297355899137,-155.8698444006761
5.687957665445602,-18.508380325596622,26.497376566417586,0.21048887888705645,-0.684578631317321,-155.85203642504163
5.697271076763461,-18.513101997534307,26.49232700952371,0.2104279025501086,-0.6848597790528291,-155.83421463177308
5.7065845315544825,-18.51782406461034,26.487279447452384,0.21036675065469695,-0.685140799138967,-155.81637902087044
5.715898030036866,-18.522546526746055,26.48223388020358,0.21030542319098477,-0.685421691609058,-155.79852959233378
5.725211572428853,-18.52726938386277,26.477190307777324,0.21024392014912785,-0.6857024564964379,-155.78066634616306
5.734525158948729,-18.531992635881863,26.472148730173586,0.21018224151927578,-0.6859830938344617,-155.7627892823582
5.743838789814824,-18.53671628272467,26.467109147392392,0.21012038729157048,-0.6862636036564961,-155.74489840091923
5.753152465245508,-18.541440324312564,26.46207155943374,0.21005835745614804,-0.6865439859959257,-155.72699370184634
5.7624661854591945,-18.546164760566928,26.45703596629761,0.20999615200313676,-0.6868242408861494,-155.70907518513917
5.7717799506743415,-18.55088959140914,26.452002367984026,0.20993377092265864,-0.6871043683605815,-155.69114285079797
5.7810937611094495,-18.555614816760595,26.44697076449298,0.20987121420482913,-0.6873843684526522,-155.6731966988228
5.790407616983063,-18.560340436542695,26.441941155824466,0.20980848183975634,-0.6876642411958065,-155.65523672921347
5.799721518513766,-18.56506645067688,26.436913541978477,0.20974557381754189,-0.6879439866235064,-155.63726294197005
5.80903546592019,-18.569792859084547,26.431887922955035,0.2096824901282806,-0.6882236047692267,-155.6192753370926
5.818349459421006,-18.574519661687148,26.42686429875412,0.20961923076206024,-0.68850309566646,-155.60127391458101
5.827663499234929,-18.579246858406112,26.421842669375742,0.2095557957089626,-0.6887824593487124,-155.58325867443534
5.8369775855807156,-18.5839744491629,26.416823034819902,0.20949218495906144,-0.689061695849507,-155.5652296166556
5.846291718677174,-18.58870243387897,26.411805395086596,0.2094283985024249,-0.6893408052023815,-155.54718674124183
5.855605898743139,-18.59343081247579,26.40678975017582,0.20936443632911386,-0.6896197874408888,-155.52913004819393
5.8649201259975055,-18.598159584874853,26.401776100087588,0.20930029842918246,-0.6898986425985985,-155.51105953751207
5.8742344006591996,-18.60288875099765,26.39676444482189,0.2092359847926783,-0.6901773707090935,-155.49297520919595
5.883548722947199,-18.607618310765666,26.391754784378726,0.20917149540964197,-0.6904559718059738,-155.47487706324586
5.892863093080516,-18.612348264100415,26.386747118758095,0.20910683027010757,-0.6907344459228546,-155.45676509966165
5.902177511278213,-18.617078610923418,26.38174144796,0.2090419893641025,-0.6910127930933656,-155.43863931844336
5.91149197775939,-18.621809351156212,26.376737771984438,0.20897697268164722,-0.6912910133511533,-155.42049971959096
5.920806492743194,-18.62654048472031,26.371736090831423,0.20891178021275553,-0.6915691067298779,-155.4023463031045
5.930121056448816,-18.63127201153728,26.366736404500926,0.20884641194743497,-0.6918470732632168,-155.38417906898405
5.939435669095484,-18.63600393152867,26.361738712992974,0.20878086787568603,-0.6921249129848615,-155.36599801722943
5.9487503309024765,-18.640736244616043,26.356743016307554,0.20871514798750215,-0.6924026259285194,-155.34780314784078
5.958065042089109,-18.645468950720964,26.35174931444467,0.20864925227287076,-0.692680212127913,-155.32959446081793
5.967379802874745,-18.65020204976504,26.34675760740432,0.20858318072177232,-0.6929576716167812,-155.31137195616108
5.976694613478786,-18.654935541669843,26.3417678951865,0.2085169333241808,-0.6932350044288775,-155.29313563387018
5.986009474120681,-18.659669426356977,26.336780177791233,0.20845051007006304,-0.6935122105979703,-155.27488549394528
5.995324385019919,-18.66440370374805,26.331794455218493,0.20838391094937947,-0.6937892901578446,-155.25662153638612
6.004639346396035,-18.669138373764692,26.326810727468285,0.20831713595208445,-0.6940662431422998,-155.23834376119294
6.013954358468608,-18.673873436328527,26.321828994540613,0.20825018506812495,-0.694343069585152,-155.22005216836573
6.023269421457251,-18.678608891361186,26.316849256435475,0.2081830582874415,-0.6946197695202312,-155.20174675790443
6.032584535581634,-18.683344738784317,26.311871513152873,0.20811575559996828,-0.6948963429813836,-155.18342752980897
6.0418997010614595,-18.688080978519597,26.306895764692804,0.2080482769956326,-0.6951727900024711,-155.1650944840795
6.051214918116479,-18.69281761048865,26.30192201105527,0.20798062246435506,-0.6954491106173698,-155.1467476207159
6.0605301869664805,-18.69755463461318,26.29695025224028,0.20791279199604984,-0.6957253048599729,-155.1283869397183
6.069845507831304,-18.702292050814865,26.29198048824782,0.20784478558062472,-0.6960013727641879,-155.1100124410866
6.079160880930824,-18.707029859015382,26.287012719077893,0.20777660320798058,-0.6962773143639377,-155.09162412482075
6.08847630648497,-18.71176805913645,26.282046944730503,0.20770824486801165,-0.6965531296931613,-155.07322199092087
6.0977917847136975,-18.71650665109977,26.277083165205642,0.207639710550606,-0.6968288187858129,-155.0548060393869
6.1071073158370215,-18.721245634827056,26.27212138050333,0.2075710002456447,-0.6971043816758609,-155.03637627021885
6.116422900074989,-18.72598501024004,26.267161590623537,0.2075021139430025,-0.6973798183972911,-155.01793268341672
6.125738537647697,-18.730724777260455,26.262203795566293,0.2074330516325471,-0.6976551289841034,-154.99947527898053
6.135054228775285,-18.735464935810054,26.25724799533158,0.20736381330414086,-0.697930313470314,-154.98100405691025
6.1443699736779305,-18.740205485810574,26.252294189919404,0.20729439894763818,-0.6982053718899532,-154.96251901720586
6.15368577257586,-18.744946427183795,26.247342379329755,0.20722480855288827,-0.6984803042770684,-154.9440201598674
6.163001625689338,-18.74968775985148,26.242392563562642,0.20715504210973215,-0.6987551106657212,-154.92550748489492
6.172317533238678,-18.754429483735397,26.237444742618074,0.20708509960800592,-0.699029791089988,-154.90698099228828
6.181633495444233,-18.75917159875736,26.232498916496038,0.20701498103753826,-0.6993043455839631,-154.88844068204764
6.190949512526399,-18.763914104839145,26.227555085196535,0.2069446863881517,-0.6995787741817538,-154.86988655417287
6.200265584705616,-18.768657001902564,26.22261324871957,0.20687421564966213,-0.699853076917484,-154.851318608664
6.209581712202373,-18.773400289869443,26.217673407065128,0.20680356881187895,-0.700127253825293,-154.8327368455211
6.218897895237189,-18.77814396866159,26.212735560233238,0.20673274586460505,-0.7004013049393346,-154.81414126474408
6.2282141340306385,-18.782888038200838,26.20779970822387,0.2066617467976371,-0.7006752302937792,-154.795531866333
6.237530428803334,-18.78763249840904,26.20286585103704,0.20659057160076494,-0.7009490299228122,-154.77690865028785
6.246846779775931,-18.792377349208028,26.197933988672755,0.20651922026377179,-0.7012227038606336,-154.75827161660854
6.256163187169132,-18.797122590519677,26.193004121130993,0.20644769277643524,-0.7014962521414606,-154.73962076529523
6.265479651203675,-18.801868222265842,26.18807624841178,0.20637598912852545,-0.7017696747995238,-154.72095609634786
6.27479617210035,-18.8066142443684,26.18315037051509,0.20630410930980692,-0.7020429718690707,-154.70227760976636
6.284112750079988,-18.811360656749237,26.17822648744094,0.20623205331003697,-0.7023161433843637,-154.68358530555088
6.29342938536346,-18.816107459330244,26.17330459918933,0.20615982111896713,-0.7025891893796804,-154.66487918370123
6.302746078171682,-18.82085465203332,26.168384705760243,0.20608741272634223,-0.7028621098893146,-154.64615924421747
6.312062828725612,-18.825602234780373,26.163466807153696,0.20601482812190042,-0.7031349049475744,-154.62742548709966
6.321379637246257,-18.830350207493325,26.15855090336969,0.20594206729537387,-0.7034075745887841,-154.60867791234784
6.330696503954661,-18.835098570094107,26.153636994408217,0.20586913023648842,-0.7036801188472833,-154.58991651996178
6.340013429071912,-18.839847322504635,26.148725080269273,0.20579601693496286,-0.7039525377574269,-154.57114130994168
6.3493304128191435,-18.844596464646866,26.143815160952872,0.20572272738051017,-0.7042248313535854,-154.55235228228767
6.358647455417532,-18.849345996442743,26.138907236459,0.20564926156283683,-0.7044969996701441,-154.53354943699938
6.367964557088301,-18.854095917814234,26.134001306787667,0.2055756194716428,-0.7047690427415053,-154.51473277407715
6.377281718052704,-18.8588462286833,26.129097371938865,0.20550180109662156,-0.7050409606020845,-154.49590229352077
6.386598938532056,-18.86359692897192,26.124195431912604,0.20542780642746056,-0.7053127532863145,-154.4770579953303
6.395916218747701,-18.868348018602077,26.11929548670888,0.2053536354538407,-0.7055844208286424,-154.4581998795057
6.405233558921035,-18.873099497495765,26.11439753632769,0.20527928816543656,-0.7058559632635314,-154.43932794604717
6.4145509592734955,-18.877851365574983,26.10950158076902,0.20520476455191644,-0.7061273806254602,-154.4204421949545
6.423868420026556,-18.88260362276175,26.1046076200329,0.20513006460294206,-0.7063986729489217,-154.40154262622772
6.433185941401744,-18.887356268978063,26.09971565411932,0.20505518830816896,-0.7066698402684255,-154.3826292398669
6.442503523620624,-18.89210930414597,26.09482568302827,0.20498013565724615,-0.7069408826184966,-154.3637020358719
6.451821166904811,-18.896862728187486,26.08993770675974,0.20490490663981717,-0.7072118000336751,-154.34476101424295
6.46113887147595,-18.90161654102467,26.085051725313768,0.20482950124551788,-0.7074825925485159,-154.32580617497987
6.470456637555744,-18.906370742579554,26.08016773869032,0.20475391946397917,-0.7077532601975901,-154.3068375180827
6.479774465365927,-18.911125332774212,26.07528574688941,0.20467816128482436,-0.7080238030154844,-154.28785504355142
6.489092355128291,-18.91588031153071,26.070405749911032,0.20460222669767184,-0.7082942210368007,-154.26885875138618
6.4984103070646535,-18.920635678771113,26.06552774775519,0.2045261156921323,-0.7085645142961559,-154.24984864158674
6.507728321396891,-18.925391434417506,26.060651740421882,0.20444982825781127,-0.7088346828281824,-154.23082471415327
6.5170463983469125,-18.930147578391992,26.055777727911117,0.2043733643843074,-0.7091047266675288,-154.21178696908564
6.526364538136678,-18.934904110616646,26.050905710222878,0.20429672406121335,-0.7093746458488581,-154.19273540638397
6.53568274098819,-18.939661031013596,26.04603568735718,0.20421990727811534,-0.7096444404068499,-154.1736700260483
6.545001007123485,-18.94441833950495,26.04116765931402,0.20414291402459356,-0.7099141103761978,-154.15459082807848
6.554319336764661,-18.94917603601283,26.03630162609338,0.2040657442902217,-0.7101836557916126,-154.1354978124745
6.56363773013384,-18.953934120459362,26.031437587695287,0.20398839806456714,-0.7104530766878183,-154.1163909792366
6.5729561874532,-18.958692592766695,26.026575544119734,0.2039108753371914,-0.7107223730995567,-154.0972703283646
6.58227470894496,-18.963451452856965,26.021715495366706,0.20383317609764984,-0.7109915450615831,-154.0781358598584
6.591593294831378,-18.968210700652342,26.016857441436212,0.2037553003354906,-0.7112605926086697,-154.0589875737182
6.600911945334759,-18.972970336074972,26.012001382328272,0.203677248040257,-0.7115295157756029,-154.0398254699439
6.6102306606774555,-18.977730359047037,26.00714731804285,0.20359901920148518,-0.7117983145971856,-154.02064954853554
6.6195494410818565,-18.982490769490706,26.002295248579962,0.20352061380870556,-0.7120669891082354,-154.0014598094931
6.628868286770395,-18.987251567328173,25.99744517393961,0.20344203185144213,-0.7123355393435856,-153.98225625281663
6.638187197965552,-18.992012752481624,25.992597094121805,0.20336327331921267,-0.7126039653380847,-153.963038878506
6.647506174889851,-18.99677432487327,25.987751009126523,0.20328433820152908,-0.7128722671265973,-153.94380768656129
6.656825217765856,-19.00153628442532,25.98290691895378,0.2032052264878965,-0.7131404447440028,-153.92456267698253
6.666144326816178,-19.006298631059977,25.978064823603578,0.20312593816781466,-0.7134084982251957,-153.9053038497697
6.675463502263465,-19.011061364699486,25.973224723075905,0.20304647323077651,-0.7136764276050875,-153.88603120492272
6.684782744330421,-19.015824485266066,25.968386617370772,0.20296683166626917,-0.713944232918603,-153.8667447424417
6.6941020532397815,-19.02058799268196,25.963550506488165,0.20288701346377355,-0.7142119142006842,-153.84744446232665
6.70342142921433,-19.025351886869423,25.958716390428098,0.2028070186127644,-0.7144794714862881,-153.82813036457745
6.712740872476895,-19.030116167750705,25.953884269190567,0.20272684710271044,-0.7147469048103865,-153.8088024491943
6.722060383250343,-19.034880835248067,25.94905414277557,0.20264649892307368,-0.7150142142079667,-153.78946071617688
6.731379961757595,-19.03964588928379,25.94422601118311,0.20256597406331095,-0.7152813997140323,-153.77010516552548
6.740699608221604,-19.04441132978014,25.93939987441319,0.20248527251287232,-0.7155484613636016,-153.75073579724005
6.750019322865373,-19.04917715665942,25.934575732465795,0.20240439426120188,-0.7158153991917091,-153.7313526113204
6.759339105911946,-19.0539433698439,25.929753585340944,0.20232333929773794,-0.7160822132334034,-153.71195560776678
6.768658957584409,-19.0587099692559,25.924933433038625,0.2022421076119122,-0.7163489035237499,-153.69254478657913
6.777978878105903,-19.06347695481774,25.92011527555884,0.20216069919315055,-0.7166154700978289,-153.67312014775726
6.787298867699595,-19.068244326451705,25.91529911290159,0.20207911403087303,-0.7168819129907358,-153.65368169130136
6.796618926588707,-19.073012084080148,25.910484945066873,0.20199735211449282,-0.7171482322375822,-153.63422941721137
6.8059390549965,-19.077780227625382,25.905672772054693,0.20191541343341807,-0.7174144278734944,-153.6147633254873
6.8152592531462854,-19.082548757009754,25.90086259386505,0.2018332979770499,-0.7176804999336144,-153.59528341612923
6.824579521261408,-19.0873176721556,25.89605441049795,0.20175100573478422,-0.7179464484530995,-153.57578968913703
6.833899859565267,-19.092086972985296,25.891248221953376,0.20166853669601054,-0.7182122734671235,-153.5562821445107
