galstreams/tracks/track.st.Jhelum.ibata2021.ecsv
# %ECSV 0.9
# ---
# datatype:
# - {name: ra, unit: deg, datatype: float64}
# - {name: dec, unit: deg, datatype: float64}
# - {name: distance, unit: kpc, datatype: float64}
# - {name: pm_ra_cosdec, unit: mas / yr, datatype: float64}
# - {name: pm_dec, unit: mas / yr, datatype: float64}
# - {name: radial_velocity, unit: km / s, datatype: float64}
# delimiter: ','
# meta: !!omap
# - __serialized_columns__:
#     dec:
#       __class__: astropy.coordinates.angles.Latitude
#       unit: &id001 !astropy.units.Unit {unit: deg}
#       value: !astropy.table.SerializedColumn {name: dec}
#     distance:
#       __class__: astropy.coordinates.distances.Distance
#       unit: !astropy.units.Unit {unit: kpc}
#       value: !astropy.table.SerializedColumn {name: distance}
#     pm_dec:
#       __class__: astropy.units.quantity.Quantity
#       unit: !astropy.units.Unit {unit: mas / yr}
#       value: !astropy.table.SerializedColumn {name: pm_dec}
#     pm_ra_cosdec:
#       __class__: astropy.units.quantity.Quantity
#       unit: !astropy.units.Unit {unit: mas / yr}
#       value: !astropy.table.SerializedColumn {name: pm_ra_cosdec}
#     ra:
#       __class__: astropy.coordinates.angles.Longitude
#       unit: *id001
#       value: !astropy.table.SerializedColumn {name: ra}
#       wrap_angle: !astropy.coordinates.Angle
#         unit: *id001
#         value: 360.0
#     radial_velocity:
#       __class__: astropy.units.quantity.Quantity
#       unit: !astropy.units.Unit {unit: km / s}
#       value: !astropy.table.SerializedColumn {name: radial_velocity}
# schema: astropy-2.0
ra,dec,distance,pm_ra_cosdec,pm_dec,radial_velocity
[from data line 1386]
348.5558645116325,-51.56185730185524,10.411016943816596,7.039880217016192,-4.945223767337199,1.6841534259744676e-14
348.5397412393425,-51.56157767891216,10.411657678137685,7.038523034530072,-4.946682771814339,-1.6841534259744676e-14
348.52361817897463,-51.56129554901088,10.412299040451492,7.037165263948857,-4.948141064493948,-5.0524602779234026e-14
348.5074953324353,-51.561010911561795,10.412941029108207,7.035806906847013,-4.949598644892729,-5.0524602779234026e-14
348.49137270163186,-51.560723765975865,10.41358364245803,7.03444796479929,-4.9510555125285975,-1.347322740779574e-13
348.47525028847235,-51.56043411166444,10.414226878851153,7.033088439380801,-4.952511666920653,-1.6841534259744676e-14
348.4591280948654,-51.56014194803942,10.414870736637768,7.031728332166961,-4.953967107589216,-1.347322740779574e-13
348.4430061227206,-51.55984727451319,10.41551521416807,7.030367644733533,-4.955421834055794,5.0524602779234026e-14
348.4268843739481,-51.55955009049859,10.416160309792254,7.0290063786565735,-4.956875845843111,-6.73661370389787e-14
348.4107628504589,-51.55925039540901,10.416806021860511,7.027644535512493,-4.958329142475089,3.368306851948935e-14
348.39464155416476,-51.55894818865827,10.417452348723032,7.026282116878014,-4.959781723476851,-1.6841534259744676e-14
348.378520486978,-51.558643469660716,10.418099288730017,7.024919124330161,-4.961233588374732,-1.8525687685719145e-13
348.36239965081194,-51.55833623783121,10.418746840231659,7.0235555594463195,-4.962684736696258,-6.73661370389787e-14
348.34627904758037,-51.558026492585064,10.419395001578149,7.022191423804158,-4.964135167970178,0.0
348.3301586791979,-51.55771423333809,10.420043771119678,7.02082671898168,-4.965584881726444,-1.515738083377021e-13
348.31403854758,-51.557399459506605,10.420693147206446,7.019461446557213,-4.967033877496196,-1.347322740779574e-13
348.29791865464273,-51.557082170507414,10.421343128188646,7.018095608109384,-4.968482154811798,-8.420767129872338e-14
348.2817990023029,-51.55676236575782,10.421993712416464,7.016729205217155,-4.969929713206822,-1.6841534259744676e-14
348.265679592478,-51.5564400446756,10.422644898240103,7.015362239459791,-4.971376552216039,-8.420767129872338e-14
348.2495604270863,-51.55611520667906,10.42329668400975,7.013994712416875,-4.972822671375434,-1.6841534259744677e-13
348.23344150804684,-51.55578785118699,10.423949068075604,7.012626625668306,-4.974268070222193,-5.0524602779234026e-14
348.2173228372793,-51.55545797761862,10.424602048787856,7.011257980794299,-4.975712748294717,-8.420767129872338e-14
348.20120441670406,-51.55512558539379,10.4252556244967,7.009888779375367,-4.977156705132617,-6.73661370389787e-14
348.18508624824227,-51.55479067393269,10.425909793552325,7.008519022992352,-4.978599940276709,-1.6841534259744677e-13
348.1689683338158,-51.55445324265615,10.426564554304935,7.007148713226393,-4.980042453269019,-3.368306851948935e-14
348.1528506753472,-51.55411329098537,10.427219905104716,7.005777851658947,-4.981484243652789,-3.368306851948935e-14
348.1367332747597,-51.55377081834214,10.427875844301864,7.004406439871765,-4.982925310972469,-8.420767129872338e-14
348.1206161339774,-51.55342582414868,10.428532370246572,7.003034479446928,-4.984365654773714,-5.0524602779234026e-14
348.10449925492486,-51.55307830782776,10.429189481289033,7.001661971966805,-4.985805274603404,-5.0524602779234026e-14
348.08838263952754,-51.55272826880259,10.429847175779441,7.000288919014086,-4.987244170009614,0.0
348.07226628971154,-51.552375706496946,10.43050545206799,6.998915322171743,-4.988682340541652,-6.73661370389787e-14
348.0561502074036,-51.552020620335036,10.431164308504874,6.997541183023077,-4.9901197857500135,3.368306851948935e-14
348.04003439453135,-51.55166300974159,10.431823743440289,6.996166503151673,-4.991556505186434,-3.368306851948935e-14
348.0239188530229,-51.55130287414185,10.432483755224425,6.994791284141434,-4.99299249840384,-8.420767129872338e-14
348.00780358480716,-51.550940212961535,10.433144342207477,6.9934155275765555,-4.994427764956385,0.0
347.9916885918138,-51.55057502562688,10.433805502739638,6.992039235041526,-4.995862304399437,-3.368306851948935e-14
347.97557387597305,-51.550207311564584,10.4344672351711,6.9906624081211515,-4.997296116289568,1.6841534259744676e-14
347.95945943921595,-51.5498370702019,10.435129537852063,6.989285048400518,-4.998729200184579,0.0
347.9433452834741,-51.54946430096653,10.435792409132716,6.987907157465026,-5.000161555643478,-1.347322740779574e-13
347.92723141068,-51.54908900328669,10.436455847363252,6.986528736900361,-5.001593182226486,0.0
347.9111178227666,-51.5487111765911,10.437119850893867,6.985149788292515,-5.003024079495056,-1.1789073981821273e-13
347.8950045216677,-51.54833082030899,10.437784418074752,6.983770313227757,-5.004454247011836,-1.6841534259744676e-14
347.8788915093178,-51.54794793387006,10.438449547256104,6.982390313292671,-5.005883684340708,-5.0524602779234026e-14
347.8627787876519,-51.54756251670454,10.439115236788112,6.981009790074114,-5.007312391046769,-1.6841534259744677e-13
347.84666635860583,-51.547174568243165,10.439781485020978,6.979628745159253,-5.008740366696322,-1.0104920555846805e-13
347.83055422411616,-51.546784087917096,10.440448290304886,6.97824718013554,-5.0101676108569,-1.0104920555846805e-13
347.81444238612,-51.5463910751581,10.441115650990037,6.976865096590712,-5.011594123097253,-1.347322740779574e-13
347.79833084655525,-51.54599552939837,10.441783565426617,6.975482496112813,-5.013019902987346,1.6841534259744676e-14
347.7822196073602,-51.54559745007066,10.442452031964827,6.974099380290141,-5.014444950098374,-3.368306851948935e-14
347.76610867047435,-51.54519683660815,10.44312104895486,6.972715750711318,-5.015869264002735,-1.0104920555846805e-13
347.7499980378374,-51.54479368844458,10.443790614746904,6.971331608965238,-5.017292844274056,-1.6841534259744676e-14
347.73388771138985,-51.54438800501418,10.44446072769116,6.969946956641078,-5.018715690487192,-1.8525687685719145e-13
347.717777693073,-51.54397978575168,10.445131386137815,6.968561795328306,-5.020137802218204,-1.347322740779574e-13
347.70166798482876,-51.543569030092286,10.445802588437068,6.967176126616673,-5.02155917904438,-1.6841534259744676e-14
347.6855585885996,-51.543155737471764,10.446474332939113,6.9657899520962,-5.022979820544242,-1.1789073981821273e-13
347.66944950632865,-51.54273990732632,10.447146617994138,6.96440327335722,-5.024399726297512,-5.0524602779234026e-14
347.65334073995996,-51.5423215390927,10.447819441952339,6.963016091990318,-5.025818895885149,0.0
347.6372322914379,-51.54190063220814,10.448492803163912,6.961628409586374,-5.027237328889338,-6.73661370389787e-14
347.62112416270776,-51.54147718611039,10.449166699979049,6.960240227736545,-5.028655024893473,-5.0524602779234026e-14
347.6050163557153,-51.5410512002377,10.449841130747943,6.958851548032266,-5.030071983482181,-5.0524602779234026e-14
347.58890887240716,-51.540622674028825,10.450516093820788,6.957462372065254,-5.031488204241315,-1.1789073981821273e-13
347.57280171473036,-51.540191606923,10.45119158754778,6.956072701427488,-5.03290368675794,-1.0104920555846805e-13
347.5566948846328,-51.53975799836,10.451867610279109,6.954682537711252,-5.03431843062036,-3.368306851948935e-14
347.54058838406297,-51.53932184778008,10.45254416036497,6.953291882509072,-5.035732435418098,-6.73661370389787e-14
347.5244822149699,-51.53888315462403,10.45322123615556,6.9519007374137685,-5.0371457007419,-1.0104920555846805e-13
347.50837637930346,-51.538441918333085,10.45389883600107,6.950509104018432,-5.0385582261837385,-6.73661370389787e-14
347.492270879014,-51.53799813834905,10.454576958251689,6.949116983916418,-5.039970011336814,-1.347322740779574e-13
347.4761657160525,-51.537551814114224,10.455255601257619,6.947724378701365,-5.041381055795555,-1.515738083377021e-13
347.46006089237085,-51.53710294507137,10.45593476336905,6.9463312899671665,-5.042791359155611,-2.020984111169361e-13
347.44395640992127,-51.53665153066379,10.456614442936175,6.944937719308009,-5.044200921013859,-5.0524602779234026e-14
347.4278522706568,-51.53619757033531,10.457294638309191,6.943543668318319,-5.045609740968413,3.368306851948935e-14
347.411748476531,-51.5357410635302,10.457975347838284,6.942149138592818,-5.0470178186186105,-8.420767129872338e-14
347.39564502949816,-51.53528200969331,10.458656569873654,6.940754131726473,-5.0484251535650015,3.368306851948935e-14
347.3795419315132,-51.53482040826994,10.459338302765493,6.939358649314522,-5.049831745409391,-1.1789073981821273e-13
347.36343918453167,-51.53435625870591,10.460020544864001,6.9379626929524845,-5.051237593754789,-1.6841534259744676e-14
347.3473367905097,-51.533889560447584,10.460703294519359,6.936566264236121,-5.052642698205453,-3.368306851948935e-14
347.33123475140405,-51.5334203129418,10.461386550081766,6.935169364761469,-5.054047058366859,-3.368306851948935e-14
347.31513306917225,-51.5329485156359,10.46207030990142,6.93377199612482,-5.055450673845717,-1.347322740779574e-13
347.2990317457722,-51.532474167977746,10.46275457232851,6.932374159922736,-5.0568535442499645,-2.020984111169361e-13
347.2829307831628,-51.5319972694157,10.463439335713238,6.930975857752034,-5.058255669188761,1.6841534259744676e-14
347.2668301833031,-51.53151781939866,10.464124598405785,6.92957709120979,-5.05965704827253,-1.1789073981821273e-13
347.2507299481532,-51.53103581737598,10.464810358756353,6.928177861893339,-5.061057681112885,-1.0104920555846805e-13
347.23463007967365,-51.53055126279758,10.46549661511513,6.926778171400278,-5.062457567322692,5.0524602779234026e-14
347.2185305798255,-51.530064155113834,10.466183365832318,6.9253780213284495,-5.06385670651605,0.0
347.2024314505705,-51.52957449377568,10.466870609258102,6.923977413275965,-5.065255098308289,-1.515738083377021e-13
347.18633269387124,-51.529082278234526,10.46755834374268,6.922576348841184,-5.06665274231596,-2.020984111169361e-13
347.1702343116906,-51.52858750794231,10.468246567636244,6.921174829622726,-5.068049638156859,-1.1789073981821273e-13
347.15413630599227,-51.52809018235146,10.46893527928899,6.919772857219451,-5.069445785450011,0.0
347.13803867874043,-51.527590300914945,10.469624477051113,6.918370433230479,-5.070841183815678,-3.368306851948935e-14
347.1219414318999,-51.5270878630862,10.4703141592728,6.9169675592551885,-5.07223583287535,-1.6841534259744676e-14
347.10584456743624,-51.52658286831923,10.471004324304252,6.915564236893189,-5.073629732251758,-8.420767129872338e-14
347.08974808731546,-51.526075316068486,10.471694970495658,6.9141604677443596,-5.075022881568859,-1.347322740779574e-13
347.07365199350414,-51.525565205788986,10.472386096197214,6.912756253408817,-5.0764152804518545,-1.6841534259744677e-13
347.05755628796976,-51.525052536936215,10.473077699759113,6.911351595486931,-5.077806928527166,1.6841534259744676e-14
347.04146097267994,-51.524537308966195,10.473769779531546,6.909946495579308,-5.079197825422474,-1.0104920555846805e-13
347.0253660496033,-51.524019521335454,10.474462333864713,6.9085409552868065,-5.080587970766673,-1.1789073981821273e-13
347.0092715207089,-51.52349917350104,10.475155361108802,6.907134976210541,-5.0819773641899,5.0524602779234026e-14
346.9931773879663,-51.52297626492048,10.475848859614006,6.905728559951843,-5.0833660053235405,-1.0104920555846805e-13
346.97708365334586,-51.52245079505186,10.476542827730524,6.904321708112315,-5.084753893800197,-1.1789073981821273e-13
346.96099031881846,-51.52192276335374,10.477237263808547,6.9029144222937795,-5.0861410292537155,-1.6841534259744676e-14
346.94489738635536,-51.521392169285214,10.477932166198269,6.901506704098307,-5.087527411319194,-1.347322740779574e-13
346.92880485792875,-51.5208590123059,10.478627533249883,6.900098555128226,-5.088913039632944,-5.0524602779234026e-14
346.91271273551126,-51.52032329187589,10.479323363313583,6.898689976986071,-5.090297913832536,0.0
346.89662102107593,-51.519785007455816,10.48001965473956,6.897280971274639,-5.091682033556771,-1.515738083377021e-13
346.8805297165967,-51.519244158506815,10.480716405878013,6.895871539596958,-5.093065398445679,-1.1789073981821273e-13
346.8644388240479,-51.518700744490545,10.481413615079129,6.894461683556295,-5.094448008140546,-1.8525687685719145e-13
346.84834834540453,-51.518154764869195,10.48211128069311,6.893051404756136,-5.09582986228388,-1.1789073981821273e-13
346.83225828264204,-51.51760621910541,10.482809401070144,6.891640704800229,-5.097210960519441,-6.73661370389787e-14
346.81616863773655,-51.51705510666241,10.483507974560426,6.890229585292531,-5.098591302492228,-5.0524602779234026e-14
346.80007941266473,-51.51650142700391,10.484206999514152,6.888818047837239,-5.099970887848474,-1.1789073981821273e-13
346.78399060940393,-51.51594517959411,10.484906474281509,6.887406094038798,-5.101349716235653,-1.6841534259744676e-14
346.7679022299319,-51.51538636389778,10.485606397212697,6.885993725501853,-5.102727787302487,-1.6841534259744676e-14
346.7518142762271,-51.51482497938016,10.486306766657908,6.884580943831308,-5.104105100698929,-1.1789073981821273e-13
346.7357267502685,-51.51426102550702,10.487007580967335,6.8831677506322775,-5.105481656076179,-6.73661370389787e-14
346.7196396540356,-51.513694501744645,10.487708838491171,6.881754147510111,-5.106857453086681,-5.0524602779234026e-14
346.7035529895084,-51.513125407559855,10.488410537579613,6.880340136070379,-5.108232491384115,-1.347322740779574e-13
346.6874667586679,-51.512553742419946,10.48911267658285,6.878925717918889,-5.109606770623403,-5.0524602779234026e-14
346.671380963495,-51.51197950579276,10.48981525385108,6.877510894661667,-5.110980290460716,-1.8525687685719145e-13
346.6552956059717,-51.511402697146664,10.490518267734492,6.876095667904962,-5.112353050553456,-1.6841534259744676e-14
346.6392106880802,-51.51082331595049,10.491221716583285,6.874680039255243,-5.113725050560286,-1.1789073981821273e-13
346.62312621180354,-51.51024136167365,10.491925598747649,6.873264010319211,-5.115096290141093,-3.368306851948935e-14
346.6070421791251,-51.50965683378604,10.492629912577781,6.871847582703779,-5.116466768957023,-1.0104920555846805e-13
346.590958592029,-51.50906973175805,10.49333465642387,6.87043075801609,-5.117836486670454,-6.73661370389787e-14
346.5748754524997,-51.50848005506066,10.494039828636115,6.8690135378634976,-5.119205442945018,-6.73661370389787e-14
346.5587927625225,-51.50788780316529,10.494745427564702,6.867595923853576,-5.120573637445578,1.6841534259744676e-14
346.54271052408285,-51.50729297554391,10.495451451559832,6.8661779175941176,-5.121941069838265,-1.6841534259744677e-13
346.52662873916717,-51.50669557166903,10.496157898971697,6.864759520693136,-5.123307739790422,-1.1789073981821273e-13
346.51054740976207,-51.50609559101363,10.496864768150491,6.863340734758858,-5.124673646970668,-8.420767129872338e-14
346.494466537855,-51.50549303305125,10.497572057446405,6.8619215613997095,-5.126038791048849,-8.420767129872338e-14
346.4783861254337,-51.50488789725592,10.498279765209631,6.860502002224367,-5.127403171696067,-1.8525687685719145e-13
346.4623061744867,-51.504280183102225,10.498987889790369,6.859082058841677,-5.1287667885846595,1.6841534259744676e-14
346.44622668700276,-51.503669890065204,10.499696429538812,6.857661732860726,-5.130129641388223,-1.0104920555846805e-13
346.4301476649715,-51.50305701762049,10.500405382805146,6.8562410258908075,-5.131491729781591,-1.1789073981821273e-13
346.4140691103829,-51.5024415652442,10.501114747939573,6.8548199395414136,-5.132853053440844,-3.368306851948935e-14
346.39799102522744,-51.501823532412956,10.501824523292285,6.853398475422252,-5.134213612043316,-8.420767129872338e-14
346.38191341149627,-51.501202918603916,10.50253470721347,6.85197663514325,-5.135573405267582,-3.368306851948935e-14
346.3658362711809,-51.500579723294756,10.503245298053328,6.850554420314517,-5.1369324327934756,-1.6841534259744677e-13
