galstreams/tracks/track.st.Hrid.ibata2024.ecsv
# %ECSV 1.0
# ---
# datatype:
# - {name: ra, unit: deg, datatype: float64}
# - {name: dec, unit: deg, datatype: float64}
# - {name: distance, unit: kpc, datatype: float64}
# - {name: pm_ra_cosdec, unit: mas / yr, datatype: float64}
# - {name: pm_dec, unit: mas / yr, datatype: float64}
# - {name: radial_velocity, unit: km / s, datatype: float64}
# delimiter: ','
# meta: !!omap
# - __serialized_columns__:
#     dec:
#       __class__: astropy.coordinates.angles.Latitude
#       unit: &id001 !astropy.units.Unit {unit: deg}
#       value: !astropy.table.SerializedColumn {name: dec}
#     distance:
#       __class__: astropy.coordinates.distances.Distance
#       unit: !astropy.units.Unit {unit: kpc}
#       value: !astropy.table.SerializedColumn {name: distance}
#     pm_dec:
#       __class__: astropy.units.quantity.Quantity
#       unit: !astropy.units.Unit {unit: mas / yr}
#       value: !astropy.table.SerializedColumn {name: pm_dec}
#     pm_ra_cosdec:
#       __class__: astropy.units.quantity.Quantity
#       unit: !astropy.units.Unit {unit: mas / yr}
#       value: !astropy.table.SerializedColumn {name: pm_ra_cosdec}
#     ra:
#       __class__: astropy.coordinates.angles.Longitude
#       unit: *id001
#       value: !astropy.table.SerializedColumn {name: ra}
#       wrap_angle: !astropy.coordinates.Angle
#         unit: *id001
#         value: 360.0
#     radial_velocity:
#       __class__: astropy.units.quantity.Quantity
#       unit: !astropy.units.Unit {unit: km / s}
#       value: !astropy.table.SerializedColumn {name: radial_velocity}
# schema: astropy-2.0
ra,dec,distance,pm_ra_cosdec,pm_dec,radial_velocity
[from data line 5682]
277.8581478854437,16.052316878401065,0.9999999999999997,-6.481669999551787,13.37629803229214,-361.48178755294913
277.857185552728,16.040631441279398,0.9999999999999996,-6.48144842864016,13.371311514518121,-361.53154434434634
277.85622305858556,16.0289460103716,0.9999999999999996,-6.481226593384722,13.366324383138895,-361.58128646148026
277.8552604029325,16.01726058568441,0.9999999999999994,-6.4810044938438836,13.361336638670533,-361.6310138992889
277.85429758568495,16.00557516722452,0.9999999999999993,-6.480782130076188,13.356348281629085,-361.68072665271126
277.85333460675895,15.993889754998659,0.9999999999999994,-6.480559502140121,13.351359312530633,-361.7304247166858
277.85237146607074,15.982204349013525,0.9999999999999994,-6.480336610094172,13.34636973189117,-361.7801080861513
277.8514081635363,15.970518949275903,0.9999999999999994,-6.4801134539970295,13.34137954022685,-361.82977675604604
277.85044469907166,15.9588335557925,0.9999999999999994,-6.479890033907225,13.33638873805361,-361.87943072130895
277.8494810725928,15.947148168570049,0.9999999999999994,-6.479666349883598,13.33139732588755,-361.92906997687834
277.84851728401577,15.93546278761535,0.9999999999999994,-6.479442401984739,13.326405304244709,-361.97869451769304
277.84755333325654,15.923777412935124,0.9999999999999994,-6.479218190269446,13.321412673641094,-362.0283043386915
277.84658922023095,15.912092044536157,0.9999999999999994,-6.47899371479653,13.31641943459278,-362.0778994348125
277.84562494485493,15.900406682425194,0.9999999999999996,-6.47876897562494,13.311425587615737,-362.1274798009946
277.8446605070443,15.888721326609046,0.9999999999999996,-6.478543972813567,13.306431133226024,-362.1770454321761
277.84369590671497,15.877035977094481,0.9999999999999994,-6.478318706421302,13.30143607193968,-362.22659632329606
277.8427311437827,15.865350633888273,0.9999999999999994,-6.47809317650718,13.296440404272666,-362.2761324692929
277.8417662181633,15.853665296997251,0.9999999999999994,-6.477867383130265,13.291444130741016,-362.32565386510504
277.84080112977244,15.841979966428218,0.9999999999999994,-6.47764132634966,13.28644725186075,-362.3751605056715
277.839835878526,15.83029464218795,0.9999999999999997,-6.477415006224367,13.281449768147858,-362.4246523859304
277.83887046433955,15.818609324283289,0.9999999999999996,-6.477188422813722,13.27645168011834,-362.4741295008208
277.8379048871288,15.806924012721044,0.9999999999999993,-6.476961576176873,13.271452988288186,-362.52359184528086
277.83693914680936,15.795238707508059,0.9999999999999994,-6.47673446637309,13.266453693173407,-362.5730394142494
277.83597324329685,15.783553408651152,0.9999999999999996,-6.476507093461743,13.261453795289963,-362.62247220266534
277.8350071765069,15.771868116157183,0.9999999999999993,-6.476279457502132,13.256453295153868,-362.67189020546675
277.834040946355,15.760182830032987,0.9999999999999994,-6.47605155855369,13.251452193281079,-362.72129341759245
277.83307455275667,15.748497550285425,0.9999999999999993,-6.4758233966758745,13.246450490187579,-362.770681833981
277.8321079956275,15.736812276921338,0.9999999999999997,-6.475594971928061,13.241448186389324,-362.8200554495714
277.83114127488284,15.725127009947625,0.9999999999999996,-6.475366284369928,13.236445282402302,-362.86941425930155
277.8301743904382,15.713441749371134,0.9999999999999993,-6.475137334061065,13.231441778742477,-362.9187582581105
277.829207342209,15.701756495198742,0.9999999999999994,-6.474908121060951,13.22643767592579,-362.96808744093687
277.82824013011054,15.69007124743736,0.9999999999999994,-6.474678645429412,13.221432974468213,-363.0174018027192
277.8272727540582,15.67838600609387,0.9999999999999994,-6.4744489072261295,13.216427674885697,-363.0667013383959
277.8263052139674,15.666700771175169,0.9999999999999993,-6.47421890651081,13.211421777694198,-363.11598604290594
277.8253375097533,15.655015542688139,0.9999999999999996,-6.47398864334329,13.206415283409626,-363.16525591118767
277.8243696413313,15.643330320639732,0.9999999999999994,-6.473758117783349,13.201408192547953,-363.2145109381798
277.8234016086165,15.63164510503684,0.9999999999999993,-6.473527329891047,13.196400505625103,-363.2637511188208
277.82243341152423,15.619959895886383,0.9999999999999997,-6.473296279726162,13.191392223156999,-363.3129764480493
277.82146504996956,15.608274693195312,0.9999999999999996,-6.473064967348849,13.186383345659596,-363.362186920804
277.82049652386775,15.596589496970553,0.9999999999999996,-6.472833392818975,13.181373873648791,-363.4113825320234
277.81952783313386,15.584904307219054,0.9999999999999994,-6.472601556196681,13.17636380764051,-363.4605632766463
277.818558977683,15.573219123947743,0.9999999999999993,-6.472369457542063,13.17135314815068,-363.50972914961125
277.81758995743024,15.56153394716361,0.9999999999999994,-6.472137096915281,13.166341895695219,-363.55888014585673
277.81662077229055,15.549848776873603,0.9999999999999996,-6.471904474376641,13.161330050790005,-363.6080162603213
277.81565142217903,15.538163613084675,0.9999999999999994,-6.471671589986322,13.156317613950968,-363.65713748794377
277.81468190701065,15.526478455803831,0.9999999999999996,-6.471438443804571,13.151304585693998,-363.7062438236627
277.8137122267003,15.51479330503804,0.9999999999999996,-6.4712050358918365,13.146290966534995,-363.7553352624164
277.81274238116293,15.503108160794289,0.9999999999999994,-6.47097136630846,13.14127675698986,-363.80441179914374
277.8117723703135,15.491423023079555,0.9999999999999994,-6.470737435114772,13.136261957574462,-363.8534734287835
277.81080219406675,15.479737891900873,0.9999999999999996,-6.470503242371459,13.131246568804697,-363.902520146274
277.80983185233754,15.468052767265233,0.9999999999999994,-6.47026878813892,13.126230591196462,-363.95155194655376
277.8088613450407,15.456367649179638,0.9999999999999996,-6.470034072477734,13.12121402526559,-364.00056882456187
277.8078906720911,15.444682537651136,0.9999999999999994,-6.469799095448449,13.116196871527993,-364.0495707752365
277.80691983340336,15.43299743268674,0.9999999999999993,-6.469563857111842,13.111179130499522,-364.0985577935161
277.8059488288922,15.421312334293473,0.9999999999999994,-6.46932835752855,13.106160802696046,-364.14752987433997
277.80497765847235,15.409627242478377,0.9999999999999993,-6.469092596759369,13.10114188863341,-364.19648701264595
277.80400632205846,15.39794215724852,0.9999999999999996,-6.468856574865011,13.09612238882751,-364.24542920337296
277.8030348195652,15.386257078610939,0.9999999999999992,-6.4686202919063405,13.091102303794177,-364.2943564414596
277.80206315090703,15.374572006572697,0.9999999999999996,-6.468383747944301,13.086081634049219,-364.34326872184477
277.80109131599875,15.362886941140832,0.9999999999999994,-6.468146943039692,13.08106038010855,-364.3921660394669
277.8001193147546,15.351201882322473,0.9999999999999993,-6.467909877253669,13.076038542487977,-364.44104838926427
277.7991471470894,15.339516830124662,0.9999999999999994,-6.46767255064705,13.071016121703344,-364.48991576617567
277.79817481291747,15.327831784554476,0.9999999999999994,-6.467434963281006,13.065993118270463,-364.5387681651399
277.7972023121532,15.316146745619031,0.9999999999999996,-6.467197115216624,13.060969532705183,-364.5876055810953
277.7962296447112,15.304461713325411,0.9999999999999994,-6.466959006515021,13.055945365523321,-364.6364280089806
277.79525681050575,15.292776687680734,0.9999999999999996,-6.4667206372374455,13.050920617240712,-364.68523544373437
277.7942838094512,15.281091668692088,0.9999999999999994,-6.46648200744508,13.04589528837316,-364.7340278802954
277.79331064146186,15.269406656366607,0.9999999999999994,-6.466243117199317,13.040869379436465,-364.782805313602
277.7923373064522,15.25772165071142,0.9999999999999994,-6.46600396656129,13.035842890946478,-364.8315677385929
277.7913638043363,15.246036651733645,0.9999999999999994,-6.465764555592608,13.030815823418958,-364.88031515020685
277.7903901350286,15.23435165944042,0.9999999999999994,-6.465524884354476,13.02578817736973,-364.9290475433821
277.78941629844314,15.222666673838901,0.9999999999999994,-6.465284952908446,13.020759953314574,-364.97776491305757
277.7884422944942,15.21098169493623,0.9999999999999994,-6.465044761316076,13.015731151769309,-365.02646725417185
277.78746812309595,15.199296722739554,0.9999999999999996,-6.464804309638788,13.010701773249703,-365.07515456166345
277.7864937841625,15.187611757256057,0.9999999999999996,-6.4645635979383,13.005671818271551,-365.1238268304709
277.7855192776079,15.1759267984929,0.9999999999999993,-6.464322626276241,13.000641287350641,-365.17248405553295
277.7845446033462,15.164241846457248,0.9999999999999993,-6.4640813947142615,12.995610181002704,-365.22112623178805
277.7835697612916,15.1525569011563,0.9999999999999994,-6.463839903314078,12.990578499743577,-365.2697533541751
277.7825947513579,15.140871962597247,0.9999999999999993,-6.463598152137555,12.985546244089,-365.3183654176323
277.7816195734593,15.129187030787268,0.9999999999999993,-6.463356141246345,12.98051341455472,-365.3669624170986
277.7806442275096,15.117502105733568,0.9999999999999994,-6.463113870702458,12.975480011656536,-365.41554434751225
277.7796687134228,15.105817187443376,0.9999999999999994,-6.4628713405677125,12.970446035910165,-365.46411120381237
277.77869303111265,15.09413227592389,0.9999999999999996,-6.46262855090418,12.965411487831377,-365.5126629809371
277.7777171804932,15.082447371182324,0.9999999999999994,-6.4623855017737455,12.960376367935947,-365.5611996738254
277.7767411614782,15.070762473225942,0.9999999999999994,-6.462142193238504,12.95534067673958,-365.6097212774154
277.7757649739814,15.059077582061947,0.9999999999999996,-6.461898625360565,12.950304414758023,-365.6582277866461
277.7747886179166,15.047392697697592,0.9999999999999993,-6.461654798202019,12.945267582507025,-365.706719196456
277.77381209319765,15.03570782014011,0.9999999999999994,-6.46141071182498,12.940230180502322,-365.75519550178393
277.77283539973814,15.024022949396786,0.9999999999999993,-6.4611663662918275,12.935192209259645,-365.8036566975678
277.77185853745175,15.01233808547487,0.9999999999999994,-6.460921761664746,12.930153669294707,-365.85210277874694
277.77088150625224,15.000653228381607,0.9999999999999993,-6.460676898006005,12.925114561123221,-365.9005337402599
277.7699043060531,14.988968378124305,0.9999999999999994,-6.460431775378062,12.920074885260934,-365.9489495770448
277.76892693676797,14.977283534710235,0.9999999999999994,-6.460186393843255,12.915034642223521,-365.99735028404046
277.76794939831046,14.965598698146678,0.9999999999999996,-6.4599407534639965,12.909993832526716,-366.04573585618584
277.766971690594,14.953913868440925,0.9999999999999993,-6.459694854302885,12.90495245668621,-366.094106288419
277.76599381353225,14.9422290456003,0.9999999999999996,-6.45944869642236,12.89991051521772,-366.1424615756788
277.76501576703856,14.930544229632083,0.9999999999999996,-6.459202279884964,12.89486800863694,-366.19080171290403
277.7640375510264,14.918859420543601,0.9999999999999994,-6.458955604753475,12.889824937459554,-366.23912669503306
277.7630591654092,14.907174618342173,0.9999999999999996,-6.45870867109044,12.884781302201244,-366.2874365170045
277.76208061010027,14.895489823035136,0.9999999999999996,-6.458461478958661,12.879737103377703,-366.33573117375687
277.7611018850131,14.883805034629823,0.9999999999999996,-6.45821402842075,12.874692341504623,-366.3840106602291
277.76012299006084,14.872120253133549,0.9999999999999994,-6.457966319539715,12.869647017097666,-366.4322749713595
277.75914392515693,14.860435478553697,0.9999999999999994,-6.457718352378201,12.8646011306725,-366.48052410208663
277.7581646902145,14.848750710897606,0.9999999999999994,-6.457470126999278,12.859554682744811,-366.5287580473495
277.7571852851469,14.83706595017262,0.9999999999999994,-6.457221643465797,12.854507673830227,-366.5769768020862
277.75620570986723,14.825381196386134,0.9999999999999994,-6.4569729018406985,12.84946010444447,-366.6251803612359
277.75522596428874,14.813696449545517,0.9999999999999994,-6.456723902187063,12.84441197510316,-366.67336871973663
277.7542460483245,14.802011709658151,0.9999999999999993,-6.456474644568043,12.83936328632194,-366.7215418725274
277.75326596188773,14.790326976731391,0.9999999999999994,-6.456225129046574,12.834314038616466,-366.76969981454664
277.75228570489134,14.778642250772672,0.9999999999999992,-6.455975355685954,12.829264232502386,-366.81784254073284
277.7513052772485,14.766957531789386,0.9999999999999994,-6.45572532454934,12.824213868495347,-366.865970046025
277.75032467887223,14.755272819788916,0.9999999999999996,-6.455475035699969,12.819162947110964,-366.91408232536145
277.7493439096755,14.743588114778706,0.9999999999999996,-6.4552244892011466,12.814111468864887,-366.9621793736806
277.7483629695712,14.731903416766167,0.9999999999999994,-6.454973685116242,12.809059434272747,-367.01026118592125
277.7473818584723,14.720218725758722,0.9999999999999996,-6.454722623508644,12.804006843850155,-367.0583277570223
277.7464005762917,14.708534041763793,0.9999999999999994,-6.454471304441727,12.798953698112745,-367.106379081922
277.7454191229423,14.696849364788857,0.9999999999999996,-6.454219727979014,12.79389999757615,-367.15441515555887
277.7444374983369,14.685164694841328,0.9999999999999993,-6.4539678941839735,12.788845742755928,-367.20243597287174
277.74345570238825,14.67348003192866,0.9999999999999994,-6.453715803120263,12.783790934167708,-367.25044152879934
277.7424737350092,14.661795376058343,0.9999999999999994,-6.453463454851352,12.778735572327106,-367.2984318182798
277.7414915961125,14.650110727237832,0.9999999999999993,-6.453210849440987,12.773679657749724,-367.3464068362522
277.74050928561076,14.638426085474588,0.9999999999999996,-6.45295798695291,12.768623190951168,-367.39436657765503
277.73952680341677,14.626741450776091,0.9999999999999994,-6.452704867450729,12.763566172446971,-367.44231103742663
277.7385441494431,14.615056823149853,0.9999999999999996,-6.4524514909983495,12.758508602752794,-367.490240210506
277.7375613236025,14.603372202603358,0.9999999999999994,-6.45219785765944,12.753450482384205,-367.5381540918314
277.73657832580733,14.59168758914408,0.9999999999999993,-6.451943967498112,12.748391811856738,-367.5860526763417
277.7355951559704,14.580002982779567,0.9999999999999993,-6.451689820578128,12.743332591686016,-367.63393595897526
277.73461181400404,14.56831838351732,0.9999999999999994,-6.451435416963465,12.738272822387577,-367.6818039346708
277.73362829982085,14.556633791364849,0.9999999999999994,-6.4511807567182125,12.733212504476999,-367.7296565983671
277.73264461333326,14.544949206329676,0.9999999999999994,-6.450925839906297,12.728151638469864,-367.77749394500245
277.73166075445374,14.533264628419367,0.9999999999999994,-6.4506706665919005,12.723090224881727,-367.8253159695158
277.7306767230947,14.521580057641447,0.9999999999999994,-6.450415236839149,12.718028264228124,-367.87312266684535
277.7296925191684,14.50989549400345,0.9999999999999996,-6.450159550712284,12.712965757024609,-367.92091403193
277.72870814258727,14.498210937512948,0.9999999999999994,-6.449903608275452,12.707902703786745,-367.96869005970825
277.72772359326365,14.486526388177516,0.9999999999999994,-6.449647409592977,12.702839105030076,-368.01645074511873
277.7267388711098,14.474841846004693,0.9999999999999997,-6.449390954729127,12.697774961270113,-368.06419608309994
277.7257539760378,14.463157311002048,0.9999999999999994,-6.4491342437483805,12.692710273022422,-368.111926068591
277.7247689079602,14.45147278317721,0.9999999999999994,-6.448877276715017,12.687645040802513,-368.15964069652955
277.7237836667889,14.439788262537737,0.9999999999999993,-6.448620053693578,12.68257926512593,-368.20733996185504
277.7227982524361,14.428103749091218,0.9999999999999993,-6.448362574748559,12.677512946508173,-368.2550238595058
277.7218126648141,14.416419242845258,0.9999999999999996,-6.448104839944502,12.672446085464774,-368.30269238442025
