galstreams/tracks/track.st.Pegasus.perottoni2019.ecsv
# %ECSV 1.0
# ---
# datatype:
# - {name: ra, unit: deg, datatype: float64}
# - {name: dec, unit: deg, datatype: float64}
# - {name: distance, unit: kpc, datatype: float64}
# - {name: pm_ra_cosdec, unit: mas / yr, datatype: float64}
# - {name: pm_dec, unit: mas / yr, datatype: float64}
# - {name: radial_velocity, unit: km / s, datatype: float64}
# delimiter: ','
# meta: !!omap
# - __serialized_columns__:
#     dec:
#       __class__: astropy.coordinates.angles.Latitude
#       unit: &id001 !astropy.units.Unit {unit: deg}
#       value: !astropy.table.SerializedColumn {name: dec}
#     distance:
#       __class__: astropy.coordinates.distances.Distance
#       unit: !astropy.units.Unit {unit: kpc}
#       value: !astropy.table.SerializedColumn {name: distance}
#     pm_dec:
#       __class__: astropy.units.quantity.Quantity
#       unit: !astropy.units.Unit {unit: mas / yr}
#       value: !astropy.table.SerializedColumn {name: pm_dec}
#     pm_ra_cosdec:
#       __class__: astropy.units.quantity.Quantity
#       unit: !astropy.units.Unit {unit: mas / yr}
#       value: !astropy.table.SerializedColumn {name: pm_ra_cosdec}
#     ra:
#       __class__: astropy.coordinates.angles.Longitude
#       unit: *id001
#       value: !astropy.table.SerializedColumn {name: ra}
#       wrap_angle: !astropy.coordinates.Angle
#         unit: *id001
#         value: 360.0
#     radial_velocity:
#       __class__: astropy.units.quantity.Quantity
#       unit: !astropy.units.Unit {unit: km / s}
#       value: !astropy.table.SerializedColumn {name: radial_velocity}
# schema: astropy-2.0
ra,dec,distance,pm_ra_cosdec,pm_dec,radial_velocity
[from data line 711]
332.4280502067927,26.9349053260305,17.9999999999999,0.0,0.0,0.0
332.4343763145148,26.94317561490918,17.9999999999999,0.0,0.0,0.0
332.4407042294705,26.951445115913888,17.9999999999999,0.0,0.0,0.0
332.4470339524179,26.959713828660988,17.9999999999999,0.0,0.0,0.0
332.4533654841153,26.967981752766676,17.999999999999897,0.0,0.0,0.0
332.4596988253213,26.9762488878469,17.999999999999893,0.0,0.0,0.0
332.4660339767947,26.984515233517424,17.999999999999897,0.0,0.0,0.0
332.47237093929436,26.992780789393812,17.999999999999897,0.0,0.0,0.0
332.4787097135795,27.00104555509138,17.999999999999893,0.0,0.0,0.0
332.4850503004094,27.009309530225277,17.999999999999893,0.0,0.0,0.0
332.49139270054354,27.01757271441041,17.99999999999989,0.0,0.0,0.0
332.49773691474167,27.025835107261507,17.99999999999989,0.0,0.0,0.0
332.50408294376376,27.03409670839306,17.999999999999893,0.0,0.0,0.0
332.51043078836983,27.042357517419372,17.999999999999886,0.0,0.0,0.0
332.5167804493202,27.050617533954522,17.99999999999989,0.0,0.0,0.0
332.5231319273754,27.058876757612378,17.999999999999886,0.0,0.0,0.0
332.5294852232961,27.067135188006603,17.999999999999886,0.0,0.0,0.0
332.53584033784324,27.075392824750647,17.999999999999883,0.0,0.0,0.0
332.5421972717777,27.083649667457756,17.999999999999883,0.0,0.0,0.0
332.54855602586093,27.091905715740953,17.999999999999883,0.0,0.0,0.0
332.55491660085437,27.100160969213068,17.99999999999988,0.0,0.0,0.0
332.56127899751965,27.108415427486698,17.99999999999988,0.0,0.0,0.0
332.5676432166186,27.116669090174238,17.99999999999988,0.0,0.0,0.0
332.57400925891324,27.12492195688787,17.99999999999988,0.0,0.0,0.0
332.5803771251659,27.13317402723958,17.999999999999876,0.0,0.0,0.0
332.586746816139,27.141425300841117,17.99999999999988,0.0,0.0,0.0
332.5931183325951,27.14967577730403,17.999999999999872,0.0,0.0,0.0
332.5994916752971,27.15792545623964,17.999999999999872,0.0,0.0,0.0
332.6058668450079,27.16617433725909,17.999999999999872,0.0,0.0,0.0
332.61224384249084,27.174422419973276,17.999999999999872,0.0,0.0,0.0
332.61862266850926,27.182669703992907,17.99999999999987,0.0,0.0,0.0
332.6250033238267,27.19091618892844,17.99999999999987,0.0,0.0,0.0
332.6313858092071,27.199161874390175,17.999999999999872,0.0,0.0,0.0
332.6377701254143,27.207406759988164,17.999999999999865,0.0,0.0,0.0
332.64415627321256,27.215650845332217,17.999999999999865,0.0,0.0,0.0
332.65054425336626,27.223894130032004,17.999999999999865,0.0,0.0,0.0
332.65693406663996,27.232136613696905,17.99999999999986,0.0,0.0,0.0
332.6633257137984,27.240378295936136,17.999999999999858,0.0,0.0,0.0
332.6697191956065,27.248619176358684,17.999999999999858,0.0,0.0,0.0
332.6761145128295,27.256859254573307,17.99999999999986,0.0,0.0,0.0
332.68251166623264,27.26509853018856,17.999999999999858,0.0,0.0,0.0
332.68891065658164,27.273337002812802,17.999999999999858,0.0,0.0,0.0
332.695311484642,27.281574672054138,17.999999999999858,0.0,0.0,0.0
332.70171415117983,27.289811537520478,17.999999999999854,0.0,0.0,0.0
332.7081186569612,27.298047598819526,17.999999999999854,0.0,0.0,0.0
332.71452500275234,27.306282855558756,17.99999999999985,0.0,0.0,0.0
332.72093318931985,27.314517307345426,17.99999999999985,0.0,0.0,0.0
332.7273432174305,27.322750953786574,17.99999999999985,0.0,0.0,0.0
332.733755087851,27.33098379448904,17.999999999999844,0.0,0.0,0.0
332.7401688013486,27.339215829059437,17.999999999999844,0.0,0.0,0.0
332.74658435869054,27.34744705710415,17.999999999999844,0.0,0.0,0.0
332.7530017606443,27.355677478229364,17.999999999999844,0.0,0.0,0.0
332.75942100797755,27.363907092041043,17.999999999999837,0.0,0.0,0.0
332.76584210145813,27.372135898144915,17.99999999999984,0.0,0.0,0.0
332.77226504185415,27.380363896146523,17.999999999999833,0.0,0.0,0.0
332.77868982993385,27.38859108565117,17.999999999999833,0.0,0.0,0.0
332.7851164664657,27.396817466263933,17.99999999999983,0.0,0.0,0.0
332.79154495221826,27.40504303758971,17.999999999999826,0.0,0.0,0.0
332.7979752879606,27.413267799233125,17.99999999999983,0.0,0.0,0.0
332.80440747446147,27.421491750798626,17.999999999999826,0.0,0.0,0.0
332.81084151249024,27.429714891890438,17.999999999999822,0.0,0.0,0.0
332.81727740281633,27.437937222112538,17.99999999999982,0.0,0.0,0.0
332.8237151462094,27.446158741068736,17.99999999999982,0.0,0.0,0.0
332.83015474343915,27.454379448362552,17.999999999999815,0.0,0.0,0.0
332.83659619527566,27.46259934359735,17.999999999999815,0.0,0.0,0.0
332.8430395024891,27.470818426376244,17.99999999999981,0.0,0.0,0.0
332.8494846658499,27.47903669630213,17.99999999999981,0.0,0.0,0.0
332.8559316861286,27.4872541529777,17.999999999999808,0.0,0.0,0.0
332.86238056409604,27.495470796005396,17.999999999999805,0.0,0.0,0.0
332.8688313005232,27.50368662498746,17.999999999999805,0.0,0.0,0.0
332.87528389618114,27.51190163952593,17.9999999999998,0.0,0.0,0.0
332.88173835184136,27.520115839222584,17.999999999999794,0.0,0.0,0.0
332.8881946682753,27.52832922367899,17.9999999999998,0.0,0.0,0.0
332.8946528462548,27.53654179249653,17.999999999999787,0.0,0.0,0.0
332.9011128865518,27.54475354527633,17.999999999999787,0.0,0.0,0.0
332.9075747899384,27.55296448161928,17.999999999999783,0.0,0.0,0.0
332.914038557187,27.561174601126098,17.999999999999783,0.0,0.0,0.0
332.92050418907,27.569383903397238,17.999999999999783,0.0,0.0,0.0
332.9269716863603,27.577592388032947,17.999999999999776,0.0,0.0,0.0
332.93344104983066,27.585800054633257,17.999999999999773,0.0,0.0,0.0
332.93991228025425,27.594006902797958,17.999999999999773,0.0,0.0,0.0
332.9463853784044,27.602212932126637,17.999999999999766,0.0,0.0,0.0
332.95286034505466,27.610418142218645,17.999999999999762,0.0,0.0,0.0
332.9593371809786,27.618622532673115,17.99999999999976,0.0,0.0,0.0
332.9658158869502,27.626826103088963,17.99999999999976,0.0,0.0,0.0
332.9722964637435,27.635028853064867,17.999999999999755,0.0,0.0,0.0
332.9787789121328,27.643230782199296,17.99999999999975,0.0,0.0,0.0
332.9852632328925,27.65143189009048,17.999999999999744,0.0,0.0,0.0
332.99174942679736,27.65963217633643,17.999999999999744,0.0,0.0,0.0
332.9982374946222,27.667831640534953,17.999999999999737,0.0,0.0,0.0
333.00472743714204,27.676030282283595,17.999999999999734,0.0,0.0,0.0
333.0112192551321,27.68422810117971,17.999999999999734,0.0,0.0,0.0
333.017712949368,27.692425096820408,17.999999999999726,0.0,0.0,0.0
333.0242085206252,27.700621268802582,17.99999999999972,0.0,0.0,0.0
333.0307059696796,27.708816616722892,17.999999999999712,0.0,0.0,0.0
333.0372052973072,27.717011140177792,17.999999999999716,0.0,0.0,0.0
333.0437065042842,27.725204838763478,17.99999999999971,0.0,0.0,0.0
333.0502095913871,27.73339771207595,17.99999999999971,0.0,0.0,0.0
333.0567145593924,27.741589759710966,17.9999999999997,0.0,0.0,0.0
333.06322140907685,27.749780981264063,17.999999999999694,0.0,0.0,0.0
333.0697301412176,27.757971376330556,17.999999999999698,0.0,0.0,0.0
333.0762407565917,27.766160944505526,17.999999999999687,0.0,0.0,0.0
333.0827532559766,27.774349685383825,17.99999999999968,0.0,0.0,0.0
333.08926764014996,27.782537598560086,17.999999999999673,0.0,0.0,0.0
333.09578390988935,27.790724683628714,17.999999999999673,0.0,0.0,0.0
333.1023020659729,27.79891094018388,17.999999999999666,0.0,0.0,0.0
333.1088221091786,27.807096367819533,17.999999999999662,0.0,0.0,0.0
333.115344040285,27.81528096612939,17.999999999999655,0.0,0.0,0.0
333.12186786007044,27.823464734706945,17.99999999999965,0.0,0.0,0.0
333.1283935693138,27.831647673145476,17.999999999999645,0.0,0.0,0.0
333.13492116879394,27.839829781037988,17.999999999999638,0.0,0.0,0.0
333.14145065929,27.848011057977317,17.99999999999963,0.0,0.0,0.0
333.14798204158143,27.856191503556026,17.999999999999627,0.0,0.0,0.0
333.1545153164475,27.86437111736646,17.999999999999623,0.0,0.0,0.0
333.161050484668,27.87254989900076,17.999999999999616,0.0,0.0,0.0
333.16758754702295,27.88072784805079,17.999999999999606,0.0,0.0,0.0
333.1741265042923,27.888904964108228,17.999999999999602,0.0,0.0,0.0
333.18066735725637,27.897081246764504,17.999999999999595,0.0,0.0,0.0
333.1872101066957,27.905256695610817,17.999999999999588,0.0,0.0,0.0
333.19375475339086,27.91343131023814,17.99999999999958,0.0,0.0,0.0
333.20030129812284,27.92160509023721,17.999999999999577,0.0,0.0,0.0
333.2068497416726,27.92977803519855,17.99999999999957,0.0,0.0,0.0
333.21340008482144,27.93795014471243,17.999999999999563,0.0,0.0,0.0
333.21995232835087,27.946121418368904,17.999999999999556,0.0,0.0,0.0
333.2265064730423,27.95429185575778,17.999999999999552,0.0,0.0,0.0
333.2330625196779,27.962461456468656,17.999999999999545,0.0,0.0,0.0
333.23962046903944,27.970630220090886,17.999999999999538,0.0,0.0,0.0
333.24618032190915,27.978798146213602,17.99999999999953,0.0,0.0,0.0
333.25274207906966,27.98696523442568,17.999999999999517,0.0,0.0,0.0
333.25930574130336,27.995131484315795,17.999999999999513,0.0,0.0,0.0
333.2658713093931,28.003296895472353,17.999999999999503,0.0,0.0,0.0
333.27243878412196,28.01146146748357,17.9999999999995,0.0,0.0,0.0
333.279008166273,28.019625199937412,17.99999999999949,0.0,0.0,0.0
333.2855794566297,28.0277880924216,17.999999999999485,0.0,0.0,0.0
333.29215265597566,28.03595014452362,17.99999999999947,0.0,0.0,0.0
333.29872776509455,28.044111355830754,17.999999999999464,0.0,0.0,0.0
333.3053047847704,28.05227172593003,17.99999999999946,0.0,0.0,0.0
333.3118837157873,28.06043125440824,17.999999999999446,0.0,0.0,0.0
333.3184645589297,28.06858994085194,17.99999999999944,0.0,0.0,0.0
333.32504731498204,28.076747784847484,17.99999999999943,0.0,0.0,0.0
333.3316319847291,28.084904785980935,17.99999999999942,0.0,0.0,0.0
333.33821856895577,28.093060943838175,17.999999999999414,0.0,0.0,0.0
333.34480706844727,28.101216258004825,17.999999999999407,0.0,0.0,0.0
333.3513974839888,28.109370728066278,17.999999999999396,0.0,0.0,0.0
333.35798981636594,28.117524353607685,17.99999999999939,0.0,0.0,0.0
333.36458406636433,28.12567713421397,17.99999999999938,0.0,0.0,0.0
333.37118023476995,28.13382906946983,17.999999999999368,0.0,0.0,0.0
