galstreams/tracks/track.st.New-27.ibata2024.ecsv
# %ECSV 1.0
# ---
# datatype:
# - {name: ra, unit: deg, datatype: float64}
# - {name: dec, unit: deg, datatype: float64}
# - {name: distance, unit: kpc, datatype: float64}
# - {name: pm_ra_cosdec, unit: mas / yr, datatype: float64}
# - {name: pm_dec, unit: mas / yr, datatype: float64}
# - {name: radial_velocity, unit: km / s, datatype: float64}
# delimiter: ','
# meta: !!omap
# - __serialized_columns__:
#     dec:
#       __class__: astropy.coordinates.angles.Latitude
#       unit: &id001 !astropy.units.Unit {unit: deg}
#       value: !astropy.table.SerializedColumn {name: dec}
#     distance:
#       __class__: astropy.coordinates.distances.Distance
#       unit: !astropy.units.Unit {unit: kpc}
#       value: !astropy.table.SerializedColumn {name: distance}
#     pm_dec:
#       __class__: astropy.units.quantity.Quantity
#       unit: !astropy.units.Unit {unit: mas / yr}
#       value: !astropy.table.SerializedColumn {name: pm_dec}
#     pm_ra_cosdec:
#       __class__: astropy.units.quantity.Quantity
#       unit: !astropy.units.Unit {unit: mas / yr}
#       value: !astropy.table.SerializedColumn {name: pm_ra_cosdec}
#     ra:
#       __class__: astropy.coordinates.angles.Longitude
#       unit: *id001
#       value: !astropy.table.SerializedColumn {name: ra}
#       wrap_angle: !astropy.coordinates.Angle
#         unit: *id001
#         value: 360.0
#     radial_velocity:
#       __class__: astropy.units.quantity.Quantity
#       unit: !astropy.units.Unit {unit: km / s}
#       value: !astropy.table.SerializedColumn {name: radial_velocity}
# schema: astropy-2.0
ra,dec,distance,pm_ra_cosdec,pm_dec,radial_velocity
339.67047356007635,-58.01398533672078,0.9999999999999954,0.14045440169843904,-9.651784311567637,-29.31731166705471
339.69135336028046,-57.99843975400795,0.9999999999999957,0.1476671907111764,-9.646990167645217,-27.6896824322642
339.71212259647655,-57.982875719401775,0.9999999999999958,0.15484314979823877,-9.642207941347348,-26.07885912569507
339.73278163023474,-57.9672933232998,0.9999999999999958,0.16198243217481556,-9.637437597300027,-24.484788987581688
339.7533308229548,-57.951692655637196,0.9999999999999961,0.1690851906771651,-9.632679099584676,-22.907419258158686
339.77377053586196,-57.93607380588946,0.9999999999999963,0.1761515777636169,-9.627932411742014,-21.346697177660566
339.7941011300019,-57.920436863074954,0.9999999999999964,0.183181745515411,-9.623197496775916,-19.8025699863219
339.81432296623643,-57.90478191575792,0.9999999999999967,0.19017584563768475,-9.618474317157268,-18.27498492437718
339.834436405239,-57.889109052051076,0.9999999999999968,0.19713402946032232,-9.6137628348278,-16.763889232061
339.8544418074903,-57.87341835961831,0.9999999999999969,0.20405644793898636,-9.609063011203894,-15.269230149607951
339.8743395332738,-57.8577099256773,0.9999999999999971,0.2109432516560421,-9.604374807180353,-13.790954917252403
339.8941299426717,-57.84198383700241,0.9999999999999973,0.21779459082149577,-9.599698183134214,-12.32901077522915
339.9138133955603,-57.82624017992732,0.9999999999999976,0.22461061527401016,-9.59503309892848,-10.883344963772572
339.93339025160606,-57.8104790403475,0.9999999999999976,0.2313914744818728,-9.590379513915858,-9.453904723117276
339.9528608702612,-57.79470050372321,0.9999999999999977,0.23813731754397338,-9.585737386942492,-8.040637293497758
339.97222561075984,-57.778904655081966,0.999999999999998,0.24484829319085089,-9.581106676351638,-6.643489915148563
339.9914848321138,-57.7630915790211,0.9999999999999981,0.2515245497856804,-9.576487339987382,-5.262409828304319
340.0106388931087,-57.74726135971071,0.9999999999999983,0.2581662353252825,-9.571879335198277,-3.8973442731994634
340.0296881522996,-57.73141408089605,0.9999999999999986,0.2647734974411815,-9.567282618840997,-2.5482404900686704
340.0486329680075,-57.71554982590031,0.9999999999999987,0.2713464834006234,-9.562697147283977,-1.2150457191462947
340.0674736983154,-57.69966867762698,0.999999999999999,0.2778853401076531,-9.558122876411005,0.10229279933294505
340.08621070106415,-57.68377071856284,0.999999999999999,0.2843902141041328,-9.553559761624822,1.4038278251345284
340.10484433384914,-57.66785603078037,0.9999999999999991,0.29086125157083975,-9.54900775785071,2.6896121180240544
340.1233749540161,-57.651924695940174,0.9999999999999992,0.2972985983285006,-9.544466819540018,3.9596984377667184
340.1418029186579,-57.63597679529393,0.9999999999999992,0.3037023998389241,-9.539936900673718,5.214139544128242
340.1601285846101,-57.62001240968678,0.9999999999999996,0.310072801206017,-9.53541795476593,6.452988196873885
340.17835230844844,-57.60403161955973,0.9999999999999996,0.31640994717694726,-9.530909934867418,7.6762971557692685
340.1964744464842,-57.58803450495256,0.9999999999999998,0.32271398214319014,-9.526412793569058,8.884119180579725
340.2144953547615,-57.57202114550625,0.9999999999999999,0.3289850501416729,-9.521926483005334,10.076507031070715
340.23241538905336,-57.55599162046527,1.0,0.33522329485585667,-9.517450954857754,11.253513467007776
340.2502349048585,-57.53994600868048,1.0,0.34142885961689196,-9.512986160358302,12.415191248156242
340.26795425739755,-57.52388438861152,1.0000000000000004,0.34760188740469333,-9.508532050292839,13.561593134281718
340.28557380161044,-57.507806838329316,1.0000000000000004,0.35374252084912317,-9.504088575004495,14.69277188514948
340.30309389215245,-57.491713435518434,1.0000000000000007,0.3598509022311098,-9.499655684397059,15.80878026052514
340.3205148833911,-57.47560425747991,1.0000000000000007,0.36592717348377124,-9.495233327938315,16.909671020174148
340.3378371294031,-57.45947938113357,1.0000000000000009,0.3719714761935826,-9.490821454663399,17.99549692386177
340.35506098397093,-57.44333888302033,1.000000000000001,0.377983951601534,-9.486420013178117,19.066310731353717
340.37218680058004,-57.427182839305054,1.000000000000001,0.38396474060427654,-9.482028951662238,20.12216520241522
340.3892149324153,-57.41101132577878,1.0000000000000013,0.3899139837552881,-9.4776482178728,21.16311309681189
340.40614573235837,-57.39482441786105,1.0000000000000013,0.3958318212660512,-9.473277759147361,22.189207174309097
340.4229795529844,-57.378622190602734,1.0000000000000016,0.40171839300720635,-9.468917522407265,23.200500194672383
340.43971674655893,-57.36240471868812,1.0000000000000018,0.4075738385097394,-9.464567454160866,24.197044917667093
340.45635766503557,-57.34617207643763,1.0000000000000018,0.41339829696617936,-9.460227500506742,25.178894103058735
340.4729026600524,-57.32992433780984,1.000000000000002,0.41919190723175004,-9.4558976071369,26.146100510612804
340.48935208292943,-57.31366157640435,1.0000000000000018,0.42495480782558825,-9.451577719339959,27.098716900094626
340.5057062846658,-57.29738386546397,1.0000000000000022,0.4306871369319125,-9.44726778200429,28.03679603126984
340.5219656159368,-57.281091277876946,1.0000000000000022,0.43638903240123983,-9.442967739621203,28.960390663903794
340.53813042709135,-57.26478388617968,1.0000000000000027,0.4420606317515756,-9.438677536288033,29.869553557761872
340.554201068149,-57.248461762558954,1.0000000000000024,0.4477020721696081,-9.434397115711288,30.764337472609714
340.5701778887977,-57.23212497885412,1.0000000000000027,0.45331349051193714,-9.430126421209703,31.644795168212617
340.5860612383905,-57.21577360655976,1.0000000000000027,0.45889502330625764,-9.425865395717349,32.510979404336084
340.60185146594375,-57.199407716827864,1.0000000000000029,0.46444680675259,-9.421613981786669,33.36294294074557
340.6175489201338,-57.18302738047022,1.000000000000003,0.46996897672447857,-9.417372121591548,34.200738537206526
340.63315394929487,-57.16663266796063,1.000000000000003,0.4754616687702278,-9.413139756930303,35.024418953484435
340.6486669014164,-57.15022364943736,1.000000000000003,0.48092501811409605,-9.408916829228717,35.83403694934477
340.6640881241406,-57.133800394705524,1.0000000000000033,0.48635915965754317,-9.404703279543,36.62964528455292
340.67941796476026,-57.11736297323904,1.0000000000000033,0.4917642279804344,-9.400499048562803,37.41129671887434
340.6946567702159,-57.10091145418333,1.0000000000000036,0.49714035734227835,-9.396304076614136,38.17904401207458
340.70980488709364,-57.08444590635743,1.0000000000000036,0.5024876816834365,-9.39211830366233,38.93293992391897
340.7248626616232,-57.0679663982561,1.0000000000000038,0.5078063346263796,-9.387941669314943,39.67303721417304
340.73983043967496,-57.05147299805238,1.0000000000000038,0.5130964494768888,-9.383774112824677,40.399388642602204
340.75470856675804,-57.034965773599744,1.000000000000004,0.5183581592253012,-9.379615573092256,41.11204696897196
340.76949738801835,-57.018444792434096,1.000000000000004,0.523591596547755,-9.375465988669317,41.81106495304777
340.7841972482357,-57.00191012177645,1.0000000000000038,0.5287968938073929,-9.371325297761237,42.49649535459505
340.79880849182234,-56.9853618285348,1.0000000000000042,0.5339741830556225,-9.367193438229984,43.16839093337926
340.8133314628203,-56.968799979306574,1.0000000000000042,0.5391235960333404,-9.363070347596949,43.82680444916583
340.82776650489967,-56.95222464038056,1.0000000000000044,0.5442452641721804,-9.35895596304573,44.47178866172029
340.84211396135623,-56.93563587773938,1.0000000000000044,0.5493393185957338,-9.354850221424932,45.103396330807996
340.85637417510964,-56.91903375706165,1.0000000000000044,0.5544058901207933,-9.350753059250941,45.72168021619453
340.8705474887013,-56.90241834372386,1.0000000000000047,0.5594451092586092,-9.346664412710677,46.32669307764525
340.8846342442923,-56.885789702802974,1.0000000000000047,0.5644571062160928,-9.34258421766431,46.918487674925615
340.8986347836617,-56.86914789907837,1.0000000000000049,0.5694420108970821,-9.338512409648029,47.497116767801145
340.9125494482045,-56.85249299703381,1.000000000000005,0.5743999529035795,-9.334448923876696,48.0626331160372
340.92637857892976,-56.83582506086001,1.0000000000000049,0.5793310615369743,-9.330393695246583,48.6150894793993
340.9401225164585,-56.81914415445642,1.000000000000005,0.5842354657992904,-9.326346658338,49.1545386176529
340.9537816010222,-56.802450341433556,1.0000000000000049,0.589113294394422,-9.322307747417995,49.68103329056341
340.96735617246094,-56.785743685114845,1.0000000000000053,0.5939646757293813,-9.31827689644296,50.19462625789636
340.9808465702217,-56.76902424853908,1.0000000000000053,0.5987897379155226,-9.31425403906128,50.69537027941713
340.99425313335615,-56.75229209446236,1.0000000000000053,0.6035886087697777,-9.310239108615924,51.18331811489123
341.00757620051945,-56.73554728535997,1.0000000000000053,0.6083614158159062,-9.306232038147062,51.65852252408401
341.0208161099684,-56.71878988342883,1.0000000000000053,0.6131082862857148,-9.302232760394602,52.12103626676111
341.03397319955974,-56.70201995058938,1.0000000000000056,0.6178293471202991,-9.298241207800793,52.570912102687835
341.0470478067484,-56.68523754848746,1.0000000000000058,0.6225247249712795,-9.294257312512752,53.008202791629664
341.0600402685862,-56.66844273849669,1.0000000000000058,0.6271945462020216,-9.290281006384998,53.43296109335213
341.07295092172,-56.65163558172035,1.0000000000000058,0.6318389368888789,-9.286312220981944,53.84523976762058
341.08578010239023,-56.63481613899339,1.000000000000006,0.6364580228224115,-9.282350887580444,54.24509157420053
341.0985281464295,-56.6179844708844,1.000000000000006,0.6410519295086274,-9.278396937172209,54.63256927285739
341.1111953892607,-56.601140637697775,1.000000000000006,0.6456207821701974,-9.274450300466343,55.00772562335672
341.1237821658959,-56.58428469947567,1.000000000000006,0.6501647057476746,-9.270510907891746,55.370613385463834
341.1362888109349,-56.567416715999805,1.0000000000000062,0.6546838249007376,-9.266578689599568,55.72128531894429
341.1487156585637,-56.550536746793746,1.0000000000000062,0.6591782640093973,-9.262653575465638,56.05979418356352
341.16106304255277,-56.53364485112472,1.0000000000000062,0.66364814717521,-9.258735495092843,56.38619273908694
341.17333129625644,-56.516741088005446,1.0000000000000064,0.6680935982225178,-9.254824377813556,56.70053374528005
341.1855207526107,-56.499825516196395,1.0000000000000064,0.6725147406996398,-9.250920152691965,57.00286996190826
341.1976317441326,-56.48289819420756,1.0000000000000064,0.676911697880091,-9.247022748526485,57.29325414873709
341.20966460291834,-56.46595918030023,1.0000000000000064,0.6812845927638147,-9.243132093852063,57.57173906553194
341.22161966064255,-56.44900853248929,1.0000000000000067,0.6856335480783592,-9.239248116942516,57.83837747205828
341.2334972485565,-56.43204630854484,1.0000000000000067,0.6899586862801006,-9.235370745812865,58.093222128081564
341.2452976974872,-56.4150725659943,1.0000000000000067,0.694260129555443,-9.231499908221604,58.33632579336724
341.25702133783625,-56.39808736212401,1.0000000000000067,0.6985379998220348,-9.227635531673014,58.56774122768079
341.2686684995783,-56.381090753981475,1.0000000000000069,0.7027924187299389,-9.223777543419423,58.78752119078763
341.2802395122603,-56.36408279837712,1.0000000000000067,0.7070235076628473,-9.219925870463449,58.995718442453274
341.2917347050001,-56.34706355188593,1.0000000000000069,0.7112313877392802,-9.21608043956025,59.19238574244309
341.3031544064854,-56.3300330708497,1.0000000000000069,0.7154161798137564,-9.21224117721976,59.37757585052261
341.3144989449725,-56.31299141137868,1.000000000000007,0.7195780044779898,-9.208408009708899,59.551341526457286
341.32576864828565,-56.295938629353266,1.000000000000007,0.723716982062088,-9.204580863053733,59.71373553001251
341.33696384381545,-56.27887478042616,1.000000000000007,0.72783323263571,-9.200759663041715,59.86481062095375
341.3480848585183,-56.26179992002397,1.0000000000000069,0.7319268760092591,-9.196944335223822,60.004619559046525
341.35913201891503,-56.24471410334916,1.000000000000007,0.7359980317350497,-9.193134804916685,60.13321510405626
341.3701056510902,-56.22761738538162,1.0000000000000073,0.7400468191084962,-9.189330997204785,60.250650015748384
341.38100608069095,-56.21050982088076,1.0000000000000073,0.7440733571692565,-9.185532836942532,60.35697705388836
341.39183363292597,-56.19339146438719,1.0000000000000073,0.7480777647024113,-9.181740248756393,60.452248978241634
341.4025886325649,-56.176262370224286,1.0000000000000073,0.7520601602396354,-9.177953157046982,60.53651854857371
341.4132714039372,-56.15912259250031,1.0000000000000073,0.7560206620603296,-9.174171485991163,60.60983852465
341.42388227093096,-56.141972185110006,1.0000000000000075,0.7599593881927955,-9.170395159544086,60.672261666235954
341.43442155699285,-56.12481120173618,1.0000000000000073,0.7638764564153879,-9.166624101441272,60.72384073309705
341.44488958512653,-56.107639695851724,1.0000000000000075,0.7677719842576478,-9.162858235200625,60.7646284849987
341.45528667789205,-56.090457720721304,1.0000000000000075,0.7716460890014482,-9.159097484124505,60.79467768170644
341.46561315740513,-56.073265329402794,1.0000000000000075,0.775498887682156,-9.155341771301675,60.81404108298568
341.4758693453364,-56.05606257474937,1.0000000000000075,0.7793304970897326,-9.151591019609363,60.82277144860187
341.48605556291034,-56.038849509410994,1.0000000000000078,0.7831410337698934,-9.147845151715208,60.82092153832042
341.4961721309048,-56.02162618583622,1.0000000000000078,0.7869306140252165,-9.144104090079255,60.80854411190688
341.5062193696504,-56.004392656273666,1.0000000000000078,0.7906993539162902,-9.140367756955888,60.785691929126635
341.51619759902934,-55.98714897277398,1.000000000000008,0.7944473692628052,-9.13663607439581,60.7524177497452
341.5261071384751,-55.96989518719141,1.0000000000000078,0.7981747756446865,-9.132908964247946,60.70877433352794
341.5359483069716,-55.95263135118523,1.0000000000000078,0.801881688403208,-9.129186348161369,60.654814440240365
341.54572142305267,-55.935357516221785,1.0000000000000078,0.8055682226420825,-9.125468147587215,60.59059082964796
341.55542680480113,-55.9180737335759,1.0000000000000078,0.8092344932285789,-9.121754283780552,60.516156261516144
341.5650647698486,-55.9007800543324,1.000000000000008,0.8128806147946221,-9.11804467780229,60.431563495610334
341.5746356353745,-55.88347652938803,1.0000000000000082,0.8165067017378759,-9.114339250521013,60.33686529169608
341.5841397181055,-55.86616320945286,1.000000000000008,0.8201128682228382,-9.110637922614863,60.23211440953874
341.5935773343153,-55.84884014505203,1.000000000000008,0.8236992281819246,-9.10694061457334,60.11736360890385
341.60294879982365,-55.83150738652705,1.000000000000008,0.8272658953165597,-9.103247246699176,59.992665649556756
341.6122544299959,-55.814164984037824,1.000000000000008,0.8308129830982357,-9.099557739110102,59.85807329126301
341.62149453974286,-55.796812987563925,1.0000000000000078,0.8343406047695916,-9.095872011740683,59.713639293788106
341.63066944351976,-55.779451446906144,1.000000000000008,0.8378488733454916,-9.092189984344072,59.55941641689737
341.63977945532594,-55.762080411688274,1.000000000000008,0.8413379016140644,-9.08851157649383,59.39545742035632
341.6488248887046,-55.744699931358554,1.000000000000008,0.8448078021377727,-9.084836707585643,59.221815063930414
341.6578060567422,-55.727310055191005,1.000000000000008,0.8482586872544767,-9.0811652968391,59.03854210738509
341.66672327206766,-55.70991083228736,1.0000000000000082,0.851690669078462,-9.077497263299396,58.84569131048585
341.67557684685266,-55.69250231157827,1.0000000000000084,0.85510385950149,-9.073832525839109,58.643315432998094
341.6843670928105,-55.675084541825,1.0000000000000082,0.8584983701938409,-9.070171003159869,58.4314672346873
