galstreams/tracks/track.st.C-4.ibata2021.ecsv
# %ECSV 0.9
# ---
# datatype:
# - {name: ra, unit: deg, datatype: float64}
# - {name: dec, unit: deg, datatype: float64}
# - {name: distance, unit: kpc, datatype: float64}
# - {name: pm_ra_cosdec, unit: mas / yr, datatype: float64}
# - {name: pm_dec, unit: mas / yr, datatype: float64}
# - {name: radial_velocity, unit: km / s, datatype: float64}
# delimiter: ','
# meta: !!omap
# - __serialized_columns__:
#     dec:
#       __class__: astropy.coordinates.angles.Latitude
#       unit: &id001 !astropy.units.Unit {unit: deg}
#       value: !astropy.table.SerializedColumn {name: dec}
#     distance:
#       __class__: astropy.coordinates.distances.Distance
#       unit: !astropy.units.Unit {unit: kpc}
#       value: !astropy.table.SerializedColumn {name: distance}
#     pm_dec:
#       __class__: astropy.units.quantity.Quantity
#       unit: !astropy.units.Unit {unit: mas / yr}
#       value: !astropy.table.SerializedColumn {name: pm_dec}
#     pm_ra_cosdec:
#       __class__: astropy.units.quantity.Quantity
#       unit: !astropy.units.Unit {unit: mas / yr}
#       value: !astropy.table.SerializedColumn {name: pm_ra_cosdec}
#     ra:
#       __class__: astropy.coordinates.angles.Longitude
#       unit: *id001
#       value: !astropy.table.SerializedColumn {name: ra}
#       wrap_angle: !astropy.coordinates.Angle
#         unit: *id001
#         value: 360.0
#     radial_velocity:
#       __class__: astropy.units.quantity.Quantity
#       unit: !astropy.units.Unit {unit: km / s}
#       value: !astropy.table.SerializedColumn {name: radial_velocity}
# schema: astropy-2.0
ra,dec,distance,pm_ra_cosdec,pm_dec,radial_velocity
[from data line 275]
193.82124749025053,84.40968337436952,3.8957575862503973,-16.513633786744904,-3.09002664841893,1.3367967818672336e-13
193.92313551301928,84.40788223189028,3.8951242455320223,-16.521134989005112,-3.0611537295866733,1.3578486996919146e-13
194.02496132498666,84.40606595053319,3.894489047400814,-16.528595444786966,-3.0322818232555973,1.2525891105685104e-13
194.12672447313014,84.4042345397435,3.8938519971869523,-16.536015169394133,-3.0034111049516157,1.1999593160068083e-13
194.22842450595684,84.40238800907211,3.8932131002206147,-16.54339417909456,-2.974541749944354,1.3367967818672336e-13
194.33006097352003,84.40052636817498,3.8925723618319803,-16.55073249111773,-2.945673933238586,1.294692946217872e-13
194.43163342742608,84.39864962681285,3.891929787351229,-16.558030123651356,-2.9168078295682935,1.3789006175165953e-13
194.53314142084776,84.39675779485084,3.891285382108538,-16.565287095838393,-2.8879436133890004,1.3789006175165953e-13
194.6345845085369,84.39485088225787,3.8906391514340877,-16.572503427773924,-2.8590814588702362,1.3367967818672336e-13
194.7359622468317,84.39292889910647,3.8899911006580554,-16.579679140501767,-2.8302215398896347,1.3578486996919146e-13
194.8372741936719,84.39099185557217,3.8893412351106216,-16.586814256011383,-2.801364030024637,1.2525891105685104e-13
194.93851990860523,84.38903976193318,3.888689560121963,-16.59390879723434,-2.7725091025468833,1.368374658604255e-13
195.03969895280272,84.38707262856991,3.88803608102226,-16.60096278804113,-2.74365693041395,1.221011233831489e-13
195.14081088906448,84.38509046596458,3.8873808031416908,-16.60797625323751,-2.7148076862638892,1.3578486996919146e-13
195.24185528183503,84.38309328470076,3.8867237318104344,-16.61494921856123,-2.685961542407018,1.315744864042553e-13
195.34283169720933,84.38108109546293,3.8860648723586695,-16.62188171067828,-2.6571186708203847,1.2631150694808508e-13
195.4437397029449,84.37905390903605,3.885404230116575,-16.628773757179367,-2.6282792431405313,1.4262674326221273e-13
195.54457886847365,84.37701173630509,3.8847418104143294,-16.635625386576354,-2.599443430656321,1.394689555885106e-13
195.64534876490774,84.37495458825465,3.884077618582112,-16.64243662829836,-2.5706114043035093,1.3315338024110635e-13
195.7460489650541,84.37288247596845,3.883411659950101,-16.649207512688218,-2.5417833346568393,1.3789006175165953e-13
195.84667904341953,84.37079541062887,3.8827439398484755,-16.655938070998467,-2.512959391924827,1.221011233831489e-13
195.94723857622498,84.36869340351656,3.882074463607415,-16.662628335387687,-2.484139745942016,1.2525891105685104e-13
196.04772714141038,84.3665764660099,3.881403236557098,-16.66927833891641,-2.455324566163819,1.3841635969727656e-13
196.14814431864866,84.36444460958462,3.8807302640277026,-16.675888115543366,-2.426514021658872,1.3578486996919146e-13
196.24848968935098,84.3622978458133,3.880055551349407,-16.68245770012131,-2.3977082811038497,1.2789040078493614e-13
196.34876283667748,84.36013618636488,3.8793791038523926,-16.688987128393045,-2.3689075127767216,1.273641028393191e-13
196.44896334554815,84.35795964300421,3.878700926866836,-16.69547643698741,-2.340111884550022,1.299955925674042e-13
196.54909080264767,84.35576822759162,3.8780210257229166,-16.70192566341498,-2.3113215638858295,1.2841669873055315e-13
196.6491447964386,84.35356195208242,3.8773394057508135,-16.70833484606405,-2.2825367178283864,1.1894333570944678e-13
196.74912491716572,84.35134082852635,3.8766560722807037,-16.714704024196283,-2.2537575129992873,1.315744864042553e-13
196.84903075686884,84.34910486906725,3.8759710306427695,-16.72103323794252,-2.224984115590197,1.2525891105685104e-13
196.94886190938732,84.34685408594243,3.8752842861671866,-16.727322528298423,-2.1962166913580594,1.2841669873055315e-13
197.0486179703701,84.34458849148231,3.8745958441841353,-16.733571937120104,-2.167455405618655,1.194696336550638e-13
197.1482985372854,84.34230809810985,3.873905710023794,-16.739781507119837,-2.138700423240307,1.24732613111234e-13
197.2479032094249,84.34001291834012,3.873213889016342,-16.745951281861426,-2.109951908639226,1.3841635969727656e-13
197.3474315879161,84.33770296477974,3.8725203864919577,-16.752081305755972,-2.081210025772429,1.294692946217872e-13
197.44688327572558,84.3353782501265,3.87182520778082,-16.75817162405709,-2.0524749381334093,1.1420665419889358e-13
197.5462578776711,84.33303878716869,3.871128358213107,-16.764222282856593,-2.0237468087452024,1.2578520900246805e-13
197.6455550004247,84.33068458878486,3.8704298431189996,-16.77023332907967,-1.995025800156066,1.299955925674042e-13
197.74477425252456,84.32831566794304,3.8697296678286723,-16.776204810480486,-1.966312074432701,1.2262742132876593e-13
197.84391524437837,84.32593203770047,3.8690278376723093,-16.782136775637277,-1.9376057931559274,1.2525891105685104e-13
197.94297758827202,84.32353371120294,3.8683243579800854,-16.78802927394778,-1.9089071174147798,1.2315371927438294e-13
198.0419608983785,84.32112070168438,3.8676192340821824,-16.793882355624486,-1.88021620780068,1.1525925009012763e-13
198.14086479076067,84.31869302246632,3.8669124713087766,-16.79969607168978,-1.851533224403275,1.1315405830765954e-13
198.2396888833827,84.31625068695737,3.8662040749900473,-16.80547047397121,-1.8228583268039116,1.194696336550638e-13
198.33843279611207,84.31379370865277,3.865494050456175,-16.811205615096537,-1.7941916740717423,1.2104852749191487e-13
198.43709615073075,84.31132210113375,3.864782403037336,-16.81690154848898,-1.7655334247573111,1.2052222954629784e-13
198.53567857093688,84.30883587806721,3.8640691380637113,-16.822558328362135,-1.7368837368888081,1.1894333570944678e-13
198.6341796823557,84.306335053205,3.8633542608654783,-16.828176009715214,-1.7082427679657317,1.1841703776382977e-13
198.7325991125417,84.30381964038357,3.862637776772817,-16.833754648327876,-1.6796106749551147,1.221011233831489e-13
198.83093649098635,84.30128965352334,3.8619196911159057,-16.839294300755327,-1.6509876142861075,1.1262776036204252e-13
198.92919144912568,84.2987451066282,3.861200009224922,-16.844795024323275,-1.6223737418447035,1.2368001721999998e-13
199.02736362034204,84.29618601378513,3.860478736430045,-16.850256877122778,-1.5937692129700571,1.268378048937021e-13
199.12545263997438,84.29361238916341,3.859755878061456,-16.855679918005222,-1.5651741824485066,1.2157482543753188e-13
199.22345814531914,84.29102424701436,3.8590314394493306,-16.861064206577147,-1.5365888045101987,1.2052222954629784e-13
199.32137977564017,84.28842160167059,3.85830542592385,-16.86640980319512,-1.508013232823216,1.3315338024110635e-13
199.41921717217022,84.2858044675457,3.857577842815193,-16.871716768960468,-1.4794476204901206,1.0946997268834039e-13
199.5169699781175,84.28317285913357,3.8568486954535364,-16.876985165714164,-1.4508921200430756,1.121014624164255e-13
199.6146378386726,84.28052679100789,3.8561179891690593,-16.88221505603156,-1.422346883438858,1.2578520900246805e-13
199.71222040100946,84.27786627782164,3.855385729291942,-16.887406503217036,-1.3938120620556633,1.1578554803574466e-13
199.8097173142945,84.27519133430658,3.854651921152363,-16.892559571298854,-1.3652878066875402,1.294692946217872e-13
199.90712822968692,84.27250197527268,3.8539165700805005,-16.89767432502371,-1.336774267541376,1.0841737679710636e-13
200.00445280034756,84.26979821560752,3.8531796814065338,-16.90275082985149,-1.3082715942315088,1.0631218501463827e-13
200.101690681439,84.26708007027598,3.852441260460641,-16.907789151949864,-1.2797799357768245,1.1710129289978721e-13
200.19884153013436,84.26434755431939,3.851701312573001,-16.91278935818891,-1.2512994405954168,1.1420665419889358e-13
200.29590500561721,84.26160068285525,3.850959843073793,-16.917751516135713,-1.2228302565017592,1.2604835797527655e-13
200.39288076908775,84.25883947107661,3.8502168572931965,-16.92267569404891,-1.1943725307022166,1.0315439734093615e-13
200.48976848376802,84.25606393425144,3.849472360561389,-16.92756196087334,-1.1659264097907414,1.0868052576991486e-13
200.58656781490197,84.25327408772223,3.8487263582085496,-16.93241038623444,-1.1374920397461379,1.1789073981821273e-13
200.6832784297637,84.25046994690537,3.847978855564858,-16.937221040432892,-1.109069565927001,1.1420665419889358e-13
200.7798999976563,84.24765152729061,3.847229857960492,-16.941993994439002,-1.0806591330693553,1.1920648468225528e-13
200.87643218991994,84.24481884444052,3.846479370725632,-16.946729319887297,-1.0522608852816586,1.1604869700855317e-13
200.97287467993075,84.24197191399,3.8457273991904546,-16.951427089070876,-1.0238749660425628,1.0868052576991486e-13
201.06922714310826,84.23911075164565,3.8449739486851393,-16.956087374935954,-0.9955015181960818,1.1236461138923401e-13
201.1654892569148,84.23623537318528,3.8442190245398664,-16.960710251076208,-0.967140683949243,1.1762759084540423e-13
201.26166070086012,84.23334579445738,3.843462632084812,-16.965295791727236,-0.9387926048682143,1.1157516447080849e-13
201.35774115650574,84.2304420313805,3.842704776650158,-16.96984407176097,-0.910457421874485,1.0604903604182976e-13
201.45373030746384,84.22752409994278,3.8419454635660806,-16.97435516668003,-0.8821352752426976,1.0315439734093615e-13
201.54962783940445,84.22459201620133,3.8411846981627593,-16.978829152612114,-0.8538263045961509,1.2499576208404253e-13
201.64543344005338,84.22164579628179,3.8404224857703744,-16.98326610630432,-0.8255306489048841,1.0999627063395741e-13
201.741146799199,84.21868545637766,3.839658831719102,-16.987666105117576,-0.7972484464813532,1.0815422782429784e-13
201.83676760869062,84.21571101274981,3.8388937413391235,-16.99202922702088,-0.7689798349784643,1.1868018673663827e-13
201.93229556244248,84.21272248172593,3.8381272199606165,-16.996355550585683,-0.7407249513861046,1.1815388879102124e-13
202.02773035643713,84.20971987970003,3.83735927291376,-17.0006451549802,-0.712483932027762,1.0157550350408507e-13
202.1230716887237,84.20670322313175,3.8365899055287334,-17.004898119963688,-0.6842569125587761,1.0841737679710636e-13
202.21831925942408,84.20367252854595,3.8358191231357153,-17.00911452588077,-0.6560440279622349,1.144698031717021e-13
202.31347277073,84.2006278125321,3.8350469310648827,-17.013294453655682,-0.6278454125475207,1.1078571755238294e-13
202.4085319269093,84.19756909174372,3.8342733346464164,-17.017437984786607,-0.5996611999463333,1.0920682371553189e-13
202.50349643430278,84.19449638289787,3.833498339210495,-17.021545201339894,-0.5714915231113575,1.0631218501463827e-13
202.59836600132996,84.19140970277452,3.8327219500872958,-17.025616185944347,-0.543336514312399,1.0525958912340423e-13
202.69314033848656,84.18830906821614,3.8319441726069994,-17.029651021785487,-0.5151963051350006,1.0525958912340423e-13
202.78781915834713,84.18519449612698,3.8311650120997847,-17.03364979259977,-0.4870710264774931,1.032859718273404e-13
202.88240217556782,84.18206600347267,3.830384473895829,-17.037612582668896,-0.4589608085481518,1.0854895128351061e-13
202.97688910688342,84.17892360727953,3.8296025633253117,-17.041539476813988,-0.4308657808639455,1.1275933484844677e-13
203.07127967111245,84.1757673246341,3.8288192857184122,-17.045430560389843,-0.402786072247012,1.0683848296025529e-13
203.16557358915355,84.17259717268267,3.8280346464053094,-17.049285919279207,-0.37472181082369127,9.486520469746806e-14
203.2597705839903,84.1694131686305,3.8272486507161814,-17.053105639886972,-0.3466731240211146,1.0775950436508508e-13
203.3538703806876,84.16621532974152,3.8264613039812065,-17.05688980913439,-0.3186401385663275,1.0854895128351061e-13
203.44787270639594,84.16300367333756,3.8256726115305644,-17.060638514453352,-0.29062298048303287,1.0743056814907444e-13
203.5417772903483,84.159778216798,3.8248825786944343,-17.06435184378056,-0.26262177509065626,1.0229916317930848e-13
203.6355838638615,84.15653897755908,3.824091210802994,-17.068029885551766,-0.2346366470019971,1.0933839820193614e-13
203.72929216033828,84.15328597311338,3.823298513186422,-17.071672728696026,-0.20666772012081192,1.0644375950104253e-13
203.82290191526303,84.15001922100933,3.822504491174899,-17.075280462629912,-0.17871511764114922,1.0216758869290423e-13
203.91641286620626,84.14673873885056,3.8217091500986022,-17.07885317725171,-0.1507789620443239,1.0802265333789359e-13
204.0098247528198,84.14344454429546,3.8209124952877107,-17.082390962935662,-0.12285937509844609,1.116409517140106e-13
204.1031373168409,84.14013665505651,3.8201145320724046,-17.085893910526227,-0.09495647785553189,1.0604903604182976e-13
204.19635030208775,84.13681508889987,3.81931526578286,-17.08936211133228,-0.06707039065101213,1.0971667485034838e-13
204.2894634544608,84.13347986364474,3.8185147017492587,-17.09279565712133,-0.03920123310171356,1.0461816350218348e-13
204.38247652194335,84.1301309971628,3.8177128453017777,-17.096194640113808,-0.011349124103924685,1.063533020416396e-13
204.4753892545974,84.12676850737773,3.8169097017705957,-17.099559152977285,0.016485818166984453,9.388661945483641e-14
204.56820140456657,84.12339241226464,3.8161052764858927,-17.102889288820684,0.04430347625909671,1.1257841992964093e-13
204.66091272607136,84.12000272984949,3.8152995747778453,-17.106185141188597,0.07210373344411866,1.0229916317930848e-13
204.75352297541187,84.11659947820856,3.8144926019766356,-17.10944680405549,0.09988647371980387,1.052924827450053e-13
204.84603191096267,84.11318267546795,3.81368436341244,-17.11267437181999,0.12765158180996786,1.051938018802021e-13
204.93843929317555,84.10975233980301,3.8128748644154373,-17.115867939299143,0.1553989431668654,1.063779722578404e-13
205.03074488457466,84.10630848943772,3.812064110315808,-17.119027601722692,0.1831284439712138,1.0197022696329785e-13
205.12294844975642,84.10285114264434,3.8112521064437295,-17.122153454727375,0.21083997113369585,1.0407541874576593e-13
205.21504975538963,84.0993803177426,3.8104388581293813,-17.125245594351192,0.23853341229642247,1.090094619859255e-13
205.30704857021013,84.09589603309942,3.8096243707029407,-17.128304117027717,0.2662086558328031,1.0098341831526593e-13
205.39894466502315,84.09239830712818,3.8088086494945887,-17.131329119580407,0.29386559084963576,1.0414120598896806e-13
205.4907378126975,84.08888715828832,3.807991699834503,-17.134320699216914,0.32150410718676337,9.960188620802125e-14
205.58242778816745,84.08536260508464,3.8071735270528624,-17.13727895352341,0.34912409541902745,1.0025975864004252e-13
205.67401436842738,84.08182466606699,3.806354136479846,-17.140203980458942,0.37672544685597864,1.0065448209925529e-13
205.76549733253106,84.07827335982951,3.8055335334456326,-17.143095878349744,0.4043080535429756,1.0854895128351061e-13
205.85687646159107,84.0747087050102,3.8047117232804,-17.145954745883646,0.431871808262328,9.157584253736168e-14
205.94815153877263,84.07113072029041,3.803888711314329,-17.14878068210438,0.45941660453271843,9.920716274880849e-14
206.0393223492958,84.06753942439423,3.803064502877596,-17.151573786406022,0.48694233661105346,9.907558826240422e-14
206.1303886804284,84.06393483608801,3.8022391033003817,-17.15433415852735,0.5144488994916511,9.289158740140423e-14
206.22135032148788,84.06031697417981,3.8014125179128637,-17.157061898546246,0.5419361889078985,1.0697005744665955e-13
206.31220706383442,84.05668585751894,3.8005847520452223,-17.15975710687416,0.569404101331456,1.032859718273404e-13
206.40295870087232,84.05304150499524,3.799755811027635,-17.162419884250475,0.5968525339737415,1.0420699323217018e-13
206.4936050280436,84.04938393553874,3.798925700190281,-17.165050331737017,0.6242813847851917,1.0104920555846805e-13
206.5841458428266,84.04571316811914,3.7980944248633395,-17.167648550712467,0.6516905524559296,9.104954459174465e-14
206.67458094473452,84.04202922174508,3.7972619903769886,-17.170214642866878,0.6790799364164034,9.289158740140423e-14
206.7649101353089,84.03833211546386,3.7964284020614065,-17.172748710196146,0.7064494368364806,9.578622610229784e-14
206.85513321812036,84.03462186836073,3.795593665246774,-17.175250854996484,0.7337989546267166,9.710197096634039e-14
