galstreams/tracks/track.st.GD-1.ibata2024.ecsv
# %ECSV 1.0
# ---
# datatype:
# - {name: ra, unit: deg, datatype: float64}
# - {name: dec, unit: deg, datatype: float64}
# - {name: distance, unit: kpc, datatype: float64}
# - {name: pm_ra_cosdec, unit: mas / yr, datatype: float64}
# - {name: pm_dec, unit: mas / yr, datatype: float64}
# - {name: radial_velocity, unit: km / s, datatype: float64}
# delimiter: ','
# meta: !!omap
# - __serialized_columns__:
#     dec:
#       __class__: astropy.coordinates.angles.Latitude
#       unit: &id001 !astropy.units.Unit {unit: deg}
#       value: !astropy.table.SerializedColumn {name: dec}
#     distance:
#       __class__: astropy.coordinates.distances.Distance
#       unit: !astropy.units.Unit {unit: kpc}
#       value: !astropy.table.SerializedColumn {name: distance}
#     pm_dec:
#       __class__: astropy.units.quantity.Quantity
#       unit: !astropy.units.Unit {unit: mas / yr}
#       value: !astropy.table.SerializedColumn {name: pm_dec}
#     pm_ra_cosdec:
#       __class__: astropy.units.quantity.Quantity
#       unit: !astropy.units.Unit {unit: mas / yr}
#       value: !astropy.table.SerializedColumn {name: pm_ra_cosdec}
#     ra:
#       __class__: astropy.coordinates.angles.Longitude
#       unit: *id001
#       value: !astropy.table.SerializedColumn {name: ra}
#       wrap_angle: !astropy.coordinates.Angle
#         unit: *id001
#         value: 360.0
#     radial_velocity:
#       __class__: astropy.units.quantity.Quantity
#       unit: !astropy.units.Unit {unit: km / s}
#       value: !astropy.table.SerializedColumn {name: radial_velocity}
# schema: astropy-2.0
ra,dec,distance,pm_ra_cosdec,pm_dec,radial_velocity
[from data line 5444]
143.46551936385885,29.712046288361208,1.0000000000000002,-4.594183098466473,-12.961052490059293,38.549099705473566
143.4718213302571,29.720471420788556,1.0,-4.595090657954797,-12.960731671736944,38.481486124578424
143.47812459962503,29.728896112681234,1.0,-4.595998293688784,-12.960410188013588,38.41387188585863
143.48442917247718,29.737320363864885,1.0,-4.596906005683571,-12.960088038881487,38.34625699113501
143.49073504932826,29.745744174165072,1.0,-4.597813793954256,-12.959765224332864,38.27864144222847
143.49704223069327,29.754167543407277,1.0,-4.598721658515896,-12.959441744359921,38.211025240959835
143.5033507170873,29.762590471416846,1.0,-4.5996295993835,-12.959117598954824,38.14340838915002
143.50966050902568,29.77101295801908,1.0,-4.600537616572052,-12.958792788109722,38.075790888619856
143.515971607024,29.779435003039133,1.0,-4.601445710096499,-12.958467311816715,38.0081727411902
143.52228401159795,29.787856606302096,1.0,-4.602353879971725,-12.958141170067895,37.940553948681966
143.52859772326357,29.796277767632958,1.0,-4.603262126212613,-12.95781436285531,37.87293451291597
143.53491274253693,29.804698486856612,1.0000000000000002,-4.604170448833966,-12.957486890170989,37.805314435713115
143.5412290699344,29.813118763797863,1.0,-4.605078847850572,-12.957158752006935,37.73769371889424
143.54754670597256,29.821538598281396,1.0,-4.605987323277179,-12.956829948355107,37.67007236428023
143.55386565116817,29.82995799013182,1.0,-4.606895875128492,-12.956500479207445,37.60245037369196
143.56018590603816,29.83837693917365,1.0,-4.607804503419175,-12.956170344555863,37.53482774895025
143.56650747109975,29.846795445231294,1.0,-4.608713208163855,-12.955839544392243,37.467204491876025
143.57283034687023,29.855213508129076,0.9999999999999999,-4.60962198937711,-12.955508078708434,37.399580604290115
143.5791545338673,29.8636311276912,1.0,-4.610530847073504,-12.95517594749626,37.331956088013406
143.58548003260861,29.872048303741806,1.0,-4.611439781267536,-12.954843150747521,37.26433094486676
143.5918068436122,29.88046503610492,0.9999999999999999,-4.612348791973674,-12.954509688453982,37.19670517667104
143.59813496739625,29.888881324604473,1.0,-4.613257879206349,-12.954175560607379,37.12907878524708
143.60446440447913,29.897297169064302,1.0000000000000002,-4.6141670429799495,-12.953840767199413,37.06145177241581
143.61079515537944,29.90571256930815,1.0,-4.615076283308837,-12.95350530822178,36.993824139998054
143.61712722061597,29.914127525159653,0.9999999999999999,-4.615985600207309,-12.953169183666123,36.92619588981467
143.62346060070774,29.922542036442366,1.0,-4.616894993689641,-12.952832393524055,36.85856702368659
143.62979529617388,29.930956102979735,1.0,-4.617804463770064,-12.952494937787185,36.7909375434346
143.6361313075339,29.939369724595117,1.0,-4.618714010462777,-12.952156816447065,36.72330745087963
143.64246863530732,29.947782901111772,1.0,-4.619623633781924,-12.951818029495232,36.655676747842485
143.648807280014,29.956195632352856,1.0,-4.620533333741618,-12.951478576923199,36.58804543614408
143.65514724217394,29.964607918141436,1.0,-4.62144311035594,-12.95113845872244,36.52041351760525
143.66148852230734,29.973019758300484,1.0,-4.622352963638913,-12.950797674884402,36.45278099404688
143.66783112093466,29.981431152652867,0.9999999999999999,-4.62326289360454,-12.950456225400504,36.38514786728987
143.6741750385765,29.989842101021353,1.0,-4.624172900266771,-12.950114110262135,36.31751413915501
143.68052027575374,29.99825260322864,1.0,-4.625082983639524,-12.949771329460667,36.2498798114632
143.6868668329873,30.006662659097273,1.0,-4.625993143736656,-12.949427882987417,36.18224488603534
143.69321471079857,30.01507226844977,1.0,-4.626903380572024,-12.949083770833699,36.11460936469225
143.6995639097089,30.0234814311085,1.0,-4.627813694159411,-12.948738992990789,36.0469732492548
143.70591443024,30.031890146895762,1.0,-4.628724084512569,-12.948393549449928,35.97933654154391
143.71226627291367,30.04029841563374,1.0,-4.629634551645217,-12.94804744020233,35.9116992433804
143.71861943825198,30.04870623714453,1.0,-4.630545095571018,-12.947700665239191,35.84406135658515
143.72497392677718,30.057113611250127,1.0,-4.631455716303619,-12.947353224551666,35.776422882979034
143.7313297390118,30.065520537772443,1.0000000000000002,-4.632366413856607,-12.947005118130875,35.708783824382884
143.7376868754785,30.073927016533272,1.0,-4.633277188243545,-12.94665634596794,35.641144182617595
143.74404533670008,30.082333047354325,1.0,-4.634188039477929,-12.946306908053913,35.573503959504016
143.7504051231997,30.090738630057206,1.0000000000000002,-4.635098967573237,-12.945956804379843,35.50586315686304
143.7567662355006,30.099143764463417,1.0,-4.6360099725429125,-12.945606034936752,35.43822177651555
143.7631286741263,30.10754845039439,1.0000000000000002,-4.636921054400334,-12.94525459971561,35.37057982028233
143.76949243960053,30.115952687671424,1.0,-4.637832213158869,-12.944902498707387,35.302937289984335
143.77585753244713,30.124356476115754,0.9999999999999999,-4.638743448831811,-12.944549731903003,35.235294187442385
143.78222395319025,30.132759815548482,1.0000000000000002,-4.639654761432439,-12.944196299293342,35.16765051447735
143.78859170235418,30.141162705790645,1.0,-4.640566150973993,-12.943842200869298,35.100006272910086
143.79496078046347,30.149565146663154,1.0,-4.641477617469647,-12.943487436621691,35.032361464561504
143.8013311880428,30.157967137986834,1.0,-4.64238916093256,-12.943132006541337,34.96471609125244
143.80770292561715,30.166368679582437,1.0,-4.643300781375834,-12.94277591061902,34.89707015480374
143.81407599371164,30.17476977127056,1.0,-4.64421247881255,-12.942419148845481,34.829423657036315
143.82045039285157,30.183170412871775,1.0,-4.64512425325572,-12.942061721211463,34.76177659977102
143.8268261235625,30.19157060420648,1.0000000000000002,-4.646036104718334,-12.941703627707628,34.69412898482869
143.83320318637024,30.199970345095025,0.9999999999999999,-4.646948033213353,-12.94134486832468,34.626480814030224
143.8395815818007,30.208369635357645,1.0,-4.647860038753662,-12.940985443053222,34.55883208919647
143.84596131038006,30.21676847481449,1.0,-4.648772121352141,-12.940625351883877,34.49118281214832
143.85234237263472,30.22516686328559,0.9999999999999999,-4.6496842810216075,-12.940264594807212,34.42353298470662
143.8587247690912,30.23356480059089,1.0,-4.650596517774849,-12.939903171813786,34.35588260869221
143.8651085002763,30.241962286550248,1.0,-4.6515088316245965,-12.939541082894106,34.28823168592602
143.87149356671702,30.25035932098339,1.0,-4.652421222583559,-12.939178328038667,34.22058021822885
143.87787996894053,30.258755903709964,0.9999999999999999,-4.653333690664394,-12.938814907237935,34.15292820742165
143.8842677074743,30.26715203454953,1.0,-4.654246235879731,-12.93845082048233,34.0852756553252
143.89065678284587,30.27554771332154,1.0,-4.655158858242134,-12.938086067762264,34.01762256376039
143.89704719558304,30.28394293984533,1.0,-4.656071557764141,-12.937720649068103,33.94996893454814
143.90343894621392,30.292337713940174,1.0,-4.65698433445826,-12.93735456439019,33.882314769509236
143.90983203526667,30.300732035425202,1.0,-4.657897188336936,-12.936987813718844,33.814660070464605
143.91622646326974,30.30912590411948,1.0,-4.658810119412578,-12.936620397044349,33.74700483923509
143.92262223075178,30.31751931984197,1.0,-4.659723127697572,-12.936252314356958,33.679349077641554
143.92901933824163,30.325912282411522,1.0,-4.660636213204242,-12.935883565646904,33.61169278750487
143.93541778626832,30.33430479164689,1.0,-4.661549375944877,-12.935514150904375,33.544035970645936
143.94181757536117,30.34269684736674,1.0000000000000002,-4.662462615931723,-12.935144070119545,33.476378628885485
143.94821870604957,30.35108844938962,1.0,-4.663375933176994,-12.93477332328255,33.408720764044574
143.95462117886328,30.35947959753401,1.0,-4.664289327692849,-12.934401910383507,33.34106237794398
143.96102499433212,30.367870291618253,1.0,-4.665202799491415,-12.934029831412484,33.273403472404524
143.96743015298622,30.376260531460627,1.0,-4.666116348584778,-12.933657086359545,33.20574404924716
143.97383665535585,30.38465031687927,1.0,-4.667029974984974,-12.9332836752147,33.13808411029271
143.98024450197155,30.393039647692262,0.9999999999999999,-4.667943678704006,-12.932909597967946,33.07042365736202
143.98665369336396,30.401428523717577,1.0,-4.668857459753827,-12.932534854609246,33.002762692276015
143.99306423006408,30.40981694477306,0.9999999999999999,-4.669771318146355,-12.932159445128539,32.93510121685552
143.999476112603,30.41820491067647,1.0,-4.670685253893476,-12.93178336951572,32.86743923292138
144.00588934151207,30.42659242124549,1.0,-4.671599267007008,-12.93140662776067,32.7997767422945
144.0123039173228,30.434979476297677,1.0,-4.672513357498752,-12.931029219853233,32.732113746795754
144.01871984056694,30.443366075650495,0.9999999999999999,-4.67342752538045,-12.93065114578323,32.664450248245984
144.0251371117765,30.451752219121314,1.0,-4.674341770663816,-12.930272405540439,32.59678624846605
144.0315557314836,30.46013790652739,1.0,-4.675256093360512,-12.929892999114626,32.529121749276854
144.0379757002206,30.46852313768589,1.0,-4.676170493482166,-12.929512926495516,32.46145675249925
144.04439701852016,30.476907912413886,1.0,-4.6770849710403555,-12.929132187672804,32.39379125995408
144.050819686915,30.485292230528344,1.0,-4.6779995260466265,-12.928750782636168,32.326125273462196
144.05724370593808,30.493676091846122,1.0000000000000002,-4.678914158512466,-12.928368711375242,32.258458794844536
144.06366907612272,30.50205949618399,1.0,-4.6798288684493485,-12.92798597387964,32.190791825921885
144.07009579800223,30.510442443358606,1.0,-4.680743655868666,-12.927602570138939,32.1231243685152
144.0765238721103,30.518824933186554,1.0,-4.681658520781813,-12.9272185001427,32.05545642444526
144.0829532989807,30.52720696548427,1.0,-4.682573463200099,-12.926833763880435,31.98778799553297
144.08938407914755,30.535588540068133,1.0,-4.68348848313483,-12.926448361341645,31.92011908359921
144.095816213145,30.543969656754406,1.0,-4.684403580597237,-12.926062292515793,31.85244969046483
144.1022497015076,30.55235031535925,1.0,-4.685318755598531,-12.925675557392303,31.78477981795069
144.10868454476997,30.56073051569873,1.0,-4.68623400814987,-12.92528815596059,31.71710946787766
144.11512074346695,30.56911025758881,1.0,-4.687149338262375,-12.924900088210034,31.64943864206662
144.12155829813366,30.57748954084534,1.0,-4.688064745947117,-12.924511354129969,31.581767342338427
144.12799720930542,30.58586836528409,1.0,-4.68898023121514,-12.924121953709717,31.514095570513962
144.13443747751768,30.59424673072071,0.9999999999999999,-4.689895794077427,-12.923731886938565,31.446423328414063
144.14087910330616,30.60262463697078,1.0,-4.690811434544926,-12.923341153805769,31.378750617859588
144.14732208720676,30.61100208384973,1.0,-4.6917271526285464,-12.922949754300564,31.311077440671472
144.15376642975562,30.619379071172943,1.0,-4.692642948339153,-12.922557688412141,31.243403798670492
144.16021213148912,30.627755598755645,1.0,-4.693558821687566,-12.922164956129665,31.175729693677596
144.16665919294374,30.636131666413018,1.0000000000000002,-4.694474772684566,-12.921771557442284,31.108055127513605
144.17310761465626,30.644507273960105,0.9999999999999999,-4.695390801340889,-12.921377492339117,31.04038010199938
144.17955739716368,30.652882421211853,1.0,-4.696306907667224,-12.920982760809224,30.972704618955813
144.18600854100313,30.661257107983122,1.0000000000000002,-4.69722309167423,-12.920587362841664,30.905028680203703
144.19246104671197,30.669631334088656,1.0,-4.698139353372502,-12.920191298425467,30.837352287564038
144.19891491482784,30.678005099343117,1.0,-4.699055692772619,-12.919794567549612,30.769675442857586
144.2053701458885,30.686378403561033,1.0,-4.699972109885092,-12.919397170203073,30.701998147905282
144.211826740432,30.694751246556855,1.0,-4.700888604720409,-12.918999106374773,30.634320404527944
144.21828469899654,30.703123628144944,1.0,-4.701805177288997,-12.918600376053625,30.566642214546448
144.2247440221206,30.711495548139524,0.9999999999999999,-4.702721827601264,-12.918200979228494,30.49896357978165
144.2312047103427,30.719867006354747,1.0,-4.70363855566754,-12.91780091588823,30.431284502054453
144.2376667642018,30.728238002604634,1.0,-4.7045553614981515,-12.917400186021641,30.363604983185713
144.24413018423695,30.736608536703145,1.0,-4.705472245103351,-12.91699878961752,30.295925024996247
144.25059497098735,30.74497860846411,1.0,-4.706389206493368,-12.916596726664618,30.228244629306985
144.25706112499256,30.753348217701255,1.0,-4.707306245678375,-12.916193997151662,30.160563797938757
144.26352864679222,30.761717364228215,1.0,-4.70822336266851,-12.91579060106735,30.092882532712437
144.26999753692624,30.77008604785853,1.0,-4.709140557473859,-12.915386538400346,30.025200835448896
144.27646779593476,30.778454268405618,1.0000000000000002,-4.710057830104478,-12.914981809139285,29.957518707969022
144.28293942435806,30.786822025682802,1.0,-4.7109751805703715,-12.914576413272787,29.889836152093647
144.28941242273672,30.795189319503322,1.0,-4.711892608881495,-12.914170350789409,29.82215316964363
144.2958867916114,30.803556149680283,1.0,-4.712810115047768,-12.913763621677715,29.75446976243987
144.30236253152313,30.811922516026712,1.0,-4.71372769907907,-12.913356225926215,29.68678593230323
144.30883964301307,30.820288418355524,1.0,-4.714645360985234,-12.912948163523406,29.61910168105456
144.31531812662254,30.828653856479537,1.0000000000000002,-4.71556310077604,-12.912539434457738,29.55141701051473
144.32179798289317,30.83701883021146,1.0,-4.716480918461241,-12.912130038717654,29.483731922504628
144.32827921236674,30.845383339363917,1.0,-4.71739881405053,-12.91171997629154,29.416046418845085
144.3347618155853,30.853747383749383,1.0,-4.718316787553574,-12.911309247167772,29.348360501356982
144.341245793091,30.8621109631803,1.0,-4.719234838979978,-12.910897851334688,29.280674171861182
144.34773114542628,30.87047407746894,1.0000000000000002,-4.720152968339311,-12.910485788780601,29.212987432178593
144.3542178731338,30.878836726427537,1.0,-4.721071175641112,-12.910073059493794,29.145300284130013
144.3607059767564,30.887198909868143,1.0,-4.721989460894852,-12.90965966346252,29.077612729536366
144.36719545683718,30.8955606276028,1.0000000000000002,-4.722907824109971,-12.90924560067499,29.009924770218486
144.37368631391934,30.903921879443356,1.0,-4.723826265295867,-12.908830871119402,28.942236407997243
144.3801785485464,30.912282665201626,1.0,-4.724744784461889,-12.908415474783924,28.87454764469351
144.3866721612621,30.920642984689284,1.0,-4.725663381617349,-12.907999411656684,28.806858482128156
144.3931671526103,30.929002837717913,1.0,-4.726582056771504,-12.907582681725785,28.73916892212207
144.3996635231351,30.93736222409901,1.0,-4.7275008099335745,-12.907165284979298,28.671478966496046
144.4061612733809,30.945721143643922,1.0,-4.728419641112742,-12.906747221405265,28.603788617071025
144.41266040389215,30.95407959616395,1.0,-4.729338550318128,-12.906328490991712,28.536097875667835
144.41916091521367,30.96243758147024,1.0,-4.730257537558824,-12.905909093726606,28.468406744107362
144.42566280789043,30.97079509937387,1.0,-4.731176602843872,-12.905489029597907,28.400715224210455
144.4321660824676,30.97915214968584,1.0,-4.732095746182278,-12.905068298593545,28.333023317797934
144.43867073949053,30.98750873221693,1.0,-4.733014967582988,-12.904646900701408,28.265331026690784
144.44517677950483,30.995864846777934,1.0,-4.733934267054912,-12.904224835909368,28.19763835270981
144.45168420305632,31.0042204931795,1.0,-4.734853644606913,-12.903802104205251,28.12994529767588
144.45819301069108,31.012575671232195,1.0,-4.735773100247835,-12.90337870557687,28.062251863409827
