galstreams/tracks/track.st.Parallel.weiss2018.ecsv
# %ECSV 0.9
# ---
# datatype:
# - {name: ra, unit: deg, datatype: float64}
# - {name: dec, unit: deg, datatype: float64}
# - {name: distance, unit: kpc, datatype: float64}
# - {name: pm_ra_cosdec, unit: mas / yr, datatype: float64}
# - {name: pm_dec, unit: mas / yr, datatype: float64}
# - {name: radial_velocity, unit: km / s, datatype: float64}
# delimiter: ','
# meta: !!omap
# - __serialized_columns__:
#     dec:
#       __class__: astropy.coordinates.angles.Latitude
#       unit: &id001 !astropy.units.Unit {unit: deg}
#       value: !astropy.table.SerializedColumn {name: dec}
#     distance:
#       __class__: astropy.coordinates.distances.Distance
#       unit: !astropy.units.Unit {unit: kpc}
#       value: !astropy.table.SerializedColumn {name: distance}
#     pm_dec:
#       __class__: astropy.units.quantity.Quantity
#       unit: !astropy.units.Unit {unit: mas / yr}
#       value: !astropy.table.SerializedColumn {name: pm_dec}
#     pm_ra_cosdec:
#       __class__: astropy.units.quantity.Quantity
#       unit: !astropy.units.Unit {unit: mas / yr}
#       value: !astropy.table.SerializedColumn {name: pm_ra_cosdec}
#     ra:
#       __class__: astropy.coordinates.angles.Longitude
#       unit: *id001
#       value: !astropy.table.SerializedColumn {name: ra}
#       wrap_angle: !astropy.coordinates.Angle
#         unit: *id001
#         value: 360.0
#     radial_velocity:
#       __class__: astropy.units.quantity.Quantity
#       unit: !astropy.units.Unit {unit: km / s}
#       value: !astropy.table.SerializedColumn {name: radial_velocity}
# schema: astropy-2.0
ra,dec,distance,pm_ra_cosdec,pm_dec,radial_velocity
[from data line 1409]
179.12956435566423,3.518210689065948,14.511479246135714,0.0,0.0,0.0
179.1196884593363,3.5195806570496484,14.510959745035018,0.0,0.0,0.0
179.1098125339542,3.5209505206726335,14.510440243934319,0.0,0.0,0.0
179.0999365795087,3.5223202798938877,14.509920742833625,0.0,0.0,0.0
179.09006059599065,3.5236899346723662,14.509401241732931,0.0,0.0,0.0
179.08018458339077,3.5250594849670605,14.508881740632233,0.0,0.0,0.0
179.07030854169992,3.5264289307369383,14.508362239531541,0.0,0.0,0.0
179.06043247090898,3.5277982719409744,14.507842738430845,0.0,0.0,0.0
179.05055637100855,3.5291675085381637,14.507323237330148,0.0,0.0,0.0
179.0406802419897,3.5305366404874774,14.506803736229452,0.0,0.0,0.0
179.03080408384298,3.5319056677479193,14.506284235128756,0.0,0.0,0.0
179.02092789655939,3.53327459027847,14.505764734028064,0.0,0.0,0.0
179.01105168012975,3.534643408038116,14.505245232927367,0.0,0.0,0.0
179.00117543454482,3.53601212098587,14.504725731826671,0.0,0.0,0.0
178.99129915979546,3.537380729080712,14.504206230725975,0.0,0.0,0.0
178.98142285587244,3.5387492322816603,14.50368672962528,0.0,0.0,0.0
178.9715465227667,3.540117630547704,14.503167228524584,0.0,0.0,0.0
178.961670160469,3.541485923837861,14.50264772742389,0.0,0.0,0.0
178.95179376897016,3.542854112111136,14.502128226323192,0.0,0.0,0.0
178.94191734826114,3.5442221953265345,14.501608725222495,0.0,0.0,0.0
178.9320408983327,3.545590173443082,14.501089224121799,0.0,0.0,0.0
178.92216441917574,3.5469580464197827,14.500569723021107,0.0,0.0,0.0
178.91228791078103,3.54832581421567,14.500050221920409,0.0,0.0,0.0
178.90241137313953,3.5496934767897597,14.499530720819715,0.0,0.0,0.0
178.89253480624208,3.55106103410107,14.499011219719016,0.0,0.0,0.0
178.8826582100795,3.552428486108642,14.498491718618324,0.0,0.0,0.0
178.87278158464272,3.553795832771492,14.497972217517624,0.0,0.0,0.0
178.86290492992254,3.5551630740486675,14.497452716416934,0.0,0.0,0.0
178.8530282459099,3.556530209899189,14.496933215316238,0.0,0.0,0.0
178.84315153259564,3.557897240282111,14.49641371421554,0.0,0.0,0.0
178.83327478997063,3.5592641651564665,14.495894213114846,0.0,0.0,0.0
178.82339801802587,3.5606309844812905,14.49537471201415,0.0,0.0,0.0
178.8135212167521,3.5619976982156456,14.494855210913453,0.0,0.0,0.0
178.80364438614035,3.563364306318566,14.49433570981276,0.0,0.0,0.0
178.79376752618137,3.564730808749119,14.493816208712063,0.0,0.0,0.0
178.78389063686618,3.5660972054663422,14.493296707611368,0.0,0.0,0.0
178.77401371818559,3.567463496429308,14.492777206510672,0.0,0.0,0.0
178.76413677013053,3.5688296815970695,14.492257705409978,0.0,0.0,0.0
178.754259792692,3.570195760928682,14.491738204309282,0.0,0.0,0.0
178.7443827858608,3.5715617343832253,14.491218703208586,0.0,0.0,0.0
178.73450574962797,3.572927601919752,14.49069920210789,0.0,0.0,0.0
178.72462868398424,3.5742933634973473,14.490179701007193,0.0,0.0,0.0
178.7147515889207,3.5756590190750774,14.489660199906497,0.0,0.0,0.0
178.7048744644283,3.577024568612011,14.489140698805805,0.0,0.0,0.0
178.69499731049774,3.5783900120672407,14.48862119770511,0.0,0.0,0.0
178.68512012712023,3.5797553493998344,14.488101696604412,0.0,0.0,0.0
178.6752429142865,3.5811205805688897,14.487582195503716,0.0,0.0,0.0
178.66536567198767,3.5824857055334776,14.487062694403022,0.0,0.0,0.0
178.65548840021452,3.583850724252705,14.486543193302326,0.0,0.0,0.0
178.64561109895806,3.585215636685655,14.486023692201629,0.0,0.0,0.0
178.6357337682093,3.5865804427914147,14.485504191100931,0.0,0.0,0.0
178.62585640795908,3.587945142529096,14.484984690000239,0.0,0.0,0.0
178.61597901819846,3.589309735857785,14.484465188899545,0.0,0.0,0.0
178.60610159891834,3.5906742227366,14.483945687798846,0.0,0.0,0.0
178.59622415010972,3.592038603124631,14.483426186698155,0.0,0.0,0.0
178.58634667176352,3.593402876981001,14.482906685597458,0.0,0.0,0.0
178.5764691638707,3.594767044264815,14.482387184496758,0.0,0.0,0.0
178.5665916264224,3.596131104935177,14.481867683396066,0.0,0.0,0.0
178.5567140594094,3.597495058951218,14.48134818229537,0.0,0.0,0.0
178.54683646282277,3.5988589062720453,14.480828681194671,0.0,0.0,0.0
178.53695883665344,3.6002226468567935,14.480309180093977,0.0,0.0,0.0
178.52708118089245,3.601586280664578,14.479789678993283,0.0,0.0,0.0
178.5172034955308,3.6029498076545226,14.479270177892587,0.0,0.0,0.0
178.50732578055943,3.604313227785772,14.478750676791892,0.0,0.0,0.0
178.49744803596946,3.6056765410174383,14.478231175691196,0.0,0.0,0.0
178.4875702617517,3.6070397473086793,14.477711674590498,0.0,0.0,0.0
178.47769245789735,3.60840284661861,14.477192173489808,0.0,0.0,0.0
178.46781462439722,3.609765838906394,14.476672672389109,0.0,0.0,0.0
178.45793676124248,3.6111287241311616,14.476153171288415,0.0,0.0,0.0
178.44805886842414,3.6124915022520563,14.475633670187715,0.0,0.0,0.0
178.4381809459331,3.6138541732282383,14.475114169087021,0.0,0.0,0.0
178.42830299376055,3.6152167370188466,14.474594667986326,0.0,0.0,0.0
178.4184250118973,3.6165791935830485,14.474075166885632,0.0,0.0,0.0
178.4085470003346,3.617941542879988,14.473555665784938,0.0,0.0,0.0
178.39866895906334,3.6193037848688387,14.473036164684242,0.0,0.0,0.0
178.38879088807457,3.620665919508758,14.472516663583544,0.0,0.0,0.0
178.37891278735944,3.6220279467589003,14.471997162482849,0.0,0.0,0.0
178.36903465690884,3.62338986657845,14.471477661382155,0.0,0.0,0.0
178.35915649671395,3.624751678926564,14.470958160281457,0.0,0.0,0.0
178.34927830676565,3.626113383762429,14.470438659180765,0.0,0.0,0.0
178.33940008705517,3.627474981045217,14.469919158080067,0.0,0.0,0.0
178.3295218375735,3.6288364707340968,14.46939965697937,0.0,0.0,0.0
178.3196435583117,3.630197852788263,14.468880155878677,0.0,0.0,0.0
178.30976524926083,3.6315591271668906,14.46836065477798,0.0,0.0,0.0
178.29988691041194,3.632920293829178,14.467841153677284,0.0,0.0,0.0
178.29000854175615,3.6342813527343005,14.46732165257659,0.0,0.0,0.0
178.28013014328445,3.635642303841466,14.466802151475893,0.0,0.0,0.0
178.27025171498795,3.6370031471098634,14.466282650375197,0.0,0.0,0.0
178.26037325685783,3.6383638824986826,14.465763149274503,0.0,0.0,0.0
178.25049476888503,3.639724509967138,14.465243648173805,0.0,0.0,0.0
178.24061625106074,3.641085029474421,14.464724147073113,0.0,0.0,0.0
178.23073770337598,3.6424454409797518,14.464204645972417,0.0,0.0,0.0
178.22085912582187,3.64380574444233,14.463685144871722,0.0,0.0,0.0
178.21098051838956,3.645165939821364,14.463165643771026,0.0,0.0,0.0
178.20110188107003,3.646526027076081,14.462646142670328,0.0,0.0,0.0
178.19122321385456,3.647886006165683,14.462126641569633,0.0,0.0,0.0
178.18134451673407,3.6492458770494065,14.461607140468935,0.0,0.0,0.0
178.17146578969982,3.6506056396864563,14.461087639368243,0.0,0.0,0.0
178.1615870327428,3.6519652940360774,14.460568138267547,0.0,0.0,0.0
178.1517082458542,3.653324840057488,14.460048637166853,0.0,0.0,0.0
178.1418294290252,3.654684277709913,14.459529136066156,0.0,0.0,0.0
178.1319505822468,3.6560436069526006,14.45900963496546,0.0,0.0,0.0
178.12207170551022,3.657402827744771,14.458490133864764,0.0,0.0,0.0
178.11219279880652,3.658761940045682,14.457970632764068,0.0,0.0,0.0
178.10231386212695,3.660120943814557,14.45745113166337,0.0,0.0,0.0
178.0924348954625,3.661479839010658,14.456931630562678,0.0,0.0,0.0
178.0825558988044,3.662838625593227,14.456412129461983,0.0,0.0,0.0
178.07267687214383,3.6641973035215036,14.455892628361287,0.0,0.0,0.0
178.06279781547184,3.6655558727547577,14.45537312726059,0.0,0.0,0.0
178.05291872877967,3.66691433325223,14.454853626159895,0.0,0.0,0.0
178.04303961205844,3.6682726849731946,14.4543341250592,0.0,0.0,0.0
178.0331604652993,3.669630927876903,14.453814623958504,0.0,0.0,0.0
178.02328128849345,3.6709890619226164,14.453295122857808,0.0,0.0,0.0
178.013402081632,3.672347087069614,14.452775621757114,0.0,0.0,0.0
178.00352284470623,3.673705003277151,14.452256120656415,0.0,0.0,0.0
177.99364357770716,3.675062810504515,14.45173661955572,0.0,0.0,0.0
177.98376428062608,3.676420508710967,14.451217118455027,0.0,0.0,0.0
177.9738849534541,3.6777780978557995,14.45069761735433,0.0,0.0,0.0
177.96400559618246,3.679135577898286,14.450178116253634,0.0,0.0,0.0
177.95412620880236,3.6804929487977036,14.449658615152938,0.0,0.0,0.0
177.94424679130492,3.6818502105133524,14.449139114052246,0.0,0.0,0.0
177.93436734368143,3.6832073630045072,14.448619612951552,0.0,0.0,0.0
177.92448786592297,3.684564406230474,14.448100111850854,0.0,0.0,0.0
177.9146083580208,3.685921340150544,14.447580610750158,0.0,0.0,0.0
177.9047288199662,3.687278164724002,14.447061109649463,0.0,0.0,0.0
177.89484925175026,3.6886348799101687,14.446541608548767,0.0,0.0,0.0
177.8849696533643,3.6899914856683282,14.44602210744807,0.0,0.0,0.0
177.87509002479936,3.691347981957803,14.445502606347372,0.0,0.0,0.0
177.8652103660469,3.6927043687378855,14.444983105246681,0.0,0.0,0.0
177.85533067709795,3.6940606459679053,14.444463604145986,0.0,0.0,0.0
177.8454509579438,3.695416813607167,14.44394410304529,0.0,0.0,0.0
177.83557120857571,3.6967728716149804,14.443424601944594,0.0,0.0,0.0
177.82569142898487,3.698128819950681,14.442905100843896,0.0,0.0,0.0
177.81581161916256,3.699484658573575,14.442385599743202,0.0,0.0,0.0
177.80593177909995,3.7008403874430056,14.441866098642505,0.0,0.0,0.0
177.7960519087884,3.702196006518284,14.44134659754181,0.0,0.0,0.0
177.786172008219,3.7035515157587557,14.440827096441115,0.0,0.0,0.0
177.7762920773831,3.7049069151237486,14.44030759534042,0.0,0.0,0.0
177.766412116272,3.7062622045725924,14.439788094239725,0.0,0.0,0.0
177.75653212487683,3.707617384064641,14.439268593139028,0.0,0.0,0.0
177.74665210318898,3.708972453559221,14.438749092038332,0.0,0.0,0.0
177.7367720511996,3.7103274130156927,14.438229590937636,0.0,0.0,0.0
177.72689196890008,3.7116822623933894,14.43771008983694,0.0,0.0,0.0
177.71701185628152,3.713037001651677,14.437190588736248,0.0,0.0,0.0
177.70713171333534,3.7143916307499008,14.436671087635547,0.0,0.0,0.0
177.6972515400528,3.7157461496474093,14.436151586534853,0.0,0.0,0.0
177.68737133642512,3.717100558303579,14.435632085434156,0.0,0.0,0.0
177.67749110244364,3.7184548566777544,14.435112584333464,0.0,0.0,0.0
177.66761083809962,3.719809044729316,14.43459308323277,0.0,0.0,0.0
177.65773054338436,3.7211631224176243,14.434073582132074,0.0,0.0,0.0
177.6478502182892,3.7225170897020394,14.433554081031378,0.0,0.0,0.0
177.63796986280536,3.7238709465419553,14.433034579930682,0.0,0.0,0.0
177.62808947692423,3.7252246928967288,14.432515078829983,0.0,0.0,0.0
177.618209060637,3.7265783287257532,14.43199557772929,0.0,0.0,0.0
177.60832861393513,3.7279318539883977,14.431476076628591,0.0,0.0,0.0
177.59844813680976,3.7292852686440594,14.430956575527897,0.0,0.0,0.0
177.58856762925234,3.7306385726521194,14.430437074427203,0.0,0.0,0.0
177.5786870912542,3.73199176597196,14.42991757332651,0.0,0.0,0.0
177.56880652280654,3.7333448485629894,14.429398072225812,0.0,0.0,0.0
177.55892592390083,3.734697820384588,14.428878571125118,0.0,0.0,0.0
177.54904529452827,3.7360506813961702,14.428359070024424,0.0,0.0,0.0
177.53916463468028,3.73740343155713,14.427839568923725,0.0,0.0,0.0
177.52928394434824,3.738756070826862,14.42732006782303,0.0,0.0,0.0
177.51940322352334,3.7401085991647895,14.426800566722333,0.0,0.0,0.0
177.50952247219706,3.7414610165303084,14.42628106562164,0.0,0.0,0.0
177.49964169036068,3.7428133228828444,14.425761564520943,0.0,0.0,0.0
177.48976087800563,3.7441655181817994,14.42524206342025,0.0,0.0,0.0
177.47988003512313,3.7455176023866086,14.424722562319552,0.0,0.0,0.0
177.46999916170464,3.746869575456682,14.424203061218854,0.0,0.0,0.0
177.46011825774156,3.748221437351438,14.423683560118162,0.0,0.0,0.0
177.4502373232251,3.7495731880303187,14.423164059017465,0.0,0.0,0.0
177.44035635814686,3.7509248274527374,14.422644557916772,0.0,0.0,0.0
177.43047536249796,3.7522763555781435,14.422125056816073,0.0,0.0,0.0
177.42059433627,3.753627772365956,14.421605555715377,0.0,0.0,0.0
177.4107132794542,3.754979077775628,14.421086054614685,0.0,0.0,0.0
177.40083219204197,3.756330271766595,14.420566553513986,0.0,0.0,0.0
177.39095107402483,3.757681354298292,14.420047052413294,0.0,0.0,0.0
177.381069925394,3.759032325330181,14.419527551312598,0.0,0.0,0.0
177.371188746141,3.7603831848216966,14.4190080502119,0.0,0.0,0.0
177.36130753625713,3.7617339327323065,14.418488549111206,0.0,0.0,0.0
177.35142629573383,3.763084569021459,14.417969048010509,0.0,0.0,0.0
177.34154502456258,3.764435093648601,14.417449546909815,0.0,0.0,0.0
177.33166372273467,3.7657855065732138,14.41693004580912,0.0,0.0,0.0
177.3217823902416,3.7671358077547445,14.416410544708421,0.0,0.0,0.0
177.31190102707473,3.768485997152673,14.415891043607727,0.0,0.0,0.0
177.30201963322548,3.7698360747264568,14.415371542507032,0.0,0.0,0.0
177.29213820868532,3.7711860404355804,14.414852041406336,0.0,0.0,0.0
177.28225675344564,3.7725358942395126,14.414332540305642,0.0,0.0,0.0
177.2723752674979,3.773885636097725,14.413813039204944,0.0,0.0,0.0
177.26249375083347,3.7752352659697133,14.413293538104249,0.0,0.0,0.0
177.2526122034439,3.776584783814945,14.412774037003553,0.0,0.0,0.0
177.2427306253205,3.7779341895929237,14.412254535902859,0.0,0.0,0.0
177.23284901645476,3.7792834832631295,14.411735034802163,0.0,0.0,0.0
177.22296737683823,3.78063266478505,14.411215533701466,0.0,0.0,0.0
177.21308570646218,3.781981734118193,14.410696032600772,0.0,0.0,0.0
177.20320400531824,3.7833306912220417,14.410176531500078,0.0,0.0,0.0
177.19332227339774,3.7846795360561134,14.40965703039938,0.0,0.0,0.0
177.18344051069224,3.7860282685798974,14.409137529298686,0.0,0.0,0.0
177.1735587171931,3.7873768887529145,14.408618028197987,0.0,0.0,0.0
177.16367689289186,3.788725396534666,14.408098527097295,0.0,0.0,0.0
177.15379503778001,3.7900737918846588,14.407579025996595,0.0,0.0,0.0
177.14391315184898,3.791422074762422,14.407059524895903,0.0,0.0,0.0
177.13403123509028,3.7927702451274588,14.406540023795209,0.0,0.0,0.0
177.12414928749536,3.7941183029393066,14.406020522694511,0.0,0.0,0.0
177.11426730905572,3.7954662481574735,14.405501021593814,0.0,0.0,0.0
177.10438529976287,3.7968140807415014,14.404981520493122,0.0,0.0,0.0
177.09450325960825,3.7981618006509117,14.404462019392426,0.0,0.0,0.0
177.08462118858347,3.799509407845232,14.403942518291727,0.0,0.0,0.0
177.0747390866799,3.8008569022840097,14.403423017191036,0.0,0.0,0.0
177.06485695388915,3.8022042839267707,14.402903516090335,0.0,0.0,0.0
177.05497479020266,3.8035515527330706,14.402384014989643,0.0,0.0,0.0
177.045092595612,3.804898708662438,14.401864513888947,0.0,0.0,0.0
177.0352103701086,3.806245751674435,14.40134501278825,0.0,0.0,0.0
177.02532811368403,3.807592681728605,14.400825511687554,0.0,0.0,0.0
177.01544582632988,3.8089394987844925,14.400306010586858,0.0,0.0,0.0
177.0055635080375,3.810286202801667,14.399786509486164,0.0,0.0,0.0
176.99568115879867,3.8116327937396743,14.399267008385467,0.0,0.0,0.0
176.98579877860465,3.8129792715580897,14.398747507284774,0.0,0.0,0.0
176.97591636744716,3.8143256362164712,14.398228006184079,0.0,0.0,0.0
176.96603392531773,3.815671887674378,14.397708505083383,0.0,0.0,0.0
176.95615145220782,3.817018025891395,14.397189003982687,0.0,0.0,0.0
176.94626894810906,3.818364050827078,14.396669502881991,0.0,0.0,0.0
176.9363864130129,3.819709962441023,14.396150001781294,0.0,0.0,0.0
176.926503846911,3.8210557606927984,14.395630500680598,0.0,0.0,0.0
176.9166212497949,3.822401445541978,14.395110999579906,0.0,0.0,0.0
176.9067386216561,3.823747016948162,14.394591498479208,0.0,0.0,0.0
176.89685596248628,3.825092474870923,14.394071997378516,0.0,0.0,0.0
176.88697327227683,3.8264378192698674,14.393552496277819,0.0,0.0,0.0
176.87709055101953,3.827783050104573,14.393032995177123,0.0,0.0,0.0
176.86720779870578,3.8291281673346504,14.392513494076425,0.0,0.0,0.0
176.85732501532723,3.830473170919691,14.391993992975731,0.0,0.0,0.0
176.84744220087555,3.8318180608192915,14.391474491875032,0.0,0.0,0.0
176.83755935534217,3.8331628369930675,14.390954990774341,0.0,0.0,0.0
176.82767647871881,3.834507499400619,14.390435489673644,0.0,0.0,0.0
176.81779357099697,3.835852048001565,14.38991598857295,0.0,0.0,0.0
