galstreams/tracks/track.st.GD-1.ibata2021.ecsv
# %ECSV 1.0
# ---
# datatype:
# - {name: ra, unit: deg, datatype: float64}
# - {name: dec, unit: deg, datatype: float64}
# - {name: distance, unit: kpc, datatype: float64}
# - {name: pm_ra_cosdec, unit: mas / yr, datatype: float64}
# - {name: pm_dec, unit: mas / yr, datatype: float64}
# - {name: radial_velocity, unit: km / s, datatype: float64}
# delimiter: ','
# meta: !!omap
# - __serialized_columns__:
#     dec:
#       __class__: astropy.coordinates.angles.Latitude
#       unit: &id001 !astropy.units.Unit {unit: deg}
#       value: !astropy.table.SerializedColumn {name: dec}
#     distance:
#       __class__: astropy.coordinates.distances.Distance
#       unit: !astropy.units.Unit {unit: kpc}
#       value: !astropy.table.SerializedColumn {name: distance}
#     pm_dec:
#       __class__: astropy.units.quantity.Quantity
#       unit: !astropy.units.Unit {unit: mas / yr}
#       value: !astropy.table.SerializedColumn {name: pm_dec}
#     pm_ra_cosdec:
#       __class__: astropy.units.quantity.Quantity
#       unit: !astropy.units.Unit {unit: mas / yr}
#       value: !astropy.table.SerializedColumn {name: pm_ra_cosdec}
#     ra:
#       __class__: astropy.coordinates.angles.Longitude
#       unit: *id001
#       value: !astropy.table.SerializedColumn {name: ra}
#       wrap_angle: !astropy.coordinates.Angle
#         unit: *id001
#         value: 360.0
#     radial_velocity:
#       __class__: astropy.units.quantity.Quantity
#       unit: !astropy.units.Unit {unit: km / s}
#       value: !astropy.table.SerializedColumn {name: radial_velocity}
# schema: astropy-2.0
ra,dec,distance,pm_ra_cosdec,pm_dec,radial_velocity
[from data line 1413]
128.62549230230147,3.128568312314327,8.527650698403692,-2.1526944327303656,-10.72415190988699,195.46187279653103
128.62950584197898,3.1378030313904515,8.52720148262868,-2.15350629431363,-10.725962509842077,195.41983876486913
128.63351977560166,3.1470375671217847,8.526752324011236,-2.1543181282329193,-10.727772370944768,195.37779956883656
128.63753410333905,3.1562719194719246,8.526303222594567,-2.155129934537775,-10.729581493232534,195.33575520956674
128.6415488253609,3.1655060884045656,8.52585417842188,-2.1559417132777305,-10.731389876742833,195.29370568819303
128.64556394183683,3.1747400738832443,8.525405191536382,-2.1567534645023283,-10.733197521513139,195.25165100584852
128.6495794529366,3.183973875871529,8.524956261981279,-2.1575651882610964,-10.735004427580893,195.20959116366672
128.65359535883002,3.193207494332973,8.524507389799775,-2.158376884603574,-10.736810594983544,195.1675261627808
128.65761165968695,3.202440929231116,8.52405857503508,-2.159188553579278,-10.738616023758519,195.12545600432435
128.66162835567727,3.211674180529471,8.523609817730394,-2.1600001952377443,-10.74042071394326,195.0833806894303
128.66564544697098,3.2209072481915237,8.52316111792893,-2.1608118096284916,-10.742224665575177,195.04130021923223
128.669662933738,3.230140132180716,8.52271247567389,-2.16162339680104,-10.744027878691696,194.99921459486367
128.6736808161485,3.2393728324606,8.522263891008484,-2.1624349568049115,-10.745830353330215,194.95712381745747
128.67769909437254,3.248605348994581,8.521815363975913,-2.1632464896896186,-10.747632089528139,194.9150278881473
128.6817177685803,3.257837681746063,8.521366894619383,-2.1640579955046757,-10.749433087322856,194.87292680806638
128.68573683894203,3.2670698306784787,8.520918482982108,-2.1648694742995964,-10.75123334675175,194.83082057834798
128.6897563056279,3.276301795755202,8.520470129107284,-2.1656809261238816,-10.753032867852205,194.78870920012545
128.6937761688083,3.2855335769395446,8.520021833038125,-2.1664923510270406,-10.754831650661583,194.74659267453214
128.69779642865365,3.294765174194977,8.519573594817835,-2.1673037490585765,-10.756629695217248,194.70447100270138
128.70181708533434,3.3039965874847756,8.519125414489618,-2.1681151202679927,-10.758427001556559,194.66234418576644
128.70583813902084,3.313227816772255,8.518677292096683,-2.1689264647047803,-10.760223569716853,194.62021222486064
128.7098595898837,3.3224588620207096,8.518229227682237,-2.1697377824184394,-10.762019399735477,194.57807512111748
128.7138814380935,3.33168972319342,8.51778122128948,-2.170549073458459,-10.763814491649766,194.5359328756701
128.71790368382088,3.3409204002536543,8.517333272961624,-2.171360337874333,-10.765608845497038,194.49378548965174
128.7219263272365,3.350150893164645,8.516885382741874,-2.1721715757155433,-10.767402461314612,194.45163296419605
128.72594936851118,3.3593812018896294,8.516437550673434,-2.1729827870315797,-10.7691953391398,194.4094753004361
128.72997280781564,3.3686113263917474,8.515989776799513,-2.173793971871924,-10.770987479009904,194.36731249950526
128.7339966453208,3.377841266634308,8.515542061163318,-2.17460513028605,-10.772778880962214,194.32514456253668
128.7380208811975,3.3870710225804084,8.515094403808051,-2.1754162623234397,-10.774569545034018,194.28297149066404
128.74204551561678,3.396300594193219,8.514646804776921,-2.1762273680335684,-10.7763594712626,194.24079328502046
128.7460705487496,3.405529981435862,8.514199264113131,-2.1770384474659035,-10.778148659685233,194.1986099467393
128.75009598076701,3.4147591842714524,8.513751781859893,-2.1778495006699172,-10.779937110339176,194.1564214769538
128.75412181184012,3.4239882026630464,8.51330435806041,-2.178660527695075,-10.781724823261689,194.11422787679737
128.7581480421401,3.433217036573809,8.512856992757886,-2.179471528590835,-10.783511798490023,194.07202914740344
128.7621746718382,3.4424456859667645,8.512409685995529,-2.1802825034066675,-10.785298036061418,194.02982528990512
128.76620170110573,3.451674150804937,8.511962437816546,-2.181093452192025,-10.787083536013105,193.98761630543572
128.7702291301139,3.460902431051359,8.511515248264143,-2.1819043749963667,-10.788868298382317,193.94540219512896
128.77425695903423,3.470130526669048,8.511068117381527,-2.1827152718691423,-10.79065232320627,193.9031829601177
128.77828518803804,3.479358437620971,8.5106210452119,-2.1835261428598045,-10.792435610522178,193.8609586015353
128.78231381729688,3.488586163870105,8.510174031798474,-2.184336988017799,-10.794218160367244,193.81872912051546
128.78634284698225,3.497813705379342,8.509727077184452,-2.185147807392574,-10.795999972778663,193.77649451819104
128.79037227726576,3.5070410621117234,8.50928018141304,-2.185958601033569,-10.797781047793626,193.7342547956958
128.79440210831908,3.5162682340301115,8.508833344527444,-2.1867693689902263,-10.799561385449316,193.69200995416264
128.7984323403139,3.5254952210973958,8.508386566570872,-2.1875801113119806,-10.801340985782902,193.64975999472526
128.80246297342194,3.5347220232764505,8.507939847586528,-2.1883908280482665,-10.803119848831559,193.60750491851672
128.80649400781502,3.543948640530135,8.50749318761762,-2.189201519248516,-10.804897974632436,193.56524472667047
128.81052544366503,3.5531750728213005,8.507046586707354,-2.1900121849621614,-10.80667536322269,193.52297942031964
128.8145572811438,3.5624013201126905,8.506600044898935,-2.190822825238623,-10.808452014639466,193.48070900059793
128.81858952042342,3.5716273823672386,8.50615356223557,-2.191633440127327,-10.810227928919897,193.4384334686384
128.82262216167584,3.58085325954765,8.505707138760465,-2.1924440296776986,-10.812003106101109,193.39615282557426
128.82665520507314,3.590078951616712,8.505260774516824,-2.193254593939152,-10.813777546220232,193.3538670725393
128.83068865078744,3.5993044585371545,8.504814469547856,-2.194065132961103,-10.81555124931437,193.3115762106664
128.8347224989909,3.60852978027171,8.504368223896767,-2.194875646792962,-10.817324215420635,193.2692802410889
128.8387567498558,3.6177549167831087,8.503922037606765,-2.1956861354841424,-10.819096444576122,193.2269791649403
128.84279140355443,3.6269798680340037,8.50347591072105,-2.1964965990840533,-10.820867936817923,193.18467298335383
128.84682646025902,3.6362046339870435,8.503029843282835,-2.1973070376420925,-10.822638692183121,193.14236169746303
128.85086192014214,3.6454292146049827,8.502583835335322,-2.1981174512076693,-10.82440871070879,193.10004530840078
128.8548977833761,3.6546536098503895,8.502137886921718,-2.1989278398301773,-10.826177992431994,193.05772381730083
128.85893405013346,3.6638778196858994,8.50169199808523,-2.1997382035590167,-10.8279465373898,193.01539722529625
128.86297072058676,3.67310184407409,8.501246168869066,-2.2005485424435793,-10.829714345619255,192.97306553352058
128.8670077949086,3.6823256829775692,8.500800399316427,-2.2013588565332545,-10.831481417157411,192.9307287431069
128.87104527327165,3.6915493363588108,8.500354689470521,-2.202169145877436,-10.8332477520413,192.8883868551887
128.87508315584864,3.700772804180494,8.499909039374558,-2.2029794105255034,-10.835013350307952,192.84603987089906
128.87912144281233,3.7099960864050696,8.499463449071742,-2.20378965052684,-10.836778211994385,192.8036877913718
128.88316013433555,3.7192191829950474,8.499017918605274,-2.2045998659308332,-10.838542337137625,192.76133061773967
128.88719923059116,3.7284420939129146,8.498572448018368,-2.2054100567868486,-10.840305725774666,192.71896835113643
128.8912387317521,3.737664819121134,8.498127037354228,-2.2062202231442694,-10.842068377942512,192.67660099269523
128.8952786379914,3.7468873585821654,8.497681686656056,-2.207030365052465,-10.843830293678158,192.6342285435493
128.89931894948197,3.7561097122584304,8.497236395967063,-2.2078404825607993,-10.845591473018583,192.59185100483208
128.90335966639705,3.7653318801123383,8.496791165330455,-2.208650575718645,-10.847351916000758,192.5494683776769
128.90740078890968,3.774553862106235,8.496345994789436,-2.209460644575359,-10.849111622661658,192.507080663217
128.91144231719312,3.7837756582026034,8.495900884387211,-2.2102706891803066,-10.850870593038248,192.4646878625858
128.91548425142062,3.7929972683637354,8.49545583416699,-2.2110807095828466,-10.852628827167472,192.4222899769167
128.9195265917655,3.8022186925519743,8.495010844171976,-2.211890705832329,-10.85438632508628,192.37988700734263
128.9235693384011,3.8114399307296396,8.494565914445378,-2.2127006779781118,-10.856143086831604,192.33747895499738
128.92761249150084,3.82066098285901,8.494121045030399,-2.213510626069538,-10.857899112440386,192.29506582101405
128.93165605123815,3.8298818489023567,8.493676235970247,-2.214320550155958,-10.859654401949536,192.2526476065259
128.93570001778662,3.8391025288220066,8.49323148730813,-2.215130450286713,-10.861408955395975,192.21022431266653
128.93974439131983,3.8483230225801535,8.492786799087249,-2.215940326511148,-10.863162772816608,192.167795940569
128.94378917201135,3.857543330139041,8.492342171350815,-2.216750178878594,-10.864915854248327,192.12536249136662
128.94783436003496,3.866763451460861,8.491897604142032,-2.2175600074383937,-10.866668199728043,192.0829239661928
128.9518799555643,3.8759833865077993,8.491453097504106,-2.218369812239874,-10.86841980929262,192.040480366181
128.95592595877324,3.885203135242019,8.491008651480245,-2.219179593332364,-10.870170682978937,191.99803169246428
128.95997236983558,3.894422697625685,8.490564266113655,-2.2199893507651955,-10.87192082082387,191.95557794617625
128.9640191889253,3.9036420736209214,8.490119941447539,-2.2207990845876933,-10.873670222864277,191.91311912844986
128.96806641621626,3.9128612631897686,8.489675677525108,-2.2216087948491685,-10.875418889137002,191.8706552404189
128.97211405188258,3.922080266294438,8.48923147438956,-2.2224184815989494,-10.877166819678907,191.82818628321627
128.97616209609825,3.9312990828969516,8.488787332084112,-2.2232281448863436,-10.878914014526814,191.7857122579756
128.98021054903742,3.940517712959364,8.488343250651964,-2.22403778476067,-10.880660473717564,191.74323316582993
128.9842594108743,3.9497361564436964,8.487899230136321,-2.224847401271234,-10.882406197287965,191.70074900791278
128.98830868178305,3.958954413311984,8.487455270580394,-2.225656994467343,-10.884151185274842,191.65825978535733
128.992358361938,3.9681724835261596,8.487011372027384,-2.2264665643983044,-10.885895437715003,191.61576549929723
128.99640845151347,3.9773903670483053,8.486567534520502,-2.2272761111134125,-10.887638954645238,191.57326615086546
129.00045895068394,3.9866080638403365,8.486123758102948,-2.228085634661973,-10.889381736102344,191.5307617411954
129.00450985962374,3.995825573864182,8.485680042817936,-2.2288951350932735,-10.891123782123097,191.48825227142046
129.00856117850742,4.005042897081769,8.485236388708666,-2.229704612456607,-10.892865092744282,191.44573774267394
129.01261290750958,4.014260033455001,8.484792795818347,-2.2305140668012715,-10.89460566800266,191.40321815608917
129.01666504680477,4.023476982945762,8.484349264190184,-2.231323498176545,-10.896345507934992,191.36069351279937
129.02071759656772,4.032693745515918,8.483905793867384,-2.2321329066317146,-10.898084612578034,191.3181638139381
129.0247705569731,4.041910321127259,8.483462384893153,-2.232942292216059,-10.899822981968523,191.2756290606384
129.02882392819572,4.051126709741705,8.483019037310697,-2.2337516549788603,-10.9015606161432,191.23308925403384
129.0328777104104,4.060342911321023,8.482575751163225,-2.234560994969385,-10.903297515138789,191.19054439525758
129.03693190379207,4.0695589258270095,8.482132526493936,-2.235370312236915,-10.90503367899202,191.14799448544304
129.0409865085156,4.078774753221405,8.481689363346042,-2.2361796068307136,-10.906769107739601,191.10543952572343
129.04504152475604,4.087990393465987,8.481246261762747,-2.236988878800047,-10.908503801418235,191.0628795172321
129.04909695268842,4.097205846522428,8.480803221787262,-2.2377981281941777,-10.910237760064614,191.0203144611025
129.05315279248788,4.10642111235253,8.480360243462783,-2.2386073550623706,-10.91197098371544,190.97774435846776
129.05720904432954,4.115636190917945,8.479917326832524,-2.2394165594538817,-10.913703472407395,190.93516921046142
129.06126570838867,4.124851082180356,8.479474471939694,-2.240225741417958,-10.915435226177136,190.89258901821665
129.06532278484048,4.134065786101398,8.479031678827491,-2.241034901003859,-10.917166245061349,190.8500037828668
129.06938027386033,4.14328030264271,8.478588947539127,-2.241844038260831,-10.91889652909668,190.8074135055452
129.07343817562364,4.152494631765919,8.478146278117801,-2.2426531532381206,-10.920626078319787,190.76481818738532
129.0774964903058,4.161708773432615,8.47770367060673,-2.2434622459849693,-10.922354892767308,190.7222178295202
129.0815552180823,4.170922727604366,8.477261125049111,-2.244271316550615,-10.924082972475874,190.67961243308324
129.0856143591287,4.180136494242705,8.476818641488153,-2.2450803649842968,-10.92581031748212,190.63700199920788
129.0896739136206,4.18935007330924,8.476376219967067,-2.245889391335246,-10.92753692782266,190.5943865290275
129.09373388173373,4.19856346476547,8.475933860529052,-2.2466983956527002,-10.929262803534112,190.55176602367536
129.09779426364366,4.207776668572875,8.475491563217316,-2.247507377985874,-10.930987944653067,190.50914048428447
129.10185505952632,4.216989684692946,8.475049328075066,-2.248316338384007,-10.932712351216136,190.46650991198874
129.10591626955738,4.22620251308715,8.474607155145511,-2.249125276896309,-10.934436023259893,190.423874307921
129.10997789391283,4.235415153716867,8.474165044471853,-2.249934193572005,-10.936158960820928,190.38123367321478
129.1140399327686,4.244627606543634,8.473722996097301,-2.250743088460311,-10.937881163935803,190.33858800900322
129.11810238630065,4.25383987152879,8.473281010065058,-2.2515519616104376,-10.93960263264109,190.29593731641995
129.12216525468503,4.263051948633733,8.472839086418332,-2.252360813071596,-10.941323366973345,190.25328159659813
129.12622853809782,4.272263837819821,8.47239722520033,-2.253169642892993,-10.943043366969112,190.21062085067103
129.1302922367152,4.281475539048412,8.47195542645426,-2.2539784511238286,-10.944762632664933,190.16795507977216
129.13435635071343,4.290687052280829,8.471513690223324,-2.2547872378133103,-10.94648116409734,190.1252842850346
129.1384208802687,4.299898377478365,8.471072016550728,-2.2555960030106306,-10.948198961302866,190.08260846759185
129.14248582555737,4.309109514602325,8.470630405479683,-2.256404746764984,-10.949916024318012,190.03992762857712
129.1465511867558,4.318320463613927,8.47018885705339,-2.2572134691255643,-10.951632353179301,189.99724176912395
129.15061696404047,4.327531224474517,8.469747371315059,-2.2580221701415626,-10.953347947923227,189.95455089036525
129.15468315758787,4.336741797145275,8.469305948307893,-2.2588308498621616,-10.955062808586284,189.91185499343484
129.15874976757448,4.345952181587412,8.4688645880751,-2.2596395083365426,-10.956776935204957,189.86915407946552
129.16281679417693,4.355162377762127,8.468423290659887,-2.2604481456138883,-10.958490327815728,189.8264481495911
129.16688423757194,4.364372385630574,8.46798205610546,-2.261256761743372,-10.960202986455055,189.78373720494463
129.17095209793612,4.373582205153878,8.467540884455023,-2.262065356774168,-10.961914911159408,189.74102124665947
129.17502037544634,4.382791836293258,8.467099775751782,-2.262873930755453,-10.963626101965247,189.698300275869
129.1790890702794,4.392001279009785,8.466658730038944,-2.2636824837363854,-10.965336558909005,189.65557429370645
129.18315818261212,4.401210533264547,8.466217747359721,-2.2644910157661324,-10.967046282027118,189.61284330130536
129.1872277126215,4.410419599018622,8.46577682775731,-2.265299526893856,-10.96875527135603,189.57010729979874
