galstreams/tracks/track.st.LMS-1.yuan2020.ecsv
# %ECSV 0.9
# ---
# datatype:
# - {name: ra, unit: deg, datatype: float64}
# - {name: dec, unit: deg, datatype: float64}
# - {name: distance, unit: kpc, datatype: float64}
# - {name: pm_ra_cosdec, unit: mas / yr, datatype: float64}
# - {name: pm_dec, unit: mas / yr, datatype: float64}
# - {name: radial_velocity, unit: km / s, datatype: float64}
# delimiter: ','
# meta: !!omap
# - __serialized_columns__:
#     dec:
#       __class__: astropy.coordinates.angles.Latitude
#       unit: &id001 !astropy.units.Unit {unit: deg}
#       value: !astropy.table.SerializedColumn {name: dec}
#     distance:
#       __class__: astropy.coordinates.distances.Distance
#       unit: !astropy.units.Unit {unit: kpc}
#       value: !astropy.table.SerializedColumn {name: distance}
#     pm_dec:
#       __class__: astropy.units.quantity.Quantity
#       unit: !astropy.units.Unit {unit: mas / yr}
#       value: !astropy.table.SerializedColumn {name: pm_dec}
#     pm_ra_cosdec:
#       __class__: astropy.units.quantity.Quantity
#       unit: !astropy.units.Unit {unit: mas / yr}
#       value: !astropy.table.SerializedColumn {name: pm_ra_cosdec}
#     ra:
#       __class__: astropy.coordinates.angles.Longitude
#       unit: *id001
#       value: !astropy.table.SerializedColumn {name: ra}
#       wrap_angle: !astropy.coordinates.Angle
#         unit: *id001
#         value: 360.0
#     radial_velocity:
#       __class__: astropy.units.quantity.Quantity
#       unit: !astropy.units.Unit {unit: km / s}
#       value: !astropy.table.SerializedColumn {name: radial_velocity}
# schema: astropy-2.0
ra,dec,distance,pm_ra_cosdec,pm_dec,radial_velocity
[from data line 14117]
290.1727238731552,11.235243656057698,18.836381558317733,0.9908918000163704,-3.347106120238015,-194.72920081691535
290.18128179842836,11.229115071378738,18.836589912615416,0.9908394434709455,-3.3476219929697066,-194.71903216059636
290.18983901506647,11.222986299570913,18.836798038809317,0.990787075379829,-3.3481378301943914,-194.7088419278631
290.1983955233859,11.216857341265221,18.8370059366042,0.9907346958457866,-3.34865363184032,-194.69863011071
290.206951323703,11.210728197092726,18.83721360570472,0.9906823049716417,-3.349169397835726,-194.6883967011294
290.2155064163343,11.204598867684457,18.83742104581538,0.9906299028602957,-3.349685128108853,-194.67814169111102
290.2240608015966,11.198469353671525,18.83762825664056,0.990577489614715,-3.350200822587921,-194.66786507264163
290.23261447980667,11.19233965568507,18.83783523788449,0.9905250653379385,-3.350716481201162,-194.65756683770638
290.2411674512818,11.186209774356222,18.83804198925126,0.9904726301330722,-3.3512321038767965,-194.64724697828726
290.2497197163392,11.180079710316196,18.838248510444807,0.9904201841032947,-3.351747690543041,-194.6369054863641
290.25827127529624,11.173949464196165,18.838454801168943,0.9903677273518511,-3.352263241128112,-194.626542353914
290.2668221284706,11.167819036627417,18.83866086112735,0.9903152599820563,-3.352778755560214,-194.61615757291224
290.27537227618006,11.16168842824118,18.83886669002356,0.9902627820972961,-3.3532942337675546,-194.60575113533073
290.2839217187426,11.15555763966879,18.83907228756096,0.9902102938010275,-3.3538096756783315,-194.59532303313952
290.2924704564762,11.149426671541582,18.839277653442792,0.9901577951967718,-3.354325081220742,-194.58487325830606
290.3010184896994,11.143295524490895,18.839482787372187,0.9901052863881261,-3.354840450322975,-194.5744018027951
290.30956581873056,11.137164199148138,18.839687689052095,0.9900527674787559,-3.3553557829132212,-194.56390865856915
290.3181124438883,11.13103269614472,18.83989235818537,0.9900002385723911,-3.35587107891966,-194.55339381758844
290.32665836549154,11.124901016112098,18.8400967944747,0.9899476997728369,-3.356386338270472,-194.54285727181013
290.3352035838592,11.118769159681765,18.840300997622617,0.9898951511839668,-3.35690156089383,-194.53229901318937
290.3437480993106,11.112637127485197,18.840504967331565,0.9898425929097254,-3.357416746717904,-194.5217190336787
290.35229191216484,11.106504920153977,18.840708703303797,0.9897900250541228,-3.357931895670858,-194.5111173252283
290.3608350227417,11.100372538319625,18.840912205241455,0.9897374477212434,-3.3584470076808564,-194.50049387978558
290.3693774313607,11.094239982613786,18.84111547284652,0.9896848610152402,-3.3589620826760545,-194.48984868929577
290.3779191383418,11.088107253668042,18.84131850582086,0.9896322650403326,-3.3594771205846046,-194.47918174570154
290.38646014400507,11.081974352114072,18.84152130386618,0.9895796599008175,-3.3599921213346553,-194.46849304094297
290.39500044867066,11.075841278583573,18.841723866684053,0.989527045701054,-3.3605070848543512,-194.45778256695777
290.40354005265897,11.06970803370822,18.841926193975915,0.9894744225454736,-3.3610220110718316,-194.44705031568117
290.41207895629054,11.063574618119803,18.84212828544306,0.9894217905385806,-3.3615368999152335,-194.4362962790459
290.4206171598862,11.057441032450054,18.84233014078664,0.9893691497849461,-3.3620517513126864,-194.42552044898218
290.4291546637668,11.051307277330794,18.842531759707665,0.9893165003892116,-3.3625665651923193,-194.41472281741778
290.4376914682534,11.04517335339386,18.842733141907008,0.9892638424560892,-3.363081341482254,-194.403903376278
290.44622757366733,11.039039261271085,18.8429342870854,0.9892111760903624,-3.3635960801106117,-194.39306211748556
290.45476298032986,11.032905001594392,18.84313519494344,0.9891585013968793,-3.364110781005502,-194.38219903296098
290.4632976885628,11.026770574995668,18.843335865181572,0.989105818480567,-3.3646254440950436,-194.37131411462184
290.4718316986879,11.02063598210688,18.843536297500115,0.9890531274464145,-3.3651400693073326,-194.3604073543837
290.48036501102695,11.014501223559973,18.84373649159924,0.9890004283994829,-3.3656546565704795,-194.34947874415937
290.4888976259022,11.00836629998697,18.84393644717897,0.988947721444907,-3.36616920581258,-194.3385282758593
290.4974295436359,11.002231212019923,18.844136163939208,0.9888950066878882,-3.366683716961724,-194.32755594139127
290.5059607645506,10.996095960290857,18.84433564157969,0.9888422842336999,-3.367198189946006,-194.31656173266074
290.5144912889688,10.98996054543189,18.84453487980004,0.9887895541876849,-3.3677126246935085,-194.30554564157066
290.5230211172135,10.983824968075115,18.84473387829972,0.9887368166552543,-3.3682270211323146,-194.29450766002162
290.53155024960756,10.977689228852693,18.844932636778054,0.988684071741894,-3.368741379190503,-194.28344777991137
290.54007868647415,10.971553328396805,18.84513115493425,0.988631319553156,-3.3692556987961417,-194.27236599313548
290.5486064281366,10.965417267339635,18.845329432467334,0.9885785601946642,-3.3697699798773053,-194.261262291587
290.5571334749185,10.95928104631345,18.845527469076234,0.9885257937721094,-3.370284222362053,-194.2501366671565
290.56565982714346,10.953144665950468,18.845725264459706,0.9884730203912608,-3.3707984261784527,-194.2389891117318
290.5741854851354,10.947008126883018,18.845922818316378,0.9884202401579528,-3.3713125912545543,-194.22781961719858
290.58271044921827,10.940871429743389,18.846120130344737,0.9883674531780876,-3.3718267175184153,-194.21662817543987
290.5912347197163,10.934734575163933,18.846317200243128,0.9883146595576405,-3.372340804898083,-194.2054147783361
290.5997582969539,10.92859756377705,18.84651402770976,0.9882618594026583,-3.3728548533215985,-194.19417941776555
290.60828118125556,10.9224603962151,18.846710612442685,0.9882090528192574,-3.3733688627170086,-194.1829220856036
290.61680337294604,10.916323073110565,18.846906954139847,0.9881562399136234,-3.3738828330123427,-194.1716427737235
290.62532487235023,10.910185595095856,18.847103052499016,0.9881034207920132,-3.3743967641356405,-194.1603414739958
290.6338456797932,10.904047962803482,18.847298907217837,0.988050595560752,-3.374910656014925,-194.1490181782886
290.64236579560014,10.89791017686598,18.84749451799381,0.9879977643262414,-3.3754245085782206,-194.13767287846747
290.65088522009654,10.891772237915852,18.8476898845243,0.987944927194949,-3.3759383217535497,-194.12630556639564
290.65940395360786,10.88563414658572,18.84788500650652,0.9878920842734114,-3.3764520954689266,-194.11491623393374
290.66792199646005,10.879495903508136,18.848079883637553,0.9878392356682406,-3.3769658296523684,-194.10350487293985
290.6764393489788,10.873357509315769,18.848274515614342,0.9877863814861141,-3.377479524231877,-194.09207147526965
290.68495601149044,10.867218964641234,18.848468902133682,0.9877335218337818,-3.377993179135461,-194.08061603277628
290.69347198432115,10.861080270117245,18.848663042892227,0.987680656818069,-3.378506794291119,-194.06913853731038
290.70198726779734,10.854941426376529,18.848856937586486,0.9876277865458625,-3.3790203696268475,-194.05763898072024
290.7105018622457,10.848802434051782,18.849050585912853,0.9875749111241278,-3.3795339050706374,-194.04611735485148
290.71901576799297,10.842663293775823,18.84924398756755,0.9875220306598955,-3.3800474005504797,-194.03457365154728
290.7275289853661,10.8365240061814,18.849437142246668,0.9874691452602716,-3.38056085599436,-194.02300786264814
290.7360415146924,10.830384571901359,18.849630049646162,0.9874162550324299,-3.381074271330255,-194.01141997999252
290.744553356299,10.82424499156857,18.849822709461844,0.9873633600836126,-3.381587646486142,-193.999809995416
290.75306451051335,10.818105265815893,18.85001512138938,0.9873104605211381,-3.3821009813899963,-193.98817790075182
290.76157497766326,10.811965395276237,18.850207285124295,0.987257556452394,-3.3826142759697824,-193.97652368783068
290.7700847580765,10.805825380582542,18.85039920036199,0.9872046479848341,-3.3831275301534705,-193.96484734848082
290.77859385208103,10.799685222367774,18.8505908667977,0.9871517352259878,-3.383640743869017,-193.95314887452778
290.7871022600051,10.793544921264909,18.850782284126538,0.9870988182834572,-3.3841539170443835,-193.9414282577949
290.795609982177,10.78740447790697,18.850973452043466,0.9870458972649074,-3.384667049607516,-193.92968549010297
290.80411701892524,10.781263892927033,18.851164370243296,0.9869929722780804,-3.385180141486371,-193.91792056327012
290.81262337057865,10.775123166958121,18.85135503842073,0.986940043430789,-3.38569319260889,-193.9061334691119
290.8211290374659,10.76898230063339,18.851545456270284,0.9868871108309152,-3.3862062029030158,-193.89432419944174
290.8296340199161,10.762841294585916,18.851735623486377,0.9868341745864101,-3.386719172296687,-193.88249274607034
290.83813831825853,10.756700149448877,18.851925539763258,0.9867812348053,-3.387232100717835,-193.8706391008058
290.8466419328225,10.750558865855481,18.852115204795048,0.9867282915956795,-3.387744988094391,-193.85876325545397
290.8551448639376,10.744417444438906,18.852304618275713,0.9866753450657144,-3.388257834354282,-193.84686520181793
290.8636471119335,10.738275885832415,18.852493779899103,0.986622395323643,-3.3887706394254287,-193.8349449316985
290.8721486771402,10.732134190669244,18.852682689358893,0.9865694424777721,-3.3892834032357504,-193.82300243689374
290.8806495598877,10.725992359582694,18.852871346348646,0.9865164866364787,-3.3897961257131626,-193.81103770919944
290.8891497605062,10.719850393206128,18.853059750561762,0.9864635279082181,-3.390308806785573,-193.79905074040892
290.89764927932623,10.713708292172834,18.853247901691518,0.9864105664015088,-3.390821446380893,-193.78704152231248
290.90614811667825,10.707566057116225,18.853435799431036,0.986357602224941,-3.3913340444270226,-193.7750100466989
290.9146462728932,10.70142368866968,18.853623443473293,0.9863046354871823,-3.391846600851865,-193.76295630535344
290.92314374830187,10.695281187466659,18.853810833511144,0.9862516662969657,-3.3923591155833117,-193.75088029005934
290.9316405432354,10.689138554140571,18.853997969237287,0.986198694763096,-3.3928715885492586,-193.73878199259724
290.94013665802504,10.68299578932494,18.854184850344286,0.9861457209944497,-3.3933840196775913,-193.72666140474567
290.94863209300235,10.676852893653269,18.85437147652455,0.9860927450999771,-3.393896408896193,-193.7145185182799
290.9571268484989,10.670709867759077,18.854557847470367,0.9860397671886968,-3.3944087561329486,-193.70235332497305
290.96562092484635,10.664566712275946,18.85474396287386,0.985986787369699,-3.3949210613157317,-193.69016581659614
290.97411432237686,10.658423427837457,18.854929822427028,0.9859338057521441,-3.395433324372419,-193.67795598491716
290.9826070414225,10.652280015077244,18.855115425821726,0.9858808224452676,-3.3959455452308767,-193.6657238217015
290.99109908231554,10.64613647462894,18.855300772749665,0.9858278375583733,-3.3964577238189713,-193.65346931871264
290.9995904453885,10.639992807126205,18.855485862902402,0.9857748512008353,-3.3969698600645675,-193.6411924677109
291.00808113097406,10.633849013202774,18.855670695971376,0.985721863482103,-3.397481953895519,-193.62889326045465
291.016571139405,10.627705093492327,18.85585527164787,0.9856688745116922,-3.3979940052396853,-193.61657168869928
291.02506047101434,10.621561048628667,18.85603958962302,0.9856158843991966,-3.3985060140249135,-193.6042277441981
291.03354912613526,10.615416879245517,18.85622364958783,0.9855628932542724,-3.399017980179056,-193.59186141870154
291.04203710510114,10.609272585976719,18.856407451233153,0.9855099011866552,-3.399529903629954,-193.57947270395763
291.0505244082454,10.603128169456117,18.856590994249718,0.985456908306149,-3.4000417843054453,-193.56706159171196
291.05901103590185,10.596983630317537,18.856774278328093,0.9854039147226278,-3.4005536221333683,-193.55462807370768
291.06749698840423,10.590838969194884,18.856957303158712,0.9853509205460398,-3.401065417041558,-193.54217214168528
291.0759822660866,10.584694186722063,18.85714006843187,0.9852979258864031,-3.4015771689578393,-193.52969378738268
291.0844668692833,10.578549283532999,18.85732257383771,0.9852449308538072,-3.402088877810042,-193.51719300253544
291.09295079832845,10.572404260261704,18.85750481906624,0.985191935558414,-3.4026005435259843,-193.50466977887666
291.10143405355683,10.566259117542122,18.857686803807322,0.9851389401104572,-3.4031121660334893,-193.4921241081367
291.10991663530314,10.5601138560083,18.85786852775069,0.9850859446202397,-3.403623745260365,-193.4795559820436
291.1183985439021,10.553968476294255,18.858049990585908,0.9850329491981398,-3.40413528113443,-193.46696539232258
291.126879779689,10.547822979034098,18.85823119200244,0.9849799539546042,-3.4046467735834844,-193.454352330697
291.1353603429988,10.541677364861883,18.858412131689555,0.9849269590001499,-3.405158222535339,-193.44171678888696
291.1438402341672,10.535531634411761,18.85859280933642,0.9848739644453737,-3.405669627917791,-193.4290587586105
291.15231945352957,10.529385788317887,18.858773224632042,0.9848209704009333,-3.4061809896586372,-193.41637823158302
291.1607980014218,10.523239827214407,18.858953377265298,0.9847679769775662,-3.406692307685671,-193.40367519951727
291.16927587817975,10.517093751735564,18.859133266924918,0.9847149842860765,-3.4072035819266806,-193.39094965412363
291.1777530841395,10.51094756251555,18.859312893299467,0.9846619924373436,-3.4077148123094583,-193.37820158711006
291.18622961963734,10.504801260188634,18.85949225607741,0.9846090015423162,-3.4082259987617807,-193.3654309901818
291.1947054850097,10.498654845389114,18.85967135494704,0.984556011712017,-3.408737141211427,-193.35263785504165
291.2031806805932,10.492508318751268,18.85985018959651,0.9845030230575381,-3.4092482395861756,-193.33982217338996
291.21165520672463,10.48636168090946,18.860028759713842,0.9844500356900455,-3.409759293813797,-193.32698393692436
291.2201290637409,10.480214932498013,18.86020706498691,0.9843970497207744,-3.410270303822062,-193.31412313734018
291.22860225197917,10.474068074151354,18.860385105103436,0.9843440652610367,-3.410781269538733,-193.3012397663302
291.2370747717768,10.467921106503844,18.860562879751015,0.9842910824222102,-3.4112921908915763,-193.28833381558442
291.2455466234711,10.461774030189957,18.860740388617096,0.9842381013157475,-3.4118030678083446,-193.27540527679076
291.25401780739986,10.45562684584416,18.860917631388972,0.984185122053176,-3.4123139002167937,-193.2624541416342
291.2624883239008,10.449479554100913,18.861094607753817,0.9841321447460883,-3.4128246880446773,-193.2494804017975
291.27095817331195,10.443332155594762,18.86127131739864,0.984079169506154,-3.4133354312197417,-193.23648404896076
291.2794273559715,10.437184650960225,18.861447760010318,0.9840261964451152,-3.413846129669732,-193.22346507480145
291.2878958722177,10.431037040831864,18.86162393527558,0.9839732256747844,-3.4143567833223902,-193.21042347099487
291.2963637223891,10.424889325844312,18.86179984288103,0.9839202573070428,-3.414867392105449,-193.19735922921333
291.30483090682435,10.418741506632138,18.861975482513103,0.9838672914538492,-3.4153779559466484,-193.184272341127
291.31329742586223,10.412593583830018,18.862150853858108,0.9838143282272305,-3.4158884747737157,-193.17116279840332
291.3217632798419,10.406445558072596,18.862325956602202,0.98376136773929,-3.416398948514381,-193.1580305927072
291.33022846910245,10.400297429994595,18.862500790431415,0.9837084101021984,-3.416909377096362,-193.1448757157012
291.3386929939833,10.394149200230709,18.862675355031616,0.9836554554282005,-3.417419760447387,-193.1316981590451
291.3471568548238,10.388000869415684,18.86284965008855,0.9836025038296117,-3.417930098495169,-193.11849791439656
291.35562005196385,10.381852438184335,18.86302367528779,0.9835495554188246,-3.4184403911674215,-193.10527497341033
