galstreams/tracks/track.ep.Gaia-4.malhan2018.ecsv
# %ECSV 1.0
# ---
# datatype:
# - {name: ra, unit: deg, datatype: float64}
# - {name: dec, unit: deg, datatype: float64}
# - {name: distance, unit: kpc, datatype: float64}
# - {name: pm_ra_cosdec, unit: mas / yr, datatype: float64}
# - {name: pm_dec, unit: mas / yr, datatype: float64}
# - {name: radial_velocity, unit: km / s, datatype: float64}
# delimiter: ','
# meta: !!omap
# - __serialized_columns__:
#     dec:
#       __class__: astropy.coordinates.angles.Latitude
#       unit: &id001 !astropy.units.Unit {unit: deg}
#       value: !astropy.table.SerializedColumn {name: dec}
#     distance:
#       __class__: astropy.coordinates.distances.Distance
#       unit: !astropy.units.Unit {unit: kpc}
#       value: !astropy.table.SerializedColumn {name: distance}
#     pm_dec:
#       __class__: astropy.units.quantity.Quantity
#       unit: !astropy.units.Unit {unit: mas / yr}
#       value: !astropy.table.SerializedColumn {name: pm_dec}
#     pm_ra_cosdec:
#       __class__: astropy.units.quantity.Quantity
#       unit: !astropy.units.Unit {unit: mas / yr}
#       value: !astropy.table.SerializedColumn {name: pm_ra_cosdec}
#     ra:
#       __class__: astropy.coordinates.angles.Longitude
#       unit: *id001
#       value: !astropy.table.SerializedColumn {name: ra}
#       wrap_angle: !astropy.coordinates.Angle
#         unit: *id001
#         value: 360.0
#     radial_velocity:
#       __class__: astropy.units.quantity.Quantity
#       unit: !astropy.units.Unit {unit: km / s}
#       value: !astropy.table.SerializedColumn {name: radial_velocity}
# schema: astropy-2.0
ra,dec,distance,pm_ra_cosdec,pm_dec,radial_velocity
163.0,-11.000000000000023,10.7,0.0,0.0,0.0
163.020512207757,-10.959900316161958,10.704020100502513,0.0,0.0,0.0
163.04101885601037,-10.91979926200316,10.708040201005025,0.0,0.0,0.0
163.06151996691315,-10.87969684303054,10.712060301507536,0.0,0.0,0.0
163.08201556259868,-10.839593064745541,10.71608040201005,0.0,0.0,0.0
163.10250566518042,-10.799487932644169,10.720100502512562,0.0,0.0,0.0
163.12299029675208,-10.759381452217028,10.724120603015075,0.0,0.0,0.0
163.14346947938787,-10.719273628949328,10.728140703517587,0.0,0.0,0.0
163.16394323514237,-10.6791644683209,10.7321608040201,0.0,0.0,0.0
163.18441158605074,-10.639053975806258,10.736180904522612,0.0,0.0,0.0
163.20487455412882,-10.598942156874578,10.740201005025124,0.0,0.0,0.0
163.22533216137302,-10.558829016989746,10.74422110552764,0.0,0.0,0.0
163.24578442976068,-10.518714561610384,10.74824120603015,0.0,0.0,0.0
163.26623138124995,-10.478598796189852,10.752261306532663,0.0,0.0,0.0
163.28667303778,-10.438481726176295,10.756281407035175,0.0,0.0,0.0
163.30710942127098,-10.398363357012654,10.760301507537687,0.0,0.0,0.0
163.32754055362417,-10.358243694136688,10.7643216080402,0.0,0.0,0.0
163.34796645672213,-10.318122742981004,10.768341708542714,0.0,0.0,0.0
163.36838715242862,-10.278000508973077,10.772361809045227,0.0,0.0,0.0
163.3888026625888,-10.23787699753527,10.77638190954774,0.0,0.0,0.0
163.40921300902937,-10.197752214084863,10.780402010050251,0.0,0.0,0.0
163.42961821355843,-10.157626164034072,10.784422110552763,0.0,0.0,0.0
163.45001829796578,-10.117498852790067,10.788442211055274,0.0,0.0,0.0
163.47041328402292,-10.077370285755011,10.792462311557786,0.0,0.0,0.0
163.49080319348312,-10.037240468326068,10.796482412060302,0.0,0.0,0.0
163.5111880480815,-9.997109405895428,10.800502512562813,0.0,0.0,0.0
163.53156786953508,-9.956977103850388,10.804522613065323,0.0,0.0,0.0
163.5519426795431,-9.916843567573165,10.808542713567839,0.0,0.0,0.0
163.57231249978665,-9.876708802441225,10.81256281407035,0.0,0.0,0.0
163.59267735192915,-9.8365728138271,10.816582914572866,0.0,0.0,0.0
163.61303725761633,-9.796435607098473,10.820603015075378,0.0,0.0,0.0
163.63339223847615,-9.756297187618184,10.82462311557789,0.0,0.0,0.0
163.6537423161191,-9.716157560744263,10.828643216080401,0.0,0.0,0.0
163.67408751213807,-9.676016731829954,10.832663316582915,0.0,0.0,0.0
163.69442784810872,-9.635874706223724,10.836683417085428,0.0,0.0,0.0
163.7147633455892,-9.595731489269312,10.84070351758794,0.0,0.0,0.0
163.7350940261205,-9.555587086305719,10.84472361809045,0.0,0.0,0.0
163.75541991122645,-9.515441502667247,10.848743718592965,0.0,0.0,0.0
163.7757410224138,-9.47529474368354,10.852763819095475,0.0,0.0,0.0
163.79605738117223,-9.435146814679563,10.85678391959799,0.0,0.0,0.0
163.81636900897453,-9.39499772097566,10.8608040201005,0.0,0.0,0.0
163.8366759272767,-9.354847467887566,10.864824120603013,0.0,0.0,0.0
163.85697815751786,-9.314696060726419,10.86884422110553,0.0,0.0,0.0
163.87727572112053,-9.274543504798803,10.87286432160804,0.0,0.0,0.0
163.8975686394906,-9.234389805406751,10.876884422110551,0.0,0.0,0.0
163.9178569340174,-9.19423496784778,10.880904522613065,0.0,0.0,0.0
163.9381406260739,-9.154078997414898,10.884924623115577,0.0,0.0,0.0
163.95841973701653,-9.113921899396644,10.88894472361809,0.0,0.0,0.0
163.97869428818564,-9.073763679077098,10.892964824120602,0.0,0.0,0.0
163.99896430090521,-9.033604341735908,10.896984924623116,0.0,0.0,0.0
164.01922979648313,-8.993443892648314,10.901005025125627,0.0,0.0,0.0
164.03949079621128,-8.953282337085163,10.905025125628141,0.0,0.0,0.0
164.0597473213655,-8.913119680312933,10.909045226130655,0.0,0.0,0.0
164.07999939320575,-8.872955927593763,10.913065326633165,0.0,0.0,0.0
164.1002470329762,-8.832791084185509,10.917085427135678,0.0,0.0,0.0
164.12049026190527,-8.792625155341584,10.921105527638192,0.0,0.0,0.0
164.14072910120572,-8.75245814631127,10.925125628140703,0.0,0.0,0.0
164.16096357207465,-8.71229006233953,10.929145728643215,0.0,0.0,0.0
164.18119369569382,-8.67212090866711,10.93316582914573,0.0,0.0,0.0
164.20141949322937,-8.631950690530525,10.937185929648239,0.0,0.0,0.0
164.22164098583224,-8.591779413162104,10.941206030150754,0.0,0.0,0.0
164.241858194638,-8.551607081789998,10.945226130653266,0.0,0.0,0.0
164.26207114076712,-8.511433701638216,10.949246231155778,0.0,0.0,0.0
164.2822798453248,-8.471259277926638,10.953266331658293,0.0,0.0,0.0
164.3024843294014,-8.43108381587103,10.957286432160803,0.0,0.0,0.0
164.32268461407216,-8.390907320683082,10.961306532663317,0.0,0.0,0.0
164.34288072039755,-8.350729797570413,10.965326633165828,0.0,0.0,0.0
164.36307266942308,-8.310551251736607,10.969346733668342,0.0,0.0,0.0
164.3832604821797,-8.270371688381216,10.973366834170854,0.0,0.0,0.0
164.40344417968362,-8.2301911126998,10.977386934673367,0.0,0.0,0.0
164.42362378293646,-8.190009529883945,10.981407035175879,0.0,0.0,0.0
164.4437993129254,-8.149826945121273,10.98542713567839,0.0,0.0,0.0
164.46397079062314,-8.10964336359547,10.989447236180903,0.0,0.0,0.0
164.48413823698806,-8.069458790486312,10.993467336683416,0.0,0.0,0.0
164.5043016729643,-8.029273230969682,10.997487437185931,0.0,0.0,0.0
164.52446111948174,-7.9890866902175866,11.001507537688441,0.0,0.0,0.0
164.54461659745618,-7.9488991733981855,11.005527638190955,0.0,0.0,0.0
164.56476812778942,-7.908710685675809,11.009547738693467,0.0,0.0,0.0
164.58491573136922,-7.868521232210974,11.013567839195979,0.0,0.0,0.0
164.6050594290695,-7.82833081816042,11.017587939698494,0.0,0.0,0.0
164.6251992417504,-7.7881394486771125,11.021608040201002,0.0,0.0,0.0
164.64533519025824,-7.747947128910323,11.025628140703517,0.0,0.0,0.0
164.6654672954257,-7.707753864005449,11.02964824120603,0.0,0.0,0.0
164.68559557807203,-7.667559659104336,11.033668341708543,0.0,0.0,0.0
164.70572005900272,-7.6273645193450985,11.037688442211055,0.0,0.0,0.0
164.72584075900997,-7.587168449862186,11.041708542713568,0.0,0.0,0.0
164.7459576988727,-7.546971455786412,11.045728643216082,0.0,0.0,0.0
164.76607089935635,-7.506773542244965,11.049748743718592,0.0,0.0,0.0
164.7861803812133,-7.46657471436144,11.053768844221104,0.0,0.0,0.0
164.8062861651828,-7.426374977255852,11.057788944723615,0.0,0.0,0.0
164.82638827199096,-7.3861743360446575,11.06180904522613,0.0,0.0,0.0
164.84648672235096,-7.3459727958407814,11.06582914572864,0.0,0.0,0.0
164.86658153696314,-7.305770361753625,11.069849246231154,0.0,0.0,0.0
164.88667273651487,-7.265567038889104,11.073869346733668,0.0,0.0,0.0
164.90676034168087,-7.225362832349654,11.077889447236181,0.0,0.0,0.0
164.92684437312317,-7.18515774723426,11.081909547738693,0.0,0.0,0.0
164.94692485149116,-7.144951788638469,11.085929648241205,0.0,0.0,0.0
164.96700179742174,-7.104744961654426,11.089949748743718,0.0,0.0,0.0
164.9870752315393,-7.064537271370871,11.093969849246232,0.0,0.0,0.0
165.00714517445593,-7.024328722873187,11.097989949748744,0.0,0.0,0.0
165.02721164677132,-6.9841193212433925,11.102010050251256,0.0,0.0,0.0
165.047274669073,-6.943909071560189,11.106030150753769,0.0,0.0,0.0
165.06733426193634,-6.903697978898955,11.11005025125628,0.0,0.0,0.0
165.08739044592457,-6.863486048331795,11.114070351758793,0.0,0.0,0.0
165.10744324158898,-6.8232732849275495,11.118090452261306,0.0,0.0,0.0
165.1274926694689,-6.783059693751766,11.12211055276382,0.0,0.0,0.0
165.14753875009174,-6.74284527986681,11.126130653266333,0.0,0.0,0.0
165.16758150397322,-6.70263004833183,11.130150753768843,0.0,0.0,0.0
165.1876209516173,-6.6624140042027795,11.134170854271357,0.0,0.0,0.0
165.20765711351635,-6.6221971525324514,11.138190954773869,0.0,0.0,0.0
165.22769001015104,-6.581979498370488,11.142211055276384,0.0,0.0,0.0
165.24771966199071,-6.541761046763406,11.146231155778894,0.0,0.0,0.0
165.2677460894932,-6.5015418027546135,11.150251256281408,0.0,0.0,0.0
165.28776931310497,-6.461321771384445,11.15427135678392,0.0,0.0,0.0
165.30778935326137,-6.421100957690151,11.158291457286431,0.0,0.0,0.0
165.32780623038633,-6.380879366705952,11.162311557788945,0.0,0.0,0.0
165.34781996489284,-6.340657003463033,11.166331658291458,0.0,0.0,0.0
165.36783057718273,-6.30043387298958,11.170351758793972,0.0,0.0,0.0
165.38783808764688,-6.260209980310794,11.174371859296482,0.0,0.0,0.0
165.40784251666534,-6.219985330448903,11.178391959798994,0.0,0.0,0.0
165.42784388460723,-6.1797599284232,11.182412060301509,0.0,0.0,0.0
165.44784221183096,-6.139533779250049,11.186432160804019,0.0,0.0,0.0
165.4678375186842,-6.099306887942907,11.190452261306532,0.0,0.0,0.0
165.4878298255041,-6.059079259512349,11.194472361809044,0.0,0.0,0.0
165.5078191526172,-6.018850898966086,11.198492462311558,0.0,0.0,0.0
165.52780552033963,-5.978621811308981,11.20251256281407,0.0,0.0,0.0
165.54778894897706,-5.9383920015430744,11.206532663316583,0.0,0.0,0.0
165.56776945882484,-5.898161474667599,11.210552763819093,0.0,0.0,0.0
165.5877470701682,-5.857930235679007,11.214572864321608,0.0,0.0,0.0
165.607721803282,-5.81769828957098,11.21859296482412,0.0,0.0,0.0
165.62769367843117,-5.777465641334458,11.22261306532663,0.0,0.0,0.0
165.64766271587052,-5.737232295957652,11.226633165829146,0.0,0.0,0.0
165.66762893584485,-5.696998258426071,11.230653266331657,0.0,0.0,0.0
165.6875923585892,-5.656763533722534,11.234673366834171,0.0,0.0,0.0
165.70755300432873,-5.616528126827199,11.238693467336683,0.0,0.0,0.0
165.72751089327883,-5.576292042717571,11.242713567839196,0.0,0.0,0.0
165.7474660456453,-5.536055286368536,11.246733668341706,0.0,0.0,0.0
165.76741848162422,-5.4958178627523635,11.250753768844222,0.0,0.0,0.0
165.78736822140226,-5.455579776838743,11.254773869346732,0.0,0.0,0.0
165.80731528515665,-5.415341033594797,11.258793969849247,0.0,0.0,0.0
165.82725969305508,-5.375101637985093,11.262814070351757,0.0,0.0,0.0
165.84720146525612,-5.334861594971675,11.26683417085427,0.0,0.0,0.0
165.86714062190893,-5.294620909514079,11.270854271356782,0.0,0.0,0.0
165.88707718315362,-5.254379586569348,11.274874371859298,0.0,0.0,0.0
165.90701116912118,-5.21413763109206,11.27889447236181,0.0,0.0,0.0
165.92694259993357,-5.17389504803434,11.282914572864321,0.0,0.0,0.0
165.94687149570376,-5.133651842345884,11.286934673366835,0.0,0.0,0.0
165.9667978765359,-5.0934080189739745,11.290954773869348,0.0,0.0,0.0
165.9867217625253,-5.053163582863505,11.29497487437186,0.0,0.0,0.0
166.0066431737585,-5.012918538956996,11.298994974874372,0.0,0.0,0.0
166.02656213031347,-4.97267289219462,11.303015075376885,0.0,0.0,0.0
166.04647865225945,-4.932426647514207,11.307035175879397,0.0,0.0,0.0
166.06639275965728,-4.8921798098512825,11.311055276381909,0.0,0.0,0.0
166.08630447255928,-4.851932384139074,11.315075376884423,0.0,0.0,0.0
166.10621381100938,-4.811684375308531,11.319095477386934,0.0,0.0,0.0
166.12612079504325,-4.771435788288356,11.32311557788945,0.0,0.0,0.0
166.1460254446883,-4.731186628005008,11.327135678391961,0.0,0.0,0.0
166.1659277799637,-4.690936899382732,11.331155778894471,0.0,0.0,0.0
166.18582782088063,-4.650686607343578,11.335175879396983,0.0,0.0,0.0
166.20572558744217,-4.610435756807414,11.339195979899499,0.0,0.0,0.0
166.22562109964352,-4.570184352691952,11.343216080402009,0.0,0.0,0.0
166.2455143774719,-4.529932399912764,11.347236180904524,0.0,0.0,0.0
166.26540544090673,-4.489679903383302,11.351256281407036,0.0,0.0,0.0
166.28529430991975,-4.449426868014918,11.355276381909547,0.0,0.0,0.0
166.30518100447497,-4.409173298716877,11.35929648241206,0.0,0.0,0.0
166.32506554452883,-4.368919200396391,11.363316582914575,0.0,0.0,0.0
166.34494795003022,-4.328664577958623,11.367336683417085,0.0,0.0,0.0
166.36482824092056,-4.288409436306713,11.3713567839196,0.0,0.0,0.0
166.3847064371339,-4.248153780341796,11.37537688442211,0.0,0.0,0.0
166.4045825585969,-4.207897614963018,11.379396984924623,0.0,0.0,0.0
166.4244566252291,-4.167640945067567,11.383417085427135,0.0,0.0,0.0
166.44432865694276,-4.127383775550679,11.387437185929649,0.0,0.0,0.0
166.464198673643,-4.08712611130566,11.39145728643216,0.0,0.0,0.0
166.484066695228,-4.04686795722391,11.395477386934672,0.0,0.0,0.0
166.50393274158893,-4.006609318194937,11.399497487437186,0.0,0.0,0.0
166.52379683260997,-3.9663501991063765,11.4035175879397,0.0,0.0,0.0
166.54365898816863,-3.9260906048440214,11.40753768844221,0.0,0.0,0.0
166.56351922813556,-3.88583054029182,11.411557788944723,0.0,0.0,0.0
166.5833775723747,-3.845570010331914,11.415577889447237,0.0,0.0,0.0
166.60323404074344,-3.805309019844648,11.419597989949748,0.0,0.0,0.0
166.62308865309257,-3.7650475737085904,11.423618090452262,0.0,0.0,0.0
166.64294142926641,-3.7247856768005545,11.427638190954776,0.0,0.0,0.0
166.6627923891029,-3.684523333995617,11.431658291457286,0.0,0.0,0.0
166.6826415524336,-3.6442605501671337,11.4356783919598,0.0,0.0,0.0
166.70248893908376,-3.6039973301867616,11.43969849246231,0.0,0.0,0.0
166.72233456887255,-3.5637336789244762,11.443718592964824,0.0,0.0,0.0
166.74217846161292,-3.523469601248589,11.447738693467338,0.0,0.0,0.0
166.76202063711176,-3.483205102025777,11.451758793969852,0.0,0.0,0.0
166.78186111517,-3.4429401861210827,11.45577889447236,0.0,0.0,0.0
166.80169991558256,-3.4026748583979516,11.459798994974875,0.0,0.0,0.0
166.82153705813866,-3.3624091237182387,11.463819095477387,0.0,0.0,0.0
166.84137256262161,-3.3221429869422323,11.467839195979897,0.0,0.0,0.0
166.86120644880904,-3.2818764529286724,11.471859296482412,0.0,0.0,0.0
166.88103873647296,-3.2416095265347717,11.475879396984922,0.0,0.0,0.0
166.90086944537975,-3.201342212616226,11.479899497487438,0.0,0.0,0.0
166.9206985952904,-3.1610745160272513,11.483919597989951,0.0,0.0,0.0
166.94052620596025,-3.120806441620574,11.487939698492463,0.0,0.0,0.0
166.96035229713948,-3.0805379942474787,11.491959798994975,0.0,0.0,0.0
166.98017688857286,-3.0402691787578116,11.495979899497488,0.0,0.0,0.0
167.0,-3.0000000000000013,11.5,0.0,0.0,0.0
