galstreams/tracks/track.st.C-8.ibata2021.ecsv
# %ECSV 0.9
# ---
# datatype:
# - {name: ra, unit: deg, datatype: float64}
# - {name: dec, unit: deg, datatype: float64}
# - {name: distance, unit: kpc, datatype: float64}
# - {name: pm_ra_cosdec, unit: mas / yr, datatype: float64}
# - {name: pm_dec, unit: mas / yr, datatype: float64}
# - {name: radial_velocity, unit: km / s, datatype: float64}
# delimiter: ','
# meta: !!omap
# - __serialized_columns__:
#     dec:
#       __class__: astropy.coordinates.angles.Latitude
#       unit: &id001 !astropy.units.Unit {unit: deg}
#       value: !astropy.table.SerializedColumn {name: dec}
#     distance:
#       __class__: astropy.coordinates.distances.Distance
#       unit: !astropy.units.Unit {unit: kpc}
#       value: !astropy.table.SerializedColumn {name: distance}
#     pm_dec:
#       __class__: astropy.units.quantity.Quantity
#       unit: !astropy.units.Unit {unit: mas / yr}
#       value: !astropy.table.SerializedColumn {name: pm_dec}
#     pm_ra_cosdec:
#       __class__: astropy.units.quantity.Quantity
#       unit: !astropy.units.Unit {unit: mas / yr}
#       value: !astropy.table.SerializedColumn {name: pm_ra_cosdec}
#     ra:
#       __class__: astropy.coordinates.angles.Longitude
#       unit: *id001
#       value: !astropy.table.SerializedColumn {name: ra}
#       wrap_angle: !astropy.coordinates.Angle
#         unit: *id001
#         value: 360.0
#     radial_velocity:
#       __class__: astropy.units.quantity.Quantity
#       unit: !astropy.units.Unit {unit: km / s}
#       value: !astropy.table.SerializedColumn {name: radial_velocity}
# schema: astropy-2.0
ra,dec,distance,pm_ra_cosdec,pm_dec,radial_velocity
[from data line 279]
339.0829065128343,-79.45628720947279,3.652809983275543,8.519644184145214,6.3108692448968275,-7.157652060391487e-14
339.0999203777033,-79.44690048724894,3.6521134806754203,8.518773834974864,6.313758974077574,-5.894536990910637e-14
339.11682519017654,-79.43751048592827,3.651412694630259,8.517910026361125,6.316635264529887,-7.157652060391487e-14
339.1336215567659,-79.42811723050563,3.6507076487826167,8.517052710021314,6.319498177270262,-6.315575347404254e-14
339.15031008214527,-79.41872074579418,3.6499983667750544,8.516201837732648,6.3223477729999304,-7.578690416885104e-14
339.16689136915375,-79.4093210564273,3.6492848722501323,8.515357361333201,6.325184112106008,-7.157652060391487e-14
339.1833660187996,-79.39991818685988,3.648567188850411,8.514519232722714,6.3280072546627455,-5.894536990910637e-14
339.19973463026344,-79.39051216137017,3.6478453402184505,8.513687403863505,6.330817260432604,-5.4734986344170195e-14
339.21599780090247,-79.38110300406096,3.6471193499968098,8.512861826781277,6.333614188867544,-5.0524602779234026e-14
339.23215612625364,-79.37169073886159,3.646389241828051,8.512042453565977,6.336398099110104,-5.0524602779234026e-14
339.2482102000378,-79.3622753895289,3.6456550393547325,8.511229236372584,6.339169049994664,-4.631421921429786e-14
339.264160614163,-79.3528569796494,3.644916766219416,8.510422127421947,6.341927100048511,-5.4734986344170195e-14
339.2800079587288,-79.34343553264013,3.64417444606466,8.509621079001537,6.344672307493119,-6.73661370389787e-14
339.2957528220297,-79.33401107175074,3.643428102533026,8.508826043466252,6.347404730245232,-7.999728773378721e-14
339.3113957905594,-79.32458362006443,3.642677759267075,8.50803697323915,6.350124425918084,-5.4734986344170195e-14
339.32693744901417,-79.3151532005,3.641923439909364,8.507253820812238,6.352831451822526,-5.4734986344170195e-14
339.3423783802973,-79.30571983581272,3.6411651681024573,8.506476538747158,6.355525864968206,-4.631421921429786e-14
339.35771916552267,-79.29628354859635,3.640402967488912,8.505705079675957,6.3582077220647095,-8.420767129872338e-14
339.37296038401917,-79.28684436128405,3.6396368617112884,8.504939396301742,6.360877079522779,-8.420767129872338e-14
339.3881026133342,-79.27740229615034,3.638866874412148,8.504179441399437,6.363533993455362,-5.894536990910637e-14
339.40314642923806,-79.26795737531206,3.638093029234051,8.503425167816424,6.366178519678858,-7.578690416885104e-14
339.418092405728,-79.25850962073017,3.637315349819557,8.502676528473227,6.368810713714211,-6.315575347404254e-14
339.4329411150322,-79.2490590542108,3.6365338598112262,8.501933476364172,6.3714306307881,-5.4734986344170195e-14
339.4476931276137,-79.23960569740701,3.6357485828516185,8.501195964558054,6.374038325834014,-6.315575347404254e-14
339.46234901217537,-79.2301495718198,3.634959542583294,8.500463946198726,6.37663385349349,-5.894536990910637e-14
339.47690933566287,-79.22069069879987,3.6341667626488148,8.499737374505768,6.379217268117154,-5.4734986344170195e-14
339.49137466326994,-79.2112290995486,3.6333702666907386,8.499016202775067,6.381788623765939,-4.631421921429786e-14
339.5057455584419,-79.20176479511983,3.6325700783516264,8.498300384379458,6.3843479742121465,-7.157652060391487e-14
339.5200225828802,-79.19229780642068,3.6317662212740385,8.497589872769264,6.386895372940629,-7.999728773378721e-14
339.53420629654664,-79.18282815421348,3.6309587191005352,8.49688462147291,6.389430873149884,-6.73661370389787e-14
339.54829725766774,-79.17335585911654,3.630147595473677,8.49618458409747,6.391954527753194,-6.73661370389787e-14
339.56229602273874,-79.16388094160598,3.6293328740360224,8.49548971432925,6.3944663893797475,-6.315575347404254e-14
339.57620314652826,-79.1544034220166,3.6285145784301345,8.494799965934293,6.396966510375735,-5.4734986344170195e-14
339.59001918208253,-79.14492332054336,3.6276927322985704,8.494115292758952,6.399454942805494,-7.157652060391487e-14
339.60374468072956,-79.13544065724284,3.6268673592838923,8.493435648730395,6.401931738452589,-7.578690416885104e-14
339.61738019208394,-79.12595545203413,3.62603848302866,8.492760987857121,6.404396948820945,-5.894536990910637e-14
339.63092626405063,-79.11646772470058,3.625206127175433,8.492091264229488,6.406850625135915,-6.73661370389787e-14
339.64438344283,-79.10697749489054,3.6243703153667726,8.491426432020148,6.409292818345431,-7.157652060391487e-14
339.6577522729218,-79.09748478211912,3.6235310712452367,8.490766445484608,6.411723579121058,-7.157652060391487e-14
339.67103329712995,-79.08798960576897,3.622688418453388,8.490111258961642,6.414142957859103,-7.999728773378721e-14
339.6842270565666,-79.07849198509192,3.6218423806337867,8.489460826873783,6.416551004681697,-4.631421921429786e-14
339.6973340906569,-79.06899193920985,3.6209929814289903,8.488815103727793,6.418947769437896,-5.4734986344170195e-14
339.71035493714345,-79.05948948711627,3.620140244481562,8.48817404411507,6.421333301704751,-5.0524602779234026e-14
339.7232901320907,-79.04998464767709,3.6192841934340603,8.487537602712107,6.423707650788385,-5.894536990910637e-14
339.73614020988947,-79.0404774396323,3.618424851929045,8.486905734280946,6.426070865725076,-4.631421921429786e-14
339.7489057032616,-79.03096788159667,3.617562243609078,8.486278393669526,6.428422995282321,-7.578690416885104e-14
339.7615871432643,-79.0214559920614,3.6166963921167183,8.485655535812176,6.430764087959911,-5.0524602779234026e-14
339.7741850592949,-79.01194178939488,3.615827321094526,8.485037115729943,6.433094191990997,-7.157652060391487e-14
339.78669997909515,-79.00242529184419,3.6149550541850624,8.484423088531036,6.435413355343114,-6.315575347404254e-14
339.7991324287561,-78.99290651753593,3.614079615030886,8.483813409411184,6.437721625719301,-7.157652060391487e-14
339.81148293272224,-78.9833854844777,3.613201027274557,8.483208033654021,6.44001905055908,-6.315575347404254e-14
339.8237520137967,-78.9738622105589,3.612319314558638,8.482606916631434,6.442305677039587,-7.157652060391487e-14
339.8359401931452,-78.96433671355221,3.611434500525687,8.482010013803965,6.44458155207652,-5.894536990910637e-14
339.84804799030104,-78.95480901111428,3.610546608818265,8.481417280721107,6.446846722325258,-8.420767129872338e-14
339.86007592316975,-78.94527912078733,3.6096556630789314,8.480828673021689,6.449101234181869,-6.73661370389787e-14
339.8720245080334,-78.93574705999978,3.608761686950247,8.48024414643418,6.451345133784131,-7.157652060391487e-14
339.88389425955546,-78.92621284606774,3.607864704074771,8.47966365677705,6.453578467012563,-4.631421921429786e-14
339.8956856907854,-78.91667649619575,3.6069647380950665,8.479087159959052,6.455801279491472,-5.894536990910637e-14
339.90739931316324,-78.9071380274782,3.606061812653691,8.478514611979579,6.458013616589935,-7.578690416885104e-14
339.9190356365245,-78.89759745689997,3.6051559513932045,8.477945968928902,6.460215523422873,-5.894536990910637e-14
339.9305951691041,-78.88805480133803,3.6042471779561684,8.477381186988552,6.462407044851979,-8.420767129872338e-14
339.9420784175421,-78.87851007756187,3.603335515985142,8.476820222431524,6.4645882254868114,-6.73661370389787e-14
339.9534858868874,-78.8689633022352,3.6024209891226877,8.476263031622633,6.466759109685723,-6.73661370389787e-14
339.96481808060287,-78.85941449191638,3.601503621011362,8.475709571018745,6.468919741556921,-7.578690416885104e-14
339.9760755005701,-78.84986366305978,3.600583435293729,8.475159797169049,6.471070164959436,-8.420767129872338e-14
339.98725864709377,-78.84031083201683,3.599660455612345,8.47461366671535,6.4732104235040895,-6.73661370389787e-14
339.9983680189065,-78.83075601503677,3.5987347056097727,8.474071136392288,6.475340560554522,-5.4734986344170195e-14
340.0094041131733,-78.821199228268,3.5978062089285716,8.473532163027617,6.47746061922814,-7.578690416885104e-14
340.02036742549683,-78.81164048775865,3.596874989211301,8.472996703542417,6.479570642397141,-6.73661370389787e-14
340.0312584499214,-78.80207980945804,3.595941070100523,8.472464714951355,6.481670672689414,-7.578690416885104e-14
340.0420776789381,-78.79251720921715,3.595004475238797,8.471936154362899,6.483760752489597,-7.578690416885104e-14
340.0528256034893,-78.78295270279014,3.594065228268683,8.47141097897956,6.485840923939958,-6.315575347404254e-14
340.0635027129734,-78.7733863058347,3.5931233528327398,8.470889146098084,6.487911228941426,-5.4734986344170195e-14
340.07410949524944,-78.76381803391367,3.5921788725735304,8.47037061310969,6.489971709154485,-3.368306851948935e-14
340.08464643664206,-78.75424790249531,3.591231811133613,8.469855337500247,6.4920224060001885,-5.894536990910637e-14
340.0951140219456,-78.74467592695481,3.5902821921555486,8.469343276850504,6.494063360661051,-6.315575347404254e-14
340.1055127344296,-78.7351021225748,3.5893300392818963,8.468834388836253,6.496094614082052,-6.73661370389787e-14
340.1158430558429,-78.72552650454664,3.588375376155217,8.468328631228545,6.4981162069715,-6.73661370389787e-14
340.1261054664185,-78.7159490879709,3.587418226418072,8.467825961893839,6.500128179802044,-6.315575347404254e-14
340.1363004448781,-78.70636988785876,3.5864586137130194,8.467326338794232,6.502130572811547,-7.157652060391487e-14
340.14642846843736,-78.69678891913242,3.585496561682621,8.466829719987556,6.504123426004055,-5.0524602779234026e-14
340.15649001280974,-78.68720619662645,3.584532093969435,8.466336063627631,6.506106779150672,-4.631421921429786e-14
340.16648555221184,-78.67762173508824,3.583565234216024,8.465845327964338,6.508080671790533,-5.4734986344170195e-14
340.1764155593678,-78.66803554917928,3.5825960060649464,8.465357471343857,6.5100451432316735,-6.315575347404254e-14
340.1862805055143,-78.65844765347569,3.581624433158765,8.464872452208729,6.512000232551971,-7.157652060391487e-14
340.19608086040444,-78.64885806246936,3.5806505391400356,8.464390229098107,6.513945978600007,-7.578690416885104e-14
340.2058170923136,-78.6392667905685,3.5796743476513218,8.463910760647785,6.515882419996029,-7.157652060391487e-14
340.2154896680431,-78.62967385209886,3.578695882335182,8.463434005590436,6.517809595132781,-6.73661370389787e-14
340.22509905292543,-78.62007926130421,3.577715166834178,8.462959922755644,6.519727542176456,-7.578690416885104e-14
340.2346457108286,-78.61048303234746,3.5767322247908697,8.462488471070142,6.521636299067524,-8.420767129872338e-14
340.2441301041612,-78.60088517931118,3.5757470798478166,8.462019609557817,6.523535903521672,-7.157652060391487e-14
340.2535526938766,-78.59128571619885,3.574759755647578,8.461553297339918,6.52542639303065,-6.73661370389787e-14
340.2629139394779,-78.58168465693514,3.5737702758327154,8.461089493635122,6.52730780486314,-6.315575347404254e-14
340.2722142990228,-78.57208201536724,3.572778664045789,8.460628157759647,6.529180176065662,-3.789345208442552e-14
340.2814542291274,-78.56247780526525,3.571784943929359,8.460169249127379,6.531043543463385,-6.73661370389787e-14
340.2906341849721,-78.5528720403231,3.5707891391259854,8.45971272724993,6.532897943661067,-7.999728773378721e-14
340.299754620305,-78.54326473415952,3.569791273278226,8.459258551736784,6.534743413043822,-7.157652060391487e-14
340.3088159874475,-78.53365590031845,3.568791370028645,8.458806682295345,6.536579987778043,-5.894536990910637e-14
340.3178187372983,-78.52404555227028,3.5677894530198007,8.458357078731048,6.538407703812215,-6.73661370389787e-14
340.32676331933845,-78.51443370341204,3.566785545894253,8.457909700947429,6.540226596877774,-7.999728773378721e-14
340.3356501816356,-78.50482036706872,3.5657796722945623,8.457464508946222,6.542036702489935,-5.894536990910637e-14
340.34447977084903,-78.49520555649356,3.564771855863288,8.457021462827408,6.543838055948565,-5.894536990910637e-14
340.35325253223385,-78.48558928486916,3.5637621202429925,8.456580522789313,6.545630692338932,-6.315575347404254e-14
340.36196890964595,-78.4759715653079,3.562750489076235,8.456141649128657,6.547414646532649,-7.578690416885104e-14
340.3706293455464,-78.46635241085293,3.561736986005575,8.455704802240632,6.549189953188387,-7.157652060391487e-14
340.37923428100606,-78.45673183447865,3.560721634673572,8.45526994261894,6.550956646752779,-7.157652060391487e-14
340.3877841557102,-78.44710984909172,3.559704458722788,8.454837030855884,6.5527147614611545,-7.157652060391487e-14
340.3962794079633,-78.43748646753136,3.558685481795782,8.45440602764239,6.554464331338436,-4.631421921429786e-14
340.4047204746929,-78.42786170257058,3.5576647275351148,8.453976893768086,6.556205390199868,-7.157652060391487e-14
340.41310779145545,-78.41823556691631,3.5566422195833467,8.453549590121295,6.5579379716518895,-5.894536990910637e-14
340.4214417924393,-78.40860807321056,3.5556179815830364,8.453124077689171,6.559662109092859,-5.0524602779234026e-14
340.42972291047056,-78.39897923403073,3.554592037176746,8.452700317557635,6.561377835713902,-7.999728773378721e-14
340.4379515770171,-78.38934906189068,3.5535644100070343,8.452278270911489,6.563085184499694,-7.157652060391487e-14
340.446128222193,-78.37971756924092,3.552535123716462,8.451857899034403,6.564784188229226,-3.368306851948935e-14
340.4542532747631,-78.37008476846982,3.5515042019475898,8.45143916330899,6.566474879476568,-7.578690416885104e-14
340.4623271621481,-78.36045067190366,3.5504716683429773,8.451022025216773,6.568157290611738,-7.578690416885104e-14
340.4703503104281,-78.35081529180789,3.5494375465451844,8.45060644633828,6.569831453801344,-6.315575347404254e-14
340.47832314434794,-78.34117864038724,3.5484018601967713,8.45019238835301,6.571497401009456,-6.315575347404254e-14
340.48624608732126,-78.33154072978684,3.5473646329402992,8.449779813039482,6.573155163998321,-6.73661370389787e-14
340.4941195614353,-78.32190157209237,3.5463258884183273,8.449368682275223,6.574804774329159,-6.315575347404254e-14
340.5019439874549,-78.31226117933113,3.5452856502734162,8.448958958036837,6.576446263362849,-4.210383564936169e-14
340.50971978482767,-78.30261956347229,3.5442439421481255,8.448550602399948,6.578079662260773,-5.0524602779234026e-14
340.51744737168764,-78.29297673642782,3.5432007876850165,8.448143577539254,6.579705001985496,-5.0524602779234026e-14
340.5251271648606,-78.28333271005279,3.542156210526648,8.447737845728513,6.581322313301557,-4.631421921429786e-14
340.53275957986784,-78.27368749614632,3.541110234315581,8.447333369340553,6.5829316267761655,-5.894536990910637e-14
340.5403450309309,-78.26404110645178,3.5400628826943765,8.44693011084727,6.584532972779961,-4.210383564936169e-14
340.54788393097596,-78.25439355265766,3.5390141793055925,8.446528032819627,6.586126381487766,-5.4734986344170195e-14
340.5553766916384,-78.24474484639816,3.5379641477917905,8.44612709792766,6.587711882879262,-5.894536990910637e-14
340.56282372326694,-78.23509499925352,3.5369128117955317,8.445727268940438,6.589289506739761,-5.894536990910637e-14
340.5702254349282,-78.22544402275093,3.535860194959374,8.44532850872611,6.590859282660897,-7.157652060391487e-14
340.5775822344113,-78.21579192836474,3.534806320925879,8.44493078025182,6.592421240041375,-6.315575347404254e-14
340.5848945282317,-78.20613872751734,3.533751213337607,8.444534046583778,6.593975408087631,-5.0524602779234026e-14
340.5921627216362,-78.19648443157946,3.5326948958371176,8.444138270887173,6.595521815814588,-8.420767129872338e-14
340.5993872186069,-78.18682905187096,3.531637392066971,8.443743416426194,6.597060492046351,-5.4734986344170195e-14
340.6065684218658,-78.17717259966105,3.530578725669727,8.443349446564,6.598591465416879,-5.4734986344170195e-14
340.6137067328789,-78.16751508616925,3.5295189202879476,8.442956324762706,6.600114764370709,-7.157652060391487e-14
340.6208025518608,-78.15785652256545,3.5284579995641905,8.442564014583327,6.601630417163668,-6.73661370389787e-14
340.6278562777789,-78.1481969199709,3.527395987141018,8.442172479685805,6.603138451863498,-4.210383564936169e-14
340.63486830835774,-78.1385362894583,3.5263329066609885,8.441781683828946,6.604638896350606,-5.894536990910637e-14
