galstreams/tracks/track.st.Fimbulthul.ibata2021.ecsv
# %ECSV 1.0
# ---
# datatype:
# - {name: ra, unit: deg, datatype: float64}
# - {name: dec, unit: deg, datatype: float64}
# - {name: distance, unit: kpc, datatype: float64}
# - {name: pm_ra_cosdec, unit: mas / yr, datatype: float64}
# - {name: pm_dec, unit: mas / yr, datatype: float64}
# - {name: radial_velocity, unit: km / s, datatype: float64}
# delimiter: ','
# meta: !!omap
# - __serialized_columns__:
#     dec:
#       __class__: astropy.coordinates.angles.Latitude
#       unit: &id001 !astropy.units.Unit {unit: deg}
#       value: !astropy.table.SerializedColumn {name: dec}
#     distance:
#       __class__: astropy.coordinates.distances.Distance
#       unit: !astropy.units.Unit {unit: kpc}
#       value: !astropy.table.SerializedColumn {name: distance}
#     pm_dec:
#       __class__: astropy.units.quantity.Quantity
#       unit: !astropy.units.Unit {unit: mas / yr}
#       value: !astropy.table.SerializedColumn {name: pm_dec}
#     pm_ra_cosdec:
#       __class__: astropy.units.quantity.Quantity
#       unit: !astropy.units.Unit {unit: mas / yr}
#       value: !astropy.table.SerializedColumn {name: pm_ra_cosdec}
#     ra:
#       __class__: astropy.coordinates.angles.Longitude
#       unit: *id001
#       value: !astropy.table.SerializedColumn {name: ra}
#       wrap_angle: !astropy.coordinates.Angle
#         unit: *id001
#         value: 360.0
#     radial_velocity:
#       __class__: astropy.units.quantity.Quantity
#       unit: !astropy.units.Unit {unit: km / s}
#       value: !astropy.table.SerializedColumn {name: radial_velocity}
# schema: astropy-2.0
ra,dec,distance,pm_ra_cosdec,pm_dec,radial_velocity
[from data line 1703]
202.03282895655659,-25.74885320130223,4.046059017898205,-11.334265168970415,-9.513349044114847,152.32739545464318
202.04163021313792,-25.742803245699204,4.04465270471579,-11.341292490744841,-9.515916935177803,152.3184583906413
202.0504347673212,-25.736758263153423,4.043246598440359,-11.34832177634907,-9.518485310376212,152.30943588169853
202.0592426231735,-25.73071825733892,4.041840701014504,-11.355353021159239,-9.521054168509307,152.30032766435562
202.06805378476298,-25.724683231928797,4.040435014380807,-11.362386220551873,-9.523623508375543,152.29113347515352
202.0768682561588,-25.71865319059529,4.039029540481856,-11.369421369903877,-9.526193328772582,152.28185305063292
202.08568604143107,-25.71262813700975,4.037624281260235,-11.376458464592556,-9.528763628497305,152.27248612733484
202.09450714465083,-25.70660807484265,4.036219238658529,-11.383497499995585,-9.531334406345794,152.2630324418001
202.1033315698903,-25.700593007763548,4.034814414619327,-11.39053847149101,-9.533905661113344,152.25349173056964
202.11215932122235,-25.69458293944121,4.033409811085212,-11.3975813744573,-9.536477391594463,152.2438637301842
202.12099040272116,-25.688577873543434,4.03200542999877,-11.404626204273281,-9.539049596582883,152.2341481771846
202.12982481846177,-25.682577813737158,4.0306012733025876,-11.411672956318167,-9.541622274871525,152.22434480811194
202.13866257252025,-25.676582763688437,4.02919734293925,-11.418721625971557,-9.54419542525254,152.21445335950676
202.14750366897363,-25.670592727062445,4.0277936408513435,-11.42577220861344,-9.546769046517289,152.20447356791016
202.15634811189997,-25.66460770752344,4.026390168981451,-11.432824699624181,-9.549343137456347,152.19440516986293
202.16519590537825,-25.65862770873488,4.0249869292721625,-11.439879094384528,-9.551917696859485,152.1842479019059
202.1740470534885,-25.65265273435927,4.023583923666061,-11.446935388275628,-9.554492723515706,152.17400150058003
202.18290156031182,-25.64668278805823,4.022181154105734,-11.453993576678991,-9.557068216213214,152.163665702426
202.19175942993022,-25.640717873492523,4.020778622533766,-11.461053654976524,-9.559644173739438,152.15324024398478
202.2006206664267,-25.634757994321994,4.019376330892743,-11.46811561855052,-9.562220594881012,152.14272486179732
202.20948527388532,-25.62880315420564,4.017974281125249,-11.475179462783643,-9.564797478423786,152.13211929240424
202.21835325639114,-25.622853356801514,4.016572475173872,-11.482245183058943,-9.567374823152822,152.12142327234673
202.22722461803016,-25.616908605766877,4.015170914981198,-11.489312774759869,-9.569952627852393,152.11063653816527
202.23609936288943,-25.61096890475803,4.013769602489811,-11.496382233270232,-9.572530891305986,152.09975882640111
202.24497749505704,-25.605034257430397,4.0123685396422974,-11.503453553974254,-9.575109612296314,152.08878987359486
202.25385901862205,-25.599104667438517,4.010967728381243,-11.510526732256503,-9.577688789605293,152.07772941628733
202.26274393767451,-25.593180138436058,4.009567170649233,-11.517601763501958,-9.580268422014054,152.06657719101952
202.2716322563055,-25.5872606740758,4.008166868388855,-11.52467864309597,-9.58284850830294,152.05533293433228
202.2805239786072,-25.58134627800957,4.0067668235426925,-11.531757366424277,-9.585429047251528,152.04399638276644
202.28941910867258,-25.575436953888442,4.005367038053333,-11.538837928872997,-9.588010037638579,152.03256727286293
202.2983176505958,-25.569532705362484,4.00396751386336,-11.545920325828636,-9.590591478242084,152.02104534116256
202.30721960847208,-25.56363353608091,4.00256825291536,-11.553004552678082,-9.59317336783926,152.00943032420608
202.31612498639748,-25.55773944969205,4.001169257151921,-11.560090604808593,-9.595755705206525,151.99772195853447
202.32503378846923,-25.55185044984335,3.999770528515626,-11.567178477607824,-9.598338489119518,151.98591998068864
202.33394601878544,-25.545966540181354,3.998372068949061,-11.574268166463808,-9.600921718353089,151.97402412720928
202.3428616814454,-25.540087724351686,3.996973880394813,-11.58135966676495,-9.603505391681313,151.96203413463743
202.3517807805493,-25.53421400599918,3.995575964795468,-11.588452973900068,-9.606089507877467,151.9499497395139
202.36070332019835,-25.528345388767686,3.99417832409361,-11.595548083258322,-9.608674065714059,151.93777067837942
202.36962930449488,-25.52248187630018,3.9927809602318245,-11.602644990229287,-9.611259063962807,151.92549668777505
202.37855873754214,-25.516623472238777,3.9913838751527,-11.609743690202892,-9.613844501394642,151.91312750424152
202.38749162344448,-25.51077018022468,3.9899870707988194,-11.616844178569474,-9.616430376779716,151.90066286431974
202.39642796630727,-25.504922003898155,3.9885905491127702,-11.623946450719728,-9.6190166888874,151.88810250455055
202.40536777023678,-25.49907894689871,3.987194312037137,-11.631050502044756,-9.621603436486277,151.87544616147488
202.4143110393405,-25.49324101286483,3.985798361514505,-11.638156327936025,-9.624190618344155,151.8626935716334
202.42325777772683,-25.487408205434157,3.984402699487462,-11.645263923785379,-9.626778233228041,151.84984447156717
202.43220798950526,-25.481580528243438,3.9830073278985916,-11.65237328498506,-9.629366279904188,151.83689859781688
202.44116167878624,-25.47575798492853,3.9816122486904812,-11.659484406927676,-9.63195475713804,151.82385568692368
202.45011884968133,-25.469940579124387,3.9802174638057153,-11.666597285006228,-9.63454366369428,151.81071547542805
202.4590795063031,-25.464128314465043,3.97882297518688,-11.673711914614087,-9.637132998336796,151.7974776998711
202.4680436527651,-25.458321194583736,3.9774287847765613,-11.680828291145014,-9.6397227598287,151.78414209679366
202.47701129318193,-25.452519223112713,3.976034894517346,-11.687946409993149,-9.642312946932314,151.7707084027365
202.48598243166933,-25.446722403683367,3.974641306351817,-11.695066266553013,-9.644903558409194,151.75717635424064
202.494957072344,-25.440930739926184,3.973248022222562,-11.702187856219501,-9.647494593020108,151.74354568784676
202.50393521932367,-25.43514423547076,3.9718550440721656,-11.7093111743879,-9.650086049525036,151.72981614009586
202.51291687672716,-25.42936289394575,3.970462373843215,-11.716436216453863,-9.652677926683197,151.71598744752862
202.5219020486742,-25.423586718979042,3.9690700134782952,-11.723562977813438,-9.655270223252995,151.70205934668613
202.53089073928578,-25.417815714197513,3.9676779649199903,-11.730691453863058,-9.657862937992098,151.6880315741091
202.5398829526837,-25.412049883227166,3.966286230110889,-11.737821639999506,-9.660456069657352,151.67390386633846
202.54887869299105,-25.40628922969313,3.9648948109935755,-11.744953531619975,-9.663049617004853,151.65967595991503
202.55787796433174,-25.400533757219613,3.9635037095106362,-11.75208712412203,-9.66564357878991,151.64534759137973
202.56688077083086,-25.394783469429953,3.9621129276046543,-11.759222412903608,-9.668237953767049,151.63091849727329
202.57588711661458,-25.38903836994655,3.960722467218219,-11.76635939336303,-9.670832740690022,151.61638841413674
202.58489700580992,-25.383298462390982,3.9593323302939134,-11.773498060899005,-9.673427938311786,151.60175707851076
202.5939104425452,-25.37756375038386,3.9579425187743245,-11.780638410910615,-9.676023545384542,151.58702422693634
202.60292743094956,-25.371834237544924,3.9565530346020386,-11.787780438797313,-9.678619560659694,151.5721895959543
202.61194797515344,-25.366109927493,3.9551638797196396,-11.794924139958955,-9.681215982887885,151.55725292210553
202.62097207928812,-25.360390823846043,3.9537750560697145,-11.802069509795745,-9.683812810818967,151.5422139419309
202.62999974748607,-25.354676930221082,3.952386565594849,-11.809216543708288,-9.686410043202024,151.5270723919712
202.63903098388076,-25.348968250234226,3.9509984102376277,-11.81636523709756,-9.689007678785353,151.51182800876725
202.6480657926067,-25.343264787500797,3.9496105919406377,-11.823515585364923,-9.691605716316477,151.49648052886008
202.65710417779943,-25.337566545635088,3.948223112646464,-11.830667583912117,-9.694204154542138,151.48102968879058
202.6661461435957,-25.331873528250554,3.946835974297694,-11.837821228141244,-9.69680299220832,151.46547522509928
202.67519169413325,-25.326185738959733,3.9454491788369097,-11.844976513454814,-9.699402228060213,151.44981687432727
202.68424083355075,-25.320503181374278,3.9440627282066996,-11.852133435255688,-9.702001860842227,151.4340543730155
202.69329356598809,-25.314825859104914,3.9426766243496494,-11.859291988947112,-9.704601889298006,151.4181874577046
202.70234989558617,-25.3091537757615,3.9412908692083426,-11.866452169932728,-9.70720231217042,151.40221586493556
202.71140982648697,-25.303486934952982,3.9399054647253697,-11.873613973616528,-9.709803128201553,151.38613933124932
202.7204733628335,-25.29782534028739,3.9385204128433107,-11.88077739540291,-9.712404336132728,151.36995759318668
202.72954050876993,-25.292168995371856,3.9371357155047546,-11.887942430696635,-9.715005934704479,151.35367038728836
202.73861126844136,-25.286517903812637,3.9357513746522867,-11.895109074902837,-9.71760792265657,151.33727745009534
202.74768564599407,-25.28087206921505,3.9343673922284914,-11.90227732342704,-9.720210298727999,151.32077851814856
202.75676364557535,-25.275231495183533,3.932983770175957,-11.909447171675131,-9.722813061656971,151.30417332798876
202.76584527133363,-25.26959618532162,3.9316005104372658,-11.916618615053402,-9.725416210180938,151.28746161615678
202.77493052741838,-25.263966143231926,3.930217614955007,-11.92379164896848,-9.728019743036564,151.27064311919358
202.78401941798003,-25.258341372516192,3.928835085671764,-11.930966268827405,-9.73062365895974,151.25371757364005
202.79311194717036,-25.252721876775215,3.9274529245301237,-11.938142470037588,-9.733227956685596,151.23668471603682
202.8022081191419,-25.247107659608933,3.926071133472672,-11.945320248006801,-9.735832634948475,151.219544282925
202.81130793804851,-25.241498724616346,3.924689714441992,-11.95249959814321,-9.738437692481952,151.20229601084534
202.820411408045,-25.23589507539556,3.9233086693806727,-11.959680515855343,-9.741043128018834,151.18493963633864
202.8295185332873,-25.23029671554379,3.921928000231298,-11.96686299655212,-9.74364894029115,151.16747489594596
202.83862931793246,-25.224703648657318,3.920547708936454,-11.974047035642823,-9.746255128030157,151.149901526208
202.84774376613854,-25.219115878331554,3.9191677974387282,-11.981232628537114,-9.748861689966343,151.13221926366563
202.8568618820647,-25.213533408160966,3.917788267680701,-11.988419770645054,-9.751468624829434,151.11442784485973
202.86598366987118,-25.20795624173915,3.9164091216049646,-11.99560845737703,-9.754075931348355,151.0965270063312
202.87510913371935,-25.202384382658774,3.915030361154102,-12.002798684143858,-9.756683608251299,151.0785164846209
202.8842382777717,-25.196817834511613,3.9136519882706975,-12.0099904463567,-9.759291654265661,151.06039601626964
202.8933711061916,-25.191256600888533,3.912274004897339,-12.017183739427098,-9.761900068118074,151.04216533781826
202.90250762314383,-25.185700685379476,3.9108964129766104,-12.024378558766978,-9.764508848534401,151.02382418580774
202.91164783279402,-25.1801500915735,3.909519214451099,-12.031574899788634,-9.767117994239742,151.00537229677875
202.92079173930892,-25.174604823058747,3.9081424112633902,-12.038772757904727,-9.76972750395841,150.98680940727235
202.92993934685646,-25.169064883422443,3.9067660053560687,-12.045972128528321,-9.772337376413969,150.96813525382925
202.93909065960563,-25.163530276250928,3.9053899986717213,-12.053173007072822,-9.774947610329203,150.94934957299043
202.9482456817265,-25.15800100512961,3.9040143931529325,-12.060375388952039,-9.77755820442613,150.93045210129662
202.95740441739017,-25.15247707364299,3.9026391907422897,-12.067579269580126,-9.780169157425995,150.9114425752888
202.96656687076896,-25.14695848537467,3.9012643933823776,-12.07478464437164,-9.782780468049282,150.89232073150782
202.97573304603625,-25.141445243907363,3.899890003015781,-12.081991508741503,-9.785392135015709,150.8730863064944
202.98490294736646,-25.135937352822825,3.8985160215850883,-12.089199858104998,-9.788004157044215,150.85373903678965
202.99407657893522,-25.130434815701943,3.897142451032883,-12.096409687877806,-9.790616532852981,150.83427865893415
203.00325394491915,-25.12493763612467,3.895769293301751,-12.10362099347596,-9.793229261159425,150.81470490946896
203.012435049496,-25.119445817670062,3.8943965503342794,-12.11083377031588,-9.795842340680181,150.79501752493493
203.02161989684467,-25.113959363916262,3.893024224073052,-12.11804801381436,-9.798455770131145,150.7752162418728
203.03080849114517,-25.108478278440497,3.891652316460656,-12.12526371938856,-9.801069548227419,150.75530079682352
203.0400008365785,-25.103002564819082,3.890280829439676,-12.132480882456015,-9.80368367368336,150.7352709263279
203.04919693732694,-25.09753222662744,3.8889097649526994,-12.139699498434638,-9.806298145212544,150.71512636692688
203.05839679757375,-25.09206726744005,3.88753912494231,-12.146919562742715,-9.80891296152779,150.69486685516114
203.06760042150333,-25.08660769083051,3.886168911351094,-12.154141070798897,-9.811528121341157,150.67449212757182
203.07680781330123,-25.08115350037148,3.8847991261216386,-12.161364018022216,-9.814143623363927,150.6540019206995
203.08601897715405,-25.075704699634734,3.8834297711965267,-12.168588399832087,-9.816759466306637,150.63339597108526
203.09523391724954,-25.070261292191113,3.882060848518347,-12.175814211648266,-9.819375648879037,150.61267401526993
203.10445263777657,-25.06482328161054,3.880692360029683,-12.18304144889091,-9.821992169790134,150.59183578979415
203.11367514292516,-25.059390671462054,3.879324307673123,-12.19027010698054,-9.824609027748162,150.57088103119904
203.1229014368863,-25.053963465313753,3.8779566933912495,-12.197500181338047,-9.827226221460592,150.54980947602533
203.1321315238523,-25.048541666732827,3.8765895191266493,-12.2047316673847,-9.829843749634138,150.5286208608139
203.1413654080164,-25.04312527928557,3.8752227868219102,-12.211964560542121,-9.832461610974743,150.50731492210576
203.15060309357312,-25.037714306537328,3.873856498419615,-12.219198856232337,-9.835079804187604,150.48589139644145
203.15984458471797,-25.03230875205256,3.872490655862352,-12.226434549877704,-9.837698327977138,150.46435002036205
203.16908988564768,-25.026908619394806,3.871125261092705,-12.233671636900995,-9.840317181047014,150.44269053040844
203.17833900056004,-25.02151391212668,3.869760316053259,-12.240910112725325,-9.84293636210014,150.4209126631214
203.187591933654,-25.016124633809884,3.868395822686603,-12.24814997277418,-9.845555869838652,150.39901615504178
203.1968486891296,-25.01074078800521,3.867031782935319,-12.255391212471434,-9.848175702963944,150.37700074271058
203.20610927118807,-25.005362378272533,3.865668198741996,-12.262633827241313,-9.850795860176632,150.35486616266851
203.2153736840317,-24.9999894081708,3.864305072049218,-12.269877812508428,-9.853416340176585,150.3326121514565
203.22464193186394,-24.994621881258063,3.8629424047995697,-12.277123163697755,-9.856037141662917,150.31023844561528
203.23391401888935,-24.989259801091432,3.8615801989356404,-12.28436987623464,-9.858658263333968,150.2877447816859
203.24318994931363,-24.983903171227123,3.8602184564000113,-12.2916179455448,-9.861279703887327,150.26513089620917
203.25246972734368,-24.978551995220403,3.8588571791352706,-12.298867367054322,-9.863901462019832,150.2423965257258
203.2617533571874,-24.973206276625667,3.8574963690840036,-12.30611813618966,-9.866523536427556,150.21954140677687
203.27104084305392,-24.967866018996354,3.8561360281887973,-12.31337024837764,-9.869145925805816,150.19656527590308
203.2803321891535,-24.962531225884995,3.8547761583922364,-12.320623699045456,-9.871768628849173,150.17346786964538
