galstreams/tracks/track.st.C-7.ibata2024.ecsv
# %ECSV 1.0
# ---
# datatype:
# - {name: ra, unit: deg, datatype: float64}
# - {name: dec, unit: deg, datatype: float64}
# - {name: distance, unit: kpc, datatype: float64}
# - {name: pm_ra_cosdec, unit: mas / yr, datatype: float64}
# - {name: pm_dec, unit: mas / yr, datatype: float64}
# - {name: radial_velocity, unit: km / s, datatype: float64}
# delimiter: ','
# meta: !!omap
# - __serialized_columns__:
#     dec:
#       __class__: astropy.coordinates.angles.Latitude
#       unit: &id001 !astropy.units.Unit {unit: deg}
#       value: !astropy.table.SerializedColumn {name: dec}
#     distance:
#       __class__: astropy.coordinates.distances.Distance
#       unit: !astropy.units.Unit {unit: kpc}
#       value: !astropy.table.SerializedColumn {name: distance}
#     pm_dec:
#       __class__: astropy.units.quantity.Quantity
#       unit: !astropy.units.Unit {unit: mas / yr}
#       value: !astropy.table.SerializedColumn {name: pm_dec}
#     pm_ra_cosdec:
#       __class__: astropy.units.quantity.Quantity
#       unit: !astropy.units.Unit {unit: mas / yr}
#       value: !astropy.table.SerializedColumn {name: pm_ra_cosdec}
#     ra:
#       __class__: astropy.coordinates.angles.Longitude
#       unit: *id001
#       value: !astropy.table.SerializedColumn {name: ra}
#       wrap_angle: !astropy.coordinates.Angle
#         unit: *id001
#         value: 360.0
#     radial_velocity:
#       __class__: astropy.units.quantity.Quantity
#       unit: !astropy.units.Unit {unit: km / s}
#       value: !astropy.table.SerializedColumn {name: radial_velocity}
# schema: astropy-2.0
ra,dec,distance,pm_ra_cosdec,pm_dec,radial_velocity
[from data line 2278]
297.3430229377256,-46.49977529250372,1.0,-11.70933154586752,-14.495340095978314,-28.22896187284034
297.3554455675613,-46.49458848733991,1.0000000000000002,-11.706144256906091,-14.497019090907486,-28.341453852330847
297.36786581685726,-46.48940032556964,1.0000000000000004,-11.702955938875151,-14.498695014180145,-28.45390630658093
297.380283685471,-46.48421080724536,1.0000000000000002,-11.699766593073264,-14.500367864750267,-28.566319264839066
297.39269917326027,-46.4790199324196,1.0000000000000002,-11.696576220798873,-14.502037641572572,-28.67869275635372
297.40511228008296,-46.47382770114493,1.0000000000000002,-11.693384823350247,-14.503704343602578,-28.791026810373268
297.4175230057974,-46.46863411347402,1.0,-11.6901924020255,-14.505367969796598,-28.903321456146262
297.429931350262,-46.46343916945959,1.0,-11.686998958122617,-14.507028519111694,-29.01557672292097
297.44233731333543,-46.458242869154454,1.0000000000000004,-11.68380449293938,-14.508685990505743,-29.12779263994591
297.45474089487675,-46.45304521261144,1.0000000000000002,-11.680609007773443,-14.510340382937393,-29.23996923646948
297.4671420947451,-46.44784619988351,1.0000000000000002,-11.67741250392228,-14.511991695366074,-29.352106541740216
297.4795409128001,-46.442645831023654,1.0000000000000002,-11.674214982683234,-14.513639926752004,-29.464204585006456
297.49193734890133,-46.43744410608495,1.0000000000000002,-11.671016445353466,-14.515285076056166,-29.576263395516712
297.5043314029088,-46.43224102512054,1.0000000000000002,-11.66781689322999,-14.516927142240336,-29.688283002519317
297.51672307468283,-46.42703658818362,1.0000000000000002,-11.66461632760962,-14.518566124267062,-29.800263435262817
297.52911236408386,-46.42183079532748,1.0000000000000002,-11.661414749789056,-14.520202021099681,-29.912204722995586
297.54149927097257,-46.416623646605466,1.0000000000000002,-11.658212161064817,-14.521834831702307,-30.02410689496606
297.55388379520997,-46.411415142070986,1.0000000000000002,-11.655008562733265,-14.523464555039823,-30.135969980422672
297.56626593665743,-46.40620528177751,1.0000000000000002,-11.651803956090555,-14.525091190077907,-30.247794008613965
297.5786456951762,-46.40099406577861,1.0000000000000002,-11.648598342432727,-14.526714735782996,-30.359579008788213
297.59102307062824,-46.39578149412791,1.0000000000000002,-11.64539172305564,-14.528335191122334,-30.47132501019394
297.6033980628753,-46.39056756687907,1.0000000000000002,-11.642184099254985,-14.529952555063893,-30.583032042079545
297.61577067177996,-46.385352284085855,1.0000000000000002,-11.638975472326273,-14.531566826576482,-30.694700133693548
297.6281408972044,-46.380135645802085,1.0000000000000002,-11.635765843564858,-14.533178004629633,-30.806329314284255
297.64050873901147,-46.37491765208165,1.0000000000000004,-11.632555214265922,-14.534786088193691,-30.917919613100228
297.6528741970642,-46.369698302978506,1.0000000000000002,-11.629343585724499,-14.536391076239768,-31.02947105938983
297.6652372712258,-46.36447759854669,1.0000000000000002,-11.626130959235397,-14.537992967739743,-31.140983682401497
297.6775979613598,-46.35925553884029,1.0000000000000002,-11.62291733609331,-14.53959176166627,-31.252457511383675
297.68995626732993,-46.354032123913434,1.0000000000000002,-11.619702717592729,-14.54118745699279,-31.363892575584845
297.70231218900017,-46.34880735382038,1.0000000000000002,-11.616487105027991,-14.542780052693505,-31.47528890425343
297.7146657262347,-46.34358122861542,1.0000000000000002,-11.61327049969323,-14.544369547743392,-31.586646526637793
297.72701687889816,-46.338353748352894,1.0000000000000002,-11.610052902882451,-14.545955941118214,-31.697965471986414
297.7393656468552,-46.33312491308725,1.0000000000000002,-11.606834315889436,-14.547539231794492,-31.80924576954775
297.7517120299709,-46.32789472287296,1.0000000000000002,-11.603614740007815,-14.549119418749543,-31.920487448570235
297.7640560281104,-46.3226631777646,1.0000000000000002,-11.600394176531056,-14.550696500961415,-32.03169053830226
297.77639764113934,-46.31743027781678,1.0000000000000002,-11.597172626752407,-14.552270477408976,-32.14285506799239
297.7887368689233,-46.312196023084205,1.0000000000000002,-11.593950091965002,-14.55384134707182,-32.253981066888855
297.8010737113284,-46.30696041362163,1.0000000000000002,-11.590726573461735,-14.555409108930352,-32.36506856424021
297.8134081682209,-46.30172344948388,1.0000000000000002,-11.587502072535344,-14.55697376196573,-32.47611758929492
297.8257402394673,-46.296485130725834,1.0,-11.584276590478394,-14.558535305159879,-32.58712817130141
297.8380699249342,-46.291245457402475,1.0000000000000002,-11.581050128583279,-14.560093737495478,-32.698100339508024
297.85039722448874,-46.28600442956879,1.0000000000000002,-11.577822688142183,-14.56164905795603,-32.80903412316334
297.86272213799816,-46.2807620472799,1.0000000000000004,-11.574594270447111,-14.563201265525741,-32.91992955151567
297.87504466533,-46.27551831059093,1.0000000000000002,-11.571364876789925,-14.564750359189649,-33.030786653813514
297.8873648063519,-46.27027321955712,1.0,-11.568134508462258,-14.566296337933505,-33.14160545930532
297.8996825609319,-46.265026774233746,1.0,-11.564903166755588,-14.567839200743846,-33.252385997239436
297.9119979289384,-46.25977897467616,1.0000000000000002,-11.56167085296117,-14.569378946607994,-33.36312829686436
297.9243109102397,-46.25452982093977,1.0000000000000002,-11.558437568370122,-14.570915574514029,-33.473832387428594
297.9366215047046,-46.24927931308007,1.0000000000000002,-11.555203314273358,-14.572449083450795,-33.58449829818048
297.9489297122022,-46.244027451152576,1.0,-11.551968091961587,-14.573979472407895,-33.695126058368494
297.9612355326017,-46.23877423521294,1.0000000000000002,-11.548731902725342,-14.57550674037571,-33.80571569724106
297.97353896577243,-46.233519665316805,1.0000000000000002,-11.545494747854992,-14.577030886345378,-33.916267244046594
297.9858400115844,-46.22826374151992,1.0000000000000002,-11.542256628640674,-14.578551909308803,-34.02678072803356
297.9981386699075,-46.22300646387809,1.0000000000000002,-11.539017546372374,-14.580069808258665,-34.13725617845042
298.01043494061196,-46.21774783244718,1.0000000000000002,-11.535777502339858,-14.581584582188395,-34.24769362454552
298.02272882356834,-46.212487847283114,1.0000000000000002,-11.532536497832716,-14.583096230092194,-34.358093095567405
298.03502031864735,-46.207226508441906,1.0000000000000002,-11.529294534140343,-14.584604750965035,-34.46845462076445
298.04730942571996,-46.20196381597961,1.0000000000000002,-11.52605161255196,-14.586110143802626,-34.578778229385094
298.05959614465746,-46.196699769952346,1.0000000000000002,-11.52280773435655,-14.58761240760147,-34.68906395067781
298.07188047533134,-46.19143437041631,1.0000000000000002,-11.519562900842933,-14.589111541358818,-34.799311813890974
298.08416241761336,-46.186167617427735,1.0000000000000002,-11.516317113299742,-14.590607544072679,-34.909521848273094
298.09644197137544,-46.18089951104297,1.0000000000000002,-11.513070373015417,-14.592100414741829,-35.01969408307251
298.10871913648987,-46.17563005131837,1.0000000000000002,-11.509822681278163,-14.59359015236581,-35.129828547537734
298.12099391282925,-46.1703592383104,1.0000000000000002,-11.50657403937602,-14.595076755944916,-35.239925270917205
298.13326630026614,-46.165087072075536,1.0,-11.503324448596832,-14.596560224480207,-35.34998428245935
298.1455362986737,-46.159813552670364,1.0000000000000002,-11.500073910228243,-14.598040556973496,-35.46000561141258
298.157803907925,-46.15453868015153,1.0000000000000002,-11.496822425557687,-14.599517752427358,-35.56998928702531
298.1700691278936,-46.149262454575705,1.0000000000000002,-11.493569995872406,-14.60099180984514,-35.679935338546024
298.18233195845335,-46.14398487599967,1.0000000000000002,-11.490316622459439,-14.60246272823093,-35.789843795223156
298.19459239947815,-46.13870594448024,1.0000000000000002,-11.487062306605615,-14.60393050658959,-35.89971468630515
298.2068504508422,-46.13342566007428,1.0000000000000002,-11.483807049597603,-14.605395143926717,-36.00954804104044
298.21910611242,-46.12814402283879,1.0000000000000002,-11.480550852721816,-14.606856639248686,-36.11934388867739
298.2313593840863,-46.12286103283072,1.0000000000000002,-11.477293717264502,-14.608314991562626,-36.22910225846451
298.2436102657161,-46.11757669010718,1.0000000000000002,-11.474035644511684,-14.609770199876419,-36.33882317965021
298.2558587571847,-46.11229099472527,1.0,-11.470776635749182,-14.611222263198714,-36.448506681482975
298.26810485836734,-46.10700394674224,1.0000000000000002,-11.467516692262643,-14.612671180538877,-36.558152793211164
298.28034856913996,-46.10171554621531,1.0000000000000002,-11.464255815337465,-14.614116950907084,-36.667761544083305
298.2925898893785,-46.0964257932018,1.0000000000000002,-11.460994006258865,-14.615559573314233,-36.777332963347696
298.30482881895915,-46.091134687759116,1.0000000000000002,-11.45773126631184,-14.616999046771983,-36.886867080252905
298.31706535775845,-46.08584222994469,1.0000000000000002,-11.454467596781177,-14.618435370292753,-36.99636392404732
298.32929950565307,-46.08054841981603,1.0,-11.451202998951485,-14.619868542889707,-37.10582352397938
298.34153126251994,-46.0752532574307,1.0000000000000002,-11.44793747410714,-14.621298563576762,-37.2152459092975
298.35376062823633,-46.06995674284633,1.0000000000000002,-11.444671023532308,-14.622725431368607,-37.3246311092502
298.36598760267964,-46.064658876120625,1.0000000000000002,-11.44140364851096,-14.62414914528065,-37.43397915308578
298.3782121857277,-46.05935965731131,1.0,-11.438135350326817,-14.625569704329093,-37.543290070052784
298.39043437725843,-46.05405908647624,1.0000000000000002,-11.434866130263432,-14.62698710753084,-37.65256388939959
298.40265417714994,-46.04875716367325,1.0000000000000002,-11.431595989604148,-14.628401353903595,-37.76180064037464
298.4148715852808,-46.043453888960286,1.0000000000000002,-11.428324929632055,-14.62981244246578,-37.87100035222641
298.4270866015297,-46.038149262395365,1.0000000000000002,-11.425052951630054,-14.631220372236593,-37.98016305420333
298.4392992257756,-46.0328432840365,1.0000000000000002,-11.42178005688082,-14.632625142235952,-38.089288775553825
298.45150945789766,-46.027535953941864,1.0000000000000002,-11.418506246666839,-14.634026751484551,-38.1983775455263
298.4637172977753,-46.022227272169616,1.0000000000000002,-11.415231522270373,-14.635425199003826,-38.30742939336918
298.47592274528836,-46.01691723877797,1.0000000000000002,-11.411955884973423,-14.636820483815953,-38.41644434833102
298.4881258003166,-46.011605853825245,1.0000000000000002,-11.40867933605784,-14.638212604943853,-38.52542243966015
298.50032646274036,-46.0062931173698,1.0000000000000002,-11.405401876805229,-14.639601561411222,-38.634363696604986
298.51252473244,-46.000979029470045,1.0000000000000002,-11.40212350849695,-14.640987352242481,-38.74326814841407
298.52472060929625,-45.99566359018448,1.0000000000000002,-11.398844232414191,-14.642369976462804,-38.852135824335726
298.53691409319003,-45.99034679957163,1.0000000000000002,-11.395564049837898,-14.64374943309811,-38.96096675361848
298.5491051840025,-45.98502865769009,1.0,-11.392282962048778,-14.645125721175058,-39.06976096551068
298.5612938816151,-45.97970916459853,1.0000000000000002,-11.389000970327338,-14.646498839721072,-39.178518489260895
298.5734801859095,-45.974388320355665,1.0000000000000002,-11.385718075953887,-14.647868787764313,-39.287239354117425
298.5856640967676,-45.969066125020255,1.0000000000000002,-11.382434280208479,-14.649235564333665,-39.39592358932877
298.5978456140717,-45.96374257865118,1.0,-11.379149584370914,-14.650599168458807,-39.50457122414335
298.61002473770407,-45.95841768130731,1.0000000000000002,-11.375863989720845,-14.651959599170105,-39.613182287809614
298.62220146754737,-45.953091433047575,1.0000000000000002,-11.372577497537666,-14.653316855498698,-39.721756809575965
298.6343758034846,-45.94776383393104,1.0000000000000002,-11.369290109100515,-14.654670936476483,-39.830294818690945
298.64654774539895,-45.94243488401675,1.0000000000000002,-11.366001825688349,-14.65602184113607,-39.93879634440286
298.6587172931737,-45.93710458336385,1.0000000000000002,-11.362712648579866,-14.65736956851083,-40.04726141596019
298.6708844466925,-45.931772932031514,1.0000000000000002,-11.359422579053579,-14.658714117634865,-40.15569006261136
298.6830492058394,-45.926439930079006,1.0000000000000002,-11.356131618387732,-14.660055487543032,-40.264082313604845
298.69521157049843,-45.921105577565626,1.0000000000000002,-11.35283976786034,-14.661393677270912,-40.37243819818907
298.707371540554,-45.91576987455075,1.0000000000000004,-11.349547028749226,-14.662728685854837,-40.48075774561249
298.71952911589074,-45.910432821093806,1.0000000000000002,-11.346253402331968,-14.664060512331902,-40.58904098512348
298.73168429639355,-45.90509441725426,1.0000000000000002,-11.342958889885896,-14.665389155739891,-40.69728794597047
298.74383708194756,-45.89975466309168,1.0000000000000002,-11.339663492688114,-14.66671461511738,-40.805498657402005
298.75598747243816,-45.89441355866563,1.0000000000000002,-11.336367212015505,-14.668036889503645,-40.913673148666454
298.76813546775094,-45.889071104035814,1.0,-11.333070049144737,-14.669355977938725,-41.02181144901218
298.7802810677718,-45.883727299261906,1.0000000000000002,-11.329772005352194,-14.670671879463383,-41.12991358768781
298.79242427238677,-45.8783821444037,1.0000000000000002,-11.32647308191408,-14.671984593119124,-41.23797959394156
298.80456508148234,-45.87303563952102,1.0000000000000002,-11.323173280106333,-14.673294117948197,-41.346009497022
298.8167034949451,-45.867687784673755,1.0000000000000002,-11.319872601204658,-14.674600452993595,-41.45400332617758
298.82883951266183,-45.862338579921854,1.0000000000000002,-11.316571046484558,-14.675903597299014,-41.56196111065662
298.84097313451963,-45.85698802532531,1.0000000000000002,-11.31326861722124,-14.67720354990892,-41.66988287970767
298.85310436040595,-45.85163612094419,1.0000000000000002,-11.309965314689721,-14.678500309868515,-41.77776866257915
298.86523319020824,-45.84628286683862,1.0000000000000002,-11.306661140164788,-14.679793876223705,-41.88561848851943
298.87735962381447,-45.840928263068754,1.0000000000000002,-11.303356094920954,-14.681084248021163,-41.99343238677699
298.8894836611126,-45.83557230969483,1.0000000000000002,-11.300050180232505,-14.682371424308279,-42.101210386600236
298.901605301991,-45.830215006777145,1.0000000000000002,-11.296743397373497,-14.68365540413318,-42.20895251723762
298.91372454633836,-45.82485635437603,1.0000000000000002,-11.293435747617732,-14.684936186544748,-42.316658807937706
298.92584139404335,-45.81949635255191,1.0000000000000002,-11.290127232238781,-14.686213770592563,-42.424329287948716
298.9379558449951,-45.81413500136521,1.0000000000000002,-11.28681785250999,-14.68748815532696,-42.53196398651921
298.95006789908285,-45.808772300876456,1.0000000000000002,-11.283507609704444,-14.688759339799002,-42.63956293289757
298.96217755619625,-45.803408251146216,1.0000000000000002,-11.280196505094967,-14.69002732306048,-42.74712615633227
298.974284816225,-45.79804285223512,1.0000000000000002,-11.276884539954182,-14.691292104163924,-42.85465368607176
298.9863896790593,-45.79267610420385,1.0000000000000002,-11.273571715554423,-14.692553682162597,-42.96214555136447
298.9984921445893,-45.78730800711314,1.0000000000000002,-11.270258033167822,-14.693812056110481,-43.06960178145879
299.0105922127056,-45.781938561023786,1.0000000000000002,-11.266943494066231,-14.695067225062287,-43.17702240560318
299.02268988329894,-45.77656776599663,1.0000000000000002,-11.263628099521291,-14.696319188073474,-43.284407453046065
299.0347851562604,-45.771195622092584,1.0000000000000002,-11.26031185080437,-14.697567944200216,-43.39175695303593
