galstreams/tracks/track.Lethe.grillmair2009.ecsv
# %ECSV 0.9
# ---
# datatype:
# - {name: sc.ra, unit: deg, datatype: float64}
# - {name: sc.dec, unit: deg, datatype: float64}
# - {name: sc.distance, unit: kpc, datatype: float64}
# - {name: width, datatype: float64}
# meta: !!omap
# - __serialized_columns__:
#     sc:
#       __class__: astropy.coordinates.sky_coordinate.SkyCoord
#       dec: !astropy.table.SerializedColumn
#         __class__: astropy.coordinates.angles.Latitude
#         unit: &id001 !astropy.units.Unit {unit: deg}
#         value: !astropy.table.SerializedColumn {name: sc.dec}
#       distance: !astropy.table.SerializedColumn
#         __class__: astropy.coordinates.distances.Distance
#         unit: !astropy.units.Unit {unit: kpc}
#         value: !astropy.table.SerializedColumn {name: sc.distance}
#       frame: icrs
#       ra: !astropy.table.SerializedColumn
#         __class__: astropy.coordinates.angles.Longitude
#         unit: *id001
#         value: !astropy.table.SerializedColumn {name: sc.ra}
#         wrap_angle: !astropy.coordinates.Angle
#           unit: *id001
#           value: 360.0
#       representation_type: spherical
# schema: astropy-2.0
sc.ra sc.dec sc.distance width
[from data line 346]
174.4839871906951 19.056604501710193 13.0 0.4
174.4940952375795 19.05955763298205 13.0 0.4
174.5042036444295 19.0625102138361 13.0 0.4
174.51431241125096 19.065462244160855 13.0 0.4
174.52442153804958 19.0684137238448 13.0 0.4
174.53453102483115 19.071364652776463 13.0 0.4
174.54464087160125 19.074315030844332 13.0 0.4
174.5547510783656 19.07726485793696 13.0 0.4
174.5648616451297 19.080214133942874 13.0 0.4
174.57497257189908 19.083162858750594 13.0 0.4
174.5850838586793 19.086111032248674 13.0 0.4
174.59519550547577 19.089058654325687 13.0 0.4
174.6053075122938 19.092005724870152 13.0 0.4
174.61541987913884 19.09495224377067 13.0 0.4
174.6255326060162 19.097898210915805 13.0 0.4
174.6356456929311 19.10084362619412 13.0 0.4
174.64575913988867 19.103788489494214 13.0 0.4
174.65587294689422 19.1067328007047 13.0 0.4
174.6659871139528 19.10967655971416 13.0 0.4
174.6761016410695 19.112619766411196 13.0 0.4
174.68621652824936 19.115562420684448 13.0 0.4
174.69633177549733 19.118504522422516 13.0 0.4
174.7064473828184 19.121446071514036 13.0 0.4
174.71656335021743 19.12438706784766 13.0 0.4
174.7266796776993 19.12732751131202 13.0 0.4
174.73679636526876 19.13026740179577 13.0 0.4
174.7469134129306 19.13320673918756 13.0 0.4
174.75703082068955 19.13614552337608 13.0 0.4
174.76714858855024 19.139083754249985 13.0 0.4
174.77726671651732 19.14202143169795 13.0 0.4
174.78738520459538 19.144958555608685 13.0 0.4
174.79750405278887 19.147895125870868 13.0 0.4
174.80762326110235 19.150831142373207 13.0 0.4
174.81774282954024 19.153766605004407 13.0 0.4
174.8278627581069 19.15670151365319 13.0 0.4
174.83798304680673 19.159635868208277 13.0 0.4
174.848103695644 19.162569668558408 13.0 0.4
174.85822470462296 19.16550291459231 13.0 0.4
174.86834607374783 19.168435606198734 13.0 0.4
174.87846780302277 19.17136774326644 13.0 0.4
174.8885898924519 19.17429932568417 13.0 0.4
174.89871234203932 19.177230353340708 13.0 0.4
174.90883515178902 19.180160826124833 13.0 0.4
174.91895832170496 19.183090743925302 13.0 0.4
174.92908185179115 19.18602010663093 13.0 0.4
174.93920574205143 19.18894891413052 13.0 0.4
174.94932999248962 19.191877166312846 13.0 0.4
174.95945460310955 19.19480486306675 13.0 0.4
174.969579573915 19.19773200428104 13.0 0.4
174.97970490490965 19.200658589844537 13.0 0.4
174.98983059609708 19.203584619646072 13.0 0.4
174.99995664748104 19.206510093574504 13.0 0.4
175.01008305906507 19.209435011518675 13.0 0.4
175.0202098308526 19.212359373367427 13.0 0.4
175.03033696284717 19.215283179009642 13.0 0.4
175.04046445505227 19.2182064283342 13.0 0.4
175.05059230747116 19.22112912122994 13.0 0.4
175.06072052010728 19.22405125758578 13.0 0.4
175.0708490929639 19.22697283729062 13.0 0.4
175.08097802604422 19.229893860233336 13.0 0.4
175.09110731935144 19.232814326302847 13.0 0.4
175.1012369728888 19.235734235388087 13.0 0.4
175.11136698665936 19.238653587377947 13.0 0.4
175.12149736066613 19.241572382161372 13.0 0.4
175.1316280949123 19.244490619627317 13.0 0.4
175.1417591894006 19.247408299664713 13.0 0.4
175.1518906441341 19.250325422162497 13.0 0.4
175.16202245911572 19.253241987009666 13.0 0.4
175.17215463434817 19.256157994095165 13.0 0.4
175.18228716983432 19.25907344330798 13.0 0.4
175.1924200655769 19.261988334537087 13.0 0.4
175.2025533215786 19.26490266767148 13.0 0.4
175.21268693784202 19.26781644260016 13.0 0.4
175.22282091436986 19.270729659212147 13.0 0.4
175.23295525116458 19.273642317396423 13.0 0.4
175.24308994822874 19.27655441704203 13.0 0.4
175.25322500556481 19.279465958038006 13.0 0.4
175.26336042317521 19.282376940273373 13.0 0.4
175.2734962010623 19.285287363637188 13.0 0.4
175.28363233922838 19.288197228018486 13.0 0.4
175.2937688376758 19.29110653330634 13.0 0.4
175.30390569640673 19.294015279389818 13.0 0.4
175.31404291542339 19.296923466157992 13.0 0.4
175.32418049472793 19.299831093499957 13.0 0.4
175.33431843432237 19.30273816130477 13.0 0.4
175.34445673420888 19.30564466946156 13.0 0.4
175.3545953943894 19.308550617859435 13.0 0.4
175.36473441486584 19.311456006387488 13.0 0.4
175.37487379564018 19.314360834934853 13.0 0.4
175.3850135367143 19.31726510339067 13.0 0.4
175.39515363808994 19.320168811644052 13.0 0.4
175.40529409976895 19.323071959584155 13.0 0.4
175.41543492175302 19.325974547100138 13.0 0.4
175.4255761040438 19.32887657408116 13.0 0.4
175.43571764664296 19.33177804041637 13.0 0.4
175.44585954955213 19.334678945994977 13.0 0.4
175.45600181277277 19.337579290706135 13.0 0.4
175.4661444363064 19.34047907443905 13.0 0.4
175.4762874201545 19.34337829708292 13.0 0.4
175.48643076431844 19.346276958526953 13.0 0.4
175.49657446879954 19.349175058660354 13.0 0.4
175.50671853359918 19.35207259737236 13.0 0.4
175.51686295871866 19.3549695745522 13.0 0.4
175.52700774415905 19.357865990089106 13.0 0.4
175.53715288992163 19.360761843872314 13.0 0.4
175.5472983960075 19.363657135791104 13.0 0.4
175.55744426241773 19.366551865734724 13.0 0.4
175.56759048915333 19.369446033592435 13.0 0.4
175.57773707621539 19.37233963925354 13.0 0.4
175.5878840236047 19.375232682607297 13.0 0.4
175.5980313313222 19.37812516354301 13.0 0.4
175.60817899936882 19.38101708195 13.0 0.4
175.61832702774527 19.38390843771755 13.0 0.4
175.6284754164523 19.386799230734987 13.0 0.4
175.63862416549065 19.389689460891642 13.0 0.4
175.64877327486096 19.39257912807684 13.0 0.4
175.65892274456388 19.395468232179923 13.0 0.4
175.66907257459997 19.398356773090246 13.0 0.4
175.67922276496967 19.401244750697163 13.0 0.4
175.68937331567355 19.40413216489004 13.0 0.4
175.69952422671201 19.40701901555826 13.0 0.4
175.70967549808537 19.40990530259118 13.0 0.4
175.71982712979406 19.412791025878214 13.0 0.4
175.7299791218383 19.415676185308754 13.0 0.4
175.74013147421834 19.41856078077219 13.0 0.4
175.7502841869344 19.421444812157954 13.0 0.4
175.76043725998665 19.424328279355457 13.0 0.4
175.7705906933751 19.427211182254144 13.0 0.4
175.78074448709987 19.430093520743426 13.0 0.4
175.79089864116096 19.432975294712776 13.0 0.4
175.80105315555835 19.43585650405164 13.0 0.4
175.81120803029188 19.438737148649462 13.0 0.4
175.8213632653615 19.44161722839573 13.0 0.4
175.83151886076703 19.444496743179933 13.0 0.4
175.84167481650815 19.447375692891526 13.0 0.4
175.85183113258466 19.450254077420034 13.0 0.4
175.8619878089963 19.453131896654945 13.0 0.4
175.87214484574258 19.456009150485773 13.0 0.4
175.8823022428231 19.458885838802022 13.0 0.4
175.8924600002375 19.461761961493252 13.0 0.4
175.9026181179852 19.46463751844897 13.0 0.4
175.91277659606567 19.46751250955872 13.0 0.4
175.92293543447832 19.470386934712085 13.0 0.4
175.9330946332225 19.473260793798584 13.0 0.4
175.94325419229747 19.476134086707805 13.0 0.4
175.95341411170256 19.479006813329338 13.0 0.4
175.96357439143694 19.481878973552742 13.0 0.4
175.97373503149976 19.48475056726763 13.0 0.4
175.98389603189017 19.487621594363585 13.0 0.4
175.9940573926073 19.490492054730232 13.0 0.4
176.00421911365007 19.493361948257178 13.0 0.4
176.01438119501748 19.49623127483405 13.0 0.4
176.02454363670853 19.499100034350498 13.0 0.4
176.03470643872205 19.50196822669615 13.0 0.4
176.0448696010569 19.50483585176065 13.0 0.4
176.05503312371187 19.50770290943368 13.0 0.4
176.06519700668565 19.510569399604883 13.0 0.4
176.07536124997705 19.513435322163954 13.0 0.4
176.0855258535846 19.51630067700057 13.0 0.4
176.095690817507 19.51916546400442 13.0 0.4
176.1058561417428 19.522029683065202 13.0 0.4
176.11602182629045 19.52489333407264 13.0 0.4
176.12618787114846 19.527756416916436 13.0 0.4
176.13635427631522 19.53061893148633 13.0 0.4
176.14652104178913 19.533480877672055 13.0 0.4
176.15668816756843 19.536342255363333 13.0 0.4
176.1668556536515 19.539203064449943 13.0 0.4
176.17702350003654 19.54206330482163 13.0 0.4
176.1871917067217 19.544922976368163 13.0 0.4
176.19736027370516 19.547782078979314 13.0 0.4
176.20752920098496 19.550640612544893 13.0 0.4
176.21769848855917 19.553498576954652 13.0 0.4
176.22786813642577 19.55635597209843 13.0 0.4
176.23803814458273 19.55921279786603 13.0 0.4
176.24820851302795 19.56206905414725 13.0 0.4
176.2583792417592 19.564924740831934 13.0 0.4
176.26855033077436 19.56777985780992 13.0 0.4
176.27872178007127 19.570634404971052 13.0 0.4
176.28889358964744 19.57348838220517 13.0 0.4
176.2990657595007 19.576341789402147 13.0 0.4
176.3092382896286 19.579194626451862 13.0 0.4
176.31941118002877 19.582046893244172 13.0 0.4
176.32958443069862 19.584898589668974 13.0 0.4
176.33975804163572 19.587749715616173 13.0 0.4
176.34993201283746 19.59060027097566 13.0 0.4
176.36010634430122 19.59345025563735 13.0 0.4
176.37028103602435 19.596299669491177 13.0 0.4
176.38045608800414 19.59914851242705 13.0 0.4
176.39063150023776 19.601996784334915 13.0 0.4
176.40080727272257 19.604844485104746 13.0 0.4
176.4109834054555 19.60769161462646 13.0 0.4
176.42115989843384 19.61053817279004 13.0 0.4
176.43133675165453 19.61338415948546 13.0 0.4
176.4415139651146 19.6162295746027 13.0 0.4
176.45169153881102 19.619074418031744 13.0 0.4
176.46186947274066 19.621918689662607 13.0 0.4
176.4720477669004 19.624762389385275 13.0 0.4
176.4822264212871 19.62760551708979 13.0 0.4
176.4924054358975 19.630448072666162 13.0 0.4
176.50258481072825 19.633290056004416 13.0 0.4
176.5127645457761 19.636131466994613 13.0 0.4
176.5229446410377 19.638972305526803 13.0 0.4
176.53312509650956 19.641812571491037 13.0 0.4
176.54330591218826 19.644652264777385 13.0 0.4
176.5534870880702 19.647491385275938 13.0 0.4
176.56366862415192 19.650329932876758 13.0 0.4
176.57385052042977 19.653167907469967 13.0 0.4
176.5840327769001 19.65600530894565 13.0 0.4
176.59421539355918 19.65884213719394 13.0 0.4
176.60439837040326 19.661678392104925 13.0 0.4
176.61458170742853 19.66451407356877 13.0 0.4
176.62476540463123 19.667349181475608 13.0 0.4
176.6349494620073 19.670183715715556 13.0 0.4
176.64513387955296 19.673017676178812 13.0 0.4
176.65531865726416 19.675851062755527 13.0 0.4
176.66550379513677 19.67868387533586 13.0 0.4
176.67568929316684 19.68151611381002 13.0 0.4
176.68587515135022 19.68434777806819 13.0 0.4
176.69606136968267 19.687178868000565 13.0 0.4
176.70624794815993 19.690009383497348 13.0 0.4
176.71643488677785 19.692839324448787 13.0 0.4
176.72662218553202 19.695668690745087 13.0 0.4
176.73680984441805 19.69849748227648 13.0 0.4
176.74699786343166 19.701325698933235 13.0 0.4
176.7571862425682 19.7041533406056 13.0 0.4
176.76737498182328 19.706980407183824 13.0 0.4
176.77756408119225 19.709806898558185 13.0 0.4
176.78775354067065 19.712632814618978 13.0 0.4
176.79794336025367 19.71545815525648 13.0 0.4
176.80813353993662 19.718282920360995 13.0 0.4
176.81832407971487 19.721107109822842 13.0 0.4
176.82851497958356 19.72393072353232 13.0 0.4
176.83870623953777 19.726753761379765 13.0 0.4
176.84889785957273 19.729576223255517 13.0 0.4
176.8590898396834 19.73239810904992 13.0 0.4
176.86928217986485 19.735219418653323 13.0 0.4
176.87947488011199 19.73804015195608 13.0 0.4
176.8896679404198 19.740860308848585 13.0 0.4
176.89986136078312 19.743679889221205 13.0 0.4
176.91005514119675 19.746498892964336 13.0 0.4
176.9202492816555 19.74931731996837 13.0 0.4
176.93044378215407 19.75213517012372 13.0 0.4
176.9406386426872 19.754952443320803 13.0 0.4
176.9508338632494 19.757769139450044 13.0 0.4
176.9610294438353 19.76058525840188 13.0 0.4
176.97122538443952 19.763400800066766 13.0 0.4
176.9814216850564 19.76621576433513 13.0 0.4
176.9916183456805 19.769030151097457 13.0 0.4
177.00181536630623 19.771843960244226 13.0 0.4
177.01201274692778 19.774657191665884 13.0 0.4
177.02221048753958 19.77746984525296 13.0 0.4
177.03240858813584 19.78028192089593 13.0 0.4
177.0426070487108 19.783093418485322 13.0 0.4
177.0528058692585 19.78590433791163 13.0 0.4
177.06300504977315 19.788714679065393 13.0 0.4
177.07320459024882 19.79152444183717 13.0 0.4
177.08340449067938 19.79433362611746 13.0 0.4
177.09360475105896 19.797142231796855 13.0 0.4
177.10380537138138 19.799950258765918 13.0 0.4
177.11400635164048 19.802757706915195 13.0 0.4
177.12420769183018 19.805564576135303 13.0 0.4
177.1344093919442 19.808370866316817 13.0 0.4
177.14461145197623 19.811176577350338 13.0 0.4
177.1548138719199 19.813981709126466 13.0 0.4
177.165016651769 19.816786261535857 13.0 0.4
177.175219791517 19.81959023446911 13.0 0.4
177.1854232911574 19.822393627816858 13.0 0.4
177.19562715068378 19.82519644146978 13.0 0.4
177.2058313700895 19.827998675318508 13.0 0.4
177.21603594936792 19.830800329253712 13.0 0.4
177.2262408885125 19.833601403166096 13.0 0.4
177.23644618751646 19.836401896946306 13.0 0.4
177.24665184637297 19.839201810485054 13.0 0.4
177.25685786507535 19.842001143673055 13.0 0.4
177.26706424361672 19.844799896401 13.0 0.4
177.27727098199009 19.847598068559634 13.0 0.4
177.28747808018858 19.85039566003967 13.0 0.4
177.2976855382052 19.85319267073188 13.0 0.4
177.3078933560329 19.855989100526976 13.0 0.4
177.31810153366462 19.85878494931575 13.0 0.4
177.3283100710931 19.86158021698896 13.0 0.4
177.33851896831126 19.864374903437383 13.0 0.4
177.34872822531185 19.867169008551823 13.0 0.4
177.35893784208758 19.869962532223063 13.0 0.4
177.3691478186311 19.872755474341915 13.0 0.4
177.37935815493498 19.875547834799207 13.0 0.4
177.3895688509919 19.87833961348576 13.0 0.4
177.39977990679427 19.881130810292397 13.0 0.4
177.40999132233466 19.883921425109982 13.0 0.4
177.42020309760548 19.886711457829378 13.0 0.4
177.43041523259905 19.889500908341418 13.0 0.4
177.44062772730774 19.892289776537016 13.0 0.4
177.45084058172384 19.89507806230704 13.0 0.4
177.46105379583952 19.897865765542367 13.0 0.4
177.47126736964705 19.900652886133926 13.0 0.4
177.4814813031386 19.903439423972628 13.0 0.4
177.49169559630613 19.906225378949383 13.0 0.4
177.50191024914173 19.90901075095513 13.0 0.4
177.51212526163744 19.911795539880817 13.0 0.4
177.52234063378515 19.914579745617388 13.0 0.4
177.53255636557677 19.917363368055803 13.0 0.4
177.5427724570042 19.920146407087035 13.0 0.4
177.5529889080592 19.922928862602088 13.0 0.4
177.56320571873349 19.92571073449191 13.0 0.4
177.5734228890188 19.928492022647546 13.0 0.4
177.5836404189068 19.93127272695997 13.0 0.4
177.59385830838912 19.934052847320228 13.0 0.4
177.60407655745723 19.93683238361932 13.0 0.4
177.61429516610275 19.939611335748317 13.0 0.4
177.62451413431705 19.94238970359825 13.0 0.4
177.63473346209156 19.94516748706017 13.0 0.4
177.64495314941774 19.947944686025178 13.0 0.4
177.6551731962868 19.950721300384316 13.0 0.4
177.66539360269002 19.95349733002869 13.0 0.4
177.67561436861868 19.956272774849403 13.0 0.4
177.68583549406392 19.95904763473755 13.0 0.4
177.69605697901684 19.96182190958425 13.0 0.4
177.70627882346855 19.964595599280635 13.0 0.4
177.71650102741006 19.96736870371784 13.0 0.4
177.72672359083236 19.97014122278701 13.0 0.4
177.7369465137264 19.97291315637931 13.0 0.4
177.747169796083 19.975684504385892 13.0 0.4
177.75739343789306 19.978455266697946 13.0 0.4
177.76761743914736 19.98122544320666 13.0 0.4
177.77784179983655 19.983995033803208 13.0 0.4
177.7880665199514 19.98676403837882 13.0 0.4
177.79829159948255 19.989532456824694 13.0 0.4
177.80851703842058 19.992300289032077 13.0 0.4
177.81874283675603 19.995067534892186 13.0 0.4
177.8289689944794 19.99783419429627 13.0 0.4
177.83919551158112 20.0006002671356 13.0 0.4
177.8494223880516 20.00336575330142 13.0 0.4
177.85964962388118 20.006130652685012 13.0 0.4
177.86987721906019 20.00889496517768 13.0 0.4
177.88010517357884 20.011658690670686 13.0 0.4
177.89033348742734 20.014421829055358 13.0 0.4
177.90056216059594 20.017184380223014 13.0 0.4
177.91079119307457 20.01994634406496 13.0 0.4
177.92102058485344 20.02270772047255 13.0 0.4
177.93125033592253 20.02546850933713 13.0 0.4
177.94148044627175 20.02822871055004 13.0 0.4
177.951710915891 20.03098832400265 13.0 0.4
177.96194174477026 20.03374734958635 13.0 0.4
177.9721729328992 20.03650578719251 13.0 0.4
177.9824044802677 20.039263636712526 13.0 0.4
