galstreams/tracks/track.st.Svol.ibata2021.ecsv
# %ECSV 0.9
# ---
# datatype:
# - {name: ra, unit: deg, datatype: float64}
# - {name: dec, unit: deg, datatype: float64}
# - {name: distance, unit: kpc, datatype: float64}
# - {name: pm_ra_cosdec, unit: mas / yr, datatype: float64}
# - {name: pm_dec, unit: mas / yr, datatype: float64}
# - {name: radial_velocity, unit: km / s, datatype: float64}
# delimiter: ','
# meta: !!omap
# - __serialized_columns__:
#     dec:
#       __class__: astropy.coordinates.angles.Latitude
#       unit: &id001 !astropy.units.Unit {unit: deg}
#       value: !astropy.table.SerializedColumn {name: dec}
#     distance:
#       __class__: astropy.coordinates.distances.Distance
#       unit: !astropy.units.Unit {unit: kpc}
#       value: !astropy.table.SerializedColumn {name: distance}
#     pm_dec:
#       __class__: astropy.units.quantity.Quantity
#       unit: !astropy.units.Unit {unit: mas / yr}
#       value: !astropy.table.SerializedColumn {name: pm_dec}
#     pm_ra_cosdec:
#       __class__: astropy.units.quantity.Quantity
#       unit: !astropy.units.Unit {unit: mas / yr}
#       value: !astropy.table.SerializedColumn {name: pm_ra_cosdec}
#     ra:
#       __class__: astropy.coordinates.angles.Longitude
#       unit: *id001
#       value: !astropy.table.SerializedColumn {name: ra}
#       wrap_angle: !astropy.coordinates.Angle
#         unit: *id001
#         value: 360.0
#     radial_velocity:
#       __class__: astropy.units.quantity.Quantity
#       unit: !astropy.units.Unit {unit: km / s}
#       value: !astropy.table.SerializedColumn {name: radial_velocity}
# schema: astropy-2.0
ra,dec,distance,pm_ra_cosdec,pm_dec,radial_velocity
[from data line 1966]
242.5457015458472,25.91684027432325,6.911223936682026,3.078155710474538,-5.981921121592588,5.0524602779234026e-14
242.55614156422953,25.913707703638245,6.910549177644248,3.079541672820774,-5.983486297499221,-3.368306851948935e-14
242.56658100480323,25.91057432228738,6.909874751428034,3.0809275600910944,-5.985051651237873,0.0
242.57701986824244,25.907440132367523,6.909200658008269,3.082313371675255,-5.986617181822622,0.0
242.58745815522235,25.904305135975374,6.908526897359842,3.0836991069632615,-5.988182888267389,0.0
242.59789586641872,25.901169335207424,6.907853469457635,3.0850847653453934,-5.989748769585936,1.6841534259744676e-14
242.60833300250803,25.898032732159972,6.907180374276539,3.086470346212197,-5.99131482479186,5.0524602779234026e-14
242.61876956416737,25.894895328929124,6.906507611791435,3.0878558489544883,-5.992881052898606,-5.0524602779234026e-14
242.62920555207478,25.89175712761078,6.905835181977212,3.089241272963337,-5.994447452919456,5.0524602779234026e-14
242.6396409669087,25.888618130300674,6.905163084808757,3.0906266176300985,-5.99601402386753,-1.6841534259744676e-14
242.65007580934852,25.88547833909432,6.904491320260953,3.0920118823463802,-5.997580764755794,-3.368306851948935e-14
242.66051008007415,25.88233775608704,6.903819888308691,3.0933970665040604,-5.999147674597054,-6.73661370389787e-14
242.67094377976642,25.87919638337398,6.903148788926853,3.094782169495283,-6.000714752403953,-1.6841534259744676e-14
242.6813769091066,25.87605422305007,6.9024780220903255,3.096167190712462,-6.002281997188977,1.6841534259744676e-14
242.69180946877682,25.87291127721006,6.901807587774,3.0975521295482706,-6.003849407964455,0.0
242.7022414594599,25.869767547948513,6.901137485952756,3.098936985395655,-6.005416983742556,-1.6841534259744676e-14
242.71267288183935,25.866623037359762,6.900467716601484,3.100321757647822,-6.0069847235352976,1.6841534259744676e-14
242.7231037365993,25.863477747537985,6.899798279695066,3.101706445698249,-6.008552626354527,0.0
242.73353402442473,25.86033168057714,6.899129175208392,3.1030910489406747,-6.01012069121194,1.6841534259744676e-14
242.74396374600119,25.857184838571,6.8984604031163475,3.104475566769107,-6.011688917119075,5.0524602779234026e-14
242.7543929020149,25.854037223613155,6.897791963393817,3.10585999857782,-6.013257303087311,-1.6841534259744676e-14
242.76482149315297,25.850888837796973,6.897123856015689,3.107244343761348,-6.014825848127869,-3.368306851948935e-14
242.77524952010302,25.847739683215647,6.896456080956847,3.108628601714498,-6.0163945512518175,-5.0524602779234026e-14
242.78567698355351,25.84458976196217,6.895788638192181,3.110012771832334,-6.017963411470059,3.368306851948935e-14
242.79610388419343,25.84143907612934,6.895121527696574,3.111396853510194,-6.019532427793344,3.368306851948935e-14
242.8065302227126,25.838287627809766,6.894454749444912,3.1127808461436812,-6.021101599232269,0.0
242.81695599980148,25.83513541909584,6.893788303412083,3.1141647491286544,-6.022670924797264,1.6841534259744676e-14
242.82738121615122,25.831982452079796,6.893122189572973,3.115548561861247,-6.02424040349861,1.6841534259744676e-14
242.83780587245374,25.828828728853637,6.892456407902467,3.116932283737854,-6.025810034346431,3.368306851948935e-14
242.84822996940153,25.825674251509188,6.891790958375453,3.118315914155133,-6.027379816350689,1.6841534259744676e-14
242.85865350768782,25.82251902213807,6.891125840966815,3.119699452510014,-6.028949748521198,1.6841534259744676e-14
242.8690764880066,25.81936304283172,6.890461055651442,3.1210828981996848,-6.030519829867604,0.0
242.8794989110526,25.816206315681384,6.8897966024042185,3.1224662506215974,-6.032090059399409,6.73661370389787e-14
242.88992077752093,25.81304884277809,6.88913248120003,3.123849509173477,-6.0336604361259525,0.0
242.90034208810775,25.809890626212688,6.888468692013761,3.125232673253308,-6.035230959056421,0.0
242.9107628435098,25.806731668075827,6.887805234820304,3.1266157422593306,-6.036801627199838,-1.6841534259744676e-14
242.92118304442434,25.803571970457963,6.887142109594541,3.1279987155900706,-6.038372439565079,0.0
242.93160269154956,25.800411535449342,6.886479316311355,3.129381592644298,-6.03994339516087,-3.368306851948935e-14
242.94202178558427,25.79725036514004,6.88581685494564,3.1307643728210532,-6.041514492995762,1.6841534259744676e-14
242.95244032722786,25.794088461619925,6.885154725472277,3.132147055519649,-6.043085732078168,3.368306851948935e-14
242.9628583171805,25.790925826978654,6.884492927866151,3.133529640139656,-6.044657111416341,-1.6841534259744676e-14
242.97327575614304,25.78776246330571,6.88383146210215,3.1349121260809074,-6.046228630018375,0.0
242.98369264481704,25.784598372690382,6.883170328155165,3.1362945127434996,-6.047800286892212,0.0
242.9941089839047,25.781433557221735,6.882509526000075,3.1376767995277963,-6.049372081045644,-3.368306851948935e-14
243.00452477410897,25.778268018988662,6.881849055611769,3.139058985834429,-6.050944011486301,-1.6841534259744676e-14
243.01494001613338,25.775101760079856,6.881188916965135,3.140441071064286,-6.052516077221663,-5.0524602779234026e-14
243.0253547106823,25.771934782583816,6.880529110035054,3.1418230546185173,-6.054088277259056,-1.6841534259744676e-14
243.0357688584606,25.768767088588827,6.879869634796417,3.1432049358985483,-6.055660610605645,-3.368306851948935e-14
243.04618246017407,25.765598680183004,6.879210491224109,3.144586714306055,-6.057233076268452,3.368306851948935e-14
243.05659551652883,25.762429559454244,6.8785516792930155,3.145968389242989,-6.058805673254336,-5.0524602779234026e-14
243.0670080282321,25.75925972849026,6.8778931989780245,3.147349960111554,-6.060378400570007,-3.368306851948935e-14
243.07741999599156,25.75608918937857,6.877235050254021,3.1487314263142205,-6.061951257222019,1.6841534259744676e-14
243.08783142051553,25.752917944206484,6.87657723309589,3.1501127872537324,-6.063524242216776,6.73661370389787e-14
243.09824230251306,25.74974599506113,6.875919747478518,3.151494042333086,-6.065097354560525,-6.73661370389787e-14
243.10865264269404,25.746573344029414,6.875262593376793,3.1528751909555357,-6.066670593259358,1.6841534259744676e-14
243.11906244176876,25.743399993198075,6.8746057707656,3.154256232524616,-6.068243957319219,-5.0524602779234026e-14
243.12947170044848,25.740225944653645,6.873949279619825,3.1556371664441105,-6.0698174457459,3.368306851948935e-14
243.13988041944486,25.73705120048244,6.873293119914356,3.1570179921180737,-6.071391057545029,0.0
243.15028859947049,25.73387576277062,6.872637291624076,3.158398708950817,-6.072964791722099,1.6841534259744676e-14
243.1606962412385,25.730699633604118,6.871981794723873,3.159779316346918,-6.0745386472824325,0.0
243.17110334546268,25.72752281506866,6.871326629188634,3.161159813711219,-6.0761126232312135,-1.6841534259744676e-14
243.18150991285765,25.72434530924981,6.870671794993245,3.162540200448819,-6.077686718573461,-3.368306851948935e-14
243.1919159441386,25.721167118232916,6.87001729211259,3.1639204759650816,-6.07926093231406,3.368306851948935e-14
243.20232144002128,25.71798824410312,6.869363120521559,3.16530063966564,-6.080835263457719,-6.73661370389787e-14
243.21272640122237,25.714808688945375,6.868709280195033,3.166680690956383,-6.082409711009017,-6.73661370389787e-14
243.22313082845912,25.711628454844448,6.8680557711079055,3.1680606292434574,-6.083984273972366,-3.368306851948935e-14
243.23353472244938,25.708447543884898,6.867402593235054,3.169440453933283,-6.085558951352038,0.0
243.24393808391176,25.705265958151077,6.8667497465513705,3.170820164432538,-6.087133742152147,5.0524602779234026e-14
243.25434091356547,25.70208369972716,6.866097231031743,3.1721997601481595,-6.088708645376648,-5.0524602779234026e-14
243.26474321213055,25.69890077069712,6.86544504665105,3.1735792404873475,-6.090283660029362,-5.0524602779234026e-14
243.27514498032764,25.695717173144715,6.864793193384183,3.174958604857567,-6.091858785113949,1.6841534259744676e-14
243.28554621887787,25.692532909153527,6.864141671206029,3.1763378526665447,-6.093434019633916,-3.368306851948935e-14
243.29594692850338,25.68934798080693,6.863490480091469,3.177716983322264,-6.095009362592623,3.368306851948935e-14
243.3063471099267,25.686162390188105,6.862839620015397,3.1790959962329772,-6.096584812993276,3.368306851948935e-14
243.31674676387115,25.682976139380028,6.862189090952694,3.1804748908071954,-6.098160369838935,-1.6841534259744676e-14
243.3271458910608,25.679789230465467,6.861538892878247,3.181853666453689,-6.099736032132507,5.0524602779234026e-14
243.3375444922202,25.67660166552704,6.860889025766943,3.1832323225814947,-6.101311798876746,-5.0524602779234026e-14
243.34794256807479,25.673413446647118,6.860239489593667,3.1846108585999033,-6.102887669074262,-5.0524602779234026e-14
243.35834011935057,25.67022457590788,6.859590284333306,3.1859892739184748,-6.104463641727511,3.368306851948935e-14
243.36873714677415,25.667035055391345,6.858941409960744,3.18736756794703,-6.106039715838797,3.368306851948935e-14
243.37913365107292,25.663844887179273,6.858292866450872,3.1887457400956443,-6.107615890410278,8.420767129872338e-14
243.38952963297479,25.66065407335329,6.857644653778571,3.1901237897746646,-6.109192164443957,-6.73661370389787e-14
243.39992509320862,25.657462615994774,6.856996771918731,3.1915017163946864,-6.110768536941697,0.0
243.4103200325037,25.65427051718493,6.856349220846238,3.192879519366576,-6.112345006905199,1.6841534259744676e-14
243.42071445159007,25.651077779004765,6.855702000535975,3.1942571981014587,-6.113921573336028,1.6841534259744676e-14
243.43110835119836,25.647884403535087,6.85505511096283,3.1956347520107204,-6.11549823523559,1.6841534259744676e-14
243.44150173206,25.644690392856486,6.854408552101689,3.197012180506002,-6.117074991605142,3.368306851948935e-14
243.451894594907,25.64149574904939,6.853762323927439,3.1983894829992154,-6.118651841445796,0.0
243.46228694047207,25.63830047419398,6.853116426414969,3.199766658902531,-6.120228783758513,-1.6841534259744676e-14
243.47267876948857,25.635104570370288,6.852470859539159,3.201143707628371,-6.121805817544113,0.0
243.48307008269055,25.63190803965812,6.851825623274897,3.2025206285894288,-6.123382941803254,-1.6841534259744676e-14
243.4934608808127,25.628710884137096,6.851180717597074,3.2038974211986493,-6.124960155536453,-1.6841534259744676e-14
243.5038511645904,25.62551310588662,6.850536142480572,3.205274084869246,-6.12653745774408,5.0524602779234026e-14
243.5142409347596,25.62231470698591,6.8498918979002745,3.2066506190146926,-6.128114847426351,0.0
243.52463019205712,25.619115689514,6.849247983831074,3.208027023048716,-6.129692323583339,-3.368306851948935e-14
243.53501893722026,25.6159160555497,6.848604400247852,3.2094032963853047,-6.131269885214973,0.0
243.54540717098706,25.612715807171618,6.847961147125497,3.2107794384387125,-6.132847531321019,0.0
243.55579489409618,25.60951494645819,6.847318224438895,3.2121554486234563,-6.134425260901111,0.0
243.566182107287,25.606313475487646,6.846675632162932,3.213531326354297,-6.136003072954729,1.6841534259744676e-14
243.57656881129952,25.60311139633799,6.846033370272493,3.214907071046275,-6.137580966481202,3.368306851948935e-14
243.58695500687443,25.599908711087064,6.845391438742466,3.2162826821146773,-6.139158940479717,1.6841534259744676e-14
243.597340694753,25.596705421812494,6.844749837547736,3.2176581589750586,-6.140736993949316,-5.0524602779234026e-14
243.60772587567737,25.593501530591702,6.84410856666319,3.2190335010432216,-6.142315125888886,-3.368306851948935e-14
243.61811055039013,25.590297039501916,6.843467626063713,3.2204087077352463,-6.143893335297172,-1.6841534259744676e-14
243.62849471963455,25.587091950620167,6.842827015724193,3.221783778467456,-6.1454716211727725,3.368306851948935e-14
243.63887838415462,25.5838862660233,6.8421867356195145,3.22315871265645,-6.147049982514138,-5.0524602779234026e-14
243.64926154469515,25.58067998778793,6.8415467857245655,3.2245335097190626,-6.14862841831957,5.0524602779234026e-14
243.65964420200118,25.577473117990493,6.840907166014231,3.2259081690724165,-6.150206927587227,1.6841534259744676e-14
243.6700263568188,25.57426565870723,6.840267876463396,3.227282690133875,-6.15178550931512,-1.6841534259744676e-14
243.68040800989468,25.57105761201416,6.839628917046947,3.2286570723210635,-6.153364162501118,1.6841534259744676e-14
243.69078916197597,25.56784897998713,6.838990287739774,3.230031315051872,-6.154942886142933,-1.6841534259744676e-14
243.70116981381074,25.564639764701774,6.8383519885167585,3.2314054177444413,-6.15652167923814,1.6841534259744676e-14
243.7115499661475,25.561429968233515,6.837714019352791,3.232779379817182,-6.158100540784167,3.368306851948935e-14
243.72192961973548,25.558219592657615,6.8370763802227525,3.234153200688753,-6.159679469778295,5.0524602779234026e-14
243.7323087753246,25.55500864004909,6.836439071101534,3.2355268797780794,-6.161258465217659,3.368306851948935e-14
243.7426874336654,25.551797112482777,6.835802091964019,3.236900416504348,-6.162837526099247,-1.6841534259744676e-14
243.75306559550918,25.548585012033335,6.835165442785094,3.2382738102869886,-6.164416651419909,-1.6841534259744676e-14
243.76344326160776,25.54537234077518,6.834529123539645,3.239647060545705,-6.165995840176342,3.368306851948935e-14
243.7738204327136,25.54215910078256,6.83389313420256,3.2410201667004577,-6.167575091365095,0.0
243.78419710957996,25.53894529412951,6.833257474748724,3.2423931281714573,-6.169154403982582,-3.368306851948935e-14
243.79457329296062,25.535730922889872,6.832622145153024,3.2437659443791866,-6.1707337770250685,-3.368306851948935e-14
243.80494898361013,25.532515989137284,6.831987145390343,3.245138614744373,-6.172313209488672,-3.368306851948935e-14
243.81532418228358,25.52930049494519,6.8313524754355734,3.246511138688007,-6.173892700369365,0.0
243.82569888973669,25.526084442386825,6.830718135263593,3.2478835156313455,-6.175472248662983,-1.6841534259744676e-14
243.836073106726,25.522867833535223,6.830084124849296,3.2492557449958923,-6.177051853365206,-5.0524602779234026e-14
243.8464468340086,25.519650670463236,6.8294504441675645,3.250627826203414,-6.178631513471579,-6.73661370389787e-14
243.85682007234223,25.516432955243495,6.828817093193283,3.251999758675934,-6.180211227977502,5.0524602779234026e-14
243.8671928224852,25.51321468994844,6.828184071901344,3.2533715418357367,-6.18179099587822,0.0
243.87756508519664,25.509995876650315,6.827551380266627,3.2547431751053666,-6.183370816168856,-1.6841534259744676e-14
243.88793686123623,25.506776517421155,6.8269190182640225,3.256114657907615,-6.184950687844362,-1.6841534259744676e-14
243.8983081513643,25.503556614332798,6.826286985868415,3.2574859896655406,-6.186530609899565,3.368306851948935e-14
243.90867895634182,25.500336169456894,6.825655283054691,3.258857169802461,-6.188110581329148,-5.0524602779234026e-14
243.91904927693045,25.497115184864864,6.825023909797736,3.260228197741943,-6.189690601127639,0.0
243.92941911389252,25.49389366262795,6.824392866072438,3.261599072907818,-6.191270668289433,3.368306851948935e-14
243.93978846799087,25.49067160481721,6.82376215185368,3.2629697947241776,-6.192850781808778,-6.73661370389787e-14
243.9501573399892,25.487449013503458,6.823131767116351,3.264340362615358,-6.194430940679782,3.368306851948935e-14
243.96052573065163,25.484225890757344,6.822501711835337,3.265710776005967,-6.196011143896403,0.0
243.97089364074313,25.481002238649285,6.821871985985524,3.267081034320863,-6.197591390452464,6.73661370389787e-14
243.98126107102914,25.477778059249545,6.821242589541797,3.2684511369851625,-6.199171679341638,0.0
243.99162802227585,25.474553354628146,6.820613522479044,3.2698210834242367,-6.20075200955746,-1.6841534259744676e-14
244.0019944952501,25.47132812685491,6.819984784772149,3.27119087306372,-6.202332380093326,-1.6841534259744676e-14
244.0123604907194,25.468102377999497,6.819356376395999,3.272560505329498,-6.203912789942484,1.6841534259744676e-14
244.02272600945173,25.464876110131314,6.8187282973254835,3.273929979647717,-6.205493238098037,0.0
