galstreams/tracks/track.st.M30.sollima2020.ecsv
# %ECSV 0.9
# ---
# datatype:
# - {name: ra, unit: deg, datatype: float64}
# - {name: dec, unit: deg, datatype: float64}
# - {name: distance, unit: kpc, datatype: float64}
# - {name: pm_ra_cosdec, unit: mas / yr, datatype: float64}
# - {name: pm_dec, unit: mas / yr, datatype: float64}
# - {name: radial_velocity, unit: km / s, datatype: float64}
# delimiter: ','
# meta: !!omap
# - __serialized_columns__:
#     dec:
#       __class__: astropy.coordinates.angles.Latitude
#       unit: &id001 !astropy.units.Unit {unit: deg}
#       value: !astropy.table.SerializedColumn {name: dec}
#     distance:
#       __class__: astropy.coordinates.distances.Distance
#       unit: !astropy.units.Unit {unit: kpc}
#       value: !astropy.table.SerializedColumn {name: distance}
#     pm_dec:
#       __class__: astropy.units.quantity.Quantity
#       unit: !astropy.units.Unit {unit: mas / yr}
#       value: !astropy.table.SerializedColumn {name: pm_dec}
#     pm_ra_cosdec:
#       __class__: astropy.units.quantity.Quantity
#       unit: !astropy.units.Unit {unit: mas / yr}
#       value: !astropy.table.SerializedColumn {name: pm_ra_cosdec}
#     ra:
#       __class__: astropy.coordinates.angles.Longitude
#       unit: *id001
#       value: !astropy.table.SerializedColumn {name: ra}
#       wrap_angle: !astropy.coordinates.Angle
#         unit: *id001
#         value: 360.0
#     radial_velocity:
#       __class__: astropy.units.quantity.Quantity
#       unit: !astropy.units.Unit {unit: km / s}
#       value: !astropy.table.SerializedColumn {name: radial_velocity}
# schema: astropy-2.0
ra,dec,distance,pm_ra_cosdec,pm_dec,radial_velocity
[from data line 471]
325.40485989159845,-23.141253983707323,7.900000000000009,0.0,0.0,0.0
325.4151273157909,-23.140286965370887,7.900000000000008,0.0,0.0,0.0
325.4253905966974,-23.13929736158762,7.900000000000008,0.0,0.0,0.0
325.43564960007313,-23.138284464506537,7.900000000000008,0.0,0.0,0.0
325.4459041913061,-23.13724756543502,7.900000000000009,0.0,0.0,0.0
325.45615423543234,-23.136185954919625,7.900000000000008,0.0,0.0,0.0
325.46639959715037,-23.13509892282759,7.9000000000000075,0.0,0.0,0.0
325.4766401408373,-23.1339857584289,7.900000000000008,0.0,0.0,0.0
325.48687573056355,-23.132845750478975,7.900000000000008,0.0,0.0,0.0
325.497106230109,-23.131678187301965,7.900000000000009,0.0,0.0,0.0
325.5073315029783,-23.13048235687469,7.9000000000000075,0.0,0.0,0.0
325.5175514124169,-23.129257546911152,7.900000000000009,0.0,0.0,0.0
325.5277658214275,-23.128003044947636,7.900000000000009,0.0,0.0,0.0
325.5379745927859,-23.12671813842852,7.900000000000009,0.0,0.0,0.0
325.54817758905733,-23.1254021147926,7.9000000000000075,0.0,0.0,0.0
325.5583746726137,-23.12405426156002,7.900000000000009,0.0,0.0,0.0
325.5685657056497,-23.122673866419923,7.900000000000008,0.0,0.0,0.0
325.5787505501998,-23.121260217318596,7.900000000000008,0.0,0.0,0.0
325.58892906815595,-23.11981260254827,7.900000000000008,0.0,0.0,0.0
325.5991011212839,-23.11833031083657,7.900000000000009,0.0,0.0,0.0
325.60926657124145,-23.11681263143647,7.900000000000008,0.0,0.0,0.0
325.61942527959565,-23.11525885421698,7.900000000000009,0.0,0.0,0.0
325.62957710784053,-23.11366826975437,7.900000000000008,0.0,0.0,0.0
325.6397219174153,-23.112040169424024,7.90000000000001,0.0,0.0,0.0
325.64985956972214,-23.1103738454929,7.900000000000009,0.0,0.0,0.0
325.6599899261447,-23.108668591212613,7.900000000000009,0.0,0.0,0.0
325.67011284806654,-23.10692370091309,7.900000000000009,0.0,0.0,0.0
325.68022819688946,-23.105138470096904,7.90000000000001,0.0,0.0,0.0
325.6903358340526,-23.103312195534166,7.900000000000009,0.0,0.0,0.0
325.70043562105116,-23.10144417535803,7.900000000000008,0.0,0.0,0.0
325.7105274194557,-23.099533709160795,7.900000000000012,0.0,0.0,0.0
325.72061109093124,-23.097580098090706,7.90000000000001,0.0,0.0,0.0
325.7306864972567,-23.09558264494924,7.90000000000001,0.0,0.0,0.0
325.7407535003448,-23.09354065428907,7.900000000000009,0.0,0.0,0.0
325.7508119622615,-23.09145343251267,7.90000000000001,0.0,0.0,0.0
325.76086174524596,-23.089320287971432,7.900000000000009,0.0,0.0,0.0
325.770902711731,-23.087140531065494,7.90000000000001,0.0,0.0,0.0
325.7809347243631,-23.084913474344102,7.90000000000001,0.0,0.0,0.0
325.7909576460228,-23.082638432606668,7.900000000000011,0.0,0.0,0.0
325.80097133984543,-23.08031472300431,7.900000000000009,0.0,0.0,0.0
325.8109756692421,-23.07794166514214,7.900000000000011,0.0,0.0,0.0
325.82097049792037,-23.075518581182074,7.900000000000008,0.0,0.0,0.0
325.83095568990524,-23.07304479594626,7.90000000000001,0.0,0.0,0.0
325.8409311095609,-23.07051963702116,7.900000000000011,0.0,0.0,0.0
325.85089662161187,-23.067942434862196,7.90000000000001,0.0,0.0,0.0
325.86085209116453,-23.065312522899045,7.900000000000009,0.0,0.0,0.0
325.87079738372927,-23.062629237641485,7.900000000000011,0.0,0.0,0.0
325.88073236524207,-23.059891918785905,7.900000000000011,0.0,0.0,0.0
325.89065690208685,-23.057099909322435,7.900000000000009,0.0,0.0,0.0
325.9005708611176,-23.054252555642616,7.90000000000001,0.0,0.0,0.0
325.91047410968105,-23.051349207647753,7.900000000000011,0.0,0.0,0.0
325.92036651563893,-23.048389218857825,7.90000000000001,0.0,0.0,0.0
325.9302479473911,-23.045371946521023,7.90000000000001,0.0,0.0,0.0
325.9401182738982,-23.04229675172394,7.900000000000009,0.0,0.0,0.0
325.9499773647049,-23.03916299950227,7.900000000000009,0.0,0.0,0.0
325.9598250899633,-23.03597005895224,7.900000000000011,0.0,0.0,0.0
325.9696613204561,-23.032717303342544,7.90000000000001,0.0,0.0,0.0
325.9794859276202,-23.02940411022696,7.900000000000009,0.0,0.0,0.0
325.98929878357075,-23.026029861557515,7.900000000000009,0.0,0.0,0.0
325.9990997611247,-23.02259394379834,7.900000000000011,0.0,0.0,0.0
326.0088887338251,-23.01909574804005,7.900000000000009,0.0,0.0,0.0
326.0186655759652,-23.015534670114796,7.900000000000011,0.0,0.0,0.0
326.028430162613,-23.011910110711874,7.900000000000011,0.0,0.0,0.0
326.0381823696357,-23.008221475493993,7.90000000000001,0.0,0.0,0.0
326.04792207372446,-23.00446817521414,7.900000000000011,0.0,0.0,0.0
326.0576491524191,-23.000649625833017,7.900000000000011,0.0,0.0,0.0
326.06736348413347,-22.99676524863713,7.900000000000012,0.0,0.0,0.0
326.07706494818024,-22.992814470357487,7.900000000000009,0.0,0.0,0.0
326.08675342479665,-22.988796723288885,7.900000000000011,0.0,0.0,0.0
326.09642879516963,-22.984711445409783,7.900000000000011,0.0,0.0,0.0
326.1060909414617,-22.980558080502874,7.900000000000011,0.0,0.0,0.0
326.11573974683665,-22.976336078276162,7.90000000000001,0.0,0.0,0.0
326.1253750954858,-22.972044894484707,7.90000000000001,0.0,0.0,0.0
326.13499687265363,-22.967683991052986,7.900000000000011,0.0,0.0,0.0
326.1446049646644,-22.963252836197828,7.900000000000011,0.0,0.0,0.0
326.15419925894844,-22.95875090455197,7.900000000000009,0.0,0.0,0.0
326.16377964406894,-22.954177677288236,7.900000000000011,0.0,0.0,0.0
326.17334600974823,-22.949532642244343,7.900000000000009,0.0,0.0,0.0
326.1828982468953,-22.944815294048247,7.900000000000011,0.0,0.0,0.0
326.1924362476322,-22.940025134244184,7.900000000000011,0.0,0.0,0.0
326.20195990532164,-22.935161671419273,7.900000000000011,0.0,0.0,0.0
326.2114691145941,-22.9302244213307,7.90000000000001,0.0,0.0,0.0
326.2209637713754,-22.925212907033607,7.900000000000012,0.0,0.0,0.0
326.2304437729144,-22.920126659009487,7.900000000000011,0.0,0.0,0.0
326.2399090178105,-22.914965215295265,7.900000000000011,0.0,0.0,0.0
326.2493594060419,-22.909728121612925,7.900000000000012,0.0,0.0,0.0
326.25879483899337,-22.90441493149982,7.900000000000012,0.0,0.0,0.0
326.26821521948466,-22.899025206439532,7.900000000000012,0.0,0.0,0.0
326.2776204517989,-22.89355851599335,7.900000000000009,0.0,0.0,0.0
326.2870104417106,-22.888014437932394,7.900000000000012,0.0,0.0,0.0
326.29638509651494,-22.882392558370316,7.900000000000009,0.0,0.0,0.0
326.3057443250562,-22.876692471896618,7.900000000000012,0.0,0.0,0.0
326.31508803775677,-22.87091378171058,7.900000000000011,0.0,0.0,0.0
326.324416146646,-22.865056099755822,7.900000000000009,0.0,0.0,0.0
326.3337285653897,-22.85911904685542,7.900000000000011,0.0,0.0,0.0
326.3430252093194,-22.853102252847687,7.900000000000012,0.0,0.0,0.0
326.35230599546156,-22.84700535672257,7.90000000000001,0.0,0.0,0.0
326.3615708425675,-22.840828006758574,7.900000000000012,0.0,0.0,0.0
326.3708196711431,-22.83456986066041,7.900000000000013,0.0,0.0,0.0
326.38005240347843,-22.82823058569716,7.900000000000012,0.0,0.0,0.0
326.3892689636779,-22.821809858841107,7.900000000000012,0.0,0.0,0.0
326.3984692776907,-22.81530736690716,7.900000000000012,0.0,0.0,0.0
326.4076532733406,-22.808722806692867,7.900000000000011,0.0,0.0,0.0
326.4168208803566,-22.8020558851191,7.900000000000011,0.0,0.0,0.0
326.42597203040356,-22.795306319371267,7.900000000000012,0.0,0.0,0.0
326.43510665711267,-22.7884738370412,7.900000000000009,0.0,0.0,0.0
326.4442246961123,-22.781558176269627,7.900000000000012,0.0,0.0,0.0
326.4533260850591,-22.774559085889262,7.900000000000011,0.0,0.0,0.0
326.46241076366886,-22.76747632556849,7.900000000000009,0.0,0.0,0.0
326.47147867374775,-22.760309665955695,7.900000000000011,0.0,0.0,0.0
326.4805297592237,-22.75305888882416,7.900000000000009,0.0,0.0,0.0
326.48956396617785,-22.745723787217596,7.900000000000012,0.0,0.0,0.0
326.498581242876,-22.7383041655963,7.900000000000012,0.0,0.0,0.0
326.50758153980024,-22.730799839983902,7.900000000000011,0.0,0.0,0.0
326.51656480968103,-22.723210638114704,7.900000000000011,0.0,0.0,0.0
326.5255310075289,-22.715536399581683,7.900000000000011,0.0,0.0,0.0
326.53448009066665,-22.70777697598506,7.90000000000001,0.0,0.0,0.0
326.5434120187614,-22.699932231081483,7.900000000000011,0.0,0.0,0.0
326.55232675385696,-22.69200204093388,7.900000000000009,0.0,0.0,0.0
326.5612242604062,-22.6839862940618,7.900000000000011,0.0,0.0,0.0
326.5701045053037,-22.675884891592503,7.900000000000011,0.0,0.0,0.0
326.5789674579182,-22.667697747412593,7.900000000000011,0.0,0.0,0.0
326.5878130901256,-22.65942478832023,7.900000000000011,0.0,0.0,0.0
326.59664137634184,-22.65106595417803,7.900000000000011,0.0,0.0,0.0
326.60545229355546,-22.642621198066514,7.900000000000011,0.0,0.0,0.0
326.61424582136146,-22.63409048643821,7.900000000000011,0.0,0.0,0.0
326.62302194199395,-22.62547379927233,7.900000000000011,0.0,0.0,0.0
326.6317806403597,-22.61677113023009,7.90000000000001,0.0,0.0,0.0
326.6405219040717,-22.60798248681061,7.900000000000012,0.0,0.0,0.0
326.6492457234825,-22.59910789050747,7.900000000000012,0.0,0.0,0.0
326.6579520917183,-22.59014737696582,7.900000000000012,0.0,0.0,0.0
326.6666410047123,-22.58110099614016,7.900000000000012,0.0,0.0,0.0
326.6753124612387,-22.571968812452678,7.900000000000012,0.0,0.0,0.0
326.68396646294724,-22.562750904952228,7.900000000000011,0.0,0.0,0.0
326.6926030143966,-22.553447367473925,7.900000000000011,0.0,0.0,0.0
326.70122212308917,-22.54405830879935,7.900000000000011,0.0,0.0,0.0
326.70982379950516,-22.534583852817327,7.900000000000011,0.0,0.0,0.0
326.7184080571373,-22.525024138685364,7.90000000000001,0.0,0.0,0.0
326.7269749125251,-22.515379320991702,7.90000000000001,0.0,0.0,0.0
326.7355243852898,-22.505649569917896,7.900000000000012,0.0,0.0,0.0
326.7440564981691,-22.495835071402144,7.900000000000012,0.0,0.0,0.0
326.75257127705197,-22.485936027303097,7.900000000000011,0.0,0.0,0.0
326.7610687510138,-22.475952655564363,7.900000000000011,0.0,0.0,0.0
326.7695489523515,-22.465885190379566,7.900000000000011,0.0,0.0,0.0
326.77801191661865,-22.455733882358103,7.900000000000012,0.0,0.0,0.0
326.78645768266097,-22.445498998691377,7.900000000000009,0.0,0.0,0.0
326.79488629265165,-22.435180823319783,7.900000000000012,0.0,0.0,0.0
326.8032977921269,-22.424779657100196,7.900000000000011,0.0,0.0,0.0
326.8116922300217,-22.414295817974153,7.900000000000011,0.0,0.0,0.0
326.8200696587058,-22.403729641136582,7.900000000000012,0.0,0.0,0.0
326.8284301340188,-22.39308147920518,7.900000000000012,0.0,0.0,0.0
326.83677371530706,-22.38235170239039,7.90000000000001,0.0,0.0,0.0
326.84510046545944,-22.37154069866598,7.900000000000009,0.0,0.0,0.0
326.8534104509434,-22.360648873940264,7.90000000000001,0.0,0.0,0.0
326.86170374184127,-22.349676652227892,7.900000000000009,0.0,0.0,0.0
326.8699804118869,-22.338624475822293,7.90000000000001,0.0,0.0,0.0
326.87824053850227,-22.32749280546868,7.900000000000011,0.0,0.0,0.0
326.88648420283357,-22.31628212053774,7.900000000000009,0.0,0.0,0.0
326.8947114897886,-22.304992919199833,7.900000000000011,0.0,0.0,0.0
326.90292248807344,-22.29362571859992,7.900000000000011,0.0,0.0,0.0
326.9111172902291,-22.282181055032957,7.900000000000011,0.0,0.0,0.0
326.9192959926688,-22.270659484120088,7.900000000000011,0.0,0.0,0.0
326.92745869571564,-22.25906158098525,7.900000000000011,0.0,0.0,0.0
326.93560550363907,-22.247387940432557,7.900000000000011,0.0,0.0,0.0
326.9437365246928,-22.23563917712414,7.900000000000012,0.0,0.0,0.0
326.9518518711523,-22.22381592575875,7.900000000000009,0.0,0.0,0.0
326.95995165935255,-22.21191884125086,7.900000000000009,0.0,0.0,0.0
326.96803600972527,-22.199948598910435,7.900000000000009,0.0,0.0,0.0
326.9761050468375,-22.187905894623267,7.900000000000011,0.0,0.0,0.0
326.98415889942925,-22.17579144503196,7.900000000000012,0.0,0.0,0.0
326.99219770045147,-22.16360598771753,7.900000000000009,0.0,0.0,0.0
327.00022158710453,-22.15135028138156,7.900000000000009,0.0,0.0,0.0
327.00823070087665,-22.13902510602902,7.90000000000001,0.0,0.0,0.0
327.016225187582,-22.12663126315169,7.900000000000009,0.0,0.0,0.0
327.02420519739974,-22.114169575912136,7.900000000000011,0.0,0.0,0.0
327.03217088491226,-22.101640889328387,7.90000000000001,0.0,0.0,0.0
327.0401224091446,-22.089046070459148,7.900000000000009,0.0,0.0,0.0
327.0480599336029,-22.076386008589644,7.900000000000008,0.0,0.0,0.0
327.0559836263137,-22.063661615418095,7.900000000000009,0.0,0.0,0.0
327.06389365986354,-22.05087382524275,7.900000000000009,0.0,0.0,0.0
327.07179021143753,-22.038023595149586,7.90000000000001,0.0,0.0,0.0
327.07967346285955,-22.025111905200593,7.900000000000011,0.0,0.0,0.0
327.08754360063153,-22.012139758622627,7.90000000000001,0.0,0.0,0.0
327.09540081597356,-21.99910818199695,7.900000000000011,0.0,0.0,0.0
327.1032453048632,-21.98601822544931,7.900000000000009,0.0,0.0,0.0
327.1110772680762,-21.972870962840673,7.900000000000012,0.0,0.0,0.0
327.1188969112261,-21.95966749195851,7.900000000000011,0.0,0.0,0.0
327.1267044448051,-21.94640893470877,7.90000000000001,0.0,0.0,0.0
327.13450008422416,-21.93309643730838,7.900000000000009,0.0,0.0,0.0
327.1422840498538,-21.91973117047839,7.900000000000008,0.0,0.0,0.0
327.1500565670649,-21.906314329637755,7.900000000000009,0.0,0.0,0.0
327.15781786626945,-21.892847135097643,7.900000000000012,0.0,0.0,0.0
327.1655681829619,-21.879330832256407,7.900000000000011,0.0,0.0,0.0
327.1733077577603,-21.865766691795194,7.900000000000011,0.0,0.0,0.0
327.1810368364477,-21.852156009874065,7.900000000000012,0.0,0.0,0.0
327.18875567001373,-21.83850010832878,7.900000000000011,0.0,0.0,0.0
327.19646451469634,-21.82480033486821,7.900000000000012,0.0,0.0,0.0
327.2041636320239,-21.811058063272306,7.900000000000011,0.0,0.0,0.0
327.21185328885696,-21.79727469359068,7.90000000000001,0.0,0.0,0.0
327.2195337574309,-21.783451652341803,7.900000000000009,0.0,0.0,0.0
327.22720531539795,-21.769590392712846,7.900000000000008,0.0,0.0,0.0
327.23486824587036,-21.75569239476001,7.900000000000008,0.0,0.0,0.0
327.2425228374626,-21.741759165609604,7.900000000000008,0.0,0.0,0.0
327.2501693843351,-21.727792239659607,7.900000000000008,0.0,0.0,0.0
327.25780818623656,-21.7137931787819,7.900000000000009,0.0,0.0,0.0
327.26543954854833,-21.699763572525057,7.900000000000009,0.0,0.0,0.0
327.2730637823272,-21.68570503831782,7.900000000000011,0.0,0.0,0.0
327.2806812043497,-21.67161922167303,7.900000000000009,0.0,0.0,0.0
327.2882921371559,-21.657507796392316,7.900000000000009,0.0,0.0,0.0
327.2958969090938,-21.643372464771282,7.900000000000011,0.0,0.0,0.0
327.3034958543636,-21.629214957805342,7.90000000000001,0.0,0.0,0.0
327.3110893130624,-21.615037035396107,7.900000000000009,0.0,0.0,0.0
327.3186776312293,-21.600840486558447,7.900000000000009,0.0,0.0,0.0
327.32626116089034,-21.58662712962807,7.900000000000009,0.0,0.0,0.0
327.33384026010395,-21.57239881246977,7.900000000000009,0.0,0.0,0.0
327.34141529300643,-21.558157412686224,7.900000000000008,0.0,0.0,0.0
327.34898662985796,-21.543904837827398,7.900000000000009,0.0,0.0,0.0
327.35655464708867,-21.529643025600567,7.90000000000001,0.0,0.0,0.0
327.36411972734487,-21.515373944080928,7.900000000000011,0.0,0.0,0.0
327.3716822595359,-21.501099591922777,7.900000000000008,0.0,0.0,0.0
327.3792426388807,-21.486821998571326,7.90000000000001,0.0,0.0,0.0
327.38680126695533,-21.47254322447509,7.900000000000008,0.0,0.0,0.0
327.39435855174,-21.45826536129888,7.9000000000000075,0.0,0.0,0.0
327.4019149076674,-21.443990532137374,7.900000000000009,0.0,0.0,0.0
327.4094707556698,-21.429720891729293,7.900000000000008,0.0,0.0,0.0
327.4170265232282,-21.415458626672173,7.90000000000001,0.0,0.0,0.0
327.4245826444204,-21.40120595563774,7.900000000000008,0.0,0.0,0.0
327.4321395599704,-21.386965129587814,7.900000000000008,0.0,0.0,0.0
327.4396977172969,-21.37273843199092,7.9000000000000075,0.0,0.0,0.0
327.4472575705636,-21.358528179039364,7.9000000000000075,0.0,0.0,0.0
327.45481958072855,-21.34433671986698,7.9000000000000075,0.0,0.0,0.0
327.4623842155947,-21.330166436767435,7.900000000000008,0.0,0.0,0.0
327.46995194986005,-21.316019745413143,7.900000000000008,0.0,0.0,0.0
327.477523265169,-21.301899095074752,7.900000000000008,0.0,0.0,0.0
327.48509865016314,-21.287806968841195,7.900000000000008,0.0,0.0,0.0
