galstreams/tracks/track.st.Pegasus.perottoni2019.ecsv
# %ECSV 0.9
# ---
# datatype:
# - {name: ra, unit: deg, datatype: float64}
# - {name: dec, unit: deg, datatype: float64}
# - {name: distance, unit: kpc, datatype: float64}
# - {name: pm_ra_cosdec, unit: mas / yr, datatype: float64}
# - {name: pm_dec, unit: mas / yr, datatype: float64}
# - {name: radial_velocity, unit: km / s, datatype: float64}
# delimiter: ','
# meta: !!omap
# - __serialized_columns__:
#     dec:
#       __class__: astropy.coordinates.angles.Latitude
#       unit: &id001 !astropy.units.Unit {unit: deg}
#       value: !astropy.table.SerializedColumn {name: dec}
#     distance:
#       __class__: astropy.coordinates.distances.Distance
#       unit: !astropy.units.Unit {unit: kpc}
#       value: !astropy.table.SerializedColumn {name: distance}
#     pm_dec:
#       __class__: astropy.units.quantity.Quantity
#       unit: !astropy.units.Unit {unit: mas / yr}
#       value: !astropy.table.SerializedColumn {name: pm_dec}
#     pm_ra_cosdec:
#       __class__: astropy.units.quantity.Quantity
#       unit: !astropy.units.Unit {unit: mas / yr}
#       value: !astropy.table.SerializedColumn {name: pm_ra_cosdec}
#     ra:
#       __class__: astropy.coordinates.angles.Longitude
#       unit: *id001
#       value: !astropy.table.SerializedColumn {name: ra}
#       wrap_angle: !astropy.coordinates.Angle
#         unit: *id001
#         value: 360.0
#     radial_velocity:
#       __class__: astropy.units.quantity.Quantity
#       unit: !astropy.units.Unit {unit: km / s}
#       value: !astropy.table.SerializedColumn {name: radial_velocity}
# schema: astropy-2.0
ra,dec,distance,pm_ra_cosdec,pm_dec,radial_velocity
328.34404261479085,20.876419268931873,17.999999999999446,0.0,0.0,0.0
328.3665400566486,20.914071679789306,17.999999999999485,0.0,0.0,0.0
328.3890619141844,20.95171373506243,17.999999999999524,0.0,0.0,0.0
328.41160823815653,20.98934541249324,17.99999999999956,0.0,0.0,0.0
328.43417907937226,21.026966689791152,17.99999999999959,0.0,0.0,0.0
328.45677448868776,21.064577544632655,17.99999999999962,0.0,0.0,0.0
328.4793945170082,21.10217795466117,17.99999999999965,0.0,0.0,0.0
328.502039215288,21.139767897486667,17.999999999999673,0.0,0.0,0.0
328.52470863453124,21.17734735068572,17.9999999999997,0.0,0.0,0.0
328.54740282579155,21.21491629180122,17.99999999999972,0.0,0.0,0.0
328.5701218401723,21.252474698341945,17.99999999999974,0.0,0.0,0.0
328.5928657288267,21.29002254778271,17.99999999999976,0.0,0.0,0.0
328.61563454295845,21.327559817563923,17.999999999999773,0.0,0.0,0.0
328.63842833382125,21.36508648509148,17.999999999999787,0.0,0.0,0.0
328.6612471527194,21.402602527736416,17.9999999999998,0.0,0.0,0.0
328.6840910510077,21.440107922834887,17.999999999999815,0.0,0.0,0.0
328.706960080092,21.47760264768792,17.99999999999983,0.0,0.0,0.0
328.7298542914289,21.51508667956099,17.99999999999984,0.0,0.0,0.0
328.75277373652625,21.552559995684128,17.999999999999847,0.0,0.0,0.0
328.77571846694303,21.590022573251517,17.999999999999858,0.0,0.0,0.0
328.7986885342901,21.62747438942137,17.999999999999865,0.0,0.0,0.0
328.82168399022936,21.664915421315534,17.999999999999876,0.0,0.0,0.0
328.84470488647503,21.702345646019566,17.999999999999886,0.0,0.0,0.0
328.8677512747929,21.739765040582384,17.99999999999989,0.0,0.0,0.0
328.8908232070012,21.77717358201589,17.999999999999897,0.0,0.0,0.0
328.9139207349701,21.814571247295074,17.9999999999999,0.0,0.0,0.0
328.9370439106225,21.85195801335759,17.999999999999904,0.0,0.0,0.0
328.9601927859338,21.889333857103644,17.999999999999915,0.0,0.0,0.0
328.98336741293207,21.9266987553956,17.999999999999915,0.0,0.0,0.0
329.0065678436985,21.96405268505802,17.99999999999992,0.0,0.0,0.0
329.0297941303671,22.00139562287738,17.999999999999922,0.0,0.0,0.0
329.05304632512525,22.038727545601596,17.99999999999993,0.0,0.0,0.0
329.07632448021377,22.076048429940222,17.99999999999993,0.0,0.0,0.0
329.099628647927,22.113358252563955,17.99999999999993,0.0,0.0,0.0
329.1229588806129,22.150656990104544,17.99999999999994,0.0,0.0,0.0
329.1463152306733,22.187944619154404,17.999999999999936,0.0,0.0,0.0
329.1696977505642,22.225221116266635,17.999999999999943,0.0,0.0,0.0
329.1931064927956,22.262486457954726,17.999999999999947,0.0,0.0,0.0
329.21654150993186,22.299740620692145,17.999999999999943,0.0,0.0,0.0
329.24000285459186,22.33698358091241,17.99999999999995,0.0,0.0,0.0
329.2634905794491,22.374215315008726,17.999999999999954,0.0,0.0,0.0
329.2870047372318,22.41143579933382,17.99999999999995,0.0,0.0,0.0
329.3105453807232,22.448645010199527,17.99999999999995,0.0,0.0,0.0
329.33411256276156,22.48584292387689,17.99999999999995,0.0,0.0,0.0
329.35770633624037,22.523029516595766,17.99999999999995,0.0,0.0,0.0
329.38132675410844,22.560204764544498,17.999999999999957,0.0,0.0,0.0
329.40497386937017,22.597368643869924,17.999999999999957,0.0,0.0,0.0
329.4286477350857,22.634521130677044,17.999999999999957,0.0,0.0,0.0
329.452348404371,22.671662201028827,17.999999999999957,0.0,0.0,0.0
329.47607593039766,22.70879183094582,17.999999999999957,0.0,0.0,0.0
329.4998303663939,22.745909996406226,17.999999999999957,0.0,0.0,0.0
329.52361176564386,22.783016673345475,17.999999999999957,0.0,0.0,0.0
329.54742018148806,22.82011183765611,17.999999999999957,0.0,0.0,0.0
329.57125566732384,22.857195465187353,17.99999999999996,0.0,0.0,0.0
329.5951182766049,22.894267531745186,17.99999999999996,0.0,0.0,0.0
329.61900806284206,22.931328013091978,17.999999999999964,0.0,0.0,0.0
329.64292507960283,22.968376884946125,17.99999999999996,0.0,0.0,0.0
329.66686938051197,23.005414122982074,17.99999999999996,0.0,0.0,0.0
329.69084101925154,23.04243970282998,17.999999999999964,0.0,0.0,0.0
329.71484004956096,23.079453600075496,17.999999999999968,0.0,0.0,0.0
329.73886652523703,23.11645579025941,17.999999999999968,0.0,0.0,0.0
329.76292050013444,23.15344624887768,17.999999999999964,0.0,0.0,0.0
329.7870020281655,23.190424951381083,17.999999999999968,0.0,0.0,0.0
329.81111116330044,23.227391873174817,17.999999999999968,0.0,0.0,0.0
329.83524795956777,23.26434698961858,17.999999999999968,0.0,0.0,0.0
329.859412471054,23.30129027602616,17.99999999999996,0.0,0.0,0.0
329.88360475190416,23.33822170766527,17.99999999999997,0.0,0.0,0.0
329.9078248563214,23.375141259757164,17.999999999999968,0.0,0.0,0.0
329.9320728385679,23.41204890747665,17.99999999999997,0.0,0.0,0.0
329.95634875296435,23.448944625951768,17.999999999999968,0.0,0.0,0.0
329.98065265389033,23.485828390263393,17.999999999999964,0.0,0.0,0.0
330.0049845957843,23.522700175445276,17.999999999999968,0.0,0.0,0.0
330.02934463314415,23.55955995648364,17.99999999999997,0.0,0.0,0.0
330.0537328205267,23.59640770831704,17.999999999999968,0.0,0.0,0.0
330.0781492125483,23.633243405835945,17.999999999999968,0.0,0.0,0.0
330.1025938638848,23.670067023882776,17.999999999999968,0.0,0.0,0.0
330.1270668292716,23.706878537251576,17.99999999999997,0.0,0.0,0.0
330.15156816350395,23.74367792068754,17.99999999999997,0.0,0.0,0.0
330.1760979214369,23.780465148887174,17.999999999999975,0.0,0.0,0.0
330.2006561579856,23.817240196497803,17.99999999999997,0.0,0.0,0.0
330.22524292812517,23.85400303811747,17.99999999999997,0.0,0.0,0.0
330.2498582868911,23.890753648294453,17.99999999999997,0.0,0.0,0.0
330.27450228937914,23.927492001527412,17.999999999999968,0.0,0.0,0.0
330.29917499074566,23.964218072264895,17.999999999999975,0.0,0.0,0.0
330.3238764462074,24.000931834905057,17.99999999999997,0.0,0.0,0.0
330.3486067110422,24.037633263795648,17.999999999999975,0.0,0.0,0.0
330.3733658405882,24.07432233323363,17.99999999999997,0.0,0.0,0.0
330.398153890245,24.110999017464984,17.999999999999975,0.0,0.0,0.0
330.422970915473,24.14766329068432,17.999999999999975,0.0,0.0,0.0
330.4478169717938,24.18431512703492,17.999999999999975,0.0,0.0,0.0
330.4726921147904,24.220954500608343,17.999999999999975,0.0,0.0,0.0
330.497596400107,24.25758138544405,17.99999999999998,0.0,0.0,0.0
330.5225298834495,24.294195755529454,17.999999999999975,0.0,0.0,0.0
330.5474926205854,24.33079758479948,17.999999999999975,0.0,0.0,0.0
330.5724846673439,24.36738684713643,17.99999999999998,0.0,0.0,0.0
330.597506079616,24.40396351636954,17.99999999999998,0.0,0.0,0.0
330.62255691335463,24.440527566275033,17.999999999999982,0.0,0.0,0.0
330.6476372245749,24.477078970575736,17.99999999999998,0.0,0.0,0.0
330.67274706935416,24.513617702940696,17.99999999999998,0.0,0.0,0.0
330.6978865038316,24.550143736985206,17.99999999999998,0.0,0.0,0.0
330.72305558420936,24.586657046270396,17.999999999999982,0.0,0.0,0.0
330.7482543667516,24.623157604303007,17.99999999999998,0.0,0.0,0.0
330.77348290778525,24.65964538453517,17.999999999999982,0.0,0.0,0.0
330.7987412636998,24.696120360364166,17.999999999999982,0.0,0.0,0.0
330.82402949094774,24.732582505132154,17.999999999999986,0.0,0.0,0.0
330.8493476460442,24.769031792125958,17.999999999999982,0.0,0.0,0.0
330.8746957855673,24.805468194576804,17.999999999999982,0.0,0.0,0.0
330.90007396615846,24.841891685660062,17.999999999999986,0.0,0.0,0.0
330.92548224452196,24.87830223849503,17.999999999999986,0.0,0.0,0.0
330.9509206774255,24.91469982614466,17.999999999999982,0.0,0.0,0.0
330.97638932170014,24.95108442161531,17.999999999999986,0.0,0.0,0.0
331.00188823424025,24.98745599785653,17.999999999999986,0.0,0.0,0.0
331.02741747200395,25.023814527760763,17.999999999999982,0.0,0.0,0.0
331.0529770920128,25.060159984163132,17.999999999999982,0.0,0.0,0.0
331.0785671513521,25.09649233984119,17.999999999999986,0.0,0.0,0.0
331.1041877071709,25.13281156751465,17.999999999999986,0.0,0.0,0.0
331.1298388166825,25.16911763984515,17.999999999999982,0.0,0.0,0.0
331.15552053716357,25.205410529435994,17.999999999999986,0.0,0.0,0.0
331.18123292595527,25.2416902088319,17.999999999999982,0.0,0.0,0.0
331.20697604046285,25.277956650518764,17.999999999999986,0.0,0.0,0.0
331.2327499381557,25.31420982692339,17.999999999999982,0.0,0.0,0.0
331.2585546765674,25.350449710413233,17.999999999999982,0.0,0.0,0.0
331.28439031329617,25.386676273296178,17.99999999999998,0.0,0.0,0.0
331.3102569060046,25.422889487820246,17.99999999999998,0.0,0.0,0.0
331.3361545124197,25.459089326173366,17.999999999999982,0.0,0.0,0.0
331.3620831903332,25.49527576048312,17.99999999999998,0.0,0.0,0.0
331.3880429976015,25.531448762816463,17.999999999999982,0.0,0.0,0.0
331.4140339921458,25.567608305179505,17.99999999999998,0.0,0.0,0.0
331.4400562319521,25.603754359517225,17.99999999999998,0.0,0.0,0.0
331.4661097750714,25.639886897713232,17.99999999999998,0.0,0.0,0.0
331.4921946796195,25.6760058915895,17.999999999999975,0.0,0.0,0.0
331.51831100377746,25.71211131290611,17.99999999999997,0.0,0.0,0.0
331.5444588057913,25.74820313336099,17.999999999999975,0.0,0.0,0.0
331.5706381439723,25.784281324589674,17.99999999999997,0.0,0.0,0.0
331.596849076697,25.820345858165027,17.999999999999975,0.0,0.0,0.0
331.62309166240726,25.856396705596982,17.999999999999968,0.0,0.0,0.0
331.6493659596103,25.892433838332288,17.999999999999968,0.0,0.0,0.0
331.6756720268788,25.92845722775426,17.99999999999997,0.0,0.0,0.0
331.70200992285083,25.96446684518251,17.999999999999964,0.0,0.0,0.0
331.7283797062302,26.000462661872678,17.999999999999968,0.0,0.0,0.0
331.7547814357863,26.036444649016175,17.999999999999964,0.0,0.0,0.0
331.78121517035413,26.072412777739917,17.99999999999996,0.0,0.0,0.0
331.8076809688344,26.10836701910609,17.99999999999996,0.0,0.0,0.0
331.8341788901938,26.14430734411185,17.99999999999996,0.0,0.0,0.0
331.86070899346464,26.18023372368907,17.99999999999996,0.0,0.0,0.0
331.8872713377452,26.216146128704096,17.999999999999957,0.0,0.0,0.0
331.91386598219975,26.252044529957466,17.999999999999957,0.0,0.0,0.0
331.94049298605853,26.287928898183644,17.99999999999996,0.0,0.0,0.0
331.9671524086178,26.323799204050744,17.999999999999957,0.0,0.0,0.0
331.9938443092399,26.3596554181603,17.999999999999954,0.0,0.0,0.0
332.02056874735325,26.39549751104697,17.999999999999954,0.0,0.0,0.0
332.0473257824526,26.43132545317828,17.999999999999954,0.0,0.0,0.0
332.0741154740989,26.467139214954347,17.999999999999947,0.0,0.0,0.0
332.1009378819191,26.502938766707622,17.999999999999947,0.0,0.0,0.0
332.12779306560674,26.53872407870262,17.999999999999947,0.0,0.0,0.0
332.1546810849216,26.574495121135655,17.99999999999995,0.0,0.0,0.0
332.18160199968975,26.61025186413455,17.999999999999943,0.0,0.0,0.0
332.2085558698038,26.645994277758394,17.999999999999943,0.0,0.0,0.0
332.2355427552227,26.681722331997253,17.999999999999943,0.0,0.0,0.0
332.26256271597185,26.717435996771936,17.999999999999943,0.0,0.0,0.0
332.2896158121433,26.753135241933656,17.999999999999936,0.0,0.0,0.0
332.3167021038955,26.788820037263825,17.999999999999932,0.0,0.0,0.0
332.34382165145354,26.824490352473735,17.999999999999932,0.0,0.0,0.0
332.37097451510897,26.860146157204312,17.99999999999993,0.0,0.0,0.0
332.3981607552201,26.895787421025865,17.999999999999925,0.0,0.0,0.0
332.4253804322118,26.931414113437732,17.999999999999922,0.0,0.0,0.0
332.45263360657555,26.967026203868098,17.999999999999922,0.0,0.0,0.0
332.47992033886953,27.002623661673663,17.99999999999992,0.0,0.0,0.0
332.50724068971874,27.03820645613939,17.999999999999915,0.0,0.0,0.0
332.53459471981483,27.073774556478238,17.99999999999991,0.0,0.0,0.0
332.561982489916,27.10932793183084,17.9999999999999,0.0,0.0,0.0
332.58940406084736,27.14486655126529,17.999999999999893,0.0,0.0,0.0
332.61685949350084,27.180390383776807,17.999999999999897,0.0,0.0,0.0
332.64434884883485,27.21589939828753,17.99999999999989,0.0,0.0,0.0
332.6718721878749,27.251393563646143,17.999999999999883,0.0,0.0,0.0
332.6994295717131,27.28687284862769,17.999999999999872,0.0,0.0,0.0
332.72702106150837,27.322337221933243,17.999999999999872,0.0,0.0,0.0
332.7546467184865,27.357786652189613,17.999999999999865,0.0,0.0,0.0
332.78230660393984,27.393221107949145,17.999999999999858,0.0,0.0,0.0
332.81000077922783,27.428640557689327,17.999999999999844,0.0,0.0,0.0
332.8377293057765,27.46404496981262,17.99999999999984,0.0,0.0,0.0
332.8654922450787,27.499434312646084,17.999999999999826,0.0,0.0,0.0
332.89328965869424,27.534808554441163,17.99999999999982,0.0,0.0,0.0
332.92112160824945,27.570167663373372,17.999999999999805,0.0,0.0,0.0
332.9489881554376,27.605511607541995,17.999999999999797,0.0,0.0,0.0
332.9768893620186,27.64084035496987,17.999999999999787,0.0,0.0,0.0
333.00482528981934,27.67615387360302,17.99999999999977,0.0,0.0,0.0
333.0327960007332,27.711452131310438,17.999999999999755,0.0,0.0,0.0
333.0608015567203,27.746735095883768,17.99999999999974,0.0,0.0,0.0
333.0888420198077,27.782002735037,17.999999999999723,0.0,0.0,0.0
333.11691745208896,27.817255016406246,17.99999999999971,0.0,0.0,0.0
333.14502791572426,27.85249190754941,17.999999999999687,0.0,0.0,0.0
333.1731734729406,27.887713375945882,17.99999999999967,0.0,0.0,0.0
333.2013541860316,27.922919388996327,17.999999999999645,0.0,0.0,0.0
333.22957011735724,27.958109914022312,17.999999999999616,0.0,0.0,0.0
333.2578213293443,27.99328491826606,17.999999999999588,0.0,0.0,0.0
333.28610788448617,28.028444368890156,17.99999999999956,0.0,0.0,0.0
333.31442984534243,28.063588232977278,17.99999999999952,0.0,0.0,0.0
333.34278727453943,28.098716477529862,17.999999999999485,0.0,0.0,0.0
333.37118023476995,28.133829069469844,17.999999999999435,0.0,0.0,0.0
