galstreams/tracks/track.st.NGC5466.jensen2021.ecsv
# %ECSV 1.0
# ---
# datatype:
# - {name: ra, unit: deg, datatype: float64}
# - {name: dec, unit: deg, datatype: float64}
# - {name: distance, unit: kpc, datatype: float64}
# - {name: pm_ra_cosdec, unit: mas / yr, datatype: float64}
# - {name: pm_dec, unit: mas / yr, datatype: float64}
# - {name: radial_velocity, unit: km / s, datatype: float64}
# delimiter: ','
# meta: !!omap
# - __serialized_columns__:
#     dec:
#       __class__: astropy.coordinates.angles.Latitude
#       unit: &id001 !astropy.units.Unit {unit: deg}
#       value: !astropy.table.SerializedColumn {name: dec}
#     distance:
#       __class__: astropy.coordinates.distances.Distance
#       unit: !astropy.units.Unit {unit: kpc}
#       value: !astropy.table.SerializedColumn {name: distance}
#     pm_dec:
#       __class__: astropy.units.quantity.Quantity
#       unit: !astropy.units.Unit {unit: mas / yr}
#       value: !astropy.table.SerializedColumn {name: pm_dec}
#     pm_ra_cosdec:
#       __class__: astropy.units.quantity.Quantity
#       unit: !astropy.units.Unit {unit: mas / yr}
#       value: !astropy.table.SerializedColumn {name: pm_ra_cosdec}
#     ra:
#       __class__: astropy.coordinates.angles.Longitude
#       unit: *id001
#       value: !astropy.table.SerializedColumn {name: ra}
#       wrap_angle: !astropy.coordinates.Angle
#         unit: *id001
#         value: 360.0
#     radial_velocity:
#       __class__: astropy.units.quantity.Quantity
#       unit: !astropy.units.Unit {unit: km / s}
#       value: !astropy.table.SerializedColumn {name: radial_velocity}
# schema: astropy-2.0
ra,dec,distance,pm_ra_cosdec,pm_dec,radial_velocity
[from data line 2599]
220.02323840226794,24.256069335994773,14.604228346322843,-6.184205116633754,-0.4245931461531038,1.24206315165617e-13
220.032758184561,24.25108318004005,14.603001669116916,-6.185162157098464,-0.4241533781185489,8.631286308119147e-14
220.04227738139107,24.246096667391942,14.6017776602383,-6.186119328703464,-0.4237136255774685,2.2315032894161697e-13
220.05179599294084,24.241109798214747,14.600556319686996,-6.187076631466374,-0.4232738885466805,1.0315439734093615e-13
220.06131401939297,24.236122572672738,14.599337647463003,-6.188034065404802,-0.4228341670430238,3.9998643866893604e-14
220.07083146093018,24.231134990930165,14.59812164356633,-6.188991630536363,-0.4223944610833457,2.315710960714893e-14
220.0803483177353,24.226147053151276,14.596908307996967,-6.189949326878668,-0.42195477068450593,1.894672604221276e-14
220.08986458999092,24.2211587595003,14.59569764075492,-6.190907154449331,-0.4215150958633785,1.5578419190263825e-13
220.09938027788,24.216170110141444,14.594489641840186,-6.191865113265962,-0.4210754366368467,1.221011233831489e-13
220.10889538158526,24.211181105238893,14.593284311252765,-6.192823203346169,-0.4206357930218098,6.315575347404253e-15
220.11840990128948,24.20619174495683,14.592081648992654,-6.193781424707563,-0.42019616503518015,1.0315439734093615e-13
220.1279238371755,24.201202029459424,14.590881655059862,-6.194739777367747,-0.4197565526938781,1.0525958912340423e-13
220.1374371894262,24.19621195891082,14.58968432945438,-6.195698261344335,-0.4193169560148395,8.841805486365955e-14
220.14694995822444,24.191221533475133,14.588489672176213,-6.1966568766549255,-0.41887737501501665,1.5367900012017016e-13
220.1564621437531,24.186230753316483,14.587297683225358,-6.197615623317123,-0.418437809711366,8.420767129872338e-14
220.16597374619502,24.18123961859896,14.586108362601818,-6.198574501348535,-0.4179982601208629,6.526094525651062e-14
220.1754847657332,24.17624812948666,14.584921710305593,-6.199533510766763,-0.4175587262604923,6.105056169157445e-14
220.1849952025505,24.17125628614363,14.58373772633668,-6.200492651589407,-0.41711920814725373,-3.157787673702127e-14
220.1945050568299,24.166264088733943,14.582556410695082,-6.201451923834068,-0.41667970579816077,1.9578283576953187e-13
220.20401432875443,24.161271537421595,14.581377763380797,-6.202411327518346,-0.41624021923023313,5.894536990910637e-14
220.21352301850698,24.15627863237063,14.580201784393825,-6.203370862659843,-0.41580074846050846,4.210383564936169e-14
220.2230311262706,24.15128537374504,14.579028473734164,-6.204330529276151,-0.4153612935060366,-2.5262301389617013e-14
220.23253865222827,24.146291761708806,14.577857831401818,-6.205290327384869,-0.41492185438388135,1.768361097273191e-13
220.24204559656312,24.141297796425892,14.576689857396792,-6.206250257003592,-0.41448243111111216,5.6840178126638284e-14
220.2515519594581,24.13630347806026,14.575524551719072,-6.207210318149916,-0.41404302370482027,6.315575347404254e-14
220.2610577410963,24.131308806775838,14.574361914368666,-6.208170510841437,-0.4136036321821028,1.515738083377021e-13
220.27056294166087,24.12631378273654,14.573201945345575,-6.209130835095741,-0.41316425656007216,6.315575347404254e-14
220.28006756133485,24.12131840610628,14.572044644649798,-6.210091290930425,-0.41272489685585395,7.368171238638296e-14
220.2895716003014,24.116322677048938,14.570890012281334,-6.2110518783630795,-0.41228555308658393,5.6840178126638284e-14
220.29907505874363,24.111326595728386,14.56973804824018,-6.212012597411293,-0.41184622526941495,1.0315439734093615e-13
220.3085779368447,24.10633016230848,14.568588752526347,-6.212973448092653,-0.41140691342150765,1.8525687685719145e-13
220.31808023478783,24.101333376953065,14.567442125139824,-6.213934430424752,-0.4109676175600351,-3.789345208442552e-14
220.32758195275613,24.09633623982595,14.566298166080616,-6.214895544425172,-0.41052833770219127,1.789413015097872e-13
220.3370830909329,24.09133875109095,14.56515687534872,-6.215856790111504,-0.41008907386517024,-2.1051917824680846e-14
220.34658364950127,24.086340910911854,14.564018252944136,-6.21681816750133,-0.40964982606618916,-1.0525958912340423e-14
220.35608362864454,24.08134271945244,14.562882298866867,-6.217779676612231,-0.4092105943224734,9.894401377599997e-14
220.36558302854596,24.076344176876454,14.561749013116914,-6.218741317461795,-0.4087713786512596,3.157787673702127e-14
220.37508184938878,24.071345283347654,14.56061839569427,-6.219703090067606,-0.4083321790698009,1.3262708229548932e-13
220.38458009135633,24.066346039029757,14.559490446598941,-6.220664994447237,-0.40789299559536163,3.157787673702127e-14
220.39407775463187,24.061346444086475,14.558365165830926,-6.221627030618276,-0.4074538282452162,1.0315439734093615e-13
220.40357483939874,24.056346498681506,14.557242553390228,-6.222589198598296,-0.40701467703665456,5.0524602779234026e-14
220.4130713458403,24.05134620297851,14.556122609276843,-6.223551498404878,-0.40657554198697893,6.105056169157445e-14
220.42256727413994,24.046345557141176,14.555005333490769,-6.224513930055603,-0.40613642311350284,9.262843842859572e-14
220.43206262448092,24.041344561333137,14.553890726032009,-6.225476493568044,-0.40569732043355555,3.368306851948935e-14
220.44155739704675,24.036343215718023,14.552778786900562,-6.226439188959773,-0.40525823396447475,4.210383564936169e-15
220.45105159202078,24.03134152045945,14.551669516096428,-6.227402016248371,-0.40481916372361454,6.73661370389787e-14
220.46054520958643,24.026339475721013,14.55056291361961,-6.228364975451408,-0.40438010972833943,8.631286308119147e-14
220.47003824992717,24.0213370816663,14.549458979470103,-6.229328066586457,-0.4039410719960265,1.24206315165617e-13
220.47953071322644,24.016334338458872,14.54835771364791,-6.23029128967109,-0.40350205054406935,1.49468616555234e-13
220.48902259966772,24.01133124626228,14.54725911615303,-6.231254644722878,-0.4030630453898653,-3.9998643866893604e-14
220.4985139094345,24.00632780524006,14.546163186985464,-6.232218131759388,-0.402624056550838,8.21024795162553e-14
220.50800464271026,24.001324015555728,14.545069926145214,-6.23318175079819,-0.4021850840444125,1.7262572616238293e-13
220.51749479967856,23.99631987737278,14.543979333632276,-6.234145501856853,-0.40174612788802905,1.368374658604255e-13
220.52698438052292,23.991315390854723,14.54289140944665,-6.2351093849529455,-0.40130718809914223,1.4525823299029783e-13
220.53647338542692,23.986310556165,14.54180615358834,-6.236073400104028,-0.4008682646952204,9.052324664612763e-14
220.5459618145741,23.981305373467084,14.540723566057343,-6.23703754732767,-0.40042935769374266,7.999728773378721e-14
220.55544966814807,23.97629984292441,14.53964364685366,-6.238001826641433,-0.39999046711220054,5.894536990910637e-14
220.5649369463324,23.971293964700394,14.53856639597729,-6.238966238062883,-0.3995515929680994,1.347322740779574e-13
220.57442364931077,23.96628773895845,14.537491813428232,-6.239930781609578,-0.39911273527895763,8.841805486365955e-14
220.5839097772668,23.961281165861962,14.536419899206491,-6.2408954572990805,-0.39867389406230563,1.0525958912340423e-13
220.59339533038406,23.95627424557431,14.53535065331206,-6.241860265148954,-0.3982350693356867,1.8104649329225526e-13
220.60288030884635,23.951266978258854,14.534284075744942,-6.242825205176754,-0.3977962611166553,9.683882199353189e-14
220.61236471283726,23.946259364078927,14.533220166505146,-6.243790277400038,-0.3973574694227826,1.9578283576953187e-13
220.62184854254056,23.94125140319787,14.532158925592649,-6.244755481836371,-0.39691869427164705,2.1051917824680846e-14
220.6313317981399,23.936243095778977,14.531100353007476,-6.2457208185032975,-0.39647993568084683,1.642049590325106e-13
220.64081447981908,23.93123444198556,14.530044448749614,-6.246686287418382,-0.3960411936679832,-8.420767129872338e-15
220.6502965877618,23.926225441980886,14.528991212819065,-6.247651888599176,-0.3956024682506812,4.210383564936169e-14
220.65977812215186,23.92121609592822,14.527940645215832,-6.2486176220632315,-0.3951637594465727,1.4104784942536167e-13
220.66925908317302,23.916206403990817,14.526892745939909,-6.249583487828106,-0.39472506727329915,1.1789073981821273e-13
220.67873947100907,23.911196366331897,14.525847514991304,-6.250549485911346,-0.3942863917485225,1.620997672500425e-13
220.68821928584387,23.906185983114682,14.524804952370008,-6.251515616330506,-0.39384773288991165,8.420767129872338e-14
220.6976985278612,23.901175254502373,14.523765058076027,-6.252481879103131,-0.39340909071514996,1.1578554803574466e-13
220.70717719724493,23.89616418065815,14.52272783210936,-6.253448274246777,-0.39297046524193496,7.999728773378721e-14
220.71665529417893,23.891152761745186,14.521693274470007,-6.254414801778986,-0.392531856487975,7.368171238638296e-14
220.72613281884708,23.886140997926628,14.52066138515797,-6.255381461717308,-0.39209326447099224,1.642049590325106e-13
220.73560977143325,23.881128889365613,14.51963216417324,-6.256348254079289,-0.39165468920872093,7.789209595131913e-14
220.74508615212133,23.876116436225256,14.518605611515829,-6.257315178882472,-0.3912161307189089,3.9998643866893604e-14
220.7545619610953,23.87110363866868,14.517581727185732,-6.258282236144403,-0.3907775890193155,9.894401377599997e-14
220.76403719853909,23.866090496858952,14.516560511182945,-6.2592494258826274,-0.39033906412771446,-8.420767129872338e-15
220.77351186463665,23.861077010959157,14.515541963507472,-6.260216748114685,-0.38990055606189217,6.73661370389787e-14
220.7829859595719,23.85606318113235,14.514526084159316,-6.261184202858114,-0.38946206483964685,2.0841398646434036e-13
220.79245948352892,23.851049007541572,14.513512873138469,-6.262151790130462,-0.3890235904787896,8.420767129872338e-14
220.80193243669166,23.846034490349847,14.512502330444942,-6.263119509949259,-0.3885851329971467,1.7262572616238293e-13
220.81140481924416,23.84101962972018,14.51149445607872,-6.264087362332057,-0.38814669241255056,-1.6841534259744676e-14
220.82087663137042,23.83600442581557,14.510489250039816,-6.265055347296384,-0.38770826874285713,9.052324664612763e-14
220.8303478732545,23.83098887879901,14.509486712328227,-6.266023464859778,-0.3872698620059239,5.4734986344170195e-14
220.83981854508053,23.825972988833424,14.508486842943952,-6.266991715039778,-0.386831472219629,1.0946997268834039e-13
220.84928864703252,23.8209567560818,14.507489641886984,-6.267960097853916,-0.3863930994018608,5.894536990910637e-14
220.8587581792946,23.815940180707038,14.506495109157335,-6.268928613319728,-0.38595474357051984,7.157652060391487e-14
220.86822714205087,23.81092326287207,14.505503244755,-6.269897261454746,-0.38551640474351956,9.683882199353189e-14
220.87769553548546,23.80590600273979,14.504514048679976,-6.270866042276503,-0.38507808293878837,-3.157787673702127e-14
220.8871633597825,23.80088840047307,14.503527520932268,-6.271834955802527,-0.3846397781742654,2.315710960714893e-14
220.8966306151262,23.795870456234795,14.502543661511869,-6.272804002050357,-0.3842014904679021,-2.947268495455318e-14
220.9060973017007,23.790852170187815,14.501562470418788,-6.273773181037512,-0.383763219837665,5.894536990910637e-14
220.91556341969016,23.78583354249495,14.50058394765302,-6.274742492781527,-0.3833249663015336,1.5999457546757442e-13
220.92502896927883,23.78081457331903,14.499608093214567,-6.275711937299926,-0.38288672987749695,7.789209595131913e-14
220.93449395065093,23.775795262822868,14.498634907103424,-6.276681514610239,-0.38244851058355933,1.1578554803574466e-13
220.94395836399067,23.77077561116924,14.497664389319597,-6.277651224729991,-0.38201030843773703,1.6631015081497867e-13
220.9534222094823,23.765755618520927,14.496696539863084,-6.278621067676706,-0.3815721234580624,8.841805486365955e-14
220.96288548731013,23.760735285040678,14.495731358733883,-6.2795910434679065,-0.381133955662575,1.8315168507472335e-13
220.97234819765845,23.75571461089124,14.494768845931993,-6.280561152121121,-0.3806958050693291,4.8419410996765944e-14
220.98181034071146,23.75069359623534,14.49380900145742,-6.281531393653864,-0.3802576716964003,1.4104784942536167e-13
220.99127191665355,23.745672241235678,14.49285182531016,-6.2825017680836615,-0.37981955556186153,1.2631150694808508e-13
221.00073292566904,23.740650546054965,14.491897317490213,-6.283472275428034,-0.379381456683811,1.3052189051302125e-13
221.01019336794226,23.735628510855868,14.490945477997583,-6.284442915704497,-0.3789433750803554,7.999728773378721e-14
221.01965324365756,23.730606135801043,14.489996306832262,-6.285413688930575,-0.37850531076961197,1.4315304120782974e-13
221.02911255299932,23.72558342105316,14.489049803994256,-6.286384595123783,-0.3780672637697175,2.020984111169361e-13
221.03857129615196,23.720560366774833,14.488105969483563,-6.287355634301635,-0.37762923409881366,1.515738083377021e-13
221.04802947329983,23.715536973128675,14.487164803300187,-6.288326806481648,-0.37719122177506176,1.2841669873055315e-13
221.05748708462738,23.710513240277297,14.486226305444122,-6.28929811168134,-0.37675322681663215,1.24206315165617e-13
221.06694413031906,23.705489168383284,14.48529047591537,-6.29026954991822,-0.3763152492417091,1.894672604221276e-14
221.07640061055926,23.700464757609193,14.484357314713934,-6.291241121209805,-0.3758772890684905,3.789345208442552e-14
221.08585652553248,23.695440008117593,14.483426821839807,-6.292212825573607,-0.3754393463151856,5.0524602779234026e-14
221.0953118754232,23.690414920071007,14.482498997292995,-6.293184663027136,-0.37500142100001815,1.9999321933446802e-14
221.1047666604159,23.68538949363196,14.481573841073498,-6.2941566335879005,-0.3745635131412249,2.2104513715914887e-14
221.1142208806951,23.68036372896296,14.480651353181315,-6.295128737273412,-0.3741256227570525,1.1157516447080849e-13
221.12367453644532,23.675337626226508,14.479731533616443,-6.296100974101181,-0.3736877498657643,5.2629794561702115e-15
221.13312762785108,23.67031118558506,14.478814382378888,-6.2970733440887106,-0.3732498944856353,1.0841737679710636e-13
221.14258015509694,23.665284407201085,14.477899899468646,-6.298045847253512,-0.3728120566349518,8.736545897242551e-14
221.1520321183675,23.66025729123703,14.476988084885713,-6.299018483613089,-0.37237423633201544,7.683950006008508e-14
221.16148351784727,23.65522983785532,14.4760789386301,-6.299991253184946,-0.37193643359513967,4.9472006887999985e-14
221.1709343537209,23.650202047218357,14.475172460701797,-6.300964155986587,-0.37149864844265235,2.2525552072408504e-13
221.180384626173,23.64517391948856,14.474268651100807,-6.301937192035517,-0.3710608808928904,2.2736071250655313e-13
221.1898343353882,23.640145454828286,14.473367509827131,-6.302910361349238,-0.3706231309642061,2.5262301389617013e-14
221.1992834815511,23.635116653399916,14.47246903688077,-6.303883663945249,-0.3701853986749671,7.052392471268083e-14
221.2087320648464,23.630087515365794,14.471573232261724,-6.304857099841049,-0.36974768404355135,8.736545897242551e-14
221.21818008545873,23.625058040888256,14.470680095969993,-6.305830669054144,-0.369309987088349,1.0104920555846805e-13
221.22762754357282,23.620028230129627,14.46978962800557,-6.306804371602031,-0.36887230782776337,8.315507540748934e-14
221.23707443937332,23.614998083252196,14.468901828368459,-6.307778207502203,-0.3684346462802156,1.620997672500425e-13
221.24652077304498,23.609967600418265,14.468016697058669,-6.308752176772159,-0.3679970024641319,-2.1051917824680845e-15
221.2559665447725,23.604936781790105,14.46713423407619,-6.309726279429398,-0.3675593763979566,6.631354114774466e-14
221.26541175474063,23.59990562752996,14.466254439421018,-6.310700515491413,-0.36712176810014663,1.1789073981821273e-13
221.27485640313412,23.59487413780008,14.46537731309317,-6.311674884975698,-0.36668417758916927,2.7367493172085098e-14
221.28430049013775,23.589842312762684,14.464502855092627,-6.3126493878997465,-0.36624660488350963,4.73668151055319e-14
