galstreams/tracks/track.st.New-20.ibata2024.ecsv
# %ECSV 1.0
# ---
# datatype:
# - {name: ra, unit: deg, datatype: float64}
# - {name: dec, unit: deg, datatype: float64}
# - {name: distance, unit: kpc, datatype: float64}
# - {name: pm_ra_cosdec, unit: mas / yr, datatype: float64}
# - {name: pm_dec, unit: mas / yr, datatype: float64}
# - {name: radial_velocity, unit: km / s, datatype: float64}
# delimiter: ','
# meta: !!omap
# - __serialized_columns__:
#     dec:
#       __class__: astropy.coordinates.angles.Latitude
#       unit: &id001 !astropy.units.Unit {unit: deg}
#       value: !astropy.table.SerializedColumn {name: dec}
#     distance:
#       __class__: astropy.coordinates.distances.Distance
#       unit: !astropy.units.Unit {unit: kpc}
#       value: !astropy.table.SerializedColumn {name: distance}
#     pm_dec:
#       __class__: astropy.units.quantity.Quantity
#       unit: !astropy.units.Unit {unit: mas / yr}
#       value: !astropy.table.SerializedColumn {name: pm_dec}
#     pm_ra_cosdec:
#       __class__: astropy.units.quantity.Quantity
#       unit: !astropy.units.Unit {unit: mas / yr}
#       value: !astropy.table.SerializedColumn {name: pm_ra_cosdec}
#     ra:
#       __class__: astropy.coordinates.angles.Longitude
#       unit: *id001
#       value: !astropy.table.SerializedColumn {name: ra}
#       wrap_angle: !astropy.coordinates.Angle
#         unit: *id001
#         value: 360.0
#     radial_velocity:
#       __class__: astropy.units.quantity.Quantity
#       unit: !astropy.units.Unit {unit: km / s}
#       value: !astropy.table.SerializedColumn {name: radial_velocity}
# schema: astropy-2.0
ra,dec,distance,pm_ra_cosdec,pm_dec,radial_velocity
[from data line 570]
315.02784141322303,17.098560541742703,1.0000000000000004,1.4240260168412284,-72.07727640123176,-400.85747201981354
315.0232864720621,17.10824234988165,1.0000000000000002,1.4221214242589788,-72.06458305880797,-400.87817702757985
315.01872893814743,17.117923792746467,1.0000000000000002,1.4202124350867074,-72.05192903913148,-400.8989256777802
315.0141688849627,17.12760487883661,1.0,1.4182990602490975,-72.0393143370679,-400.91972088777857
315.0096063860056,17.137285616658332,1.0000000000000002,1.4163813106315466,-72.02673894747892,-400.94056557493974
315.00504151478793,17.146966014724743,1.0000000000000004,1.414459197079978,-72.0142028652222,-400.96146265662776
315.0004743448356,17.15664608155581,1.0000000000000002,1.4125327304007165,-72.00170608515147,-400.9824150502072
314.99590494968845,17.166325825678385,1.0000000000000002,1.4106019213604633,-71.98924860211619,-401.00342567304244
314.99133340290075,17.176005255626233,1.0000000000000002,1.4086667806861968,-71.97683041096192,-401.02449744249776
314.9867597780408,17.185684379940046,1.0000000000000002,1.4067273190650411,-71.96445150652991,-401.0456332759376
314.98218414869086,17.195363207167492,1.0000000000000002,1.4047835471441772,-71.95211188365728,-401.0668360907262
314.97760658844766,17.20504174586322,1.0000000000000002,1.4028354755306651,-71.93981153717698,-401.0881088042283
314.973027170922,17.21472000458886,1.0000000000000002,1.4008831147915544,-71.9275504619176,-401.1094543338079
314.96844596973904,17.224397991913094,1.0,1.3989264754535746,-71.91532865270355,-401.1308755968297
314.96386305853804,17.23407571641165,1.0000000000000002,1.3969655680031394,-71.90314610435476,-401.1523755106578
314.9592785109725,17.24375318666732,1.0000000000000002,1.395000402886211,-71.89100281168697,-401.1739569926567
314.9546924007105,17.253430411269996,1.0000000000000002,1.393030990508187,-71.87889876951132,-401.1956229601908
314.95010480143407,17.263107398816686,1.0000000000000002,1.3910573412338252,-71.86683397263471,-401.21737633062446
314.9455157868398,17.272784157911538,1.0000000000000002,1.3890794653872724,-71.85480841585944,-401.23922002132207
314.9409254306386,17.282460697165853,1.0000000000000002,1.3870973732514997,-71.84282209398329,-401.26115694964795
314.9363338065557,17.29213702519812,1.0000000000000002,1.3851110750688456,-71.83087500179957,-401.2831900329667
314.93174098833066,17.30181315063402,1.0000000000000002,1.383120581040366,-71.81896713409694,-401.3053221886423
314.92714704971775,17.31148908210646,1.0000000000000002,1.381125901326154,-71.80709848565947,-401.3275563340396
314.92255206448533,17.32116482825559,1.0000000000000002,1.379127046044733,-71.79526905126659,-401.3498953865226
314.91795610641645,17.330840397728817,1.0000000000000002,1.377124025273556,-71.78347882569301,-401.37234226345606
314.9133592493085,17.340515799180828,1.0000000000000002,1.3751168490483785,-71.77172780370874,-401.3948998822039
314.90876156697345,17.35019104127362,1.0,1.3731055273633928,-71.76001598007899,-401.41757116013093
314.9041631332377,17.359866132676494,1.0000000000000002,1.3710900701711068,-71.74834334956428,-401.4403590146012
314.8995640219424,17.369541082066114,1.0000000000000002,1.3690704873822845,-71.73670990692014,-401.46326636297937
314.89496430694305,17.379215898126468,1.0000000000000004,1.3670467888655615,-71.72511564689738,-401.4862961226296
314.8903640621098,17.38889058954894,1.0000000000000002,1.3650189844477403,-71.7135605642419,-401.5094512109163
314.88576336132746,17.398565165032316,1.0000000000000002,1.362987083913275,-71.70204465369454,-401.53273454520405
314.8811622784955,17.408239633282765,1.0000000000000002,1.3609510970046408,-71.69056790999133,-401.556149042857
314.8765608875278,17.417914003013912,1.0000000000000002,1.3589110334214993,-71.6791303278632,-401.5796976212397
314.8719592623532,17.427588282946818,1.0000000000000002,1.3568669028214906,-71.66773190203605,-401.6033831977164
314.8673574769151,17.437262481810002,1.0000000000000002,1.354818714819313,-71.6563726272308,-401.62720868965164
314.8627556051716,17.44693660833947,1.0000000000000002,1.352766478987018,-71.64505249816318,-401.65117701440954
314.8581537210958,17.45661067127872,1.0000000000000002,1.3507102048539892,-71.63377150954385,-401.6752910893548
314.853551898675,17.466284679378766,1.0000000000000002,1.3486499019063842,-71.6225296560782,-401.6995538318515
314.8489502119118,17.475958641398154,1.0000000000000002,1.3465855795874866,-71.61132693246654,-401.72396815926436
314.8443487348235,17.48563256610296,1.0000000000000004,1.3445172472973503,-71.60016333340387,-401.7485369889575
314.839747541442,17.495306462266836,1.0000000000000002,1.3424449143926367,-71.58903885357996,-401.7732632382952
314.8351467058143,17.504980338670993,1.0000000000000004,1.3403685901866638,-71.57795348767925,-401.79814982464205
314.8305463020021,17.514654204104247,1.0000000000000002,1.338288283949197,-71.56690723038088,-401.8231996653626
314.82594640408223,17.524328067363005,1.0000000000000002,1.3362040049063282,-71.55590007635861,-401.84841567782087
314.82134708614615,17.534001937251308,1.0000000000000002,1.3341157622402662,-71.5449320202807,-401.87380077938144
314.81674842230046,17.54367582258081,1.0000000000000002,1.3320235650895178,-71.53400305681018,-401.89935788740866
314.81215048666655,17.553349732170823,1.0,1.3299274225483195,-71.52311318060447,-401.9250899192669
314.8075533533811,17.5630236748483,1.0000000000000002,1.3278273436669537,-71.51226238631553,-401.9509997923205
314.8029570965954,17.572697659447893,1.0000000000000002,1.325723337451258,-71.50145066858984,-401.97709042393404
314.7983617904761,17.582371694811933,1.0000000000000002,1.3236154128627682,-71.4906780220682,-402.00336473147166
314.7937675092047,17.592045789790426,1.0000000000000002,1.3215035788184615,-71.47994444138595,-402.0298256322977
314.789174326978,17.601719953241115,1.0000000000000002,1.3193878441906968,-71.46924992117276,-402.05647604377685
314.7845823180077,17.611394194029444,1.0000000000000002,1.3172682178069977,-71.45859445605262,-402.0833188832732
314.7799915565206,17.6210685210286,1.0,1.3151447084499388,-71.4479780406439,-402.11035706815125
314.7754021167588,17.630742943119515,1.0000000000000002,1.313017324857185,-71.43740066955912,-402.1375935157754
314.7708140729796,17.640417469190883,1.0000000000000002,1.3108860757212142,-71.42686233740525,-402.16503114351013
314.7662274994553,17.65009210813914,1.0000000000000002,1.3087509696890578,-71.41636303878326,-402.1926728687195
314.7616424704736,17.659766868868534,1.0000000000000002,1.306612015362525,-71.40590276828851,-402.22052160876825
314.7570590603373,17.66944176029106,1.0000000000000002,1.3044692212977687,-71.3954815205104,-402.2485802810204
314.75247734336466,17.67911679132655,1.0000000000000002,1.3023225960052471,-71.38509929003249,-402.2768518028407
314.747897393889,17.68879197090261,1.0000000000000002,1.3001721479496027,-71.37475607143249,-402.30533909159357
314.7433192862591,17.698467307954676,1.0000000000000004,1.298017885549644,-71.36445185928201,-402.3340450646429
314.7387430948391,17.70814281142601,1.0000000000000002,1.2958598171779236,-71.35418664814699,-402.36297263935353
314.73416889400846,17.7178184902677,1.0000000000000002,1.293697951160901,-71.34396043258708,-402.39212473308953
314.72959675816196,17.72749435343868,1.0000000000000002,1.2915322957786586,-71.33377320715604,-402.42150426321535
314.7250267617099,17.737170409905733,1.0,1.2893628592647914,-71.3236249664017,-402.4511141470956
314.720458979078,17.746846668643503,1.0,1.2871896498062014,-71.31351570486551,-402.4809573020945
314.7158934847074,17.756523138634474,1.0,1.285012675543232,-71.30344541708311,-402.5110366455765
314.7113303530548,17.76619982886905,1.0,1.282831944569125,-71.29341409758382,-402.54135509490584
314.70676965859224,17.775876748345464,1.0000000000000002,1.2806474649301514,-71.2834217408909,-402.5719155674471
314.7022114758076,17.78555390606986,1.0000000000000002,1.2784592446255267,-71.27346834152132,-402.6027209805644
314.69765587920404,17.79523131105627,1.0000000000000002,1.2762672916069917,-71.2635538939859,-402.6337742516223
314.6931029433004,17.80490897232662,1.0000000000000002,1.2740716137789079,-71.2536783927891,-402.6650782979852
314.6885527426311,17.81458689891073,1.0000000000000002,1.2718722189980767,-71.2438418324293,-402.6966360370175
314.68400535174646,17.824265099846354,1.0000000000000002,1.2696691150736363,-71.23404420739826,-402.7284503860834
314.679460845212,17.833943584179117,1.0000000000000002,1.267462309766639,-71.22428551218175,-402.7605242625474
314.67491929760934,17.8436223609626,1.0000000000000004,1.2652518107903141,-71.21456574125888,-402.79286058377386
314.6703807835356,17.85330143925829,1.0000000000000002,1.263037625809698,-71.20488488910257,-402.8254622671273
314.66584537760366,17.86298082813559,1.0000000000000002,1.2608197624414395,-71.19524295017916,-402.8583322299719
314.66131315444227,17.872660536671848,1.0,1.2585982282539305,-71.18563991894865,-402.89147338967206
314.6567841886959,17.882340573952327,1.0000000000000002,1.256373030766742,-71.17607578986447,-402.9248886635924
314.65225855502473,17.892020949070243,1.0000000000000002,1.2541441774508755,-71.16655055737363,-402.95858096909706
314.64773632810505,17.901701671126737,1.0000000000000002,1.251911675728369,-71.15706421591655,-402.99255322355043
314.6432175826287,17.911382749230896,1.0000000000000002,1.249675532972251,-71.1476167599271,-403.02680834431703
314.63870239330373,17.92106419249974,1.0000000000000002,1.2474357565064658,-71.13820818383263,-403.06134924876113
314.634190834854,17.930746010058247,1.0000000000000002,1.245192353605539,-71.12883848205371,-403.09617885424706
314.6296829820191,17.940428211039325,1.0000000000000002,1.242945331494468,-71.11950764900446,-403.13130007813953
314.6251789095549,17.950110804583836,1.0000000000000002,1.240694697348772,-71.11021567909222,-403.1667158378024
314.62067869223324,17.959793799840583,1.0000000000000002,1.2384404582941428,-71.10096256671764,-403.2024290506005
314.61618240484177,17.969477205966328,1.0000000000000002,1.2361826214062681,-71.09174830627465,-403.238442633898
314.61169012218437,17.979161032125763,1.0000000000000004,1.2339211937108807,-71.08257289215047,-403.2747595050593
314.607201919081,17.98884528749154,1.0000000000000002,1.2316561821833858,-71.07343631872557,-403.3113825814488
314.6027178703677,17.998529981244243,1.0000000000000002,1.2293875937489105,-71.06433858037353,-403.3483147804309
314.5982380508966,18.008215122572416,1.0000000000000002,1.2271154352819522,-71.05527967146118,-403.38555901937
314.59376253553614,18.017900720672532,1.0000000000000002,1.2248397136063396,-71.04625958634841,-403.42311821563055
314.5892913991708,18.027586784749012,1.0000000000000002,1.2225604354951543,-71.0372783193884,-403.4609952865767
314.58482471670135,18.037273324014226,1.0000000000000002,1.2202776076703188,-71.0283358649273,-403.49919314957305
314.5803625630448,18.04696034768845,1.0000000000000002,1.2179912368027601,-71.01943221730431,-403.53771472198383
314.57590501313433,18.056647864999935,1.0,1.2157013295119086,-71.01056737085176,-403.57656292117343
314.57145214191974,18.066335885184834,1.0000000000000002,1.2134078923658969,-71.00174131989498,-403.6157406645064
314.5670040243668,18.076024417487233,1.0000000000000002,1.211110931881187,-70.99295405875233,-403.6552508693469
314.56256073545785,18.085713471159156,1.0000000000000004,1.2088104545224034,-70.98420558173507,-403.6950964530597
314.5581223501915,18.095403055460533,1.0000000000000002,1.206506466702205,-70.97549588314747,-403.73528033300863
314.5536889435829,18.105093179659207,1.0,1.2041989747812387,-70.96682495728672,-403.7758054265585
314.54926059066366,18.114783853030936,1.0000000000000002,1.2018879850678275,-70.95819279844287,-403.8166746510734
314.54483736648154,18.12447508485939,1.0,1.1995735038177635,-70.94959940089893,-403.857890923918
314.5404193461013,18.134166884436123,1.0000000000000002,1.197255537234497,-70.94104475893067,-403.89945716245643
314.5360066046039,18.143859261060598,1.0000000000000004,1.1949340914684896,-70.93252886680676,-403.94137628405326
314.53159921708686,18.153552224040162,1.0000000000000002,1.1926091726173027,-70.92405171878873,-403.9836512060728
314.52719725866444,18.163245782690034,1.0,1.1902807867255412,-70.91561330913072,-404.0262848458794
314.52280080446747,18.17293994633331,1.0000000000000002,1.1879489397844978,-70.90721363207977,-404.06928012083745
314.5184099296433,18.18263472430096,1.0,1.1856136377319793,-70.89885268187564,-404.1126399483113
314.5140247093562,18.192330125931814,1.0,1.1832748864522635,-70.89053045275077,-404.1563672456654
314.5096452187869,18.202026160572533,1.0000000000000002,1.180932691775947,-70.88224693893034,-404.20046493026416
314.505271533133,18.21172283757764,1.0000000000000002,1.1785870594796357,-70.87400213463215,-404.24493591947186
314.50090372760883,18.221420166309485,1.0000000000000002,1.1762379952857742,-70.86579603406669,-404.289783130653
314.49654187744557,18.231118156138244,1.0000000000000002,1.1738855048627101,-70.85762863143705,-404.3350094811718
314.49218605789116,18.2408168164419,1.0000000000000002,1.1715295938242463,-70.84949992093894,-404.3806178883928
314.48783634421034,18.250516156606253,1.0000000000000002,1.1691702677295979,-70.8414098967607,-404.42661126968045
314.48349281168487,18.26021618602488,1.0000000000000002,1.1668075320832791,-70.8333585530831,-404.47299254239874
314.4791555356134,18.26991691409917,1.0000000000000002,1.1644413923348758,-70.82534588407955,-404.5197646239125
314.47482459131146,18.279618350238252,1.0000000000000002,1.1620718538787251,-70.81737188391598,-404.5669304315857
314.47050005411154,18.289320503859045,1.0000000000000004,1.1596989220540088,-70.80943654675076,-404.61449288278317
314.4661819993632,18.299023384386203,1.0000000000000002,1.1573226021443332,-70.8015398667348,-404.6624548948691
314.461870502433,18.30872700125211,1.0000000000000004,1.1549428993777617,-70.79368183801142,-404.7108193852077
314.45756563870464,18.318431363896902,1.0,1.1525598189265764,-70.7858624547164,-404.7595892711636
314.4532674835789,18.328136481768386,1.0000000000000002,1.1501733659070048,-70.77808171097783,-404.8087674701009
314.44897611247353,18.337842364322125,1.0000000000000002,1.1477835453790668,-70.77033960091639,-404.8583568993844
314.4446916008236,18.3475490210213,1.0000000000000002,1.1453903623464754,-70.76263611864499,-404.90836047637805
314.4404140240814,18.357256461336824,1.0,1.1429938217565052,-70.75497125826891,-404.95878111844644
314.43614345771647,18.36696469474723,1.0000000000000002,1.140593928499694,-70.74734501388579,-405.0096217429539
314.43187997721526,18.376673730738705,1.0000000000000002,1.13819068740953,-70.73975737958557,-405.0608852672649
314.42762365808204,18.386383578805063,1.0000000000000004,1.1357841032627753,-70.73220834945043,-405.11257460874384
314.42337457583795,18.39609424844773,1.0000000000000002,1.1333741807786133,-70.72469791755495,-405.16469268475487
314.4191328060217,18.405805749175734,1.0000000000000002,1.1309609246190284,-70.71722607796585,-405.2172424126626
314.4148984241894,18.415518090505653,1.0000000000000002,1.1285443393883057,-70.70979282474212,-405.2702267098315
314.41067150591454,18.425231281961665,1.0000000000000002,1.1261244296329593,-70.70239815193496,-405.3236484936256
314.4064521267879,18.43494533307548,1.0000000000000002,1.1237011998415554,-70.69504205358777,-405.37751068140966
314.402240362418,18.44466025338632,1.0000000000000002,1.1212746544444627,-70.68772452373612,-405.4318161905476
314.39803628843066,18.45437605244094,1.0000000000000002,1.1188447978137361,-70.68044555640782,-405.48656793840433
314.39383998046947,18.46409273979357,1.0000000000000002,1.116411634262949,-70.6732051456226,-405.54176884234386
314.38965151419535,18.473810325005925,1.0000000000000002,1.1139751680468493,-70.66600328539258,-405.5974218197307
