galstreams/tracks/track.st.NGC288.sollima2020.ecsv
# %ECSV 0.9
# ---
# datatype:
# - {name: ra, unit: deg, datatype: float64}
# - {name: dec, unit: deg, datatype: float64}
# - {name: distance, unit: kpc, datatype: float64}
# - {name: pm_ra_cosdec, unit: mas / yr, datatype: float64}
# - {name: pm_dec, unit: mas / yr, datatype: float64}
# - {name: radial_velocity, unit: km / s, datatype: float64}
# delimiter: ','
# meta: !!omap
# - __serialized_columns__:
#     dec:
#       __class__: astropy.coordinates.angles.Latitude
#       unit: &id001 !astropy.units.Unit {unit: deg}
#       value: !astropy.table.SerializedColumn {name: dec}
#     distance:
#       __class__: astropy.coordinates.distances.Distance
#       unit: !astropy.units.Unit {unit: kpc}
#       value: !astropy.table.SerializedColumn {name: distance}
#     pm_dec:
#       __class__: astropy.units.quantity.Quantity
#       unit: !astropy.units.Unit {unit: mas / yr}
#       value: !astropy.table.SerializedColumn {name: pm_dec}
#     pm_ra_cosdec:
#       __class__: astropy.units.quantity.Quantity
#       unit: !astropy.units.Unit {unit: mas / yr}
#       value: !astropy.table.SerializedColumn {name: pm_ra_cosdec}
#     ra:
#       __class__: astropy.coordinates.angles.Longitude
#       unit: *id001
#       value: !astropy.table.SerializedColumn {name: ra}
#       wrap_angle: !astropy.coordinates.Angle
#         unit: *id001
#         value: 360.0
#     radial_velocity:
#       __class__: astropy.units.quantity.Quantity
#       unit: !astropy.units.Unit {unit: km / s}
#       value: !astropy.table.SerializedColumn {name: radial_velocity}
# schema: astropy-2.0
ra,dec,distance,pm_ra_cosdec,pm_dec,radial_velocity
12.199190658448789,-24.246199910147205,8.988000000000515,0.0,0.0,0.0
12.192619727960242,-24.2666364115344,8.988000000000508,0.0,0.0,0.0
12.186299211172537,-24.286741397228685,8.9880000000005,0.0,0.0,0.0
12.180235176975685,-24.306507136643756,8.988000000000492,0.0,0.0,0.0
12.174432970544922,-24.325926850546097,8.988000000000484,0.0,0.0,0.0
12.168897238785025,-24.34499467606926,8.988000000000474,0.0,0.0,0.0
12.163631955311555,-24.363705632461485,8.988000000000469,0.0,0.0,0.0
12.1586404449754,-24.382055587558494,8.988000000000461,0.0,0.0,0.0
12.153925407935834,-24.400041224971854,8.988000000000456,0.0,0.0,0.0
12.149488943287427,-24.417660011983674,8.988000000000449,0.0,0.0,0.0
12.14533257224491,-24.434910168138316,8.988000000000444,0.0,0.0,0.0
12.14145726089136,-24.451790634522407,8.988000000000435,0.0,0.0,0.0
12.137863442492645,-24.468301043722906,8.988000000000431,0.0,0.0,0.0
12.134551039382766,-24.484441690454965,8.988000000000424,0.0,0.0,0.0
12.13151948442357,-24.50021350284957,8.988000000000417,0.0,0.0,0.0
12.128767742042326,-24.51561801439196,8.988000000000413,0.0,0.0,0.0
12.126294328849877,-24.530657336501946,8.988000000000408,0.0,0.0,0.0
12.124097333843963,-24.545334131746323,8.988000000000405,0.0,0.0,0.0
12.122174438199268,-24.55965158767447,8.988000000000397,0.0,0.0,0.0
12.120522934647681,-24.573613391268765,8.988000000000392,0.0,0.0,0.0
12.11913974645257,-24.587223703999125,8.988000000000385,0.0,0.0,0.0
12.118021445978155,-24.600487137474584,8.988000000000383,0.0,0.0,0.0
12.11716427285897,-24.613408729681677,8.988000000000376,0.0,0.0,0.0
12.116564151770397,-24.62599392180126,8.988000000000374,0.0,0.0,0.0
12.1162167098039,-24.638248535595366,8.988000000000369,0.0,0.0,0.0
12.116117293450378,-24.650178751354208,8.988000000000364,0.0,0.0,0.0
12.116260985193174,-24.661791086396487,8.98800000000036,0.0,0.0,0.0
12.116642619714614,-24.673092374112862,8.988000000000357,0.0,0.0,0.0
12.11725679971909,-24.68408974354537,8.988000000000353,0.0,0.0,0.0
12.118097911375058,-24.69479059949337,8.988000000000348,0.0,0.0,0.0
12.119160139379389,-24.705202603138805,8.988000000000342,0.0,0.0,0.0
12.12043748164722,-24.715333653182014,8.988000000000339,0.0,0.0,0.0
12.12192376363032,-24.72519186747986,8.988000000000337,0.0,0.0,0.0
12.123612652267555,-24.734785565179227,8.988000000000334,0.0,0.0,0.0
12.125497669570484,-24.744123249336525,8.98800000000033,0.0,0.0,0.0
12.127572205847418,-24.75321359001689,8.988000000000326,0.0,0.0,0.0
12.129829532569909,-24.76206540786443,8.988000000000321,0.0,0.0,0.0
12.132262814884937,-24.770687658136307,8.988000000000318,0.0,0.0,0.0
12.134865123776205,-24.7790894151931,8.988000000000316,0.0,0.0,0.0
12.137629447879045,-24.787279857438524,8.988000000000314,0.0,0.0,0.0
12.140548704952,-24.795268252700136,8.98800000000031,0.0,0.0,0.0
12.143615753009307,-24.803063944045086,8.988000000000307,0.0,0.0,0.0
12.146823401118223,-24.81067633602305,8.988000000000302,0.0,0.0,0.0
12.150164419865346,-24.818114881329667,8.988000000000302,0.0,0.0,0.0
12.153631551495808,-24.82538906788304,8.988000000000298,0.0,0.0,0.0
12.15721751972999,-24.83250840630768,8.988000000000294,0.0,0.0,0.0
12.16091503926141,-24.839482417817713,8.98800000000029,0.0,0.0,0.0
12.164716824940495,-24.846320622493757,8.988000000000287,0.0,0.0,0.0
12.16861560064882,-24.853032527946418,8.988000000000286,0.0,0.0,0.0
12.172604107867251,-24.859627618360285,8.988000000000282,0.0,0.0,0.0
12.176675113944341,-24.86611534391157,8.98800000000028,0.0,0.0,0.0
12.180821420067351,-24.87250511055361,8.988000000000277,0.0,0.0,0.0
12.185035868941943,-24.87880627016386,8.988000000000275,0.0,0.0,0.0
12.189311352184763,-24.885028111045777,8.988000000000271,0.0,0.0,0.0
12.193640817433298,-24.89117984878058,8.988000000000271,0.0,0.0,0.0
12.198017275178124,-24.897270617421327,8.988000000000268,0.0,0.0,0.0
12.202433805321935,-24.903309461025493,8.988000000000266,0.0,0.0,0.0
12.206883563470244,-24.909305325518,8.98800000000026,0.0,0.0,0.0
12.211359786958113,-24.91526705088086,8.988000000000262,0.0,0.0,0.0
12.215855800618568,-24.921203363662027,8.988000000000259,0.0,0.0,0.0
12.220365022296392,-24.92712286979944,8.988000000000255,0.0,0.0,0.0
12.22488096811243,-24.93303404775344,8.988000000000255,0.0,0.0,0.0
12.229397257483948,-24.93894524194287,8.988000000000254,0.0,0.0,0.0
12.233907617904404,-24.944864656478863,8.988000000000248,0.0,0.0,0.0
12.238405889488531,-24.950800349191297,8.988000000000246,0.0,0.0,0.0
12.242886029286824,-24.956760225942734,8.988000000000246,0.0,0.0,0.0
12.24734211537436,-24.962752035223808,8.988000000000245,0.0,0.0,0.0
12.251768350718992,-24.968783363026127,8.988000000000241,0.0,0.0,0.0
12.256159066832742,-24.974861627986375,8.988000000000238,0.0,0.0,0.0
12.260508727211937,-24.98099407679707,8.988000000000238,0.0,0.0,0.0
12.26481193057015,-24.987187779879,8.988000000000236,0.0,0.0,0.0
12.26906341386877,-24.993449627310245,8.988000000000234,0.0,0.0,0.0
12.273258055149451,-24.999786325006614,8.98800000000023,0.0,0.0,0.0
12.277390876173722,-25.006204391149254,8.988000000000227,0.0,0.0,0.0
12.281457044873031,-25.012710152853895,8.988000000000225,0.0,0.0,0.0
12.285451877614834,-25.019309743077205,8.988000000000225,0.0,0.0,0.0
12.289370841288168,-25.02600909775601,8.988000000000223,0.0,0.0,0.0
12.293209555213586,-25.032813953173658,8.98800000000022,0.0,0.0,0.0
12.296963792881915,-25.039729843549978,8.988000000000218,0.0,0.0,0.0
12.300629483525213,-25.046762098849463,8.988000000000216,0.0,0.0,0.0
12.304202713524964,-25.053915842803477,8.988000000000214,0.0,0.0,0.0
12.307679727661219,-25.061195991141897,8.988000000000213,0.0,0.0,0.0
12.311056930206892,-25.068607250029693,8.988000000000211,0.0,0.0,0.0
12.314330885870884,-25.07615411470392,8.988000000000207,0.0,0.0,0.0
12.317498320594762,-25.083840868307174,8.988000000000207,0.0,0.0,0.0
12.32055612220591,-25.091671580912447,8.988000000000206,0.0,0.0,0.0
12.323501340931628,-25.0996501087357,8.988000000000204,0.0,0.0,0.0
12.326331189777795,-25.10778009353155,8.9880000000002,0.0,0.0,0.0
12.32904304477569,-25.11606496216806,8.988000000000202,0.0,0.0,0.0
12.331634445100597,-25.12450792637602,8.988000000000198,0.0,0.0,0.0
12.334103093066277,-25.133111982669234,8.988000000000197,0.0,0.0,0.0
12.33644685399787,-25.141879912431115,8.988000000000193,0.0,0.0,0.0
12.338663755987605,-25.150814282163715,8.988000000000193,0.0,0.0,0.0
12.340751989536221,-25.15991744389521,8.98800000000019,0.0,0.0,0.0
12.342709907083316,-25.169191535741632,8.988000000000188,0.0,0.0,0.0
12.344536022430622,-25.17863848261938,8.988000000000188,0.0,0.0,0.0
12.346229010060393,-25.188259997103778,8.988000000000186,0.0,0.0,0.0
12.347787704352774,-25.19805758043053,8.988000000000183,0.0,0.0,0.0
12.349211098704995,-25.2080325236358,8.988000000000183,0.0,0.0,0.0
12.350498344555364,-25.218185908831323,8.98800000000018,0.0,0.0,0.0
12.351648750314995,-25.228518610610315,8.988000000000179,0.0,0.0,0.0
12.352661780210514,-25.239031297581352,8.988000000000175,0.0,0.0,0.0
12.35353705303999,-25.249724434025385,8.988000000000175,0.0,0.0,0.0
12.354274340845302,-25.260598281673026,8.988000000000174,0.0,0.0,0.0
12.354873567503581,-25.271652901598056,8.98800000000017,0.0,0.0,0.0
12.355334807240284,-25.282888156223855,8.988000000000168,0.0,0.0,0.0
12.355658283066434,-25.294303711438758,8.988000000000168,0.0,0.0,0.0
12.355844365143103,-25.30589903881742,8.988000000000167,0.0,0.0,0.0
12.355893569074826,-25.31767341794397,8.988000000000165,0.0,0.0,0.0
12.355806554134956,-25.329625938834102,8.988000000000163,0.0,0.0,0.0
12.355584121425265,-25.34175550445239,8.98800000000016,0.0,0.0,0.0
12.35522721197177,-25.354060833321366,8.988000000000158,0.0,0.0,0.0
12.354736904759836,-25.366540462219408,8.988000000000156,0.0,0.0,0.0
12.354114414709851,-25.379192748963604,8.988000000000154,0.0,0.0,0.0
12.353361090596382,-25.392015875274634,8.988000000000154,0.0,0.0,0.0
12.352478412912562,-25.40500784972047,8.988000000000152,0.0,0.0,0.0
12.351467991682105,-25.418166510735514,8.98800000000015,0.0,0.0,0.0
12.350331564220484,-25.431489529711936,8.98800000000015,0.0,0.0,0.0
12.349070992848214,-25.44497441416061,8.988000000000147,0.0,0.0,0.0
12.347688262557089,-25.458618510937796,8.988000000000147,0.0,0.0,0.0
12.346185478632082,-25.472419009535123,8.988000000000145,0.0,0.0,0.0
12.344564864230561,-25.486372945429576,8.988000000000142,0.0,0.0,0.0
12.34282875792038,-25.500477203490483,8.988000000000142,0.0,0.0,0.0
12.340979611179531,-25.514728521440873,8.98800000000014,0.0,0.0,0.0
12.33901998585787,-25.529123493369898,8.988000000000136,0.0,0.0,0.0
12.336952551603716,-25.54365857329365,8.988000000000136,0.0,0.0,0.0
12.33478008325651,-25.5583300787617,8.988000000000136,0.0,0.0,0.0
12.3325054582074,-25.573134194506203,8.988000000000135,0.0,0.0,0.0
12.330131653729076,-25.5880669761311,8.988000000000133,0.0,0.0,0.0
12.327661744277215,-25.603124353838837,8.988000000000131,0.0,0.0,0.0
12.325098898764091,-25.618302136191495,8.98800000000013,0.0,0.0,0.0
12.322446377806733,-25.633596013903993,8.988000000000127,0.0,0.0,0.0
12.319707530950808,-25.64900156366681,8.988000000000126,0.0,0.0,0.0
12.316885793871746,-25.664514251995545,8.988000000000126,0.0,0.0,0.0
12.313984685554514,-25.680129439104714,8.988000000000126,0.0,0.0,0.0
12.311007805453986,-25.695842382803736,8.98800000000012,0.0,0.0,0.0
12.307958830636528,-25.71164824241206,8.988000000000119,0.0,0.0,0.0
12.304841512904822,-25.72754208269155,8.988000000000119,0.0,0.0,0.0
12.301659675907246,-25.743518877793512,8.988000000000117,0.0,0.0,0.0
12.298417212232687,-25.759573515217998,8.988000000000117,0.0,0.0,0.0
12.295118080493134,-25.775700799783476,8.988000000000115,0.0,0.0,0.0
12.291766302394226,-25.791895457604156,8.988000000000113,0.0,0.0,0.0
12.288365959795879,-25.808152140073027,8.988000000000111,0.0,0.0,0.0
12.284921191763996,-25.824465427848498,8.98800000000011,0.0,0.0,0.0
12.281436191614635,-25.840829834842342,8.98800000000011,0.0,0.0,0.0
12.277915203951592,-25.85723981220692,8.988000000000108,0.0,0.0,0.0
12.274362521699508,-25.873689752319844,8.988000000000104,0.0,0.0,0.0
12.270782483132537,-25.890173992763813,8.988000000000104,0.0,0.0,0.0
12.267179468900803,-25.90668682029964,8.988000000000104,0.0,0.0,0.0
12.26355789905543,-25.923222474830915,8.988000000000103,0.0,0.0,0.0
12.259922230073409,-25.93977515335801,8.9880000000001,0.0,0.0,0.0
12.256276951883384,-25.956339013919667,8.988000000000099,0.0,0.0,0.0
12.252626584894115,-25.972908179520747,8.988000000000099,0.0,0.0,0.0
12.2489756770259,-25.989476742043784,8.988000000000099,0.0,0.0,0.0
12.24532880074689,-26.00603876614297,8.988000000000097,0.0,0.0,0.0
12.24169055011511,-26.022588293118954,8.988000000000095,0.0,0.0,0.0
12.23806553782719,-26.039119344772317,8.988000000000092,0.0,0.0,0.0
12.234458392275746,-26.055625927235035,8.98800000000009,0.0,0.0,0.0
12.230873754615345,-26.072102034777252,8.988000000000092,0.0,0.0,0.0
12.227316275839232,-26.088541653588585,8.98800000000009,0.0,0.0,0.0
12.223790613867365,-26.104938765532246,8.988000000000087,0.0,0.0,0.0
12.220301430647194,-26.121287351870507,8.988000000000088,0.0,0.0,0.0
12.216853389267879,-26.13758139695995,8.988000000000087,0.0,0.0,0.0
12.213451151089842,-26.153814891915605,8.988000000000083,0.0,0.0,0.0
12.210099372889768,-26.16998183824191,8.988000000000085,0.0,0.0,0.0
12.206802704022879,-26.186076251429792,8.988000000000083,0.0,0.0,0.0
12.203565783603322,-26.202092164518312,8.988000000000081,0.0,0.0,0.0
12.200393237703533,-26.218023631619523,8.988000000000081,0.0,0.0,0.0
12.197289676574366,-26.233864731405905,8.98800000000008,0.0,0.0,0.0
12.194259691886105,-26.249609570558352,8.98800000000008,0.0,0.0,0.0
12.191307853992098,-26.26525228717438,8.988000000000078,0.0,0.0,0.0
12.188438709215854,-26.280787054134922,8.988000000000074,0.0,0.0,0.0
12.185656777162727,-26.296208082428972,8.988000000000076,0.0,0.0,0.0
12.18296654805686,-26.31150962443474,8.988000000000074,0.0,0.0,0.0
12.180372480105333,-26.3266859771569,8.988000000000074,0.0,0.0,0.0
12.177878996889335,-26.34173148541813,8.988000000000074,0.0,0.0,0.0
12.175490484784326,-26.3566405450048,8.988000000000072,0.0,0.0,0.0
12.173211290409796,-26.37140760576544,8.988000000000069,0.0,0.0,0.0
12.171045718109688,-26.386027174661383,8.988000000000067,0.0,0.0,0.0
12.168998027464312,-26.40049381876849,8.988000000000067,0.0,0.0,0.0
12.16707243083534,-26.41480216822961,8.988000000000067,0.0,0.0,0.0
12.165273090943973,-26.42894691915647,8.988000000000067,0.0,0.0,0.0
12.163604118483875,-26.44292283648064,8.988000000000065,0.0,0.0,0.0
12.162069569769692,-26.45672475675279,8.988000000000065,0.0,0.0,0.0
12.160673444421741,-26.47034759088929,8.988000000000062,0.0,0.0,0.0
12.159419683088649,-26.483786326866248,8.988000000000063,0.0,0.0,0.0
12.158312165207757,-26.497036032359347,8.988000000000062,0.0,0.0,0.0
12.157354706804973,-26.51009185732977,8.98800000000006,0.0,0.0,0.0
12.156551058334715,-26.522949036555108,8.98800000000006,0.0,0.0,0.0
12.155904902560833,-26.5356028921052,8.98800000000006,0.0,0.0,0.0
12.155419852479083,-26.548048835761747,8.988000000000056,0.0,0.0,0.0
12.155099449282813,-26.560282371382034,8.98800000000006,0.0,0.0,0.0
12.154947160371565,-26.572299097205626,8.988000000000055,0.0,0.0,0.0
12.154966377404255,-26.58409470810396,8.988000000000056,0.0,0.0,0.0
12.155160414397333,-26.595664997772413,8.988000000000056,0.0,0.0,0.0
12.155532505868873,-26.60700586086438,8.988000000000053,0.0,0.0,0.0
12.156085805028944,-26.618113295066962,8.988000000000055,0.0,0.0,0.0
12.156823382017825,-26.628983403118415,8.98800000000005,0.0,0.0,0.0
12.15774822219175,-26.639612394766228,8.988000000000051,0.0,0.0,0.0
12.158863224457537,-26.649996588666355,8.98800000000005,0.0,0.0,0.0
12.160171199656684,-26.660132414222918,8.988000000000051,0.0,0.0,0.0
12.161674868999105,-26.670016413368117,8.98800000000005,0.0,0.0,0.0
12.163376862548072,-26.679645242282582,8.988000000000048,0.0,0.0,0.0
12.165279717755833,-26.68901567305541,8.98800000000005,0.0,0.0,0.0
12.167385878051272,-26.698124595284092,8.988000000000048,0.0,0.0,0.0
12.16969769147979,-26.70696901761409,8.988000000000046,0.0,0.0,0.0
12.172217409396175,-26.715546069217933,8.988000000000048,0.0,0.0,0.0
12.174947185210431,-26.72385300121363,8.988000000000046,0.0,0.0,0.0
12.177889073187973,-26.731887188022608,8.988000000000046,0.0,0.0,0.0
12.181045027303531,-26.73964612866678,8.988000000000046,0.0,0.0,0.0
12.18441690014989,-26.747127448004825,8.988000000000044,0.0,0.0,0.0
12.188006441901688,-26.75432889790774,8.988000000000042,0.0,0.0,0.0
12.191815299334296,-26.761248358373383,8.988000000000044,0.0,0.0,0.0
12.195845014898847,-26.76788383858055,8.988000000000042,0.0,0.0,0.0
12.20009702585279,-26.77423347788185,8.98800000000004,0.0,0.0,0.0
12.204572663446836,-26.780295546736088,8.98800000000004,0.0,0.0,0.0
12.209273152168372,-26.786068447579847,8.988000000000039,0.0,0.0,0.0
12.214199609041504,-26.79155071563846,8.988000000000037,0.0,0.0,0.0
12.21935304298373,-26.796741019676332,8.98800000000004,0.0,0.0,0.0
12.22473435422,-26.801638162687055,8.988000000000039,0.0,0.0,0.0
12.230344333753342,-26.806241082522938,8.988000000000039,0.0,0.0,0.0
12.236183662892866,-26.810548852464432,8.988000000000039,0.0,0.0,0.0
12.242252912838865,-26.814560681729542,8.988000000000037,0.0,0.0,0.0
12.248552544325099,-26.818275915923238,8.988000000000035,0.0,0.0,0.0
12.255082907318013,-26.821694037427164,8.988000000000037,0.0,0.0,0.0
12.261844240773488,-26.824814665729914,8.988000000000037,0.0,0.0,0.0
12.268836672450098,-26.827637557697805,8.988000000000037,0.0,0.0,0.0
12.276060218779467,-26.830162607786537,8.988000000000033,0.0,0.0,0.0
12.283514784793324,-26.83238984819405,8.988000000000033,0.0,0.0,0.0
12.291200164106836,-26.83431944895446,8.988000000000035,0.0,0.0,0.0
12.299116038958742,-26.835951717973906,8.988000000000033,0.0,0.0,0.0
12.307261980307008,-26.837287101007902,8.988000000000033,0.0,0.0,0.0
12.315637447980519,-26.83832618158097,8.988000000000032,0.0,0.0,0.0
12.32424179088614,-26.839069680848546,8.988000000000032,0.0,0.0,0.0
